==================================================
Instance parameters
--------------------------------------------------
Number of vertices:           6
Number of edges:              15
Number of partitions:         4

Density (%):                  100
Name of instance:             seed1_band_pen4.0_noise0.0
Is planar:                    False
==================================================

==================================================
Solver parameters
--------------------------------------------------
Method:                       R-QUBO
Peel:                         False
Decompose:                    False
Fold:                         False

Penalty Multiplier:           4.0
Gates Error Probability:      0.0
QAOA Num Levels:              1
QAOA Scipy Optimizer:         brute
==================================================

  iter        avg-obj        best avg-obj       best-obj      time
     0     -7.34280e+01     -7.34280e+01      6.00000e+00      4s
     1     -7.43570e+01     -7.34280e+01      8.00000e+00      5s
     3     -7.35680e+01     -7.34280e+01      8.00000e+00      7s
     5     -7.49760e+01     -7.34280e+01      8.00000e+00      9s
     7     -7.48390e+01     -7.34280e+01      8.00000e+00     10s
     9     -7.33830e+01     -7.32630e+01      9.00000e+00     12s
    11     -7.54470e+01     -7.32170e+01      9.00000e+00     13s
    13     -7.37350e+01     -7.32170e+01      9.00000e+00     14s
    15     -7.36110e+01     -7.32170e+01      9.00000e+00     15s
    17     -7.47930e+01     -7.32170e+01      9.00000e+00     16s
    19     -7.49160e+01     -7.32170e+01      9.00000e+00     18s
    21     -7.62770e+01     -7.25490e+01      9.00000e+00     19s
    23     -7.47110e+01     -7.25490e+01      9.00000e+00     20s
    25     -7.40670e+01     -7.25490e+01      9.00000e+00     22s
    27     -7.48940e+01     -7.25490e+01      9.00000e+00     23s
    29     -7.48400e+01     -7.25490e+01      9.00000e+00     25s
    31     -7.21550e+01     -7.21550e+01      9.00000e+00     26s
    33     -7.38300e+01     -7.21550e+01      9.00000e+00     28s
    35     -7.34330e+01     -7.21550e+01      9.00000e+00     30s
    37     -7.26950e+01     -7.21550e+01      9.00000e+00     31s
    40     -7.36760e+01     -7.21550e+01      9.00000e+00     33s
    43     -7.39110e+01     -7.07350e+01      9.00000e+00     35s
    45     -7.39290e+01     -7.07350e+01      9.00000e+00     36s
    47     -7.31130e+01     -7.07350e+01      9.00000e+00     38s
    49     -7.25920e+01     -7.07350e+01      9.00000e+00     40s
    51     -8.43800e+01     -7.07350e+01      9.00000e+00     41s
    53     -1.17880e+02     -7.07350e+01      9.00000e+00     42s
    56     -1.23681e+02     -7.07350e+01      9.00000e+00     43s
    58     -9.44210e+01     -7.07350e+01      9.00000e+00     44s
    60     -7.29480e+01     -7.07350e+01      9.00000e+00     46s
    62     -7.31330e+01     -7.01430e+01      9.00000e+00     47s
    64     -9.90410e+01     -7.01430e+01      9.00000e+00     48s
    66     -1.30452e+02     -7.01430e+01      9.00000e+00     49s
    69     -1.24960e+02     -7.01430e+01      9.00000e+00     51s
    71     -9.27090e+01     -7.01430e+01      9.00000e+00     52s
    73     -7.12770e+01     -7.01430e+01      9.00000e+00     53s
    75     -8.01810e+01     -7.01430e+01      9.00000e+00     55s
    77     -1.05857e+02     -7.01430e+01      9.00000e+00     56s
    79     -1.27488e+02     -7.01430e+01      9.00000e+00     57s
    82     -1.03890e+02     -7.01430e+01      9.00000e+00     59s
    84     -7.86820e+01     -7.01430e+01      9.00000e+00     60s
    86     -6.93020e+01     -6.87750e+01      9.00000e+00     62s
    88     -9.15620e+01     -6.87750e+01      9.00000e+00     63s
    90     -1.28700e+02     -6.87750e+01      9.00000e+00     64s
    92     -1.38370e+02     -6.87750e+01      9.00000e+00     66s
    94     -1.13602e+02     -6.87750e+01      9.00000e+00     67s
    96     -8.73780e+01     -6.87750e+01      9.00000e+00     68s
    98     -7.17270e+01     -6.87750e+01      9.00000e+00     70s
   101     -9.59290e+01     -6.87750e+01      9.00000e+00     71s
   104     -1.54568e+02     -6.87750e+01      9.00000e+00     72s
   106     -1.55092e+02     -6.87750e+01      9.00000e+00     73s
   109     -1.09787e+02     -6.87750e+01      9.00000e+00     75s
   111     -8.24280e+01     -6.87750e+01      9.00000e+00     76s
   113     -7.21940e+01     -6.87750e+01      9.00000e+00     78s
   115     -6.88320e+01     -6.87750e+01      9.00000e+00     79s
   117     -6.46270e+01     -6.46270e+01      9.00000e+00     80s
   119     -5.06190e+01     -5.06190e+01      9.00000e+00     81s
   121     -3.81690e+01     -3.81690e+01      9.00000e+00     83s
   123     -5.03760e+01     -3.81690e+01      9.00000e+00     84s
   125     -8.61200e+01     -3.81690e+01      9.00000e+00     86s
   127     -1.26780e+02     -3.81690e+01      9.00000e+00     87s
   129     -1.57732e+02     -3.81690e+01      9.00000e+00     89s
   131     -1.47468e+02     -3.81690e+01      9.00000e+00     90s
   133     -1.20500e+02     -3.81690e+01      9.00000e+00     91s
   135     -8.71970e+01     -3.81690e+01      9.00000e+00     93s
   137     -7.28680e+01     -3.81690e+01      9.00000e+00     95s
   139     -6.97150e+01     -3.81690e+01      9.00000e+00     96s
   141     -6.62280e+01     -3.81690e+01      9.00000e+00     97s
   143     -5.42500e+01     -3.81690e+01      9.00000e+00     98s
   145     -4.11650e+01     -3.81690e+01      9.00000e+00     99s
   147     -4.56710e+01     -3.81690e+01      9.00000e+00    101s
   149     -7.69870e+01     -3.81690e+01      9.00000e+00    102s
   151     -7.17620e+01     -3.81690e+01      9.00000e+00    103s
   154     -7.71550e+01     -3.81690e+01      9.00000e+00    105s
   156     -7.34540e+01     -3.81690e+01      9.00000e+00    106s
   158     -6.32740e+01     -3.81690e+01      9.00000e+00    107s
   160     -5.84740e+01     -3.81690e+01      9.00000e+00    109s
   162     -7.24220e+01     -3.81690e+01      9.00000e+00    111s
   164     -1.02877e+02     -3.81690e+01      9.00000e+00    112s
   167     -1.35481e+02     -3.81690e+01      9.00000e+00    113s
   170     -1.25277e+02     -3.81690e+01      9.00000e+00    115s
   172     -9.79710e+01     -3.81690e+01      9.00000e+00    116s
   174     -7.64880e+01     -3.81690e+01      9.00000e+00    118s
   176     -6.76370e+01     -3.81690e+01      9.00000e+00    120s
   178     -7.39490e+01     -3.81690e+01      9.00000e+00    121s
   179     -7.49220e+01     -3.81690e+01      9.00000e+00    122s
   181     -7.21450e+01     -3.81690e+01      9.00000e+00    124s
   183     -6.04000e+01     -3.81690e+01      9.00000e+00    125s
   185     -5.83470e+01     -3.81690e+01      9.00000e+00    127s
   187     -7.97240e+01     -3.81690e+01      9.00000e+00    128s
   189     -1.06558e+02     -3.81690e+01      9.00000e+00    130s
   191     -1.36073e+02     -3.81690e+01      9.00000e+00    131s
   193     -1.38561e+02     -3.81690e+01      9.00000e+00    132s
   195     -1.19410e+02     -3.81690e+01      9.00000e+00    134s
   197     -9.22890e+01     -3.81690e+01      9.00000e+00    135s
   199     -7.56830e+01     -3.81690e+01      9.00000e+00    136s
   201     -7.94650e+01     -3.81690e+01      9.00000e+00    137s
   203     -8.97360e+01     -3.81690e+01      9.00000e+00    138s
   205     -1.03956e+02     -3.81690e+01      9.00000e+00    140s
   207     -1.06404e+02     -3.81690e+01      9.00000e+00    141s
   209     -9.32430e+01     -3.81690e+01      9.00000e+00    142s
   211     -8.08430e+01     -3.81690e+01      9.00000e+00    143s
   213     -7.55710e+01     -3.81690e+01      9.00000e+00    145s
   215     -8.13510e+01     -3.81690e+01      9.00000e+00    146s
   217     -9.53920e+01     -3.81690e+01      9.00000e+00    148s
   219     -9.29960e+01     -3.81690e+01      9.00000e+00    149s
   221     -8.59280e+01     -3.81690e+01      9.00000e+00    150s
   223     -7.58380e+01     -3.81690e+01      9.00000e+00    152s
   225     -7.58420e+01     -3.81690e+01      9.00000e+00    153s
   227     -8.28070e+01     -3.81690e+01      9.00000e+00    155s
   230     -1.02222e+02     -3.81690e+01      9.00000e+00    156s
   233     -9.80800e+01     -3.81690e+01      9.00000e+00    157s
   235     -8.26720e+01     -3.81690e+01      9.00000e+00    159s
   237     -7.22070e+01     -3.81690e+01      9.00000e+00    160s
   239     -7.85800e+01     -3.81690e+01      9.00000e+00    162s
   241     -9.29400e+01     -3.81690e+01      9.00000e+00    163s
   243     -9.54630e+01     -3.81690e+01      9.00000e+00    164s
   245     -8.84230e+01     -3.81690e+01      9.00000e+00    166s
   247     -7.86350e+01     -3.81690e+01      9.00000e+00    167s
   249     -7.44820e+01     -3.81690e+01      9.00000e+00    169s
   251     -7.57190e+01     -3.81690e+01      9.00000e+00    171s
   253     -8.19890e+01     -3.81690e+01      9.00000e+00    172s
   255     -8.33890e+01     -3.81690e+01      9.00000e+00    174s
   257     -9.40880e+01     -3.81690e+01      9.00000e+00    175s
   259     -8.25110e+01     -3.81690e+01      9.00000e+00    177s
   261     -7.53250e+01     -3.81690e+01      9.00000e+00    179s
   263     -7.33200e+01     -3.81690e+01      9.00000e+00    181s
   265     -8.59570e+01     -3.81690e+01      9.00000e+00    182s
   267     -1.02409e+02     -3.81690e+01      9.00000e+00    184s
   269     -9.75350e+01     -3.81690e+01      9.00000e+00    185s
   271     -9.29470e+01     -3.81690e+01      9.00000e+00    187s
   273     -8.04160e+01     -3.81690e+01      9.00000e+00    188s
   275     -7.32650e+01     -3.81690e+01      9.00000e+00    189s
   277     -7.62750e+01     -3.81690e+01      9.00000e+00    190s
   279     -8.40900e+01     -3.81690e+01      9.00000e+00    191s
   281     -9.10930e+01     -3.81690e+01      9.00000e+00    192s
   283     -8.65660e+01     -3.81690e+01      9.00000e+00    193s
   285     -7.73560e+01     -3.81690e+01      9.00000e+00    194s
   287     -7.65790e+01     -3.81690e+01      9.00000e+00    196s
   288     -7.85670e+01     -3.81690e+01      9.00000e+00    197s
   291     -9.30710e+01     -3.81690e+01      9.00000e+00    198s
   295     -9.81760e+01     -3.81690e+01      9.00000e+00    199s
   297     -8.01700e+01     -3.81690e+01      9.00000e+00    200s
   299     -7.44440e+01     -3.81690e+01      9.00000e+00    202s
   300     -7.24830e+01     -3.81690e+01      9.00000e+00    203s
   302     -7.70770e+01     -3.81690e+01      9.00000e+00    205s
   304     -8.83310e+01     -3.81690e+01      9.00000e+00    207s
   306     -9.40910e+01     -3.81690e+01      9.00000e+00    209s
   308     -8.88480e+01     -3.81690e+01      9.00000e+00    210s
   310     -7.75350e+01     -3.81690e+01      9.00000e+00    212s
   312     -7.41460e+01     -3.81690e+01      9.00000e+00    213s
   314     -7.70060e+01     -3.81690e+01      9.00000e+00    215s
   316     -8.77870e+01     -3.81690e+01      9.00000e+00    217s
   318     -9.39320e+01     -3.81690e+01      9.00000e+00    218s
   320     -9.30310e+01     -3.81690e+01      9.00000e+00    220s
   322     -7.66900e+01     -3.81690e+01      9.00000e+00    221s
   324     -7.77200e+01     -3.81690e+01      9.00000e+00    222s
   327     -8.01710e+01     -3.81690e+01      9.00000e+00    224s
   329     -8.83970e+01     -3.81690e+01      9.00000e+00    225s
   331     -8.95240e+01     -3.81690e+01      9.00000e+00    226s
   333     -8.80240e+01     -3.81690e+01      9.00000e+00    227s
   335     -7.61690e+01     -3.81690e+01      9.00000e+00    229s
   337     -7.36520e+01     -3.81690e+01      9.00000e+00    231s
   338     -7.93210e+01     -3.81690e+01      9.00000e+00    232s
   340     -8.17560e+01     -3.81690e+01      9.00000e+00    233s
   342     -9.11970e+01     -3.81690e+01      9.00000e+00    235s
   344     -9.01270e+01     -3.81690e+01      9.00000e+00    237s
   346     -8.25960e+01     -3.81690e+01      9.00000e+00    238s
   348     -7.69710e+01     -3.81690e+01      9.00000e+00    240s
   351     -7.74040e+01     -3.81690e+01      9.00000e+00    241s
   353     -8.45200e+01     -3.81690e+01      9.00000e+00    243s
   355     -8.49340e+01     -3.81690e+01      9.00000e+00    244s
   357     -8.79590e+01     -3.81690e+01      9.00000e+00    246s
   359     -8.28120e+01     -3.81690e+01      9.00000e+00    247s
   361     -7.76760e+01     -3.81690e+01      9.00000e+00    249s
   363     -7.48530e+01     -3.81690e+01      9.00000e+00    250s
   365     -7.91260e+01     -3.81690e+01      9.00000e+00    251s
   368     -7.67980e+01     -3.81690e+01      9.00000e+00    253s
   370     -8.06950e+01     -3.81690e+01      9.00000e+00    254s
   372     -7.56540e+01     -3.81690e+01      9.00000e+00    255s
   374     -7.49150e+01     -3.81690e+01      9.00000e+00    257s
   376     -7.72130e+01     -3.81690e+01      9.00000e+00    258s
   378     -8.28750e+01     -3.81690e+01      9.00000e+00    259s
   380     -8.64490e+01     -3.81690e+01      9.00000e+00    261s
   382     -8.70660e+01     -3.81690e+01      9.00000e+00    262s
   384     -8.15760e+01     -3.81690e+01      9.00000e+00    264s
   386     -7.53640e+01     -3.81690e+01      9.00000e+00    266s
   388     -7.45330e+01     -3.81690e+01      9.00000e+00    267s
   390     -7.48920e+01     -3.81690e+01      9.00000e+00    269s
   392     -7.61940e+01     -3.81690e+01      9.00000e+00    270s
   394     -8.27610e+01     -3.81690e+01      9.00000e+00    272s
   396     -7.38550e+01     -3.81690e+01      9.00000e+00    273s
   398     -7.42690e+01     -3.81690e+01      9.00000e+00    274s
   400     -7.48440e+01     -3.81690e+01      9.00000e+00    276s
   402     -7.55200e+01     -3.81690e+01      9.00000e+00    277s
   404     -8.10370e+01     -3.81690e+01      9.00000e+00    279s
   406     -8.41470e+01     -3.81690e+01      9.00000e+00    280s
   409     -7.90880e+01     -3.81690e+01      9.00000e+00    281s
   413     -7.37220e+01     -3.81690e+01      9.00000e+00    283s
   416     -7.89910e+01     -3.81690e+01      9.00000e+00    284s
   418     -8.12760e+01     -3.81690e+01      9.00000e+00    286s
   420     -8.01610e+01     -3.81690e+01      9.00000e+00    288s
   422     -7.82470e+01     -3.81690e+01      9.00000e+00    290s
   423     -7.66720e+01     -3.81690e+01      9.00000e+00    291s
   424     -7.66630e+01     -3.81690e+01      9.00000e+00    292s
   426     -7.32230e+01     -3.81690e+01      9.00000e+00    294s
   428     -7.95670e+01     -3.81690e+01      9.00000e+00    296s
   430     -8.66140e+01     -3.81690e+01      9.00000e+00    297s
   432     -8.49050e+01     -3.81690e+01      9.00000e+00    299s
   434     -7.85080e+01     -3.81690e+01      9.00000e+00    300s
   436     -7.60930e+01     -3.81690e+01      9.00000e+00    301s
   438     -7.43180e+01     -3.81690e+01      9.00000e+00    303s
   440     -7.95000e+01     -3.81690e+01      9.00000e+00    304s
   442     -8.53650e+01     -3.81690e+01      9.00000e+00    306s
   444     -8.46140e+01     -3.81690e+01      9.00000e+00    307s
   446     -8.50390e+01     -3.81690e+01      9.00000e+00    309s
   448     -7.57660e+01     -3.81690e+01      9.00000e+00    310s
   450     -7.42540e+01     -3.81690e+01      9.00000e+00    311s
   452     -7.26550e+01     -3.81690e+01      9.00000e+00    313s
   454     -7.91400e+01     -3.81690e+01      9.00000e+00    314s
   456     -7.57690e+01     -3.81690e+01      9.00000e+00    316s
   458     -7.98250e+01     -3.81690e+01      9.00000e+00    317s
   460     -7.57160e+01     -3.81690e+01      9.00000e+00    319s
   462     -7.52790e+01     -3.81690e+01      9.00000e+00    320s
   464     -7.60170e+01     -3.81690e+01      9.00000e+00    322s
   466     -7.76410e+01     -3.81690e+01      9.00000e+00    323s
   468     -7.88480e+01     -3.81690e+01      9.00000e+00    325s
   472     -7.81290e+01     -3.81690e+01      9.00000e+00    326s
   475     -7.45700e+01     -3.81690e+01      9.00000e+00    327s
   476     -7.51460e+01     -3.81690e+01      9.00000e+00    328s
   478     -7.71740e+01     -3.81690e+01      9.00000e+00    330s
   480     -7.76890e+01     -3.81690e+01      9.00000e+00    331s
   482     -7.89050e+01     -3.81690e+01      9.00000e+00    332s
   484     -7.52500e+01     -3.81690e+01      9.00000e+00    334s
   486     -7.63830e+01     -3.81690e+01      9.00000e+00    335s
   488     -7.53990e+01     -3.81690e+01      9.00000e+00    337s
   490     -7.63910e+01     -3.81690e+01      9.00000e+00    338s
   492     -7.83770e+01     -3.81690e+01      9.00000e+00    340s
   494     -8.08240e+01     -3.81690e+01      9.00000e+00    341s
   496     -7.60100e+01     -3.81690e+01      9.00000e+00    342s
   498     -7.69530e+01     -3.81690e+01      9.00000e+00    343s
   500     -7.64160e+01     -3.81690e+01      9.00000e+00    345s
   502     -7.88150e+01     -3.81690e+01      9.00000e+00    346s
   504     -7.77310e+01     -3.81690e+01      9.00000e+00    347s
   506     -8.13130e+01     -3.81690e+01      9.00000e+00    349s
   508     -7.66190e+01     -3.81690e+01      9.00000e+00    350s
   510     -7.50820e+01     -3.81690e+01      9.00000e+00    351s
   511     -7.50060e+01     -3.81690e+01      9.00000e+00    352s
   513     -7.58330e+01     -3.81690e+01      9.00000e+00    354s
   515     -7.42820e+01     -3.81690e+01      9.00000e+00    356s
   517     -7.67030e+01     -3.81690e+01      9.00000e+00    358s
   519     -7.77980e+01     -3.81690e+01      9.00000e+00    360s
   521     -7.78030e+01     -3.81690e+01      9.00000e+00    361s
   523     -7.51560e+01     -3.81690e+01      9.00000e+00    363s
   525     -7.46070e+01     -3.81690e+01      9.00000e+00    364s
   527     -7.70590e+01     -3.81690e+01      9.00000e+00    366s
   530     -7.76730e+01     -3.81690e+01      9.00000e+00    367s
   533     -8.08260e+01     -3.81690e+01      9.00000e+00    368s
   535     -7.50340e+01     -3.81690e+01      9.00000e+00    370s
   537     -7.84230e+01     -3.81690e+01      9.00000e+00    371s
   539     -7.47220e+01     -3.81690e+01      9.00000e+00    373s
   541     -8.09550e+01     -3.81690e+01      9.00000e+00    374s
   543     -7.68850e+01     -3.81690e+01      9.00000e+00    375s
   545     -7.94390e+01     -3.81690e+01      9.00000e+00    377s
   547     -7.51230e+01     -3.81690e+01      9.00000e+00    378s
   549     -7.48140e+01     -3.81690e+01      9.00000e+00    380s
   551     -7.15040e+01     -3.81690e+01      9.00000e+00    382s
   553     -7.67140e+01     -3.81690e+01      9.00000e+00    384s
   555     -7.55920e+01     -3.81690e+01      9.00000e+00    385s
   557     -7.62170e+01     -3.81690e+01      9.00000e+00    387s
   559     -7.48970e+01     -3.81690e+01      9.00000e+00    388s
   561     -7.39620e+01     -3.81690e+01      9.00000e+00    390s
   563     -7.45450e+01     -3.81690e+01      9.00000e+00    392s
   565     -7.29040e+01     -3.81690e+01      9.00000e+00    393s
   567     -7.67360e+01     -3.81690e+01      9.00000e+00    395s
   569     -7.64770e+01     -3.81690e+01      9.00000e+00    397s
   571     -7.34460e+01     -3.81690e+01      9.00000e+00    398s
   573     -7.39710e+01     -3.81690e+01      9.00000e+00    400s
   576     -7.70960e+01     -3.81690e+01      9.00000e+00    401s
   578     -7.36160e+01     -3.81690e+01      9.00000e+00    402s
   580     -7.83400e+01     -3.81690e+01      9.00000e+00    404s
   582     -7.85890e+01     -3.81690e+01      9.00000e+00    405s
   584     -7.48450e+01     -3.81690e+01      9.00000e+00    406s
   586     -7.44540e+01     -3.81690e+01      9.00000e+00    407s
   589     -7.31340e+01     -3.81690e+01      9.00000e+00    408s
   591     -7.20180e+01     -3.81690e+01      9.00000e+00    410s
   593     -7.72820e+01     -3.81690e+01      9.00000e+00    412s
   594     -7.92270e+01     -3.81690e+01      9.00000e+00    413s
   596     -7.61450e+01     -3.81690e+01      9.00000e+00    415s
   598     -7.53320e+01     -3.81690e+01      9.00000e+00    417s
   599     -7.42820e+01     -3.81690e+01      9.00000e+00    418s
   601     -7.75850e+01     -3.81690e+01      9.00000e+00    419s
   603     -7.49700e+01     -3.81690e+01      9.00000e+00    421s
   605     -7.36030e+01     -3.81690e+01      9.00000e+00    423s
   607     -7.67090e+01     -3.81690e+01      9.00000e+00    424s
   609     -7.81630e+01     -3.81690e+01      9.00000e+00    426s
   611     -7.47490e+01     -3.81690e+01      9.00000e+00    427s
   613     -7.28300e+01     -3.81690e+01      9.00000e+00    429s
   615     -7.57650e+01     -3.81690e+01      9.00000e+00    430s
   618     -7.42730e+01     -3.81690e+01      9.00000e+00    431s
   620     -7.38600e+01     -3.81690e+01      9.00000e+00    433s
   622     -7.61820e+01     -3.81690e+01      9.00000e+00    434s
   624     -7.46560e+01     -3.81690e+01      9.00000e+00    436s
   626     -7.66290e+01     -3.81690e+01      9.00000e+00    438s
   628     -7.48920e+01     -3.81690e+01      9.00000e+00    439s
   630     -7.51460e+01     -3.81690e+01      9.00000e+00    441s
   632     -7.75300e+01     -3.81690e+01      9.00000e+00    442s
   634     -7.33960e+01     -3.81690e+01      9.00000e+00    444s
   636     -7.58480e+01     -3.81690e+01      9.00000e+00    446s
   638     -7.65140e+01     -3.81690e+01      9.00000e+00    447s
   640     -7.36170e+01     -3.81690e+01      9.00000e+00    449s
   643     -7.32870e+01     -3.81690e+01      9.00000e+00    450s
   647     -7.48470e+01     -3.81690e+01      9.00000e+00    451s
   649     -7.35960e+01     -3.81690e+01      9.00000e+00    453s
   651     -7.55100e+01     -3.81690e+01      9.00000e+00    455s
   653     -7.55010e+01     -3.81690e+01      9.00000e+00    456s
   655     -7.48330e+01     -3.81690e+01      9.00000e+00    457s
   657     -7.21690e+01     -3.81690e+01      9.00000e+00    458s
   659     -7.49890e+01     -3.81690e+01      9.00000e+00    460s
   661     -7.60450e+01     -3.81690e+01      9.00000e+00    461s
   663     -7.52080e+01     -3.81690e+01      9.00000e+00    462s
   664     -7.58730e+01     -3.81690e+01      9.00000e+00    463s
   666     -7.71090e+01     -3.81690e+01      9.00000e+00    465s
   667     -7.56510e+01     -3.81690e+01      9.00000e+00    466s
   669     -7.38480e+01     -3.81690e+01      9.00000e+00    468s
   671     -7.26690e+01     -3.81690e+01      9.00000e+00    469s
   673     -7.45160e+01     -3.81690e+01      9.00000e+00    471s
   675     -7.73100e+01     -3.81690e+01      9.00000e+00    473s
   677     -7.36160e+01     -3.81690e+01      9.00000e+00    474s
   679     -7.41190e+01     -3.81690e+01      9.00000e+00    476s
   681     -7.18150e+01     -3.81690e+01      9.00000e+00    478s
   683     -7.65970e+01     -3.81690e+01      9.00000e+00    479s
   685     -7.53030e+01     -3.81690e+01      9.00000e+00    480s
   687     -7.59600e+01     -3.81690e+01      9.00000e+00    482s
   689     -7.48660e+01     -3.81690e+01      9.00000e+00    483s
   691     -7.42660e+01     -3.81690e+01      9.00000e+00    485s
   693     -7.40850e+01     -3.81690e+01      9.00000e+00    486s
   695     -7.39320e+01     -3.81690e+01      9.00000e+00    488s
   697     -7.51450e+01     -3.81690e+01      9.00000e+00    489s
   699     -7.13440e+01     -3.81690e+01      9.00000e+00    490s
   701     -7.75780e+01     -3.81690e+01      9.00000e+00    492s
   704     -7.26730e+01     -3.81690e+01      9.00000e+00    493s
   706     -7.51840e+01     -3.81690e+01      9.00000e+00    494s
   708     -7.31190e+01     -3.81690e+01      9.00000e+00    495s
   710     -7.51650e+01     -3.81690e+01      9.00000e+00    497s
   712     -7.69650e+01     -3.81690e+01      9.00000e+00    498s
   714     -7.45400e+01     -3.81690e+01      9.00000e+00    500s
   716     -7.28690e+01     -3.81690e+01      9.00000e+00    502s
   718     -7.22890e+01     -3.81690e+01      9.00000e+00    503s
   720     -7.50250e+01     -3.81690e+01      9.00000e+00    505s
   722     -7.12980e+01     -3.81690e+01      9.00000e+00    507s
   724     -7.46090e+01     -3.81690e+01      9.00000e+00    508s
   726     -7.22430e+01     -3.81690e+01      9.00000e+00    510s
   728     -7.36190e+01     -3.81690e+01      9.00000e+00    512s
   730     -7.33090e+01     -3.81690e+01      9.00000e+00    513s
   732     -7.24040e+01     -3.81690e+01      9.00000e+00    515s
   734     -7.25220e+01     -3.81690e+01      9.00000e+00    517s
   736     -7.48370e+01     -3.81690e+01      9.00000e+00    518s
   738     -7.50630e+01     -3.81690e+01      9.00000e+00    519s
   740     -7.58990e+01     -3.81690e+01      9.00000e+00    520s
   742     -7.41470e+01     -3.81690e+01      9.00000e+00    522s
   744     -7.31860e+01     -3.81690e+01      9.00000e+00    524s
   745     -7.36710e+01     -3.81690e+01      9.00000e+00    526s
   746     -7.54600e+01     -3.81690e+01      9.00000e+00    527s
   747     -7.30170e+01     -3.81690e+01      9.00000e+00    528s
   748     -7.49500e+01     -3.81690e+01      9.00000e+00    529s
   749     -7.61460e+01     -3.81690e+01      9.00000e+00    530s
   751     -7.45230e+01     -3.81690e+01      9.00000e+00    532s
   753     -7.31480e+01     -3.81690e+01      9.00000e+00    533s
   755     -7.57320e+01     -3.81690e+01      9.00000e+00    535s
   757     -7.59530e+01     -3.81690e+01      9.00000e+00    537s
   759     -7.57520e+01     -3.81690e+01      9.00000e+00    538s
   761     -7.31080e+01     -3.81690e+01      9.00000e+00    539s
   764     -7.45290e+01     -3.81690e+01      9.00000e+00    540s
   766     -7.47170e+01     -3.81690e+01      9.00000e+00    541s
   768     -7.32800e+01     -3.81690e+01      9.00000e+00    543s
   770     -7.30070e+01     -3.81690e+01      9.00000e+00    545s
   772     -7.57620e+01     -3.81690e+01      9.00000e+00    546s
   774     -7.31590e+01     -3.81690e+01      9.00000e+00    547s
   776     -7.26940e+01     -3.81690e+01      9.00000e+00    549s
   778     -7.41880e+01     -3.81690e+01      9.00000e+00    550s
   780     -7.58680e+01     -3.81690e+01      9.00000e+00    552s
   782     -7.44500e+01     -3.81690e+01      9.00000e+00    554s
   784     -7.37470e+01     -3.81690e+01      9.00000e+00    556s
   786     -7.32080e+01     -3.81690e+01      9.00000e+00    557s
   788     -7.55890e+01     -3.81690e+01      9.00000e+00    558s
   790     -7.65870e+01     -3.81690e+01      9.00000e+00    560s
   792     -7.56330e+01     -3.81690e+01      9.00000e+00    562s
   794     -7.61400e+01     -3.81690e+01      9.00000e+00    563s
   796     -7.35040e+01     -3.81690e+01      9.00000e+00    565s
   798     -7.43010e+01     -3.81690e+01      9.00000e+00    567s
   800     -7.52580e+01     -3.81690e+01      9.00000e+00    569s
   802     -7.29450e+01     -3.81690e+01      9.00000e+00    570s
   804     -7.51070e+01     -3.81690e+01      9.00000e+00    572s
   806     -7.63100e+01     -3.81690e+01      9.00000e+00    573s
   809     -7.71310e+01     -3.81690e+01      9.00000e+00    574s
   811     -7.54330e+01     -3.81690e+01      9.00000e+00    575s
   813     -7.29040e+01     -3.81690e+01      9.00000e+00    576s
   815     -7.56300e+01     -3.81690e+01      9.00000e+00    577s
   818     -7.29310e+01     -3.81690e+01      9.00000e+00    579s
   821     -7.37260e+01     -3.81690e+01      9.00000e+00    580s
   824     -7.63250e+01     -3.81690e+01      9.00000e+00    581s
   827     -7.35840e+01     -3.81690e+01      9.00000e+00    583s
   830     -7.30990e+01     -3.81690e+01      9.00000e+00    584s
   832     -7.73460e+01     -3.81690e+01      9.00000e+00    586s
   834     -7.64660e+01     -3.81690e+01      9.00000e+00    588s
   836     -7.57870e+01     -3.81690e+01      9.00000e+00    589s
   838     -7.46610e+01     -3.81690e+01      9.00000e+00    591s
   840     -7.38700e+01     -3.81690e+01      9.00000e+00    592s
   842     -7.80190e+01     -3.81690e+01      9.00000e+00    594s
   844     -7.43320e+01     -3.81690e+01      9.00000e+00    595s
   846     -7.33530e+01     -3.81690e+01      9.00000e+00    597s
   848     -7.13640e+01     -3.81690e+01      9.00000e+00    598s
   850     -7.25020e+01     -3.81690e+01      9.00000e+00    599s
   852     -7.36570e+01     -3.81690e+01      9.00000e+00    601s
   854     -7.21270e+01     -3.81690e+01      9.00000e+00    602s
   856     -7.38200e+01     -3.81690e+01      9.00000e+00    604s
   858     -7.10740e+01     -3.81690e+01      9.00000e+00    605s
   860     -7.46370e+01     -3.81690e+01      9.00000e+00    606s
   862     -7.61870e+01     -3.81690e+01      9.00000e+00    608s
   864     -7.28400e+01     -3.81690e+01      9.00000e+00    609s
   866     -7.34060e+01     -3.81690e+01      9.00000e+00    610s
   868     -7.32920e+01     -3.81690e+01      9.00000e+00    612s
   870     -7.46040e+01     -3.81690e+01      9.00000e+00    614s
   872     -7.05890e+01     -3.81690e+01      9.00000e+00    616s
   874     -7.55360e+01     -3.81690e+01      9.00000e+00    617s
   876     -7.68900e+01     -3.81690e+01      9.00000e+00    619s
   878     -7.54430e+01     -3.81690e+01      9.00000e+00    621s
   880     -7.50310e+01     -3.81690e+01      9.00000e+00    622s
   882     -7.47940e+01     -3.81690e+01      9.00000e+00    623s
   884     -7.32950e+01     -3.81690e+01      9.00000e+00    624s
   887     -7.62170e+01     -3.81690e+01      9.00000e+00    626s
   890     -7.48820e+01     -3.81690e+01      9.00000e+00    627s
   893     -7.43410e+01     -3.81690e+01      9.00000e+00    629s
   895     -7.67400e+01     -3.81690e+01      9.00000e+00    630s
   897     -7.51860e+01     -3.81690e+01      9.00000e+00    632s
   899     -7.35170e+01     -3.81690e+01      9.00000e+00    633s
   901     -7.54690e+01     -3.81690e+01      9.00000e+00    635s
   903     -7.46210e+01     -3.81690e+01      9.00000e+00    636s
   905     -7.48230e+01     -3.81690e+01      9.00000e+00    638s
   907     -7.40070e+01     -3.81690e+01      9.00000e+00    639s
   909     -7.30720e+01     -3.81690e+01      9.00000e+00    641s
   911     -7.33870e+01     -3.81690e+01      9.00000e+00    642s
   913     -7.53750e+01     -3.81690e+01      9.00000e+00    644s
   915     -7.38430e+01     -3.81690e+01      9.00000e+00    645s
   917     -7.26910e+01     -3.81690e+01      9.00000e+00    646s
   919     -7.34750e+01     -3.81690e+01      9.00000e+00    647s
   920     -7.75040e+01     -3.81690e+01      9.00000e+00    649s
   922     -7.42560e+01     -3.81690e+01      9.00000e+00    650s
   924     -7.30500e+01     -3.81690e+01      9.00000e+00    652s
   926     -7.53630e+01     -3.81690e+01      9.00000e+00    653s
   928     -7.58470e+01     -3.81690e+01      9.00000e+00    655s
   930     -7.59210e+01     -3.81690e+01      9.00000e+00    656s
   932     -7.27180e+01     -3.81690e+01      9.00000e+00    657s
   934     -7.80390e+01     -3.81690e+01      9.00000e+00    659s
   936     -7.31840e+01     -3.81690e+01      9.00000e+00    661s
   938     -7.47650e+01     -3.81690e+01      9.00000e+00    662s
   940     -7.54920e+01     -3.81690e+01      9.00000e+00    664s
   942     -7.68500e+01     -3.81690e+01      9.00000e+00    665s
   945     -7.63010e+01     -3.81690e+01      9.00000e+00    666s
   947     -7.75430e+01     -3.81690e+01      9.00000e+00    668s
   948     -7.35380e+01     -3.81690e+01      9.00000e+00    669s
   949     -7.71490e+01     -3.81690e+01      9.00000e+00    670s
   950     -7.26690e+01     -3.81690e+01      9.00000e+00    671s
   952     -7.21160e+01     -3.81690e+01      9.00000e+00    673s
   953     -7.34910e+01     -3.81690e+01      9.00000e+00    674s
   954     -7.52880e+01     -3.81690e+01      9.00000e+00    675s
   956     -7.48680e+01     -3.81690e+01      9.00000e+00    677s
   958     -7.33270e+01     -3.81690e+01      9.00000e+00    679s
   960     -7.21120e+01     -3.81690e+01      9.00000e+00    680s
   962     -7.55680e+01     -3.81690e+01      9.00000e+00    682s
   964     -7.47880e+01     -3.81690e+01      9.00000e+00    683s
   966     -7.06840e+01     -3.81690e+01      9.00000e+00    684s
   968     -7.51280e+01     -3.81690e+01      9.00000e+00    686s
   970     -7.38720e+01     -3.81690e+01      9.00000e+00    687s
   972     -7.43890e+01     -3.81690e+01      9.00000e+00    689s
   974     -7.58940e+01     -3.81690e+01      9.00000e+00    691s
   976     -7.26010e+01     -3.81690e+01      9.00000e+00    692s
   978     -6.97020e+01     -3.81690e+01      9.00000e+00    693s
   980     -7.38470e+01     -3.81690e+01      9.00000e+00    694s
   982     -7.19690e+01     -3.81690e+01      9.00000e+00    696s
   984     -7.54630e+01     -3.81690e+01      9.00000e+00    697s
   986     -7.46080e+01     -3.81690e+01      9.00000e+00    699s
   988     -7.69970e+01     -3.81690e+01      9.00000e+00    700s
   990     -7.35660e+01     -3.81690e+01      9.00000e+00    702s
   992     -7.49870e+01     -3.81690e+01      9.00000e+00    703s
   994     -7.08410e+01     -3.81690e+01      9.00000e+00    705s
   996     -7.29490e+01     -3.81690e+01      9.00000e+00    707s
   998     -7.53900e+01     -3.81690e+01      9.00000e+00    708s
  1000     -7.27860e+01     -3.81690e+01      9.00000e+00    710s
  1002     -7.30030e+01     -3.81690e+01      9.00000e+00    711s
  1005     -7.78920e+01     -3.81690e+01      9.00000e+00    712s
  1007     -7.43240e+01     -3.81690e+01      9.00000e+00    714s
  1009     -7.51300e+01     -3.81690e+01      9.00000e+00    715s
  1011     -7.52260e+01     -3.81690e+01      9.00000e+00    717s
  1013     -7.50130e+01     -3.81690e+01      9.00000e+00    719s
  1015     -7.38300e+01     -3.81690e+01      9.00000e+00    720s
  1017     -6.97480e+01     -3.81690e+01      9.00000e+00    721s
  1019     -7.27000e+01     -3.81690e+01      9.00000e+00    722s
  1022     -7.24140e+01     -3.81690e+01      9.00000e+00    724s
  1025     -7.42950e+01     -3.81690e+01      9.00000e+00    725s
  1027     -7.72270e+01     -3.81690e+01      9.00000e+00    727s
  1029     -7.14710e+01     -3.81690e+01      9.00000e+00    728s
  1031     -7.13090e+01     -3.81690e+01      9.00000e+00    730s
  1033     -7.41020e+01     -3.81690e+01      9.00000e+00    731s
  1035     -7.57990e+01     -3.81690e+01      9.00000e+00    733s
  1037     -7.06970e+01     -3.81690e+01      9.00000e+00    734s
  1039     -7.62000e+01     -3.81690e+01      9.00000e+00    736s
  1040     -7.44100e+01     -3.81690e+01      9.00000e+00    738s
  1041     -7.33130e+01     -3.81690e+01      9.00000e+00    739s
  1043     -7.30600e+01     -3.81690e+01      9.00000e+00    740s
  1045     -7.17890e+01     -3.81690e+01      9.00000e+00    742s
  1047     -7.23140e+01     -3.81690e+01      9.00000e+00    744s
  1049     -7.41040e+01     -3.81690e+01      9.00000e+00    745s
  1051     -7.42860e+01     -3.81690e+01      9.00000e+00    747s
  1053     -7.54790e+01     -3.81690e+01      9.00000e+00    748s
  1056     -7.02040e+01     -3.81690e+01      9.00000e+00    749s
  1058     -7.03470e+01     -3.81690e+01      9.00000e+00    750s
  1060     -7.24330e+01     -3.81690e+01      9.00000e+00    752s
  1063     -7.46240e+01     -3.81690e+01      9.00000e+00    753s
  1065     -7.18640e+01     -3.81690e+01      9.00000e+00    754s
  1066     -7.29330e+01     -3.81690e+01      9.00000e+00    755s
  1068     -7.32920e+01     -3.81690e+01      9.00000e+00    757s
  1070     -7.31770e+01     -3.81690e+01      9.00000e+00    758s
  1072     -7.21440e+01     -3.81690e+01      9.00000e+00    759s
  1074     -7.51780e+01     -3.81690e+01      9.00000e+00    761s
  1075     -7.34930e+01     -3.81690e+01      9.00000e+00    762s
  1076     -7.58500e+01     -3.81690e+01      9.00000e+00    763s
  1078     -7.26170e+01     -3.81690e+01      9.00000e+00    765s
  1079     -7.24740e+01     -3.81690e+01      9.00000e+00    766s
  1081     -7.30130e+01     -3.81690e+01      9.00000e+00    768s
  1083     -7.27140e+01     -3.81690e+01      9.00000e+00    769s
  1085     -7.32600e+01     -3.81690e+01      9.00000e+00    771s
  1087     -7.35360e+01     -3.81690e+01      9.00000e+00    772s
  1089     -7.32260e+01     -3.81690e+01      9.00000e+00    774s
  1091     -7.01210e+01     -3.81690e+01      9.00000e+00    775s
  1093     -7.17520e+01     -3.81690e+01      9.00000e+00    777s
  1095     -7.34070e+01     -3.81690e+01      9.00000e+00    778s
  1097     -7.18380e+01     -3.81690e+01      9.00000e+00    780s
  1099     -7.68280e+01     -3.81690e+01      9.00000e+00    781s
  1101     -7.37880e+01     -3.81690e+01      9.00000e+00    782s
  1103     -7.34790e+01     -3.81690e+01      9.00000e+00    783s
  1105     -7.60820e+01     -3.81690e+01      9.00000e+00    784s
  1107     -7.62350e+01     -3.81690e+01      9.00000e+00    786s
  1109     -7.53690e+01     -3.81690e+01      9.00000e+00    787s
  1111     -7.69130e+01     -3.81690e+01      9.00000e+00    788s
  1113     -7.23000e+01     -3.81690e+01      9.00000e+00    789s
  1115     -7.38170e+01     -3.81690e+01      9.00000e+00    791s
  1117     -7.24780e+01     -3.81690e+01      9.00000e+00    793s
  1120     -7.88150e+01     -3.81690e+01      9.00000e+00    794s
  1123     -7.62460e+01     -3.81690e+01      9.00000e+00    795s
  1126     -7.43090e+01     -3.81690e+01      9.00000e+00    796s
  1128     -6.98890e+01     -3.81690e+01      9.00000e+00    798s
  1130     -7.16610e+01     -3.81690e+01      9.00000e+00    799s
  1132     -7.69890e+01     -3.81690e+01      9.00000e+00    800s
  1134     -7.60540e+01     -3.81690e+01      9.00000e+00    802s
  1136     -7.49570e+01     -3.81690e+01      9.00000e+00    803s
  1138     -7.53230e+01     -3.81690e+01      9.00000e+00    805s
  1140     -7.42250e+01     -3.81690e+01      9.00000e+00    807s
  1142     -7.38630e+01     -3.81690e+01      9.00000e+00    808s
  1144     -7.32200e+01     -3.81690e+01      9.00000e+00    810s
  1146     -7.38650e+01     -3.81690e+01      9.00000e+00    811s
  1148     -7.47080e+01     -3.81690e+01      9.00000e+00    812s
  1150     -7.54970e+01     -3.81690e+01      9.00000e+00    814s
  1152     -7.60200e+01     -3.81690e+01      9.00000e+00    815s
  1154     -7.66070e+01     -3.81690e+01      9.00000e+00    816s
  1157     -7.61810e+01     -3.81690e+01      9.00000e+00    817s
  1159     -7.55710e+01     -3.81690e+01      9.00000e+00    819s
  1161     -7.56930e+01     -3.81690e+01      9.00000e+00    820s
  1163     -7.32700e+01     -3.81690e+01      9.00000e+00    822s
  1165     -7.59370e+01     -3.81690e+01      9.00000e+00    823s
  1167     -8.08080e+01     -3.81690e+01      9.00000e+00    825s
  1169     -8.18650e+01     -3.81690e+01      9.00000e+00    827s
  1171     -7.54340e+01     -3.81690e+01      9.00000e+00    828s
  1173     -7.24460e+01     -3.81690e+01      9.00000e+00    830s
  1175     -7.53740e+01     -3.81690e+01      9.00000e+00    831s
  1177     -7.26000e+01     -3.81690e+01      9.00000e+00    833s
  1179     -7.57110e+01     -3.81690e+01      9.00000e+00    834s
  1181     -7.47140e+01     -3.81690e+01      9.00000e+00    836s
  1184     -7.37720e+01     -3.81690e+01      9.00000e+00    837s
  1186     -7.53510e+01     -3.81690e+01      9.00000e+00    838s
  1188     -7.51440e+01     -3.81690e+01      9.00000e+00    840s
  1190     -7.61380e+01     -3.81690e+01      9.00000e+00    841s
  1193     -7.90850e+01     -3.81690e+01      9.00000e+00    842s
  1196     -7.65660e+01     -3.81690e+01      9.00000e+00    844s
  1198     -7.59670e+01     -3.81690e+01      9.00000e+00    846s
  1200     -7.46900e+01     -3.81690e+01      9.00000e+00    847s
  1202     -7.45470e+01     -3.81690e+01      9.00000e+00    849s
  1204     -7.52710e+01     -3.81690e+01      9.00000e+00    850s
  1206     -7.61810e+01     -3.81690e+01      9.00000e+00    851s
  1208     -7.46330e+01     -3.81690e+01      9.00000e+00    852s
  1210     -7.32370e+01     -3.81690e+01      9.00000e+00    853s
  1212     -7.59660e+01     -3.81690e+01      9.00000e+00    855s
  1214     -7.43590e+01     -3.81690e+01      9.00000e+00    856s
  1216     -7.41970e+01     -3.81690e+01      9.00000e+00    857s
  1219     -7.50950e+01     -3.81690e+01      9.00000e+00    859s
  1221     -7.22670e+01     -3.81690e+01      9.00000e+00    860s
  1223     -7.71460e+01     -3.81690e+01      9.00000e+00    862s
  1225     -7.62720e+01     -3.81690e+01      9.00000e+00    863s
  1227     -7.25090e+01     -3.81690e+01      9.00000e+00    864s
  1229     -7.43240e+01     -3.81690e+01      9.00000e+00    865s
  1232     -7.51990e+01     -3.81690e+01      9.00000e+00    867s
  1234     -7.40160e+01     -3.81690e+01      9.00000e+00    868s
  1236     -7.40120e+01     -3.81690e+01      9.00000e+00    870s
  1238     -7.30000e+01     -3.81690e+01      9.00000e+00    872s
  1240     -7.88580e+01     -3.81690e+01      9.00000e+00    873s
  1242     -7.67350e+01     -3.81690e+01      9.00000e+00    875s
  1246     -7.65800e+01     -3.81690e+01      9.00000e+00    876s
  1249     -7.45990e+01     -3.81690e+01      9.00000e+00    877s
  1251     -7.67430e+01     -3.81690e+01      9.00000e+00    878s
  1253     -7.55630e+01     -3.81690e+01      9.00000e+00    880s
  1255     -7.72720e+01     -3.81690e+01      9.00000e+00    882s
  1257     -7.47870e+01     -3.81690e+01      9.00000e+00    883s
  1259     -7.72750e+01     -3.81690e+01      9.00000e+00    885s
  1260     -7.37490e+01     -3.81690e+01      9.00000e+00    886s
  1262     -7.81050e+01     -3.81690e+01      9.00000e+00    887s
  1264     -7.36910e+01     -3.81690e+01      9.00000e+00    889s
  1266     -7.64880e+01     -3.81690e+01      9.00000e+00    890s
  1269     -7.54080e+01     -3.81690e+01      9.00000e+00    891s
  1271     -7.49010e+01     -3.81690e+01      9.00000e+00    892s
  1273     -7.31540e+01     -3.81690e+01      9.00000e+00    894s
  1275     -7.46750e+01     -3.81690e+01      9.00000e+00    895s
  1276     -7.34360e+01     -3.81690e+01      9.00000e+00    896s
  1278     -7.86900e+01     -3.81690e+01      9.00000e+00    898s
  1280     -7.42180e+01     -3.81690e+01      9.00000e+00    899s
  1282     -7.40050e+01     -3.81690e+01      9.00000e+00    900s
  1284     -7.70290e+01     -3.81690e+01      9.00000e+00    902s
  1286     -7.25470e+01     -3.81690e+01      9.00000e+00    903s
  1288     -7.60410e+01     -3.81690e+01      9.00000e+00    904s
  1290     -7.60860e+01     -3.81690e+01      9.00000e+00    906s
  1293     -7.53650e+01     -3.81690e+01      9.00000e+00    907s
  1295     -7.49620e+01     -3.81690e+01      9.00000e+00    908s
  1297     -7.46470e+01     -3.81690e+01      9.00000e+00    909s
  1299     -7.49170e+01     -3.81690e+01      9.00000e+00    911s
  1301     -7.40650e+01     -3.81690e+01      9.00000e+00    912s
  1303     -7.84410e+01     -3.81690e+01      9.00000e+00    913s
  1305     -7.66700e+01     -3.81690e+01      9.00000e+00    914s
  1307     -7.74770e+01     -3.81690e+01      9.00000e+00    915s
  1309     -7.75850e+01     -3.81690e+01      9.00000e+00    917s
  1312     -7.53530e+01     -3.81690e+01      9.00000e+00    918s
  1314     -7.73460e+01     -3.81690e+01      9.00000e+00    919s
  1316     -7.86770e+01     -3.81690e+01      9.00000e+00    920s
  1318     -7.69510e+01     -3.81690e+01      9.00000e+00    922s
  1321     -8.12000e+01     -3.81690e+01      9.00000e+00    923s
  1323     -7.35170e+01     -3.81690e+01      9.00000e+00    925s
  1325     -7.48400e+01     -3.81690e+01      9.00000e+00    926s
  1326     -7.59440e+01     -3.81690e+01      9.00000e+00    928s
  1328     -7.92370e+01     -3.81690e+01      9.00000e+00    929s
  1330     -8.09700e+01     -3.81690e+01      9.00000e+00    930s
  1332     -7.52210e+01     -3.81690e+01      9.00000e+00    932s
  1334     -7.63230e+01     -3.81690e+01      9.00000e+00    933s
  1336     -7.38390e+01     -3.81690e+01      9.00000e+00    934s
  1338     -7.77330e+01     -3.81690e+01      9.00000e+00    935s
  1340     -7.76420e+01     -3.81690e+01      9.00000e+00    937s
  1342     -7.79470e+01     -3.81690e+01      9.00000e+00    939s
  1344     -7.54530e+01     -3.81690e+01      9.00000e+00    940s
  1346     -7.75260e+01     -3.81690e+01      9.00000e+00    942s
  1348     -7.54780e+01     -3.81690e+01      9.00000e+00    943s
  1350     -7.35560e+01     -3.81690e+01      9.00000e+00    945s
  1352     -7.53340e+01     -3.81690e+01      9.00000e+00    947s
  1354     -7.28230e+01     -3.81690e+01      9.00000e+00    948s
  1356     -7.51020e+01     -3.81690e+01      9.00000e+00    949s
  1358     -7.43530e+01     -3.81690e+01      9.00000e+00    951s
  1360     -7.41940e+01     -3.81690e+01      9.00000e+00    952s
  1362     -7.20110e+01     -3.81690e+01      9.00000e+00    954s
  1364     -7.20810e+01     -3.81690e+01      9.00000e+00    956s
  1366     -7.35790e+01     -3.81690e+01      9.00000e+00    958s
  1368     -7.60320e+01     -3.81690e+01      9.00000e+00    959s
  1370     -7.35820e+01     -3.81690e+01      9.00000e+00    961s
  1372     -6.99180e+01     -3.81690e+01      9.00000e+00    962s
  1375     -7.63130e+01     -3.81690e+01      9.00000e+00    963s
  1377     -7.46810e+01     -3.81690e+01      9.00000e+00    965s
  1379     -7.53090e+01     -3.81690e+01      9.00000e+00    966s
  1382     -7.72840e+01     -3.81690e+01      9.00000e+00    968s
  1384     -7.17240e+01     -3.81690e+01      9.00000e+00    970s
  1386     -7.52780e+01     -3.81690e+01      9.00000e+00    971s
  1387     -7.24530e+01     -3.81690e+01      9.00000e+00    972s
  1388     -7.36860e+01     -3.81690e+01      9.00000e+00    973s
  1390     -7.33990e+01     -3.81690e+01      9.00000e+00    976s
  1392     -7.51300e+01     -3.81690e+01      9.00000e+00    977s
  1394     -7.62590e+01     -3.81690e+01      9.00000e+00    979s
  1396     -7.24970e+01     -3.81690e+01      9.00000e+00    980s
  1398     -7.63530e+01     -3.81690e+01      9.00000e+00    982s
  1400     -7.20670e+01     -3.81690e+01      9.00000e+00    984s
  1402     -7.28170e+01     -3.81690e+01      9.00000e+00    985s
  1404     -7.19590e+01     -3.81690e+01      9.00000e+00    987s
  1406     -6.98970e+01     -3.81690e+01      9.00000e+00    988s
  1408     -7.09780e+01     -3.81690e+01      9.00000e+00    989s
  1410     -7.45240e+01     -3.81690e+01      9.00000e+00    990s
  1412     -7.20510e+01     -3.81690e+01      9.00000e+00    991s
  1414     -7.44800e+01     -3.81690e+01      9.00000e+00    993s
  1416     -7.61440e+01     -3.81690e+01      9.00000e+00    994s
  1418     -7.10390e+01     -3.81690e+01      9.00000e+00    996s
  1420     -7.27780e+01     -3.81690e+01      9.00000e+00    997s
  1422     -7.21460e+01     -3.81690e+01      9.00000e+00    999s
  1424     -7.20940e+01     -3.81690e+01      9.00000e+00   1000s
  1426     -7.32080e+01     -3.81690e+01      9.00000e+00   1002s
  1428     -7.12640e+01     -3.81690e+01      9.00000e+00   1004s
  1430     -6.97170e+01     -3.81690e+01      9.00000e+00   1005s
  1432     -7.17730e+01     -3.81690e+01      9.00000e+00   1006s
  1434     -7.34250e+01     -3.81690e+01      9.00000e+00   1008s
  1436     -7.57970e+01     -3.81690e+01      9.00000e+00   1009s
  1438     -7.52250e+01     -3.81690e+01      9.00000e+00   1010s
  1440     -7.48070e+01     -3.81690e+01      9.00000e+00   1012s
  1441     -7.14690e+01     -3.81690e+01      9.00000e+00   1013s
  1443     -7.55120e+01     -3.81690e+01      9.00000e+00   1014s
  1445     -7.14070e+01     -3.81690e+01      9.00000e+00   1016s
  1447     -6.92810e+01     -3.81690e+01      9.00000e+00   1017s
  1449     -7.54100e+01     -3.81690e+01      9.00000e+00   1018s
  1451     -7.70350e+01     -3.81690e+01      9.00000e+00   1019s
  1454     -7.43850e+01     -3.81690e+01      9.00000e+00   1021s
  1456     -7.12600e+01     -3.81690e+01      9.00000e+00   1022s
  1458     -7.55610e+01     -3.81690e+01      9.00000e+00   1023s
  1460     -7.25760e+01     -3.81690e+01      9.00000e+00   1025s
  1462     -7.40580e+01     -3.81690e+01      9.00000e+00   1026s
  1464     -7.44520e+01     -3.81690e+01      9.00000e+00   1028s
  1466     -7.37350e+01     -3.81690e+01      9.00000e+00   1029s
  1468     -7.39320e+01     -3.81690e+01      9.00000e+00   1031s
  1470     -7.12520e+01     -3.81690e+01      9.00000e+00   1033s
  1472     -7.51560e+01     -3.81690e+01      9.00000e+00   1034s
  1474     -7.55780e+01     -3.81690e+01      9.00000e+00   1035s
  1476     -7.52320e+01     -3.81690e+01      9.00000e+00   1037s
  1478     -7.08630e+01     -3.81690e+01      9.00000e+00   1039s
  1480     -7.70790e+01     -3.81690e+01      9.00000e+00   1040s
  1482     -7.68240e+01     -3.81690e+01      9.00000e+00   1042s
  1484     -7.29880e+01     -3.81690e+01      9.00000e+00   1043s
  1486     -7.21350e+01     -3.81690e+01      9.00000e+00   1045s
  1488     -7.40270e+01     -3.81690e+01      9.00000e+00   1046s
  1490     -7.30430e+01     -3.81690e+01      9.00000e+00   1047s
  1493     -7.60170e+01     -3.81690e+01      9.00000e+00   1048s
  1496     -7.58790e+01     -3.81690e+01      9.00000e+00   1050s
  1498     -7.47250e+01     -3.81690e+01      9.00000e+00   1051s
  1500     -7.28610e+01     -3.81690e+01      9.00000e+00   1053s
  1502     -7.32680e+01     -3.81690e+01      9.00000e+00   1054s
  1504     -7.27600e+01     -3.81690e+01      9.00000e+00   1056s
  1506     -7.24130e+01     -3.81690e+01      9.00000e+00   1058s
  1508     -7.30970e+01     -3.81690e+01      9.00000e+00   1059s
  1510     -7.37840e+01     -3.81690e+01      9.00000e+00   1061s
  1512     -7.26350e+01     -3.81690e+01      9.00000e+00   1063s
  1513     -7.33300e+01     -3.81690e+01      9.00000e+00   1064s
  1515     -7.42220e+01     -3.81690e+01      9.00000e+00   1066s
  1517     -7.56040e+01     -3.81690e+01      9.00000e+00   1067s
  1519     -7.61270e+01     -3.81690e+01      9.00000e+00   1068s
  1521     -7.29200e+01     -3.81690e+01      9.00000e+00   1070s
  1523     -7.38720e+01     -3.81690e+01      9.00000e+00   1072s
  1525     -7.24070e+01     -3.81690e+01      9.00000e+00   1073s
  1527     -7.47210e+01     -3.81690e+01      9.00000e+00   1075s
  1529     -7.34090e+01     -3.81690e+01      9.00000e+00   1077s
  1531     -7.53140e+01     -3.81690e+01      9.00000e+00   1078s
  1533     -7.16660e+01     -3.81690e+01      9.00000e+00   1079s
  1535     -7.59140e+01     -3.81690e+01      9.00000e+00   1081s
  1537     -7.51310e+01     -3.81690e+01      9.00000e+00   1082s
  1539     -7.41190e+01     -3.81690e+01      9.00000e+00   1083s
  1541     -7.36990e+01     -3.81690e+01      9.00000e+00   1085s
  1543     -7.21620e+01     -3.81690e+01      9.00000e+00   1086s
  1545     -7.38130e+01     -3.81690e+01      9.00000e+00   1088s
  1547     -7.50090e+01     -3.81690e+01      9.00000e+00   1089s
  1550     -7.43780e+01     -3.81690e+01      9.00000e+00   1090s
  1552     -7.29510e+01     -3.81690e+01      9.00000e+00   1092s
  1554     -7.71030e+01     -3.81690e+01      9.00000e+00   1094s
  1556     -7.56480e+01     -3.81690e+01      9.00000e+00   1096s
  1558     -7.52660e+01     -3.81690e+01      9.00000e+00   1097s
  1560     -7.44930e+01     -3.81690e+01      9.00000e+00   1099s
  1562     -7.19460e+01     -3.81690e+01      9.00000e+00   1100s
  1564     -7.34180e+01     -3.81690e+01      9.00000e+00   1102s
  1566     -7.38020e+01     -3.81690e+01      9.00000e+00   1103s
  1568     -7.53260e+01     -3.81690e+01      9.00000e+00   1105s
  1570     -7.72490e+01     -3.81690e+01      9.00000e+00   1107s
  1572     -7.47010e+01     -3.81690e+01      9.00000e+00   1109s
  1574     -7.15810e+01     -3.81690e+01      9.00000e+00   1110s
  1576     -7.63600e+01     -3.81690e+01      9.00000e+00   1111s
  1578     -7.42720e+01     -3.81690e+01      9.00000e+00   1113s
  1580     -7.42190e+01     -3.81690e+01      9.00000e+00   1114s
  1582     -7.54030e+01     -3.81690e+01      9.00000e+00   1115s
  1584     -7.41720e+01     -3.81690e+01      9.00000e+00   1117s
  1586     -7.51910e+01     -3.81690e+01      9.00000e+00   1119s
  1588     -7.39650e+01     -3.81690e+01      9.00000e+00   1120s
  1589     -7.84690e+01     -3.81690e+01      9.00000e+00   1121s
  1591     -7.57950e+01     -3.81690e+01      9.00000e+00   1123s
  1593     -7.79500e+01     -3.81690e+01      9.00000e+00   1124s
  1595     -7.53240e+01     -3.81690e+01      9.00000e+00   1126s
  1597     -7.66020e+01     -3.81690e+01      9.00000e+00   1127s
  1599     -7.31660e+01     -3.81690e+01      9.00000e+00   1129s
  1601     -7.33060e+01     -3.81690e+01      9.00000e+00   1130s
  1603     -7.26600e+01     -3.81690e+01      9.00000e+00   1132s
  1605     -7.32220e+01     -3.81690e+01      9.00000e+00   1133s
  1607     -7.36930e+01     -3.81690e+01      9.00000e+00   1135s
  1609     -7.20580e+01     -3.81690e+01      9.00000e+00   1136s
  1612     -7.38060e+01     -3.81690e+01      9.00000e+00   1137s
  1614     -7.69370e+01     -3.81690e+01      9.00000e+00   1139s
  1616     -7.69170e+01     -3.81690e+01      9.00000e+00   1140s
  1618     -7.27620e+01     -3.81690e+01      9.00000e+00   1142s
  1620     -7.40090e+01     -3.81690e+01      9.00000e+00   1143s
  1622     -7.56300e+01     -3.81690e+01      9.00000e+00   1145s
  1624     -7.49430e+01     -3.81690e+01      9.00000e+00   1146s
  1626     -7.61800e+01     -3.81690e+01      9.00000e+00   1148s
  1628     -7.23320e+01     -3.81690e+01      9.00000e+00   1149s
  1630     -7.30230e+01     -3.81690e+01      9.00000e+00   1151s
  1632     -7.54510e+01     -3.81690e+01      9.00000e+00   1153s
  1634     -7.32940e+01     -3.81690e+01      9.00000e+00   1154s
  1636     -7.54840e+01     -3.81690e+01      9.00000e+00   1155s
  1637     -7.46650e+01     -3.81690e+01      9.00000e+00   1156s
  1639     -7.53940e+01     -3.81690e+01      9.00000e+00   1158s
  1641     -7.46760e+01     -3.81690e+01      9.00000e+00   1159s
  1643     -7.34750e+01     -3.81690e+01      9.00000e+00   1161s
  1645     -7.54610e+01     -3.81690e+01      9.00000e+00   1162s
  1647     -7.30480e+01     -3.81690e+01      9.00000e+00   1163s
  1649     -7.41230e+01     -3.81690e+01      9.00000e+00   1165s
  1651     -7.41940e+01     -3.81690e+01      9.00000e+00   1166s
  1653     -7.48640e+01     -3.81690e+01      9.00000e+00   1168s
  1655     -7.77940e+01     -3.81690e+01      9.00000e+00   1169s
  1657     -7.67000e+01     -3.81690e+01      9.00000e+00   1170s
  1659     -7.53510e+01     -3.81690e+01      9.00000e+00   1171s
  1661     -7.54000e+01     -3.81690e+01      9.00000e+00   1173s
  1663     -7.71930e+01     -3.81690e+01      9.00000e+00   1174s
  1667     -7.20340e+01     -3.81690e+01      9.00000e+00   1176s
  1669     -7.46830e+01     -3.81690e+01      9.00000e+00   1177s
  1671     -7.52400e+01     -3.81690e+01      9.00000e+00   1179s
  1673     -7.41510e+01     -3.81690e+01      9.00000e+00   1181s
  1675     -7.46650e+01     -3.81690e+01      9.00000e+00   1182s
  1677     -7.20200e+01     -3.81690e+01      9.00000e+00   1184s
  1680     -7.24620e+01     -3.81690e+01      9.00000e+00   1185s
  1682     -7.50450e+01     -3.81690e+01      9.00000e+00   1187s
  1684     -7.53230e+01     -3.81690e+01      9.00000e+00   1188s
  1685     -7.56500e+01     -3.81690e+01      9.00000e+00   1189s
  1686     -7.18380e+01     -3.81690e+01      9.00000e+00   1190s
  1687     -7.62670e+01     -3.81690e+01      9.00000e+00   1191s
  1688     -7.36110e+01     -3.81690e+01      9.00000e+00   1193s
  1690     -7.45160e+01     -3.81690e+01      9.00000e+00   1195s
  1692     -7.72900e+01     -3.81690e+01      9.00000e+00   1196s
  1694     -7.18450e+01     -3.81690e+01      9.00000e+00   1197s
  1696     -7.34030e+01     -3.81690e+01      9.00000e+00   1199s
  1698     -7.43330e+01     -3.81690e+01      9.00000e+00   1200s
  1700     -7.49430e+01     -3.81690e+01      9.00000e+00   1201s
  1702     -7.56400e+01     -3.81690e+01      9.00000e+00   1203s
  1704     -7.48920e+01     -3.81690e+01      9.00000e+00   1204s
  1706     -7.68500e+01     -3.81690e+01      9.00000e+00   1206s
  1708     -7.67470e+01     -3.81690e+01      9.00000e+00   1207s
  1710     -7.43800e+01     -3.81690e+01      9.00000e+00   1209s
  1711     -7.35870e+01     -3.81690e+01      9.00000e+00   1210s
  1712     -7.37750e+01     -3.81690e+01      9.00000e+00   1211s
  1714     -7.47160e+01     -3.81690e+01      9.00000e+00   1213s
  1716     -7.22770e+01     -3.81690e+01      9.00000e+00   1215s
  1718     -7.53830e+01     -3.81690e+01      9.00000e+00   1216s
  1720     -7.43630e+01     -3.81690e+01      9.00000e+00   1217s
  1722     -7.50400e+01     -3.81690e+01      9.00000e+00   1218s
  1725     -7.35890e+01     -3.81690e+01      9.00000e+00   1220s
  1727     -7.72730e+01     -3.81690e+01      9.00000e+00   1222s
  1729     -7.38140e+01     -3.81690e+01      9.00000e+00   1223s
  1731     -7.51940e+01     -3.81690e+01      9.00000e+00   1225s
  1733     -7.40870e+01     -3.81690e+01      9.00000e+00   1226s
  1735     -7.67980e+01     -3.81690e+01      9.00000e+00   1227s
  1737     -7.54030e+01     -3.81690e+01      9.00000e+00   1229s
  1739     -7.81980e+01     -3.81690e+01      9.00000e+00   1230s
  1741     -7.46250e+01     -3.81690e+01      9.00000e+00   1232s
  1743     -7.34000e+01     -3.81690e+01      9.00000e+00   1233s
  1745     -7.74890e+01     -3.81690e+01      9.00000e+00   1235s
  1747     -7.47810e+01     -3.81690e+01      9.00000e+00   1236s
  1749     -7.36250e+01     -3.81690e+01      9.00000e+00   1238s
  1751     -7.51530e+01     -3.81690e+01      9.00000e+00   1240s
  1753     -7.07960e+01     -3.81690e+01      9.00000e+00   1241s
  1755     -7.51800e+01     -3.81690e+01      9.00000e+00   1243s
  1757     -7.37020e+01     -3.81690e+01      9.00000e+00   1244s
  1759     -7.11640e+01     -3.81690e+01      9.00000e+00   1245s
  1761     -7.39920e+01     -3.81690e+01      9.00000e+00   1247s
  1763     -7.71570e+01     -3.81690e+01      9.00000e+00   1248s
  1765     -7.41870e+01     -3.81690e+01      9.00000e+00   1250s
  1767     -7.12470e+01     -3.81690e+01      9.00000e+00   1251s
  1769     -7.34730e+01     -3.81690e+01      9.00000e+00   1253s
  1770     -7.29100e+01     -3.81690e+01      9.00000e+00   1254s
  1772     -7.37860e+01     -3.81690e+01      9.00000e+00   1255s
  1774     -7.21600e+01     -3.81690e+01      9.00000e+00   1257s
  1776     -7.52540e+01     -3.81690e+01      9.00000e+00   1258s
  1778     -7.58300e+01     -3.81690e+01      9.00000e+00   1259s
  1781     -7.13620e+01     -3.81690e+01      9.00000e+00   1260s
  1783     -7.33310e+01     -3.81690e+01      9.00000e+00   1261s
  1785     -7.27710e+01     -3.81690e+01      9.00000e+00   1263s
  1787     -7.18500e+01     -3.81690e+01      9.00000e+00   1264s
  1789     -7.63600e+01     -3.81690e+01      9.00000e+00   1266s
  1791     -7.51610e+01     -3.81690e+01      9.00000e+00   1268s
  1793     -7.32300e+01     -3.81690e+01      9.00000e+00   1269s
  1795     -7.53820e+01     -3.81690e+01      9.00000e+00   1270s
  1797     -7.16220e+01     -3.81690e+01      9.00000e+00   1272s
  1800     -7.41980e+01     -3.81690e+01      9.00000e+00   1274s
  1802     -7.32870e+01     -3.81690e+01      9.00000e+00   1275s
  1804     -7.40840e+01     -3.81690e+01      9.00000e+00   1276s
  1806     -7.75030e+01     -3.81690e+01      9.00000e+00   1278s
  1808     -7.29850e+01     -3.81690e+01      9.00000e+00   1279s
  1810     -7.72430e+01     -3.81690e+01      9.00000e+00   1280s
  1812     -7.44220e+01     -3.81690e+01      9.00000e+00   1282s
  1814     -7.63690e+01     -3.81690e+01      9.00000e+00   1284s
  1816     -7.65830e+01     -3.81690e+01      9.00000e+00   1285s
  1818     -7.40770e+01     -3.81690e+01      9.00000e+00   1286s
  1820     -7.68340e+01     -3.81690e+01      9.00000e+00   1288s
  1822     -7.39760e+01     -3.81690e+01      9.00000e+00   1290s
  1824     -7.20090e+01     -3.81690e+01      9.00000e+00   1291s
  1826     -7.29210e+01     -3.81690e+01      9.00000e+00   1293s
  1828     -7.51500e+01     -3.81690e+01      9.00000e+00   1294s
  1830     -7.60240e+01     -3.81690e+01      9.00000e+00   1296s
  1832     -7.59190e+01     -3.81690e+01      9.00000e+00   1298s
  1834     -7.46160e+01     -3.81690e+01      9.00000e+00   1299s
  1836     -7.46500e+01     -3.81690e+01      9.00000e+00   1300s
  1839     -7.46170e+01     -3.81690e+01      9.00000e+00   1302s
  1842     -7.61520e+01     -3.81690e+01      9.00000e+00   1303s
  1844     -7.80800e+01     -3.81690e+01      9.00000e+00   1304s
  1846     -7.67880e+01     -3.81690e+01      9.00000e+00   1306s
  1848     -7.21890e+01     -3.81690e+01      9.00000e+00   1308s
  1850     -7.43270e+01     -3.81690e+01      9.00000e+00   1309s
  1852     -7.46050e+01     -3.81690e+01      9.00000e+00   1311s
  1854     -7.28730e+01     -3.81690e+01      9.00000e+00   1312s
  1856     -7.67490e+01     -3.81690e+01      9.00000e+00   1314s
  1858     -7.43110e+01     -3.81690e+01      9.00000e+00   1315s
  1860     -7.56420e+01     -3.81690e+01      9.00000e+00   1317s
  1862     -7.40430e+01     -3.81690e+01      9.00000e+00   1318s
  1864     -7.47890e+01     -3.81690e+01      9.00000e+00   1319s
  1866     -7.69810e+01     -3.81690e+01      9.00000e+00   1320s
  1868     -7.61110e+01     -3.81690e+01      9.00000e+00   1322s
  1870     -7.25630e+01     -3.81690e+01      9.00000e+00   1323s
  1872     -7.28990e+01     -3.81690e+01      9.00000e+00   1325s
  1874     -7.39960e+01     -3.81690e+01      9.00000e+00   1326s
  1876     -7.45590e+01     -3.81690e+01      9.00000e+00   1328s
  1878     -7.07540e+01     -3.81690e+01      9.00000e+00   1329s
  1880     -7.42530e+01     -3.81690e+01      9.00000e+00   1331s
  1882     -7.60990e+01     -3.81690e+01      9.00000e+00   1333s
  1884     -7.80330e+01     -3.81690e+01      9.00000e+00   1335s
  1886     -7.47780e+01     -3.81690e+01      9.00000e+00   1336s
  1888     -7.65770e+01     -3.81690e+01      9.00000e+00   1337s
  1890     -7.16400e+01     -3.81690e+01      9.00000e+00   1339s
  1892     -7.43620e+01     -3.81690e+01      9.00000e+00   1341s
  1894     -7.41810e+01     -3.81690e+01      9.00000e+00   1342s
  1897     -7.44370e+01     -3.81690e+01      9.00000e+00   1344s
  1901     -7.54860e+01     -3.81690e+01      9.00000e+00   1345s
  1904     -7.83670e+01     -3.81690e+01      9.00000e+00   1346s
  1906     -7.75380e+01     -3.81690e+01      9.00000e+00   1348s
  1908     -7.79120e+01     -3.81690e+01      9.00000e+00   1349s
  1910     -7.52920e+01     -3.81690e+01      9.00000e+00   1351s
  1912     -7.55780e+01     -3.81690e+01      9.00000e+00   1352s
  1914     -7.39670e+01     -3.81690e+01      9.00000e+00   1354s
  1916     -7.73320e+01     -3.81690e+01      9.00000e+00   1355s
  1918     -7.93450e+01     -3.81690e+01      9.00000e+00   1357s
  1920     -7.80270e+01     -3.81690e+01      9.00000e+00   1358s
  1922     -7.57400e+01     -3.81690e+01      9.00000e+00   1359s
  1924     -7.38690e+01     -3.81690e+01      9.00000e+00   1361s
  1926     -7.46450e+01     -3.81690e+01      9.00000e+00   1362s
  1928     -7.36900e+01     -3.81690e+01      9.00000e+00   1363s
  1930     -7.64850e+01     -3.81690e+01      9.00000e+00   1365s
  1932     -7.70640e+01     -3.81690e+01      9.00000e+00   1367s
  1934     -7.55100e+01     -3.81690e+01      9.00000e+00   1368s
  1935     -7.39820e+01     -3.81690e+01      9.00000e+00   1370s
  1937     -7.45570e+01     -3.81690e+01      9.00000e+00   1371s
  1939     -7.42740e+01     -3.81690e+01      9.00000e+00   1373s
  1941     -7.67880e+01     -3.81690e+01      9.00000e+00   1374s
  1943     -7.57460e+01     -3.81690e+01      9.00000e+00   1376s
  1945     -7.44980e+01     -3.81690e+01      9.00000e+00   1377s
  1948     -7.54620e+01     -3.81690e+01      9.00000e+00   1378s
  1950     -7.53140e+01     -3.81690e+01      9.00000e+00   1380s
  1952     -7.27140e+01     -3.81690e+01      9.00000e+00   1381s
  1954     -7.55190e+01     -3.81690e+01      9.00000e+00   1383s
  1956     -7.76090e+01     -3.81690e+01      9.00000e+00   1384s
  1959     -7.65600e+01     -3.81690e+01      9.00000e+00   1385s
  1962     -7.36770e+01     -3.81690e+01      9.00000e+00   1387s
  1964     -7.55580e+01     -3.81690e+01      9.00000e+00   1389s
  1966     -7.56320e+01     -3.81690e+01      9.00000e+00   1390s
  1968     -7.51010e+01     -3.81690e+01      9.00000e+00   1392s
  1970     -7.84360e+01     -3.81690e+01      9.00000e+00   1393s
  1972     -7.55080e+01     -3.81690e+01      9.00000e+00   1394s
  1974     -7.39500e+01     -3.81690e+01      9.00000e+00   1395s
  1976     -7.46360e+01     -3.81690e+01      9.00000e+00   1397s
  1978     -7.75420e+01     -3.81690e+01      9.00000e+00   1399s
  1980     -8.12650e+01     -3.81690e+01      9.00000e+00   1400s
  1982     -7.54040e+01     -3.81690e+01      9.00000e+00   1401s
  1984     -7.42320e+01     -3.81690e+01      9.00000e+00   1402s
  1986     -7.46300e+01     -3.81690e+01      9.00000e+00   1404s
  1988     -7.57920e+01     -3.81690e+01      9.00000e+00   1405s
  1990     -7.69630e+01     -3.81690e+01      9.00000e+00   1407s
  1994     -7.72210e+01     -3.81690e+01      9.00000e+00   1408s
  1998     -7.71250e+01     -3.81690e+01      9.00000e+00   1409s
  2000     -7.25360e+01     -3.81690e+01      9.00000e+00   1410s
  2002     -7.31430e+01     -3.81690e+01      9.00000e+00   1411s
  2004     -7.77170e+01     -3.81690e+01      9.00000e+00   1413s
  2006     -7.90930e+01     -3.81690e+01      9.00000e+00   1414s
  2008     -7.97450e+01     -3.81690e+01      9.00000e+00   1415s
  2010     -7.47970e+01     -3.81690e+01      9.00000e+00   1417s
  2012     -7.53020e+01     -3.81690e+01      9.00000e+00   1418s
  2014     -7.72640e+01     -3.81690e+01      9.00000e+00   1420s
  2016     -7.68930e+01     -3.81690e+01      9.00000e+00   1421s
  2017     -7.86800e+01     -3.81690e+01      9.00000e+00   1422s
  2019     -7.46090e+01     -3.81690e+01      9.00000e+00   1424s
  2022     -7.52650e+01     -3.81690e+01      9.00000e+00   1425s
  2025     -7.49060e+01     -3.81690e+01      9.00000e+00   1427s
  2027     -7.20280e+01     -3.81690e+01      9.00000e+00   1429s
  2029     -7.83580e+01     -3.81690e+01      9.00000e+00   1430s
  2031     -7.65470e+01     -3.81690e+01      9.00000e+00   1432s
  2033     -8.09850e+01     -3.81690e+01      9.00000e+00   1433s
  2035     -7.28060e+01     -3.81690e+01      9.00000e+00   1435s
  2037     -7.53340e+01     -3.81690e+01      9.00000e+00   1436s
  2039     -7.70310e+01     -3.81690e+01      9.00000e+00   1437s
  2041     -8.01210e+01     -3.81690e+01      9.00000e+00   1438s
  2043     -8.02930e+01     -3.81690e+01      9.00000e+00   1439s
  2045     -7.91180e+01     -3.81690e+01      9.00000e+00   1441s
  2047     -7.47820e+01     -3.81690e+01      9.00000e+00   1442s
  2049     -7.72220e+01     -3.81690e+01      9.00000e+00   1444s
  2051     -7.85030e+01     -3.81690e+01      9.00000e+00   1445s
  2053     -7.72670e+01     -3.81690e+01      9.00000e+00   1446s
  2055     -7.89020e+01     -3.81690e+01      9.00000e+00   1448s
  2057     -8.32880e+01     -3.81690e+01      9.00000e+00   1449s
  2059     -7.78870e+01     -3.81690e+01      9.00000e+00   1451s
  2061     -7.46180e+01     -3.81690e+01      9.00000e+00   1453s
  2063     -7.47760e+01     -3.81690e+01      9.00000e+00   1454s
  2065     -8.07000e+01     -3.81690e+01      9.00000e+00   1455s
  2067     -8.36060e+01     -3.81690e+01      9.00000e+00   1457s
  2069     -8.16430e+01     -3.81690e+01      9.00000e+00   1459s
  2071     -7.71960e+01     -3.81690e+01      9.00000e+00   1460s
  2073     -7.53770e+01     -3.81690e+01      9.00000e+00   1462s
  2075     -7.40090e+01     -3.81690e+01      9.00000e+00   1463s
  2077     -7.97430e+01     -3.81690e+01      9.00000e+00   1465s
  2081     -8.62970e+01     -3.81690e+01      9.00000e+00   1466s
  2084     -7.63810e+01     -3.81690e+01      9.00000e+00   1467s
  2086     -7.21980e+01     -3.81690e+01      9.00000e+00   1469s
  2088     -7.71880e+01     -3.81690e+01      9.00000e+00   1471s
  2090     -8.07430e+01     -3.81690e+01      9.00000e+00   1472s
  2092     -8.02110e+01     -3.81690e+01      9.00000e+00   1474s
  2094     -7.71380e+01     -3.81690e+01      9.00000e+00   1476s
  2096     -7.56910e+01     -3.81690e+01      9.00000e+00   1477s
  2098     -7.35950e+01     -3.81690e+01      9.00000e+00   1479s
  2100     -7.60940e+01     -3.81690e+01      9.00000e+00   1480s
  2102     -7.45300e+01     -3.81690e+01      9.00000e+00   1481s
  2104     -7.73400e+01     -3.81690e+01      9.00000e+00   1483s
  2106     -8.29360e+01     -3.81690e+01      9.00000e+00   1484s
  2109     -7.76260e+01     -3.81690e+01      9.00000e+00   1486s
  2111     -7.25240e+01     -3.81690e+01      9.00000e+00   1487s
  2113     -7.50070e+01     -3.81690e+01      9.00000e+00   1489s
  2115     -7.75370e+01     -3.81690e+01      9.00000e+00   1490s
  2117     -8.40820e+01     -3.81690e+01      9.00000e+00   1492s
  2119     -8.54850e+01     -3.81690e+01      9.00000e+00   1493s
  2122     -7.86660e+01     -3.81690e+01      9.00000e+00   1494s
  2124     -7.31540e+01     -3.81690e+01      9.00000e+00   1496s
  2126     -7.54500e+01     -3.81690e+01      9.00000e+00   1497s
  2128     -7.67980e+01     -3.81690e+01      9.00000e+00   1498s
  2130     -7.93070e+01     -3.81690e+01      9.00000e+00   1499s
  2132     -8.26050e+01     -3.81690e+01      9.00000e+00   1500s
  2134     -7.91740e+01     -3.81690e+01      9.00000e+00   1501s
  2136     -7.26510e+01     -3.81690e+01      9.00000e+00   1503s
  2139     -7.74260e+01     -3.81690e+01      9.00000e+00   1504s
  2142     -8.86950e+01     -3.81690e+01      9.00000e+00   1505s
  2145     -8.82380e+01     -3.81690e+01      9.00000e+00   1506s
  2146     -7.93620e+01     -3.81690e+01      9.00000e+00   1507s
  2147     -7.95640e+01     -3.81690e+01      9.00000e+00   1509s
  2148     -7.57210e+01     -3.81690e+01      9.00000e+00   1510s
  2149     -7.23060e+01     -3.81690e+01      9.00000e+00   1511s
  2150     -7.39880e+01     -3.81690e+01      9.00000e+00   1512s
  2152     -7.90380e+01     -3.81690e+01      9.00000e+00   1513s
  2154     -8.43800e+01     -3.81690e+01      9.00000e+00   1515s
  2155     -8.85250e+01     -3.81690e+01      9.00000e+00   1516s
  2157     -9.14400e+01     -3.81690e+01      9.00000e+00   1518s
  2159     -8.31260e+01     -3.81690e+01      9.00000e+00   1519s
  2161     -7.76190e+01     -3.81690e+01      9.00000e+00   1521s
  2163     -7.42020e+01     -3.81690e+01      9.00000e+00   1523s
  2165     -8.39730e+01     -3.81690e+01      9.00000e+00   1524s
  2167     -8.80960e+01     -3.81690e+01      9.00000e+00   1526s
  2169     -9.47930e+01     -3.81690e+01      9.00000e+00   1527s
  2171     -8.20000e+01     -3.81690e+01      9.00000e+00   1528s
  2173     -7.71180e+01     -3.81690e+01      9.00000e+00   1529s
  2175     -7.38890e+01     -3.81690e+01      9.00000e+00   1530s
  2177     -8.01400e+01     -3.81690e+01      9.00000e+00   1532s
  2179     -9.03060e+01     -3.81690e+01      9.00000e+00   1533s
  2181     -9.12080e+01     -3.81690e+01      9.00000e+00   1535s
  2182     -9.12900e+01     -3.81690e+01      9.00000e+00   1536s
  2184     -8.41750e+01     -3.81690e+01      9.00000e+00   1537s
  2186     -7.66160e+01     -3.81690e+01      9.00000e+00   1539s
  2188     -7.61600e+01     -3.81690e+01      9.00000e+00   1541s
  2190     -8.44220e+01     -3.81690e+01      9.00000e+00   1542s
  2192     -8.95260e+01     -3.81690e+01      9.00000e+00   1544s
  2194     -8.84480e+01     -3.81690e+01      9.00000e+00   1545s
  2196     -8.00450e+01     -3.81690e+01      9.00000e+00   1546s
  2198     -7.66920e+01     -3.81690e+01      9.00000e+00   1547s
  2200     -7.94450e+01     -3.81690e+01      9.00000e+00   1549s
  2202     -8.39970e+01     -3.81690e+01      9.00000e+00   1550s
  2205     -9.57600e+01     -3.81690e+01      9.00000e+00   1552s
  2207     -9.81400e+01     -3.81690e+01      9.00000e+00   1553s
  2209     -9.21790e+01     -3.81690e+01      9.00000e+00   1555s
  2212     -7.76300e+01     -3.81690e+01      9.00000e+00   1557s
  2214     -7.31950e+01     -3.81690e+01      9.00000e+00   1558s
  2216     -8.38690e+01     -3.81690e+01      9.00000e+00   1559s
  2219     -8.75560e+01     -3.81690e+01      9.00000e+00   1560s
  2221     -7.90480e+01     -3.81690e+01      9.00000e+00   1561s
  2223     -7.46420e+01     -3.81690e+01      9.00000e+00   1562s
  2225     -7.35540e+01     -3.81690e+01      9.00000e+00   1564s
  2227     -8.65600e+01     -3.81690e+01      9.00000e+00   1565s
  2229     -9.55380e+01     -3.81690e+01      9.00000e+00   1566s
  2231     -1.03726e+02     -3.81690e+01      9.00000e+00   1567s
  2233     -9.08270e+01     -3.81690e+01      9.00000e+00   1569s
  2235     -8.60650e+01     -3.81690e+01      9.00000e+00   1570s
  2237     -7.34050e+01     -3.81690e+01      9.00000e+00   1572s
  2239     -7.90370e+01     -3.81690e+01      9.00000e+00   1573s
  2241     -8.46080e+01     -3.81690e+01      9.00000e+00   1574s
  2243     -8.46470e+01     -3.81690e+01      9.00000e+00   1576s
  2245     -8.38750e+01     -3.81690e+01      9.00000e+00   1577s
  2247     -7.42320e+01     -3.81690e+01      9.00000e+00   1578s
  2249     -7.44710e+01     -3.81690e+01      9.00000e+00   1579s
  2251     -7.35980e+01     -3.81690e+01      9.00000e+00   1581s
  2253     -8.52990e+01     -3.81690e+01      9.00000e+00   1582s
  2255     -9.78880e+01     -3.81690e+01      9.00000e+00   1583s
  2257     -9.63310e+01     -3.81690e+01      9.00000e+00   1585s
  2259     -8.59590e+01     -3.81690e+01      9.00000e+00   1586s
  2261     -7.35110e+01     -3.81690e+01      9.00000e+00   1588s
  2263     -7.59310e+01     -3.81690e+01      9.00000e+00   1589s
  2266     -9.69770e+01     -3.81690e+01      9.00000e+00   1591s
  2269     -1.06379e+02     -3.81690e+01      9.00000e+00   1592s
  2271     -9.31460e+01     -3.81690e+01      9.00000e+00   1594s
  2273     -8.02760e+01     -3.81690e+01      9.00000e+00   1595s
  2275     -7.06990e+01     -3.81690e+01      9.00000e+00   1597s
  2277     -7.94610e+01     -3.81690e+01      9.00000e+00   1599s
  2279     -9.43320e+01     -3.81690e+01      9.00000e+00   1600s
  2281     -9.85850e+01     -3.81690e+01      9.00000e+00   1602s
  2283     -8.78690e+01     -3.81690e+01      9.00000e+00   1603s
  2285     -7.76900e+01     -3.81690e+01      9.00000e+00   1605s
  2287     -7.62890e+01     -3.81690e+01      9.00000e+00   1607s
  2289     -8.38760e+01     -3.81690e+01      9.00000e+00   1609s
  2291     -1.04791e+02     -3.81690e+01      9.00000e+00   1610s
  2293     -1.06092e+02     -3.81690e+01      9.00000e+00   1612s
  2295     -9.79250e+01     -3.81690e+01      9.00000e+00   1613s
  2297     -8.29140e+01     -3.81690e+01      9.00000e+00   1615s
  2299     -7.29850e+01     -3.81690e+01      9.00000e+00   1616s
  2301     -8.32690e+01     -3.81690e+01      9.00000e+00   1618s
  2303     -1.05457e+02     -3.81690e+01      9.00000e+00   1619s
  2305     -1.33277e+02     -3.81690e+01      9.00000e+00   1620s
  2307     -1.37898e+02     -3.81690e+01      9.00000e+00   1621s
  2309     -1.22169e+02     -3.81690e+01      9.00000e+00   1623s
  2311     -9.01580e+01     -3.81690e+01      9.00000e+00   1624s
  2313     -6.71970e+01     -3.81690e+01      9.00000e+00   1626s
  2315     -6.10500e+01     -3.81690e+01      9.00000e+00   1627s
  2317     -6.57670e+01     -3.81690e+01      9.00000e+00   1629s
  2319     -7.55720e+01     -3.81690e+01      9.00000e+00   1630s
  2321     -7.43600e+01     -3.81690e+01      9.00000e+00   1631s
  2323     -7.16430e+01     -3.81690e+01      9.00000e+00   1633s
  2325     -7.85980e+01     -3.81690e+01      9.00000e+00   1634s
  2328     -1.11320e+02     -3.81690e+01      9.00000e+00   1635s
  2331     -1.34768e+02     -3.81690e+01      9.00000e+00   1637s
  2333     -1.23734e+02     -3.81690e+01      9.00000e+00   1638s
  2335     -1.01269e+02     -3.81690e+01      9.00000e+00   1640s
  2337     -7.37110e+01     -3.81690e+01      9.00000e+00   1642s
  2339     -5.75190e+01     -3.81690e+01      9.00000e+00   1643s
  2341     -6.24070e+01     -3.81690e+01      9.00000e+00   1645s
  2343     -7.01960e+01     -3.81690e+01      9.00000e+00   1646s
  2345     -7.40520e+01     -3.81690e+01      9.00000e+00   1648s
  2347     -7.00730e+01     -3.81690e+01      9.00000e+00   1649s
  2349     -7.35000e+01     -3.81690e+01      9.00000e+00   1651s
  2351     -5.65520e+01     -3.81690e+01      9.00000e+00   1652s
  2353     -4.01490e+01     -3.81690e+01      9.00000e+00   1654s
  2355     -4.57530e+01     -3.81690e+01      9.00000e+00   1655s
  2357     -6.09710e+01     -3.81690e+01      9.00000e+00   1656s
  2359     -6.89930e+01     -3.81690e+01      9.00000e+00   1657s
  2361     -7.17240e+01     -3.81690e+01      9.00000e+00   1659s
  2363     -7.96820e+01     -3.81690e+01      9.00000e+00   1661s
  2365     -1.05551e+02     -3.81690e+01      9.00000e+00   1662s
  2367     -1.33662e+02     -3.81690e+01      9.00000e+00   1663s
  2369     -1.58314e+02     -3.81690e+01      9.00000e+00   1664s
  2371     -1.44970e+02     -3.81690e+01      9.00000e+00   1666s
  2373     -1.08033e+02     -3.81690e+01      9.00000e+00   1668s
  2374     -8.57900e+01     -3.81690e+01      9.00000e+00   1669s
  2376     -4.90630e+01     -3.81690e+01      9.00000e+00   1671s
  2378     -3.81910e+01     -3.81690e+01      9.00000e+00   1672s
  2380     -4.79910e+01     -3.81690e+01      9.00000e+00   1674s
  2382     -6.68020e+01     -3.81690e+01      9.00000e+00   1675s
  2384     -6.97160e+01     -3.81690e+01      9.00000e+00   1676s
  2386     -7.19120e+01     -3.81690e+01      9.00000e+00   1678s
  2388     -8.67790e+01     -3.81690e+01      9.00000e+00   1679s
  2391     -1.28839e+02     -3.81690e+01      9.00000e+00   1680s
  2393     -1.56680e+02     -3.81690e+01      9.00000e+00   1681s
  2395     -1.49334e+02     -3.81690e+01      9.00000e+00   1683s
  2397     -1.17751e+02     -3.81690e+01      9.00000e+00   1684s
  2399     -7.34050e+01     -3.81690e+01      9.00000e+00   1685s
  2401     -7.08860e+01     -3.81690e+01      9.00000e+00   1687s
  2402     -7.41030e+01     -3.81690e+01      9.00000e+00   1688s
  2404     -9.98890e+01     -3.81690e+01      9.00000e+00   1690s
  2406     -1.31144e+02     -3.81690e+01      9.00000e+00   1691s
  2408     -1.34811e+02     -3.81690e+01      9.00000e+00   1693s
  2410     -1.07883e+02     -3.81690e+01      9.00000e+00   1694s
  2412     -8.05610e+01     -3.81690e+01      9.00000e+00   1696s
  2414     -6.95180e+01     -3.81690e+01      9.00000e+00   1697s
  2416     -9.11360e+01     -3.81690e+01      9.00000e+00   1699s
  2418     -1.18724e+02     -3.81690e+01      9.00000e+00   1701s
  2420     -1.30055e+02     -3.81690e+01      9.00000e+00   1702s
  2422     -1.13076e+02     -3.81690e+01      9.00000e+00   1704s
  2424     -7.81950e+01     -3.81690e+01      9.00000e+00   1705s
  2426     -7.18660e+01     -3.81690e+01      9.00000e+00   1707s
  2428     -9.02980e+01     -3.81690e+01      9.00000e+00   1709s
  2429     -1.09753e+02     -3.81690e+01      9.00000e+00   1710s
  2431     -1.34694e+02     -3.81690e+01      9.00000e+00   1711s
  2433     -1.33630e+02     -3.81690e+01      9.00000e+00   1712s
  2435     -1.00189e+02     -3.81690e+01      9.00000e+00   1713s
  2437     -6.90860e+01     -3.81690e+01      9.00000e+00   1715s
  2439     -6.98900e+01     -3.81690e+01      9.00000e+00   1716s
  2441     -9.84800e+01     -3.81690e+01      9.00000e+00   1718s
  2443     -1.27018e+02     -3.81690e+01      9.00000e+00   1719s
  2446     -1.12367e+02     -3.81690e+01      9.00000e+00   1721s
  2448     -8.23310e+01     -3.81690e+01      9.00000e+00   1722s
  2450     -7.62150e+01     -3.81690e+01      9.00000e+00   1724s
  2452     -7.30530e+01     -3.81690e+01      9.00000e+00   1725s
  2454     -7.51850e+01     -3.81690e+01      9.00000e+00   1727s
  2457     -7.59290e+01     -3.81690e+01      9.00000e+00   1728s
  2461     -7.38940e+01     -3.81690e+01      9.00000e+00   1729s
  2462     -7.54660e+01     -3.81690e+01      9.00000e+00   1730s
  2464     -7.64000e+01     -3.81690e+01      9.00000e+00   1732s
  2466     -7.50960e+01     -3.81690e+01      9.00000e+00   1733s
  2468     -7.47230e+01     -3.81690e+01      9.00000e+00   1735s
  2470     -7.61550e+01     -3.81690e+01      9.00000e+00   1737s
  2472     -7.37670e+01     -3.81690e+01      9.00000e+00   1738s
  2474     -7.57040e+01     -3.81690e+01      9.00000e+00   1739s
  2476     -7.46700e+01     -3.81690e+01      9.00000e+00   1741s
  2478     -7.40200e+01     -3.81690e+01      9.00000e+00   1742s
  2480     -7.43030e+01     -3.81690e+01      9.00000e+00   1744s
  2482     -7.36580e+01     -3.81690e+01      9.00000e+00   1745s
  2484     -7.48450e+01     -3.81690e+01      9.00000e+00   1747s
  2486     -7.71790e+01     -3.81690e+01      9.00000e+00   1748s
  2488     -7.74720e+01     -3.81690e+01      9.00000e+00   1750s
  2490     -7.34100e+01     -3.81690e+01      9.00000e+00   1752s
  2492     -7.26170e+01     -3.81690e+01      9.00000e+00   1753s
  2494     -7.41500e+01     -3.81690e+01      9.00000e+00   1755s
  2496     -7.58190e+01     -3.81690e+01      9.00000e+00   1757s
  2498     -7.52050e+01     -3.81690e+01      9.00000e+00   1758s

==================================================
Summary of results QAOA
--------------------------------------------------
Avg of QAOA obj (BQO obj):    1.39
Avg of QAOA obj (penalty):    -39.56
Avg of constraint violation:  1.70

Feasible percentage (%):      26.60
Avg of pure feasible obj:     3.49

Avg of QAOA obj:              -38.17
STD of QAOA obj:              15.44

Avg of QAOA obj (feasible):   3.98
STD of QAOA obj (feasible):   0.57

Gamma angles:                 0.26
Beta angles:                  2.69

Best QAOA obj:                9.00
Modified best QAOA obj:       9.00
Best QAOA obj (feasible):     9.00

QAOA total time:              1759.17s
QAOA circuit depth:           41
==================================================

==================================================
Summary of results of 0-S6
--------------------------------------------------
Number of vertices:           6
Number of edges:              15

Vertex num in largest comp:   6
Edge num in largest comp:     15

Pre-processing running time:  0.00
Total solver time:            1758.33
Running time:                 1769.85

Upper bound:                  10.00
Objective value:              9.00

Partition 0:                  1, 3, 4, 5          
Partition 1:                                      
Partition 2:                  6                   
Partition 3:                  2                   
==================================================
