==================================================
Instance parameters
--------------------------------------------------
Number of vertices:           6
Number of edges:              14
Number of partitions:         3

Density (%):                  93
Name of instance:             seed1_band_pen1.0_noise0.02
Is planar:                    False
==================================================

==================================================
Solver parameters
--------------------------------------------------
Method:                       R-QUBO
Peel:                         False
Decompose:                    False
Fold:                         False

Penalty Multiplier:           1.0
Gates Error Probability:      0.02
QAOA Num Levels:              1
QAOA Scipy Optimizer:         brute
==================================================

  iter        avg-obj        best avg-obj       best-obj      time
     0     -4.09700e+00     -4.09700e+00      7.00000e+00      3s
     2     -4.30400e+00     -4.02600e+00      7.00000e+00      4s
     4     -3.99100e+00     -3.84400e+00      7.00000e+00      6s
     6     -3.83900e+00     -3.83900e+00      7.00000e+00      7s
     8     -3.85100e+00     -3.83900e+00      7.00000e+00      8s
    11     -3.99500e+00     -3.79900e+00      7.00000e+00      9s
    14     -4.04400e+00     -3.79900e+00      7.00000e+00     11s
    16     -4.24500e+00     -3.79900e+00      7.00000e+00     13s
    17     -4.00400e+00     -3.79900e+00      7.00000e+00     14s
    19     -3.79100e+00     -3.79100e+00      7.00000e+00     15s
    21     -3.89500e+00     -3.79100e+00      7.00000e+00     16s
    23     -4.17600e+00     -3.79100e+00      7.00000e+00     18s
    25     -4.27200e+00     -3.79100e+00      7.00000e+00     19s
    27     -3.98500e+00     -3.70500e+00      7.00000e+00     21s
    29     -4.00900e+00     -3.70500e+00      7.00000e+00     22s
    31     -3.93000e+00     -3.70500e+00      7.00000e+00     23s
    33     -4.14200e+00     -3.70500e+00      7.00000e+00     24s
    35     -3.82800e+00     -3.70500e+00      7.00000e+00     26s
    37     -4.21500e+00     -3.70500e+00      7.00000e+00     28s
    39     -3.90300e+00     -3.70500e+00      7.00000e+00     29s
    41     -4.44200e+00     -3.70500e+00      7.00000e+00     31s
    43     -3.96000e+00     -3.70500e+00      7.00000e+00     32s
    45     -4.33300e+00     -3.70500e+00      7.00000e+00     34s
    47     -3.57300e+00     -3.57300e+00      7.00000e+00     35s
    49     -3.78700e+00     -3.57300e+00      7.00000e+00     37s
    51     -1.98400e+00     -1.98400e+00      7.00000e+00     38s
    53      2.38000e-01      2.38000e-01      7.00000e+00     40s
    55      1.43000e-01      7.75000e-01      7.00000e+00     42s
    57     -1.62400e+00      7.75000e-01      7.00000e+00     43s
    59     -2.36800e+00      7.75000e-01      7.00000e+00     44s
    61     -3.09900e+00      7.75000e-01      7.00000e+00     46s
    62     -4.05400e+00      7.75000e-01      7.00000e+00     47s
    64     -4.95900e+00      7.75000e-01      7.00000e+00     48s
    67     -8.28800e+00      7.75000e-01      7.00000e+00     49s
    69     -1.01790e+01      7.75000e-01      7.00000e+00     50s
    71     -1.08850e+01      7.75000e-01      7.00000e+00     52s
    73     -6.71300e+00      7.75000e-01      7.00000e+00     54s
    74     -5.32400e+00      7.75000e-01      7.00000e+00     55s
    76     -1.07300e+00      7.75000e-01      7.00000e+00     57s
    78      4.18000e-01      7.75000e-01      7.00000e+00     58s
    80     -1.87000e-01      7.75000e-01      7.00000e+00     60s
    82     -1.74900e+00      7.75000e-01      7.00000e+00     61s
    84     -2.77400e+00      7.75000e-01      7.00000e+00     63s
    86     -3.56300e+00      7.75000e-01      7.00000e+00     65s
    88     -4.52700e+00      7.75000e-01      7.00000e+00     66s
    90     -7.13700e+00      7.75000e-01      7.00000e+00     68s
    92     -8.75800e+00      7.75000e-01      7.00000e+00     69s
    94     -1.10720e+01      7.75000e-01      7.00000e+00     71s
    96     -9.67600e+00      7.75000e-01      7.00000e+00     72s
    98     -6.29400e+00      7.75000e-01      7.00000e+00     75s
    99     -3.96800e+00      7.75000e-01      7.00000e+00     76s
   101     -1.64400e+00      7.75000e-01      7.00000e+00     78s
   103      9.68000e-01      9.68000e-01      7.00000e+00     80s
   105      3.88000e-01      1.11900e+00      7.00000e+00     81s
   107     -1.42800e+00      1.11900e+00      7.00000e+00     83s
   109     -2.65100e+00      1.11900e+00      7.00000e+00     84s
   111     -3.23100e+00      1.11900e+00      7.00000e+00     86s
   112     -3.29900e+00      1.11900e+00      7.00000e+00     87s
   114     -6.00900e+00      1.11900e+00      7.00000e+00     88s
   116     -9.66200e+00      1.11900e+00      7.00000e+00     89s
   119     -1.48760e+01      1.11900e+00      7.00000e+00     91s
   122     -1.09370e+01      1.11900e+00      7.00000e+00     92s
   123     -7.82100e+00      1.11900e+00      7.00000e+00     93s
   125     -2.66800e+00      1.11900e+00      7.00000e+00     95s
   127      6.10000e-01      1.11900e+00      7.00000e+00     97s
   129      8.06000e-01      1.11900e+00      7.00000e+00     98s
   131     -9.38000e-01      1.11900e+00      7.00000e+00    100s
   133     -2.46900e+00      1.11900e+00      7.00000e+00    101s
   135     -3.63300e+00      1.11900e+00      7.00000e+00    103s
   136     -3.29600e+00      1.11900e+00      7.00000e+00    104s
   138     -5.22000e+00      1.11900e+00      7.00000e+00    106s
   140     -8.85900e+00      1.11900e+00      7.00000e+00    108s
   142     -1.24940e+01      1.11900e+00      7.00000e+00    109s
   144     -1.46460e+01      1.11900e+00      7.00000e+00    110s
   146     -1.20210e+01      1.11900e+00      7.00000e+00    112s
   148     -6.92500e+00      1.11900e+00      7.00000e+00    113s
   150     -3.97800e+00      1.11900e+00      7.00000e+00    115s
   152     -1.41600e+00      1.11900e+00      7.00000e+00    117s
   154     -9.68000e-01      1.11900e+00      7.00000e+00    118s
   156     -1.51700e+00      1.11900e+00      7.00000e+00    120s
   158     -2.85600e+00      1.11900e+00      7.00000e+00    122s
   160     -3.46900e+00      1.11900e+00      7.00000e+00    123s
   162     -3.72300e+00      1.11900e+00      7.00000e+00    125s
   164     -5.79200e+00      1.11900e+00      7.00000e+00    127s
   166     -9.31400e+00      1.11900e+00      7.00000e+00    128s
   168     -1.19170e+01      1.11900e+00      7.00000e+00    130s
   170     -1.21510e+01      1.11900e+00      7.00000e+00    131s
   172     -9.22200e+00      1.11900e+00      7.00000e+00    133s
   174     -5.40000e+00      1.11900e+00      7.00000e+00    134s
   176     -1.83600e+00      1.11900e+00      7.00000e+00    136s
   178     -9.16000e-01      1.11900e+00      7.00000e+00    137s
   181     -2.22600e+00      1.11900e+00      7.00000e+00    139s
   183     -3.10500e+00      1.11900e+00      7.00000e+00    140s
   185     -3.05200e+00      1.11900e+00      7.00000e+00    141s
   186     -3.63100e+00      1.11900e+00      7.00000e+00    142s
   187     -4.27700e+00      1.11900e+00      7.00000e+00    143s
   189     -6.84300e+00      1.11900e+00      7.00000e+00    145s
   191     -9.77300e+00      1.11900e+00      7.00000e+00    147s
   193     -1.20000e+01      1.11900e+00      7.00000e+00    148s
   195     -1.15760e+01      1.11900e+00      7.00000e+00    150s
   197     -8.24600e+00      1.11900e+00      7.00000e+00    151s
   199     -3.63900e+00      1.11900e+00      7.00000e+00    153s
   201     -4.03600e+00      1.11900e+00      7.00000e+00    156s
   202     -3.36000e+00      1.11900e+00      7.00000e+00    157s
   204     -3.25700e+00      1.11900e+00      7.00000e+00    158s
   206     -3.94800e+00      1.11900e+00      7.00000e+00    160s
   207     -3.84000e+00      1.11900e+00      7.00000e+00    161s
   209     -3.36900e+00      1.11900e+00      7.00000e+00    163s
   211     -3.38600e+00      1.11900e+00      7.00000e+00    164s
   212     -3.86100e+00      1.11900e+00      7.00000e+00    165s
   214     -5.14100e+00      1.11900e+00      7.00000e+00    167s
   216     -7.01000e+00      1.11900e+00      7.00000e+00    169s
   218     -8.30600e+00      1.11900e+00      7.00000e+00    170s
   220     -8.15400e+00      1.11900e+00      7.00000e+00    172s
   221     -7.35000e+00      1.11900e+00      7.00000e+00    173s
   223     -4.98600e+00      1.11900e+00      7.00000e+00    175s
   225     -3.28100e+00      1.11900e+00      7.00000e+00    176s
   227     -3.34000e+00      1.11900e+00      7.00000e+00    178s
   229     -3.41400e+00      1.11900e+00      7.00000e+00    179s
   231     -4.05000e+00      1.11900e+00      7.00000e+00    181s
   233     -3.10500e+00      1.11900e+00      7.00000e+00    182s
   235     -3.37900e+00      1.11900e+00      7.00000e+00    183s
   236     -3.74700e+00      1.11900e+00      7.00000e+00    184s
   238     -4.93800e+00      1.11900e+00      7.00000e+00    186s
   240     -6.71800e+00      1.11900e+00      7.00000e+00    188s
   242     -8.20600e+00      1.11900e+00      7.00000e+00    189s
   244     -8.02200e+00      1.11900e+00      7.00000e+00    191s
   246     -6.39900e+00      1.11900e+00      7.00000e+00    193s
   248     -4.87200e+00      1.11900e+00      7.00000e+00    194s
   250     -3.83500e+00      1.11900e+00      7.00000e+00    195s
   252     -4.82300e+00      1.11900e+00      7.00000e+00    197s
   254     -5.56000e+00      1.11900e+00      7.00000e+00    199s
   256     -5.15000e+00      1.11900e+00      7.00000e+00    200s
   258     -4.50000e+00      1.11900e+00      7.00000e+00    202s
   260     -3.67500e+00      1.11900e+00      7.00000e+00    204s
   262     -3.74300e+00      1.11900e+00      7.00000e+00    205s
   264     -4.88100e+00      1.11900e+00      7.00000e+00    207s
   266     -5.47300e+00      1.11900e+00      7.00000e+00    209s
   267     -5.71300e+00      1.11900e+00      7.00000e+00    210s
   269     -5.81800e+00      1.11900e+00      7.00000e+00    212s
   271     -4.43400e+00      1.11900e+00      7.00000e+00    213s
   273     -3.90400e+00      1.11900e+00      7.00000e+00    215s
   275     -3.80400e+00      1.11900e+00      7.00000e+00    217s
   277     -4.67700e+00      1.11900e+00      7.00000e+00    218s
   279     -4.97000e+00      1.11900e+00      7.00000e+00    220s
   281     -4.85500e+00      1.11900e+00      7.00000e+00    221s
   283     -4.30700e+00      1.11900e+00      7.00000e+00    222s
   285     -3.47400e+00      1.11900e+00      7.00000e+00    224s
   287     -3.92600e+00      1.11900e+00      7.00000e+00    225s
   290     -5.19700e+00      1.11900e+00      7.00000e+00    227s
   292     -5.93900e+00      1.11900e+00      7.00000e+00    228s
   294     -5.52800e+00      1.11900e+00      7.00000e+00    230s
   296     -4.70700e+00      1.11900e+00      7.00000e+00    231s
   298     -4.07700e+00      1.11900e+00      7.00000e+00    233s
   300     -4.16000e+00      1.11900e+00      7.00000e+00    235s
   302     -4.53700e+00      1.11900e+00      7.00000e+00    237s
   304     -5.16300e+00      1.11900e+00      7.00000e+00    238s
   306     -5.39600e+00      1.11900e+00      7.00000e+00    240s
   308     -4.51400e+00      1.11900e+00      7.00000e+00    242s
   310     -3.81500e+00      1.11900e+00      7.00000e+00    243s
   312     -3.63300e+00      1.11900e+00      7.00000e+00    245s
   314     -4.85400e+00      1.11900e+00      7.00000e+00    247s
   316     -4.98500e+00      1.11900e+00      7.00000e+00    248s
   318     -4.76300e+00      1.11900e+00      7.00000e+00    250s
   320     -4.62300e+00      1.11900e+00      7.00000e+00    251s
   322     -3.63800e+00      1.11900e+00      7.00000e+00    253s
   324     -3.44400e+00      1.11900e+00      7.00000e+00    254s
   326     -4.87600e+00      1.11900e+00      7.00000e+00    256s
   327     -4.53400e+00      1.11900e+00      7.00000e+00    258s
   329     -5.35600e+00      1.11900e+00      7.00000e+00    259s
   331     -4.95600e+00      1.11900e+00      7.00000e+00    261s
   333     -4.61300e+00      1.11900e+00      7.00000e+00    263s
   335     -4.08500e+00      1.11900e+00      7.00000e+00    264s
   337     -3.80900e+00      1.11900e+00      7.00000e+00    266s
   339     -4.38000e+00      1.11900e+00      7.00000e+00    267s
   341     -4.59200e+00      1.11900e+00      7.00000e+00    268s
   343     -4.57600e+00      1.11900e+00      7.00000e+00    269s
   345     -3.87000e+00      1.11900e+00      7.00000e+00    271s
   347     -3.65300e+00      1.11900e+00      7.00000e+00    273s
   348     -3.93900e+00      1.11900e+00      7.00000e+00    274s
   350     -4.28200e+00      1.11900e+00      7.00000e+00    276s
   351     -4.44200e+00      1.11900e+00      7.00000e+00    277s
   353     -4.77700e+00      1.11900e+00      7.00000e+00    279s
   355     -5.14100e+00      1.11900e+00      7.00000e+00    281s
   357     -5.34000e+00      1.11900e+00      7.00000e+00    283s
   358     -4.77700e+00      1.11900e+00      7.00000e+00    284s
   359     -4.74700e+00      1.11900e+00      7.00000e+00    285s
   360     -3.97400e+00      1.11900e+00      7.00000e+00    286s
   361     -4.12400e+00      1.11900e+00      7.00000e+00    288s
   362     -3.89900e+00      1.11900e+00      7.00000e+00    289s
   363     -4.01600e+00      1.11900e+00      7.00000e+00    290s
   364     -3.98200e+00      1.11900e+00      7.00000e+00    291s
   366     -4.54000e+00      1.11900e+00      7.00000e+00    293s
   368     -4.55800e+00      1.11900e+00      7.00000e+00    295s
   370     -4.45100e+00      1.11900e+00      7.00000e+00    297s
   372     -4.15300e+00      1.11900e+00      7.00000e+00    298s
   374     -3.60100e+00      1.11900e+00      7.00000e+00    300s
   376     -4.11900e+00      1.11900e+00      7.00000e+00    302s
   378     -4.42900e+00      1.11900e+00      7.00000e+00    303s
   380     -4.82400e+00      1.11900e+00      7.00000e+00    305s
   382     -4.64600e+00      1.11900e+00      7.00000e+00    306s
   384     -3.90500e+00      1.11900e+00      7.00000e+00    308s
   386     -4.32900e+00      1.11900e+00      7.00000e+00    310s
   388     -3.99600e+00      1.11900e+00      7.00000e+00    311s
   390     -4.28800e+00      1.11900e+00      7.00000e+00    313s
   392     -4.42400e+00      1.11900e+00      7.00000e+00    314s
   394     -4.74200e+00      1.11900e+00      7.00000e+00    315s
   396     -3.98300e+00      1.11900e+00      7.00000e+00    317s
   398     -3.94900e+00      1.11900e+00      7.00000e+00    319s
   400     -4.08500e+00      1.11900e+00      7.00000e+00    320s
   402     -4.51700e+00      1.11900e+00      7.00000e+00    322s
   404     -4.49700e+00      1.11900e+00      7.00000e+00    324s
   406     -4.71300e+00      1.11900e+00      7.00000e+00    326s
   408     -4.68600e+00      1.11900e+00      7.00000e+00    327s
   410     -4.70700e+00      1.11900e+00      7.00000e+00    329s
   411     -4.15200e+00      1.11900e+00      7.00000e+00    330s
   413     -3.99300e+00      1.11900e+00      7.00000e+00    331s
   415     -4.12400e+00      1.11900e+00      7.00000e+00    333s
   417     -4.09600e+00      1.11900e+00      7.00000e+00    335s
   419     -4.17100e+00      1.11900e+00      7.00000e+00    336s
   421     -3.93300e+00      1.11900e+00      7.00000e+00    338s
   423     -4.19100e+00      1.11900e+00      7.00000e+00    340s
   425     -4.06300e+00      1.11900e+00      7.00000e+00    341s
   427     -4.15400e+00      1.11900e+00      7.00000e+00    343s
   429     -4.22200e+00      1.11900e+00      7.00000e+00    345s
   431     -4.31600e+00      1.11900e+00      7.00000e+00    347s
   433     -4.27200e+00      1.11900e+00      7.00000e+00    348s
   435     -3.89800e+00      1.11900e+00      7.00000e+00    350s
   437     -3.69200e+00      1.11900e+00      7.00000e+00    352s
   439     -4.26700e+00      1.11900e+00      7.00000e+00    354s
   442     -3.94300e+00      1.11900e+00      7.00000e+00    355s
   444     -4.84700e+00      1.11900e+00      7.00000e+00    357s
   446     -4.37100e+00      1.11900e+00      7.00000e+00    359s
   448     -4.15700e+00      1.11900e+00      7.00000e+00    360s
   449     -3.96900e+00      1.11900e+00      7.00000e+00    361s
   451     -3.84600e+00      1.11900e+00      7.00000e+00    363s
   453     -4.09800e+00      1.11900e+00      7.00000e+00    365s
   455     -4.39100e+00      1.11900e+00      7.00000e+00    366s
   456     -3.95200e+00      1.11900e+00      7.00000e+00    367s
   458     -4.54700e+00      1.11900e+00      7.00000e+00    369s
   460     -4.03200e+00      1.11900e+00      7.00000e+00    371s
   462     -3.82100e+00      1.11900e+00      7.00000e+00    372s
   464     -3.92800e+00      1.11900e+00      7.00000e+00    374s
   466     -4.14900e+00      1.11900e+00      7.00000e+00    376s
   467     -3.91100e+00      1.11900e+00      7.00000e+00    377s
   469     -4.31800e+00      1.11900e+00      7.00000e+00    378s
   471     -4.17000e+00      1.11900e+00      7.00000e+00    380s
   473     -3.82400e+00      1.11900e+00      7.00000e+00    381s
   475     -3.94800e+00      1.11900e+00      7.00000e+00    382s
   477     -4.14300e+00      1.11900e+00      7.00000e+00    384s
   479     -4.01500e+00      1.11900e+00      7.00000e+00    386s
   481     -4.33000e+00      1.11900e+00      7.00000e+00    387s
   483     -3.85700e+00      1.11900e+00      7.00000e+00    389s
   485     -4.18000e+00      1.11900e+00      7.00000e+00    391s
   486     -3.95500e+00      1.11900e+00      7.00000e+00    392s
   488     -3.88600e+00      1.11900e+00      7.00000e+00    393s
   490     -4.07900e+00      1.11900e+00      7.00000e+00    395s
   492     -3.60300e+00      1.11900e+00      7.00000e+00    396s
   494     -4.00700e+00      1.11900e+00      7.00000e+00    398s
   497     -4.29400e+00      1.11900e+00      7.00000e+00    399s
   500     -3.54000e+00      1.11900e+00      7.00000e+00    401s
   502     -4.08400e+00      1.11900e+00      7.00000e+00    403s
   503     -4.07200e+00      1.11900e+00      7.00000e+00    404s
   504     -4.60700e+00      1.11900e+00      7.00000e+00    405s
   505     -4.06500e+00      1.11900e+00      7.00000e+00    406s
   507     -3.90500e+00      1.11900e+00      7.00000e+00    408s
   509     -3.93300e+00      1.11900e+00      7.00000e+00    409s
   511     -4.15700e+00      1.11900e+00      7.00000e+00    411s
   513     -3.83600e+00      1.11900e+00      7.00000e+00    412s
   515     -4.23700e+00      1.11900e+00      7.00000e+00    414s
   517     -4.08400e+00      1.11900e+00      7.00000e+00    415s
   518     -3.95200e+00      1.11900e+00      7.00000e+00    417s
   520     -4.04000e+00      1.11900e+00      7.00000e+00    418s
   522     -4.17700e+00      1.11900e+00      7.00000e+00    419s
   524     -4.07700e+00      1.11900e+00      7.00000e+00    421s
   526     -4.03900e+00      1.11900e+00      7.00000e+00    423s
   528     -3.80100e+00      1.11900e+00      7.00000e+00    424s
   530     -4.20400e+00      1.11900e+00      7.00000e+00    425s
   532     -4.10600e+00      1.11900e+00      7.00000e+00    427s
   534     -3.37600e+00      1.11900e+00      7.00000e+00    429s
   535     -3.87000e+00      1.11900e+00      7.00000e+00    430s
   537     -3.84900e+00      1.11900e+00      7.00000e+00    431s
   539     -4.16900e+00      1.11900e+00      7.00000e+00    433s
   541     -4.34900e+00      1.11900e+00      7.00000e+00    434s
   543     -4.33700e+00      1.11900e+00      7.00000e+00    436s
   545     -3.87500e+00      1.11900e+00      7.00000e+00    438s
   547     -4.11400e+00      1.11900e+00      7.00000e+00    439s
   550     -3.92800e+00      1.11900e+00      7.00000e+00    440s
   552     -3.75100e+00      1.11900e+00      7.00000e+00    442s
   553     -4.05600e+00      1.11900e+00      7.00000e+00    443s
   555     -3.96200e+00      1.11900e+00      7.00000e+00    445s
   557     -4.27600e+00      1.11900e+00      7.00000e+00    447s
   559     -4.57900e+00      1.11900e+00      7.00000e+00    449s
   561     -3.70200e+00      1.11900e+00      7.00000e+00    450s
   563     -4.24100e+00      1.11900e+00      7.00000e+00    452s
   565     -4.07200e+00      1.11900e+00      7.00000e+00    454s
   566     -4.07200e+00      1.11900e+00      7.00000e+00    455s
   568     -4.46900e+00      1.11900e+00      7.00000e+00    457s
   570     -3.86400e+00      1.11900e+00      7.00000e+00    459s
   572     -4.09200e+00      1.11900e+00      7.00000e+00    460s
   573     -4.17300e+00      1.11900e+00      7.00000e+00    461s
   575     -3.88800e+00      1.11900e+00      7.00000e+00    463s
   577     -4.07900e+00      1.11900e+00      7.00000e+00    464s
   579     -3.90700e+00      1.11900e+00      7.00000e+00    466s
   581     -3.68600e+00      1.11900e+00      7.00000e+00    467s
   583     -3.90600e+00      1.11900e+00      7.00000e+00    469s
   585     -4.05200e+00      1.11900e+00      7.00000e+00    471s
   587     -4.22600e+00      1.11900e+00      7.00000e+00    473s
   589     -3.90100e+00      1.11900e+00      7.00000e+00    474s
   591     -3.68100e+00      1.11900e+00      7.00000e+00    476s
   593     -4.37000e+00      1.11900e+00      7.00000e+00    477s
   595     -3.91600e+00      1.11900e+00      7.00000e+00    479s
   597     -4.20100e+00      1.11900e+00      7.00000e+00    481s
   600     -4.33400e+00      1.11900e+00      7.00000e+00    482s
   602     -4.07700e+00      1.11900e+00      7.00000e+00    483s
   604     -4.06600e+00      1.11900e+00      7.00000e+00    485s
   605     -3.98100e+00      1.11900e+00      7.00000e+00    486s
   607     -4.14100e+00      1.11900e+00      7.00000e+00    488s
   608     -3.69200e+00      1.11900e+00      7.00000e+00    489s
   610     -4.20100e+00      1.11900e+00      7.00000e+00    490s
   612     -4.12000e+00      1.11900e+00      7.00000e+00    492s
   614     -3.96300e+00      1.11900e+00      7.00000e+00    494s
   616     -4.29600e+00      1.11900e+00      7.00000e+00    495s
   618     -4.03300e+00      1.11900e+00      7.00000e+00    497s
   619     -4.02400e+00      1.11900e+00      7.00000e+00    498s
   621     -4.33400e+00      1.11900e+00      7.00000e+00    500s
   623     -3.92400e+00      1.11900e+00      7.00000e+00    501s
   625     -4.05000e+00      1.11900e+00      7.00000e+00    503s
   626     -3.82300e+00      1.11900e+00      7.00000e+00    505s
   628     -3.70700e+00      1.11900e+00      7.00000e+00    506s
   630     -3.96100e+00      1.11900e+00      7.00000e+00    508s
   632     -3.96800e+00      1.11900e+00      7.00000e+00    510s
   634     -4.16700e+00      1.11900e+00      7.00000e+00    511s
   636     -4.06100e+00      1.11900e+00      7.00000e+00    513s
   638     -3.77800e+00      1.11900e+00      7.00000e+00    515s
   640     -4.09700e+00      1.11900e+00      7.00000e+00    517s
   641     -4.30900e+00      1.11900e+00      7.00000e+00    518s
   643     -4.03700e+00      1.11900e+00      7.00000e+00    520s
   645     -3.85600e+00      1.11900e+00      7.00000e+00    522s
   647     -4.14000e+00      1.11900e+00      7.00000e+00    523s
   649     -4.47500e+00      1.11900e+00      7.00000e+00    525s
   651     -4.11600e+00      1.11900e+00      7.00000e+00    526s
   654     -3.93500e+00      1.11900e+00      7.00000e+00    528s
   656     -4.38700e+00      1.11900e+00      7.00000e+00    529s
   657     -4.13000e+00      1.11900e+00      7.00000e+00    530s
   659     -3.92900e+00      1.11900e+00      7.00000e+00    532s
   661     -3.94900e+00      1.11900e+00      7.00000e+00    534s
   663     -4.10900e+00      1.11900e+00      7.00000e+00    535s
   665     -3.90900e+00      1.11900e+00      7.00000e+00    537s
   667     -3.90100e+00      1.11900e+00      7.00000e+00    538s
   669     -4.02900e+00      1.11900e+00      7.00000e+00    540s
   671     -4.07900e+00      1.11900e+00      7.00000e+00    542s
   673     -3.78700e+00      1.11900e+00      7.00000e+00    543s
   675     -4.20500e+00      1.11900e+00      7.00000e+00    545s
   677     -3.80600e+00      1.11900e+00      7.00000e+00    546s
   679     -4.23200e+00      1.11900e+00      7.00000e+00    548s
   681     -3.78400e+00      1.11900e+00      7.00000e+00    550s
   682     -4.26100e+00      1.11900e+00      7.00000e+00    551s
   684     -3.92800e+00      1.11900e+00      7.00000e+00    552s
   686     -3.61900e+00      1.11900e+00      7.00000e+00    554s
   688     -4.13500e+00      1.11900e+00      7.00000e+00    556s
   689     -3.92000e+00      1.11900e+00      7.00000e+00    557s
   691     -3.98100e+00      1.11900e+00      7.00000e+00    558s
   693     -4.16400e+00      1.11900e+00      7.00000e+00    560s
   695     -4.04500e+00      1.11900e+00      7.00000e+00    561s
   697     -4.20800e+00      1.11900e+00      7.00000e+00    563s
   699     -4.18800e+00      1.11900e+00      7.00000e+00    564s
   701     -3.99700e+00      1.11900e+00      7.00000e+00    566s
   703     -4.22600e+00      1.11900e+00      7.00000e+00    567s
   705     -3.90800e+00      1.11900e+00      7.00000e+00    568s
   707     -4.10200e+00      1.11900e+00      7.00000e+00    570s
   709     -4.21300e+00      1.11900e+00      7.00000e+00    571s
   711     -3.94500e+00      1.11900e+00      7.00000e+00    573s
   713     -4.15500e+00      1.11900e+00      7.00000e+00    575s
   715     -4.11600e+00      1.11900e+00      7.00000e+00    577s
   717     -3.86800e+00      1.11900e+00      7.00000e+00    578s
   719     -3.99700e+00      1.11900e+00      7.00000e+00    580s
   721     -4.00800e+00      1.11900e+00      7.00000e+00    582s
   722     -4.04100e+00      1.11900e+00      7.00000e+00    583s
   723     -4.19900e+00      1.11900e+00      7.00000e+00    584s
   725     -3.70400e+00      1.11900e+00      7.00000e+00    586s
   727     -4.31700e+00      1.11900e+00      7.00000e+00    588s
   729     -3.71800e+00      1.11900e+00      7.00000e+00    589s
   731     -3.81200e+00      1.11900e+00      7.00000e+00    591s
   733     -3.83400e+00      1.11900e+00      7.00000e+00    593s
   735     -3.78500e+00      1.11900e+00      7.00000e+00    594s
   736     -4.25900e+00      1.11900e+00      7.00000e+00    595s
   738     -4.10400e+00      1.11900e+00      7.00000e+00    597s
   740     -4.13600e+00      1.11900e+00      7.00000e+00    598s
   742     -4.06200e+00      1.11900e+00      7.00000e+00    600s
   744     -4.31500e+00      1.11900e+00      7.00000e+00    602s
   746     -3.76400e+00      1.11900e+00      7.00000e+00    603s
   747     -4.00300e+00      1.11900e+00      7.00000e+00    605s
   748     -4.19000e+00      1.11900e+00      7.00000e+00    606s
   750     -4.13400e+00      1.11900e+00      7.00000e+00    607s
   752     -3.74100e+00      1.11900e+00      7.00000e+00    609s
   754     -3.09300e+00      1.11900e+00      7.00000e+00    610s
   757     -3.09900e+00      1.11900e+00      7.00000e+00    611s
   759     -3.44600e+00      1.11900e+00      7.00000e+00    613s
   760     -3.79700e+00      1.11900e+00      7.00000e+00    614s
   761     -3.76400e+00      1.11900e+00      7.00000e+00    615s
   762     -4.13800e+00      1.11900e+00      7.00000e+00    617s
   763     -3.77800e+00      1.11900e+00      7.00000e+00    618s
   764     -3.96400e+00      1.11900e+00      7.00000e+00    619s
   766     -3.50000e+00      1.11900e+00      7.00000e+00    621s
   768     -3.31700e+00      1.11900e+00      7.00000e+00    622s
   770     -3.23700e+00      1.11900e+00      7.00000e+00    624s
   772     -3.69400e+00      1.11900e+00      7.00000e+00    626s
   774     -3.82700e+00      1.11900e+00      7.00000e+00    628s
   776     -3.71600e+00      1.11900e+00      7.00000e+00    630s
   777     -3.70500e+00      1.11900e+00      7.00000e+00    631s
   779     -3.37400e+00      1.11900e+00      7.00000e+00    633s
   781     -3.58000e+00      1.11900e+00      7.00000e+00    635s
   783     -3.25200e+00      1.11900e+00      7.00000e+00    636s
   784     -3.65500e+00      1.11900e+00      7.00000e+00    638s
   786     -4.00800e+00      1.11900e+00      7.00000e+00    639s
   788     -3.87500e+00      1.11900e+00      7.00000e+00    641s
   790     -3.36600e+00      1.11900e+00      7.00000e+00    643s
   792     -3.27800e+00      1.11900e+00      7.00000e+00    644s
   794     -3.15700e+00      1.11900e+00      7.00000e+00    646s
   796     -3.13400e+00      1.11900e+00      7.00000e+00    648s
   798     -3.96000e+00      1.11900e+00      7.00000e+00    650s
   801     -4.02000e+00      1.11900e+00      7.00000e+00    651s
   804     -3.46100e+00      1.11900e+00      7.00000e+00    652s
   807     -3.15600e+00      1.11900e+00      7.00000e+00    654s
   809     -3.34700e+00      1.11900e+00      7.00000e+00    656s
   810     -3.80900e+00      1.11900e+00      7.00000e+00    657s
   811     -3.88100e+00      1.11900e+00      7.00000e+00    658s
   812     -4.03700e+00      1.11900e+00      7.00000e+00    660s
   814     -3.76200e+00      1.11900e+00      7.00000e+00    661s
   816     -3.41500e+00      1.11900e+00      7.00000e+00    663s
   818     -2.88700e+00      1.11900e+00      7.00000e+00    665s
   820     -2.64100e+00      1.11900e+00      7.00000e+00    667s
   821     -3.34800e+00      1.11900e+00      7.00000e+00    668s
   822     -3.84300e+00      1.11900e+00      7.00000e+00    669s
   824     -3.55000e+00      1.11900e+00      7.00000e+00    671s
   825     -4.24900e+00      1.11900e+00      7.00000e+00    672s
   826     -4.00600e+00      1.11900e+00      7.00000e+00    673s
   828     -3.38500e+00      1.11900e+00      7.00000e+00    675s
   830     -3.10900e+00      1.11900e+00      7.00000e+00    676s
   832     -3.12800e+00      1.11900e+00      7.00000e+00    678s
   834     -3.46800e+00      1.11900e+00      7.00000e+00    679s
   836     -3.60100e+00      1.11900e+00      7.00000e+00    681s
   838     -3.79000e+00      1.11900e+00      7.00000e+00    682s
   839     -3.78400e+00      1.11900e+00      7.00000e+00    684s
   840     -3.41600e+00      1.11900e+00      7.00000e+00    685s
   842     -3.21800e+00      1.11900e+00      7.00000e+00    686s
   844     -3.16300e+00      1.11900e+00      7.00000e+00    688s
   846     -4.05200e+00      1.11900e+00      7.00000e+00    690s
   848     -3.60800e+00      1.11900e+00      7.00000e+00    691s
   849     -4.11500e+00      1.11900e+00      7.00000e+00    692s
   851     -3.96400e+00      1.11900e+00      7.00000e+00    694s
   853     -3.52600e+00      1.11900e+00      7.00000e+00    695s
   855     -3.22100e+00      1.11900e+00      7.00000e+00    696s
   858     -3.31500e+00      1.11900e+00      7.00000e+00    698s
   861     -3.67200e+00      1.11900e+00      7.00000e+00    699s
   863     -4.11800e+00      1.11900e+00      7.00000e+00    701s
   865     -3.97200e+00      1.11900e+00      7.00000e+00    702s
   867     -3.83100e+00      1.11900e+00      7.00000e+00    704s
   869     -3.76800e+00      1.11900e+00      7.00000e+00    705s
   871     -3.84300e+00      1.11900e+00      7.00000e+00    706s
   873     -3.96600e+00      1.11900e+00      7.00000e+00    708s
   875     -4.00300e+00      1.11900e+00      7.00000e+00    709s
   877     -3.88000e+00      1.11900e+00      7.00000e+00    711s
   879     -3.38100e+00      1.11900e+00      7.00000e+00    712s
   881     -3.35500e+00      1.11900e+00      7.00000e+00    714s
   883     -4.03900e+00      1.11900e+00      7.00000e+00    716s
   885     -3.84700e+00      1.11900e+00      7.00000e+00    717s
   887     -4.11900e+00      1.11900e+00      7.00000e+00    719s
   889     -3.92300e+00      1.11900e+00      7.00000e+00    721s
   891     -4.09400e+00      1.11900e+00      7.00000e+00    722s
   893     -3.79400e+00      1.11900e+00      7.00000e+00    724s
   895     -3.98000e+00      1.11900e+00      7.00000e+00    725s
   897     -4.13200e+00      1.11900e+00      7.00000e+00    727s
   899     -4.10500e+00      1.11900e+00      7.00000e+00    729s
   901     -3.82600e+00      1.11900e+00      7.00000e+00    731s
   903     -4.30500e+00      1.11900e+00      7.00000e+00    732s
   905     -4.31400e+00      1.11900e+00      7.00000e+00    734s
   907     -4.16700e+00      1.11900e+00      7.00000e+00    735s
   909     -3.96000e+00      1.11900e+00      7.00000e+00    737s
   911     -4.23800e+00      1.11900e+00      7.00000e+00    738s
   914     -3.90100e+00      1.11900e+00      7.00000e+00    740s
   917     -4.39100e+00      1.11900e+00      7.00000e+00    741s
   920     -4.04700e+00      1.11900e+00      7.00000e+00    742s
   922     -4.25600e+00      1.11900e+00      7.00000e+00    744s
   924     -3.89100e+00      1.11900e+00      7.00000e+00    746s
   926     -4.31700e+00      1.11900e+00      7.00000e+00    748s
   928     -4.24500e+00      1.11900e+00      7.00000e+00    749s
   930     -4.28400e+00      1.11900e+00      7.00000e+00    751s
   931     -4.32900e+00      1.11900e+00      7.00000e+00    752s
   933     -4.26000e+00      1.11900e+00      7.00000e+00    754s
   935     -4.03300e+00      1.11900e+00      7.00000e+00    755s
   937     -4.06000e+00      1.11900e+00      7.00000e+00    757s
   939     -4.14400e+00      1.11900e+00      7.00000e+00    759s
   941     -4.22300e+00      1.11900e+00      7.00000e+00    760s
   943     -4.29500e+00      1.11900e+00      7.00000e+00    761s
   945     -4.30700e+00      1.11900e+00      7.00000e+00    763s
   947     -3.77800e+00      1.11900e+00      7.00000e+00    765s
   949     -4.22500e+00      1.11900e+00      7.00000e+00    767s
   951     -3.71700e+00      1.11900e+00      7.00000e+00    768s
   952     -3.82400e+00      1.11900e+00      7.00000e+00    770s
   953     -3.92000e+00      1.11900e+00      7.00000e+00    771s
   955     -4.84600e+00      1.11900e+00      7.00000e+00    772s
   957     -4.19900e+00      1.11900e+00      7.00000e+00    774s
   959     -4.30800e+00      1.11900e+00      7.00000e+00    775s
   961     -3.82700e+00      1.11900e+00      7.00000e+00    777s
   963     -3.91400e+00      1.11900e+00      7.00000e+00    778s
   965     -4.11400e+00      1.11900e+00      7.00000e+00    780s
   967     -4.39100e+00      1.11900e+00      7.00000e+00    781s
   969     -4.46400e+00      1.11900e+00      7.00000e+00    783s
   970     -4.40300e+00      1.11900e+00      7.00000e+00    784s
   972     -3.91100e+00      1.11900e+00      7.00000e+00    785s
   974     -3.86000e+00      1.11900e+00      7.00000e+00    787s
   977     -4.16200e+00      1.11900e+00      7.00000e+00    788s
   979     -4.34400e+00      1.11900e+00      7.00000e+00    790s
   980     -4.64800e+00      1.11900e+00      7.00000e+00    791s
   981     -3.95100e+00      1.11900e+00      7.00000e+00    792s
   983     -4.27900e+00      1.11900e+00      7.00000e+00    794s
   985     -4.00700e+00      1.11900e+00      7.00000e+00    795s
   987     -4.15400e+00      1.11900e+00      7.00000e+00    797s
   989     -3.85600e+00      1.11900e+00      7.00000e+00    799s
   991     -3.88500e+00      1.11900e+00      7.00000e+00    800s
   993     -3.94500e+00      1.11900e+00      7.00000e+00    802s
   995     -4.31600e+00      1.11900e+00      7.00000e+00    804s
   997     -3.32900e+00      1.11900e+00      7.00000e+00    805s
   999     -4.04500e+00      1.11900e+00      7.00000e+00    806s
  1000     -3.84000e+00      1.11900e+00      7.00000e+00    808s
  1002     -4.24500e+00      1.11900e+00      7.00000e+00    809s
  1004     -3.78600e+00      1.11900e+00      7.00000e+00    811s
  1006     -4.04600e+00      1.11900e+00      7.00000e+00    813s
  1008     -4.60100e+00      1.11900e+00      7.00000e+00    815s
  1010     -4.23700e+00      1.11900e+00      7.00000e+00    816s
  1012     -4.13200e+00      1.11900e+00      7.00000e+00    818s
  1014     -3.93000e+00      1.11900e+00      7.00000e+00    820s
  1015     -4.21800e+00      1.11900e+00      7.00000e+00    821s
  1017     -3.89800e+00      1.11900e+00      7.00000e+00    823s
  1018     -4.31000e+00      1.11900e+00      7.00000e+00    824s
  1019     -4.09600e+00      1.11900e+00      7.00000e+00    825s
  1021     -4.17200e+00      1.11900e+00      7.00000e+00    827s
  1023     -4.05200e+00      1.11900e+00      7.00000e+00    829s
  1025     -3.61100e+00      1.11900e+00      7.00000e+00    830s
  1028     -3.81600e+00      1.11900e+00      7.00000e+00    832s
  1030     -4.15200e+00      1.11900e+00      7.00000e+00    833s
  1032     -3.95800e+00      1.11900e+00      7.00000e+00    835s
  1034     -4.14200e+00      1.11900e+00      7.00000e+00    837s
  1036     -3.93400e+00      1.11900e+00      7.00000e+00    839s
  1038     -4.04100e+00      1.11900e+00      7.00000e+00    841s
  1040     -4.48500e+00      1.11900e+00      7.00000e+00    843s
  1041     -4.05800e+00      1.11900e+00      7.00000e+00    844s
  1042     -4.22100e+00      1.11900e+00      7.00000e+00    845s
  1043     -4.33000e+00      1.11900e+00      7.00000e+00    846s
  1045     -4.28400e+00      1.11900e+00      7.00000e+00    848s
  1047     -3.86100e+00      1.11900e+00      7.00000e+00    849s
  1049     -4.28600e+00      1.11900e+00      7.00000e+00    851s
  1051     -4.06100e+00      1.11900e+00      7.00000e+00    853s
  1053     -4.02000e+00      1.11900e+00      7.00000e+00    855s
  1055     -4.23800e+00      1.11900e+00      7.00000e+00    856s
  1057     -3.91600e+00      1.11900e+00      7.00000e+00    858s
  1059     -4.61500e+00      1.11900e+00      7.00000e+00    859s
  1061     -3.58000e+00      1.11900e+00      7.00000e+00    861s
  1063     -4.22100e+00      1.11900e+00      7.00000e+00    862s
  1065     -4.08700e+00      1.11900e+00      7.00000e+00    864s
  1067     -3.87500e+00      1.11900e+00      7.00000e+00    866s
  1069     -4.02200e+00      1.11900e+00      7.00000e+00    868s
  1071     -3.88900e+00      1.11900e+00      7.00000e+00    870s
  1073     -3.91500e+00      1.11900e+00      7.00000e+00    871s
  1075     -4.09300e+00      1.11900e+00      7.00000e+00    873s
  1077     -3.97500e+00      1.11900e+00      7.00000e+00    874s
  1079     -3.93600e+00      1.11900e+00      7.00000e+00    876s
  1081     -3.83700e+00      1.11900e+00      7.00000e+00    878s
  1084     -3.73200e+00      1.11900e+00      7.00000e+00    879s
  1085     -4.12400e+00      1.11900e+00      7.00000e+00    880s
  1086     -4.06100e+00      1.11900e+00      7.00000e+00    881s
  1087     -3.96100e+00      1.11900e+00      7.00000e+00    883s
  1088     -3.84100e+00      1.11900e+00      7.00000e+00    884s
  1090     -3.86000e+00      1.11900e+00      7.00000e+00    886s
  1092     -4.12400e+00      1.11900e+00      7.00000e+00    887s
  1094     -3.60300e+00      1.11900e+00      7.00000e+00    889s
  1096     -4.05100e+00      1.11900e+00      7.00000e+00    891s
  1098     -3.75300e+00      1.11900e+00      7.00000e+00    892s
  1100     -3.88000e+00      1.11900e+00      7.00000e+00    895s
  1101     -4.30400e+00      1.11900e+00      7.00000e+00    896s
  1102     -3.67700e+00      1.11900e+00      7.00000e+00    897s
  1104     -4.26000e+00      1.11900e+00      7.00000e+00    898s
  1106     -4.01300e+00      1.11900e+00      7.00000e+00    900s
  1108     -3.85900e+00      1.11900e+00      7.00000e+00    901s
  1110     -4.05900e+00      1.11900e+00      7.00000e+00    903s
  1112     -4.00400e+00      1.11900e+00      7.00000e+00    904s
  1114     -3.94600e+00      1.11900e+00      7.00000e+00    906s
  1116     -4.08100e+00      1.11900e+00      7.00000e+00    907s
  1118     -4.02100e+00      1.11900e+00      7.00000e+00    908s
  1120     -4.31500e+00      1.11900e+00      7.00000e+00    910s
  1122     -3.81700e+00      1.11900e+00      7.00000e+00    912s
  1124     -3.84900e+00      1.11900e+00      7.00000e+00    914s
  1126     -3.92300e+00      1.11900e+00      7.00000e+00    915s
  1128     -3.99900e+00      1.11900e+00      7.00000e+00    917s
  1130     -4.02500e+00      1.11900e+00      7.00000e+00    918s
  1132     -3.94300e+00      1.11900e+00      7.00000e+00    919s
  1135     -3.67200e+00      1.11900e+00      7.00000e+00    920s
  1138     -4.23000e+00      1.11900e+00      7.00000e+00    922s
  1139     -4.18000e+00      1.11900e+00      7.00000e+00    923s
  1141     -4.28100e+00      1.11900e+00      7.00000e+00    925s
  1143     -4.22400e+00      1.11900e+00      7.00000e+00    926s
  1145     -3.96900e+00      1.11900e+00      7.00000e+00    928s
  1147     -3.91700e+00      1.11900e+00      7.00000e+00    930s
  1149     -3.82400e+00      1.11900e+00      7.00000e+00    931s
  1151     -4.30100e+00      1.11900e+00      7.00000e+00    933s
  1153     -4.16900e+00      1.11900e+00      7.00000e+00    934s
  1154     -3.92100e+00      1.11900e+00      7.00000e+00    935s
  1156     -3.83900e+00      1.11900e+00      7.00000e+00    937s
  1158     -3.63000e+00      1.11900e+00      7.00000e+00    939s
  1160     -4.07200e+00      1.11900e+00      7.00000e+00    940s
  1162     -3.99500e+00      1.11900e+00      7.00000e+00    942s
  1164     -3.93000e+00      1.11900e+00      7.00000e+00    944s
  1166     -4.25200e+00      1.11900e+00      7.00000e+00    945s
  1168     -3.82000e+00      1.11900e+00      7.00000e+00    947s
  1170     -4.06700e+00      1.11900e+00      7.00000e+00    948s
  1172     -3.81800e+00      1.11900e+00      7.00000e+00    950s
  1174     -3.95600e+00      1.11900e+00      7.00000e+00    951s
  1176     -4.01000e+00      1.11900e+00      7.00000e+00    953s
  1178     -3.94500e+00      1.11900e+00      7.00000e+00    954s
  1180     -3.66700e+00      1.11900e+00      7.00000e+00    956s
  1182     -4.17000e+00      1.11900e+00      7.00000e+00    957s
  1184     -4.04500e+00      1.11900e+00      7.00000e+00    959s
  1186     -3.86300e+00      1.11900e+00      7.00000e+00    960s
  1188     -3.74600e+00      1.11900e+00      7.00000e+00    961s
  1190     -3.70300e+00      1.11900e+00      7.00000e+00    962s
  1192     -4.00600e+00      1.11900e+00      7.00000e+00    964s
  1194     -3.65700e+00      1.11900e+00      7.00000e+00    965s
  1196     -3.98300e+00      1.11900e+00      7.00000e+00    967s
  1198     -4.32900e+00      1.11900e+00      7.00000e+00    969s
  1200     -4.16200e+00      1.11900e+00      7.00000e+00    970s
  1202     -3.98700e+00      1.11900e+00      7.00000e+00    973s
  1204     -4.09900e+00      1.11900e+00      7.00000e+00    974s
  1206     -3.58600e+00      1.11900e+00      7.00000e+00    976s
  1208     -3.95800e+00      1.11900e+00      7.00000e+00    978s
  1210     -3.89300e+00      1.11900e+00      7.00000e+00    979s
  1211     -3.89600e+00      1.11900e+00      7.00000e+00    981s
  1212     -3.82300e+00      1.11900e+00      7.00000e+00    982s
  1213     -4.01600e+00      1.11900e+00      7.00000e+00    983s
  1215     -3.92700e+00      1.11900e+00      7.00000e+00    985s
  1217     -3.81700e+00      1.11900e+00      7.00000e+00    986s
  1219     -3.86900e+00      1.11900e+00      7.00000e+00    988s
  1221     -3.98000e+00      1.11900e+00      7.00000e+00    990s
  1222     -4.02500e+00      1.11900e+00      7.00000e+00    991s
  1223     -4.37500e+00      1.11900e+00      7.00000e+00    992s
  1225     -4.24000e+00      1.11900e+00      7.00000e+00    993s
  1227     -4.07800e+00      1.11900e+00      7.00000e+00    995s
  1229     -3.71800e+00      1.11900e+00      7.00000e+00    997s
  1230     -4.08700e+00      1.11900e+00      7.00000e+00    998s
  1231     -4.14700e+00      1.11900e+00      7.00000e+00    999s
  1232     -4.12200e+00      1.11900e+00      7.00000e+00   1000s
  1234     -4.09700e+00      1.11900e+00      7.00000e+00   1002s
  1236     -4.03100e+00      1.11900e+00      7.00000e+00   1004s
  1238     -4.38500e+00      1.11900e+00      7.00000e+00   1005s
  1240     -4.14700e+00      1.11900e+00      7.00000e+00   1007s
  1242     -4.02600e+00      1.11900e+00      7.00000e+00   1008s
  1245     -3.77000e+00      1.11900e+00      7.00000e+00   1009s
  1247     -3.57000e+00      1.11900e+00      7.00000e+00   1011s
  1249     -3.89100e+00      1.11900e+00      7.00000e+00   1013s
  1251     -4.00200e+00      1.11900e+00      7.00000e+00   1014s
  1253     -3.93500e+00      1.11900e+00      7.00000e+00   1016s
  1255     -3.68400e+00      1.11900e+00      7.00000e+00   1018s
  1257     -4.11000e+00      1.11900e+00      7.00000e+00   1019s
  1259     -4.04900e+00      1.11900e+00      7.00000e+00   1021s
  1261     -4.10900e+00      1.11900e+00      7.00000e+00   1023s
  1263     -4.41700e+00      1.11900e+00      7.00000e+00   1025s
  1265     -4.12300e+00      1.11900e+00      7.00000e+00   1026s
  1266     -4.01900e+00      1.11900e+00      7.00000e+00   1027s
  1268     -3.74000e+00      1.11900e+00      7.00000e+00   1029s
  1270     -3.82000e+00      1.11900e+00      7.00000e+00   1030s
  1271     -3.80700e+00      1.11900e+00      7.00000e+00   1032s
  1273     -4.22000e+00      1.11900e+00      7.00000e+00   1033s
  1275     -4.35800e+00      1.11900e+00      7.00000e+00   1035s
  1277     -4.19000e+00      1.11900e+00      7.00000e+00   1036s
  1279     -4.13000e+00      1.11900e+00      7.00000e+00   1038s
  1281     -4.05700e+00      1.11900e+00      7.00000e+00   1039s
  1283     -3.94800e+00      1.11900e+00      7.00000e+00   1041s
  1285     -4.20900e+00      1.11900e+00      7.00000e+00   1043s
  1287     -4.02900e+00      1.11900e+00      7.00000e+00   1044s
  1289     -4.12400e+00      1.11900e+00      7.00000e+00   1046s
  1291     -3.77300e+00      1.11900e+00      7.00000e+00   1047s
  1292     -3.57600e+00      1.11900e+00      7.00000e+00   1049s
  1295     -3.86700e+00      1.11900e+00      7.00000e+00   1050s
  1298     -3.93800e+00      1.11900e+00      7.00000e+00   1051s
  1300     -3.70400e+00      1.11900e+00      7.00000e+00   1053s
  1302     -4.15300e+00      1.11900e+00      7.00000e+00   1054s
  1304     -4.01800e+00      1.11900e+00      7.00000e+00   1057s
  1305     -3.70300e+00      1.11900e+00      7.00000e+00   1058s
  1307     -3.78100e+00      1.11900e+00      7.00000e+00   1060s
  1309     -4.00200e+00      1.11900e+00      7.00000e+00   1061s
  1310     -3.79400e+00      1.11900e+00      7.00000e+00   1062s
  1312     -4.22300e+00      1.11900e+00      7.00000e+00   1064s
  1314     -3.99900e+00      1.11900e+00      7.00000e+00   1065s
  1316     -4.02300e+00      1.11900e+00      7.00000e+00   1067s
  1318     -3.98300e+00      1.11900e+00      7.00000e+00   1068s
  1320     -4.08300e+00      1.11900e+00      7.00000e+00   1070s
  1322     -4.10200e+00      1.11900e+00      7.00000e+00   1072s
  1323     -4.01700e+00      1.11900e+00      7.00000e+00   1073s
  1324     -3.87800e+00      1.11900e+00      7.00000e+00   1074s
  1326     -3.69600e+00      1.11900e+00      7.00000e+00   1076s
  1328     -4.38800e+00      1.11900e+00      7.00000e+00   1077s
  1330     -4.09900e+00      1.11900e+00      7.00000e+00   1079s
  1332     -3.94600e+00      1.11900e+00      7.00000e+00   1081s
  1334     -4.11000e+00      1.11900e+00      7.00000e+00   1082s
  1336     -3.71800e+00      1.11900e+00      7.00000e+00   1084s
  1338     -4.27400e+00      1.11900e+00      7.00000e+00   1086s
  1340     -4.35100e+00      1.11900e+00      7.00000e+00   1087s
  1342     -3.92000e+00      1.11900e+00      7.00000e+00   1089s
  1344     -4.23000e+00      1.11900e+00      7.00000e+00   1091s
  1346     -4.19800e+00      1.11900e+00      7.00000e+00   1092s
  1349     -3.77100e+00      1.11900e+00      7.00000e+00   1094s
  1352     -3.78100e+00      1.11900e+00      7.00000e+00   1095s
  1354     -3.92600e+00      1.11900e+00      7.00000e+00   1097s
  1356     -3.85300e+00      1.11900e+00      7.00000e+00   1099s
  1358     -4.03900e+00      1.11900e+00      7.00000e+00   1101s
  1360     -3.41000e+00      1.11900e+00      7.00000e+00   1103s
  1362     -4.00300e+00      1.11900e+00      7.00000e+00   1105s
  1364     -3.79000e+00      1.11900e+00      7.00000e+00   1106s
  1366     -4.24200e+00      1.11900e+00      7.00000e+00   1108s
  1368     -4.21100e+00      1.11900e+00      7.00000e+00   1109s
  1370     -4.26200e+00      1.11900e+00      7.00000e+00   1111s
  1372     -4.25900e+00      1.11900e+00      7.00000e+00   1113s
  1374     -4.25600e+00      1.11900e+00      7.00000e+00   1114s
  1376     -4.00800e+00      1.11900e+00      7.00000e+00   1116s
  1377     -3.83300e+00      1.11900e+00      7.00000e+00   1118s
  1378     -4.16800e+00      1.11900e+00      7.00000e+00   1119s
  1380     -4.10100e+00      1.11900e+00      7.00000e+00   1120s
  1381     -4.36400e+00      1.11900e+00      7.00000e+00   1121s
  1383     -4.23200e+00      1.11900e+00      7.00000e+00   1123s
  1385     -3.96800e+00      1.11900e+00      7.00000e+00   1124s
  1387     -3.71900e+00      1.11900e+00      7.00000e+00   1126s
  1389     -4.19600e+00      1.11900e+00      7.00000e+00   1127s
  1391     -3.81100e+00      1.11900e+00      7.00000e+00   1129s
  1393     -4.20300e+00      1.11900e+00      7.00000e+00   1130s
  1395     -4.05400e+00      1.11900e+00      7.00000e+00   1132s
  1396     -3.66200e+00      1.11900e+00      7.00000e+00   1133s
  1398     -4.15600e+00      1.11900e+00      7.00000e+00   1135s
  1401     -4.09300e+00      1.11900e+00      7.00000e+00   1136s
  1403     -4.17900e+00      1.11900e+00      7.00000e+00   1137s
  1405     -3.94900e+00      1.11900e+00      7.00000e+00   1138s
  1407     -4.16300e+00      1.11900e+00      7.00000e+00   1140s
  1409     -3.97800e+00      1.11900e+00      7.00000e+00   1142s
  1411     -3.98300e+00      1.11900e+00      7.00000e+00   1144s
  1413     -4.08000e+00      1.11900e+00      7.00000e+00   1145s
  1414     -4.24400e+00      1.11900e+00      7.00000e+00   1146s
  1415     -3.86200e+00      1.11900e+00      7.00000e+00   1148s
  1416     -4.26400e+00      1.11900e+00      7.00000e+00   1149s
  1417     -4.04700e+00      1.11900e+00      7.00000e+00   1150s
  1419     -3.99200e+00      1.11900e+00      7.00000e+00   1152s
  1421     -4.67000e+00      1.11900e+00      7.00000e+00   1154s
  1423     -3.56700e+00      1.11900e+00      7.00000e+00   1155s
  1425     -3.75100e+00      1.11900e+00      7.00000e+00   1157s
  1427     -3.87800e+00      1.11900e+00      7.00000e+00   1158s
  1429     -3.72100e+00      1.11900e+00      7.00000e+00   1160s
  1431     -3.53400e+00      1.11900e+00      7.00000e+00   1162s
  1433     -4.04100e+00      1.11900e+00      7.00000e+00   1164s
  1435     -3.56300e+00      1.11900e+00      7.00000e+00   1165s
  1436     -3.84500e+00      1.11900e+00      7.00000e+00   1167s
  1437     -4.21800e+00      1.11900e+00      7.00000e+00   1168s
  1439     -3.98000e+00      1.11900e+00      7.00000e+00   1170s
  1441     -3.91000e+00      1.11900e+00      7.00000e+00   1171s
  1443     -3.95700e+00      1.11900e+00      7.00000e+00   1172s
  1445     -4.18700e+00      1.11900e+00      7.00000e+00   1174s
  1447     -3.91000e+00      1.11900e+00      7.00000e+00   1176s
  1449     -4.02500e+00      1.11900e+00      7.00000e+00   1177s
  1451     -4.09300e+00      1.11900e+00      7.00000e+00   1178s
  1454     -4.15000e+00      1.11900e+00      7.00000e+00   1180s
  1456     -4.11300e+00      1.11900e+00      7.00000e+00   1181s
  1458     -4.06800e+00      1.11900e+00      7.00000e+00   1183s
  1459     -4.09700e+00      1.11900e+00      7.00000e+00   1184s
  1460     -4.00800e+00      1.11900e+00      7.00000e+00   1185s
  1461     -4.16300e+00      1.11900e+00      7.00000e+00   1186s
  1463     -4.17600e+00      1.11900e+00      7.00000e+00   1188s
  1465     -4.24400e+00      1.11900e+00      7.00000e+00   1189s
  1467     -4.32100e+00      1.11900e+00      7.00000e+00   1191s
  1469     -4.19000e+00      1.11900e+00      7.00000e+00   1193s
  1471     -3.90500e+00      1.11900e+00      7.00000e+00   1195s
  1473     -3.77200e+00      1.11900e+00      7.00000e+00   1196s
  1475     -3.87700e+00      1.11900e+00      7.00000e+00   1198s
  1477     -4.03100e+00      1.11900e+00      7.00000e+00   1199s
  1479     -3.94200e+00      1.11900e+00      7.00000e+00   1201s
  1481     -4.07000e+00      1.11900e+00      7.00000e+00   1203s
  1483     -4.25000e+00      1.11900e+00      7.00000e+00   1204s
  1485     -3.80300e+00      1.11900e+00      7.00000e+00   1206s
  1486     -4.08100e+00      1.11900e+00      7.00000e+00   1207s
  1488     -3.86900e+00      1.11900e+00      7.00000e+00   1209s
  1490     -4.29900e+00      1.11900e+00      7.00000e+00   1210s
  1492     -4.03500e+00      1.11900e+00      7.00000e+00   1212s
  1494     -3.57400e+00      1.11900e+00      7.00000e+00   1213s
  1496     -4.25200e+00      1.11900e+00      7.00000e+00   1215s
  1498     -3.66800e+00      1.11900e+00      7.00000e+00   1217s
  1500     -4.05600e+00      1.11900e+00      7.00000e+00   1218s
  1502     -4.00600e+00      1.11900e+00      7.00000e+00   1220s
  1504     -4.16000e+00      1.11900e+00      7.00000e+00   1221s
  1507     -4.38300e+00      1.11900e+00      7.00000e+00   1223s
  1509     -4.22300e+00      1.11900e+00      7.00000e+00   1224s
  1510     -4.31500e+00      1.11900e+00      7.00000e+00   1226s
  1511     -4.06300e+00      1.11900e+00      7.00000e+00   1227s
  1512     -3.88700e+00      1.11900e+00      7.00000e+00   1228s
  1514     -4.03000e+00      1.11900e+00      7.00000e+00   1230s
  1516     -4.39700e+00      1.11900e+00      7.00000e+00   1231s
  1518     -4.50700e+00      1.11900e+00      7.00000e+00   1233s
  1520     -4.43900e+00      1.11900e+00      7.00000e+00   1234s
  1522     -3.88400e+00      1.11900e+00      7.00000e+00   1236s
  1524     -3.84700e+00      1.11900e+00      7.00000e+00   1237s
  1526     -4.33500e+00      1.11900e+00      7.00000e+00   1239s
  1528     -4.29700e+00      1.11900e+00      7.00000e+00   1240s
  1530     -4.55800e+00      1.11900e+00      7.00000e+00   1242s
  1532     -4.09300e+00      1.11900e+00      7.00000e+00   1244s
  1534     -4.06100e+00      1.11900e+00      7.00000e+00   1245s
  1536     -3.89100e+00      1.11900e+00      7.00000e+00   1247s
  1538     -4.04800e+00      1.11900e+00      7.00000e+00   1248s
  1540     -4.49200e+00      1.11900e+00      7.00000e+00   1249s
  1542     -4.21000e+00      1.11900e+00      7.00000e+00   1251s
  1544     -3.85800e+00      1.11900e+00      7.00000e+00   1253s
  1546     -4.32300e+00      1.11900e+00      7.00000e+00   1254s
  1548     -3.68000e+00      1.11900e+00      7.00000e+00   1255s
  1550     -3.97500e+00      1.11900e+00      7.00000e+00   1258s
  1552     -3.78200e+00      1.11900e+00      7.00000e+00   1259s
  1554     -4.34200e+00      1.11900e+00      7.00000e+00   1261s
  1556     -4.10000e+00      1.11900e+00      7.00000e+00   1262s
  1559     -3.87400e+00      1.11900e+00      7.00000e+00   1264s
  1561     -3.68900e+00      1.11900e+00      7.00000e+00   1265s
  1563     -3.72600e+00      1.11900e+00      7.00000e+00   1267s
  1564     -4.42200e+00      1.11900e+00      7.00000e+00   1268s
  1565     -4.00600e+00      1.11900e+00      7.00000e+00   1270s
  1566     -4.24800e+00      1.11900e+00      7.00000e+00   1271s
  1567     -3.85300e+00      1.11900e+00      7.00000e+00   1272s
  1569     -3.97000e+00      1.11900e+00      7.00000e+00   1274s
  1571     -4.49400e+00      1.11900e+00      7.00000e+00   1275s
  1573     -3.87400e+00      1.11900e+00      7.00000e+00   1277s
  1575     -3.70200e+00      1.11900e+00      7.00000e+00   1279s
  1577     -3.93100e+00      1.11900e+00      7.00000e+00   1281s
  1579     -3.88800e+00      1.11900e+00      7.00000e+00   1283s
  1580     -4.50000e+00      1.11900e+00      7.00000e+00   1284s
  1582     -4.20900e+00      1.11900e+00      7.00000e+00   1286s
  1584     -4.16200e+00      1.11900e+00      7.00000e+00   1287s
  1586     -4.30400e+00      1.11900e+00      7.00000e+00   1289s
  1588     -4.04000e+00      1.11900e+00      7.00000e+00   1290s
  1590     -4.32700e+00      1.11900e+00      7.00000e+00   1292s
  1592     -4.50200e+00      1.11900e+00      7.00000e+00   1294s
  1594     -4.32400e+00      1.11900e+00      7.00000e+00   1295s
  1596     -3.73200e+00      1.11900e+00      7.00000e+00   1297s
  1598     -3.96900e+00      1.11900e+00      7.00000e+00   1298s
  1600     -3.83100e+00      1.11900e+00      7.00000e+00   1300s
  1602     -3.82200e+00      1.11900e+00      7.00000e+00   1302s
  1604     -3.34400e+00      1.11900e+00      7.00000e+00   1304s
  1606     -3.70800e+00      1.11900e+00      7.00000e+00   1305s
  1608     -3.68600e+00      1.11900e+00      7.00000e+00   1306s
  1611     -3.85300e+00      1.11900e+00      7.00000e+00   1307s
  1613     -3.98100e+00      1.11900e+00      7.00000e+00   1309s
  1614     -3.62200e+00      1.11900e+00      7.00000e+00   1310s
  1616     -3.77700e+00      1.11900e+00      7.00000e+00   1312s
  1618     -3.67200e+00      1.11900e+00      7.00000e+00   1313s
  1619     -3.37600e+00      1.11900e+00      7.00000e+00   1315s
  1620     -3.52100e+00      1.11900e+00      7.00000e+00   1316s
  1621     -3.65800e+00      1.11900e+00      7.00000e+00   1317s
  1623     -4.16400e+00      1.11900e+00      7.00000e+00   1318s
  1624     -3.68600e+00      1.11900e+00      7.00000e+00   1319s
  1625     -3.82600e+00      1.11900e+00      7.00000e+00   1321s
  1627     -3.60600e+00      1.11900e+00      7.00000e+00   1322s
  1629     -4.05500e+00      1.11900e+00      7.00000e+00   1324s
  1631     -3.95300e+00      1.11900e+00      7.00000e+00   1325s
  1633     -3.57100e+00      1.11900e+00      7.00000e+00   1327s
  1634     -3.80400e+00      1.11900e+00      7.00000e+00   1328s
  1636     -4.06100e+00      1.11900e+00      7.00000e+00   1329s
  1638     -4.53300e+00      1.11900e+00      7.00000e+00   1331s
  1640     -3.98400e+00      1.11900e+00      7.00000e+00   1333s
  1642     -3.92500e+00      1.11900e+00      7.00000e+00   1334s
  1644     -3.82700e+00      1.11900e+00      7.00000e+00   1336s
  1646     -4.00600e+00      1.11900e+00      7.00000e+00   1338s
  1648     -3.45800e+00      1.11900e+00      7.00000e+00   1339s
  1650     -4.12000e+00      1.11900e+00      7.00000e+00   1341s
  1652     -4.03400e+00      1.11900e+00      7.00000e+00   1343s
  1654     -3.13500e+00      1.11900e+00      7.00000e+00   1344s
  1656     -2.88600e+00      1.11900e+00      7.00000e+00   1346s
  1659     -3.36200e+00      1.11900e+00      7.00000e+00   1347s
  1662     -4.42000e+00      1.11900e+00      7.00000e+00   1349s
  1664     -3.82800e+00      1.11900e+00      7.00000e+00   1350s
  1666     -3.22900e+00      1.11900e+00      7.00000e+00   1351s
  1668     -3.05300e+00      1.11900e+00      7.00000e+00   1353s
  1670     -2.97100e+00      1.11900e+00      7.00000e+00   1355s
  1671     -3.31800e+00      1.11900e+00      7.00000e+00   1356s
  1672     -3.65000e+00      1.11900e+00      7.00000e+00   1357s
  1673     -3.64800e+00      1.11900e+00      7.00000e+00   1358s
  1675     -3.90400e+00      1.11900e+00      7.00000e+00   1360s
  1677     -3.62700e+00      1.11900e+00      7.00000e+00   1361s
  1679     -3.31200e+00      1.11900e+00      7.00000e+00   1363s
  1681     -2.71000e+00      1.11900e+00      7.00000e+00   1365s
  1683     -3.79000e+00      1.11900e+00      7.00000e+00   1366s
  1685     -3.54000e+00      1.11900e+00      7.00000e+00   1368s
  1687     -3.81300e+00      1.11900e+00      7.00000e+00   1369s
  1689     -3.43300e+00      1.11900e+00      7.00000e+00   1371s
  1691     -3.24700e+00      1.11900e+00      7.00000e+00   1373s
  1693     -2.66700e+00      1.11900e+00      7.00000e+00   1374s
  1694     -2.87200e+00      1.11900e+00      7.00000e+00   1375s
  1696     -3.52000e+00      1.11900e+00      7.00000e+00   1377s
  1698     -4.13300e+00      1.11900e+00      7.00000e+00   1379s
  1700     -3.89600e+00      1.11900e+00      7.00000e+00   1380s
  1701     -4.27500e+00      1.11900e+00      7.00000e+00   1381s
  1703     -3.67700e+00      1.11900e+00      7.00000e+00   1383s
  1705     -3.36500e+00      1.11900e+00      7.00000e+00   1384s
  1707     -3.09700e+00      1.11900e+00      7.00000e+00   1387s
  1709     -3.43300e+00      1.11900e+00      7.00000e+00   1388s
  1711     -4.14600e+00      1.11900e+00      7.00000e+00   1390s
  1713     -3.98600e+00      1.11900e+00      7.00000e+00   1392s
  1715     -3.29900e+00      1.11900e+00      7.00000e+00   1393s
  1718     -3.42400e+00      1.11900e+00      7.00000e+00   1394s
  1720     -3.40300e+00      1.11900e+00      7.00000e+00   1395s
  1721     -3.49100e+00      1.11900e+00      7.00000e+00   1397s
  1723     -4.10400e+00      1.11900e+00      7.00000e+00   1398s
  1725     -3.92100e+00      1.11900e+00      7.00000e+00   1400s
  1727     -3.98300e+00      1.11900e+00      7.00000e+00   1402s
  1729     -3.52800e+00      1.11900e+00      7.00000e+00   1403s
  1731     -3.07800e+00      1.11900e+00      7.00000e+00   1405s
  1732     -3.44500e+00      1.11900e+00      7.00000e+00   1406s
  1733     -3.39000e+00      1.11900e+00      7.00000e+00   1407s
  1735     -4.10600e+00      1.11900e+00      7.00000e+00   1409s
  1737     -3.68500e+00      1.11900e+00      7.00000e+00   1411s
  1739     -3.60500e+00      1.11900e+00      7.00000e+00   1412s
  1741     -3.25200e+00      1.11900e+00      7.00000e+00   1414s
  1743     -3.05900e+00      1.11900e+00      7.00000e+00   1415s
  1744     -3.15000e+00      1.11900e+00      7.00000e+00   1416s
  1746     -3.61800e+00      1.11900e+00      7.00000e+00   1418s
  1748     -4.00800e+00      1.11900e+00      7.00000e+00   1420s
  1750     -3.73800e+00      1.11900e+00      7.00000e+00   1421s
  1752     -3.92300e+00      1.11900e+00      7.00000e+00   1423s
  1754     -3.79400e+00      1.11900e+00      7.00000e+00   1425s
  1756     -3.78300e+00      1.11900e+00      7.00000e+00   1427s
  1757     -4.06800e+00      1.11900e+00      7.00000e+00   1428s
  1758     -4.10400e+00      1.11900e+00      7.00000e+00   1429s
  1760     -3.89100e+00      1.11900e+00      7.00000e+00   1430s
  1762     -4.09700e+00      1.11900e+00      7.00000e+00   1432s
  1764     -3.88600e+00      1.11900e+00      7.00000e+00   1434s
  1766     -4.24500e+00      1.11900e+00      7.00000e+00   1435s
  1768     -3.78500e+00      1.11900e+00      7.00000e+00   1436s
  1770     -3.76200e+00      1.11900e+00      7.00000e+00   1437s
  1772     -3.74400e+00      1.11900e+00      7.00000e+00   1439s
  1774     -4.01500e+00      1.11900e+00      7.00000e+00   1441s
  1776     -4.11500e+00      1.11900e+00      7.00000e+00   1442s
  1777     -4.06600e+00      1.11900e+00      7.00000e+00   1443s
  1779     -4.07200e+00      1.11900e+00      7.00000e+00   1445s
  1781     -3.73500e+00      1.11900e+00      7.00000e+00   1446s
  1783     -3.89000e+00      1.11900e+00      7.00000e+00   1448s
  1785     -4.12200e+00      1.11900e+00      7.00000e+00   1450s
  1787     -3.98200e+00      1.11900e+00      7.00000e+00   1451s
  1789     -3.70500e+00      1.11900e+00      7.00000e+00   1453s
  1791     -4.02100e+00      1.11900e+00      7.00000e+00   1454s
  1793     -3.96300e+00      1.11900e+00      7.00000e+00   1456s
  1795     -3.84100e+00      1.11900e+00      7.00000e+00   1458s
  1797     -4.03300e+00      1.11900e+00      7.00000e+00   1459s
  1799     -3.83600e+00      1.11900e+00      7.00000e+00   1461s
  1801     -4.11800e+00      1.11900e+00      7.00000e+00   1463s
  1802     -4.05100e+00      1.11900e+00      7.00000e+00   1464s
  1804     -4.07200e+00      1.11900e+00      7.00000e+00   1466s
  1806     -3.81800e+00      1.11900e+00      7.00000e+00   1468s
  1808     -4.33800e+00      1.11900e+00      7.00000e+00   1469s
  1810     -4.44200e+00      1.11900e+00      7.00000e+00   1471s
  1812     -4.18300e+00      1.11900e+00      7.00000e+00   1473s
  1814     -4.21200e+00      1.11900e+00      7.00000e+00   1475s
  1816     -4.08600e+00      1.11900e+00      7.00000e+00   1476s
  1818     -3.91800e+00      1.11900e+00      7.00000e+00   1477s
  1821     -4.23300e+00      1.11900e+00      7.00000e+00   1479s
  1822     -3.97200e+00      1.11900e+00      7.00000e+00   1480s
  1823     -3.84400e+00      1.11900e+00      7.00000e+00   1481s
  1825     -3.74200e+00      1.11900e+00      7.00000e+00   1483s
  1827     -4.22700e+00      1.11900e+00      7.00000e+00   1484s
  1829     -4.06800e+00      1.11900e+00      7.00000e+00   1486s
  1831     -3.99000e+00      1.11900e+00      7.00000e+00   1488s
  1832     -3.79300e+00      1.11900e+00      7.00000e+00   1489s
  1833     -4.32800e+00      1.11900e+00      7.00000e+00   1490s
  1835     -3.95200e+00      1.11900e+00      7.00000e+00   1492s
  1837     -4.04000e+00      1.11900e+00      7.00000e+00   1494s
  1839     -3.67800e+00      1.11900e+00      7.00000e+00   1496s
  1841     -4.26600e+00      1.11900e+00      7.00000e+00   1497s
  1843     -4.30600e+00      1.11900e+00      7.00000e+00   1499s
  1845     -3.88000e+00      1.11900e+00      7.00000e+00   1500s
  1847     -3.81900e+00      1.11900e+00      7.00000e+00   1502s
  1848     -3.96400e+00      1.11900e+00      7.00000e+00   1503s
  1849     -4.30100e+00      1.11900e+00      7.00000e+00   1504s
  1851     -4.32300e+00      1.11900e+00      7.00000e+00   1505s
  1853     -3.58000e+00      1.11900e+00      7.00000e+00   1507s
  1855     -4.06700e+00      1.11900e+00      7.00000e+00   1509s
  1857     -3.65400e+00      1.11900e+00      7.00000e+00   1510s
  1859     -3.95500e+00      1.11900e+00      7.00000e+00   1512s
  1861     -4.02100e+00      1.11900e+00      7.00000e+00   1514s
  1863     -4.32000e+00      1.11900e+00      7.00000e+00   1515s
  1865     -4.29200e+00      1.11900e+00      7.00000e+00   1517s
  1867     -3.76300e+00      1.11900e+00      7.00000e+00   1518s
  1869     -4.11400e+00      1.11900e+00      7.00000e+00   1520s
  1872     -3.75900e+00      1.11900e+00      7.00000e+00   1521s
  1874     -3.63000e+00      1.11900e+00      7.00000e+00   1523s
  1875     -3.66800e+00      1.11900e+00      7.00000e+00   1524s
  1877     -4.17200e+00      1.11900e+00      7.00000e+00   1526s
  1878     -4.10800e+00      1.11900e+00      7.00000e+00   1527s
  1879     -3.70500e+00      1.11900e+00      7.00000e+00   1528s
  1881     -4.07800e+00      1.11900e+00      7.00000e+00   1530s
  1883     -4.01900e+00      1.11900e+00      7.00000e+00   1532s
  1885     -4.10300e+00      1.11900e+00      7.00000e+00   1533s
  1887     -4.00800e+00      1.11900e+00      7.00000e+00   1535s
  1889     -4.09000e+00      1.11900e+00      7.00000e+00   1536s
  1891     -3.91400e+00      1.11900e+00      7.00000e+00   1538s
  1892     -4.17500e+00      1.11900e+00      7.00000e+00   1539s
  1893     -4.14200e+00      1.11900e+00      7.00000e+00   1540s
  1895     -4.28300e+00      1.11900e+00      7.00000e+00   1542s
  1897     -4.13400e+00      1.11900e+00      7.00000e+00   1543s
  1899     -3.45400e+00      1.11900e+00      7.00000e+00   1545s
  1900     -3.80300e+00      1.11900e+00      7.00000e+00   1547s
  1901     -3.97300e+00      1.11900e+00      7.00000e+00   1548s
  1903     -3.97200e+00      1.11900e+00      7.00000e+00   1550s
  1904     -4.01100e+00      1.11900e+00      7.00000e+00   1551s
  1905     -4.00300e+00      1.11900e+00      7.00000e+00   1552s
  1906     -4.28800e+00      1.11900e+00      7.00000e+00   1553s
  1908     -4.15600e+00      1.11900e+00      7.00000e+00   1555s
  1910     -4.15400e+00      1.11900e+00      7.00000e+00   1556s
  1912     -3.90400e+00      1.11900e+00      7.00000e+00   1559s
  1914     -3.79100e+00      1.11900e+00      7.00000e+00   1561s
  1916     -3.60500e+00      1.11900e+00      7.00000e+00   1562s
  1918     -4.28700e+00      1.11900e+00      7.00000e+00   1564s
  1919     -4.11100e+00      1.11900e+00      7.00000e+00   1565s
  1920     -4.07300e+00      1.11900e+00      7.00000e+00   1566s
  1922     -3.69800e+00      1.11900e+00      7.00000e+00   1568s
  1924     -3.86900e+00      1.11900e+00      7.00000e+00   1570s
  1926     -4.04700e+00      1.11900e+00      7.00000e+00   1571s
  1929     -4.19700e+00      1.11900e+00      7.00000e+00   1573s
  1931     -4.77200e+00      1.11900e+00      7.00000e+00   1575s
  1932     -4.41300e+00      1.11900e+00      7.00000e+00   1576s
  1933     -4.21900e+00      1.11900e+00      7.00000e+00   1577s
  1935     -3.91900e+00      1.11900e+00      7.00000e+00   1578s
  1937     -4.06400e+00      1.11900e+00      7.00000e+00   1581s
  1938     -4.17200e+00      1.11900e+00      7.00000e+00   1582s
  1939     -3.97100e+00      1.11900e+00      7.00000e+00   1583s
  1940     -3.88300e+00      1.11900e+00      7.00000e+00   1584s
  1942     -3.88400e+00      1.11900e+00      7.00000e+00   1585s
  1943     -4.00800e+00      1.11900e+00      7.00000e+00   1586s
  1945     -4.09900e+00      1.11900e+00      7.00000e+00   1588s
  1947     -4.31400e+00      1.11900e+00      7.00000e+00   1590s
  1949     -4.04100e+00      1.11900e+00      7.00000e+00   1591s
  1951     -4.02900e+00      1.11900e+00      7.00000e+00   1593s
  1953     -4.13200e+00      1.11900e+00      7.00000e+00   1594s
  1955     -3.88300e+00      1.11900e+00      7.00000e+00   1596s
  1956     -4.11400e+00      1.11900e+00      7.00000e+00   1597s
  1958     -3.93600e+00      1.11900e+00      7.00000e+00   1599s
  1960     -3.88200e+00      1.11900e+00      7.00000e+00   1601s
  1962     -3.91200e+00      1.11900e+00      7.00000e+00   1603s
  1964     -4.20600e+00      1.11900e+00      7.00000e+00   1604s
  1966     -4.37700e+00      1.11900e+00      7.00000e+00   1606s
  1968     -4.14900e+00      1.11900e+00      7.00000e+00   1607s
  1970     -4.12500e+00      1.11900e+00      7.00000e+00   1609s
  1972     -3.80500e+00      1.11900e+00      7.00000e+00   1610s
  1974     -4.27700e+00      1.11900e+00      7.00000e+00   1611s
  1977     -4.01500e+00      1.11900e+00      7.00000e+00   1613s
  1979     -4.15600e+00      1.11900e+00      7.00000e+00   1614s
  1981     -4.33900e+00      1.11900e+00      7.00000e+00   1616s
  1983     -3.68800e+00      1.11900e+00      7.00000e+00   1618s
  1985     -3.88200e+00      1.11900e+00      7.00000e+00   1619s
  1987     -3.56600e+00      1.11900e+00      7.00000e+00   1621s
  1988     -4.07300e+00      1.11900e+00      7.00000e+00   1622s
  1989     -3.98500e+00      1.11900e+00      7.00000e+00   1623s
  1991     -3.81800e+00      1.11900e+00      7.00000e+00   1625s
  1993     -4.08500e+00      1.11900e+00      7.00000e+00   1627s
  1995     -3.86500e+00      1.11900e+00      7.00000e+00   1628s
  1997     -4.11800e+00      1.11900e+00      7.00000e+00   1630s
  1999     -4.05300e+00      1.11900e+00      7.00000e+00   1632s
  2001     -3.64200e+00      1.11900e+00      7.00000e+00   1634s
  2003     -4.20800e+00      1.11900e+00      7.00000e+00   1635s
  2005     -4.28600e+00      1.11900e+00      7.00000e+00   1637s
  2007     -4.17400e+00      1.11900e+00      7.00000e+00   1639s
  2008     -4.17100e+00      1.11900e+00      7.00000e+00   1640s
  2010     -3.85600e+00      1.11900e+00      7.00000e+00   1642s
  2012     -3.58600e+00      1.11900e+00      7.00000e+00   1643s
  2014     -4.25900e+00      1.11900e+00      7.00000e+00   1645s
  2016     -4.17900e+00      1.11900e+00      7.00000e+00   1647s
  2018     -3.86000e+00      1.11900e+00      7.00000e+00   1648s
  2019     -4.05500e+00      1.11900e+00      7.00000e+00   1649s
  2021     -3.86500e+00      1.11900e+00      7.00000e+00   1651s
  2023     -3.93000e+00      1.11900e+00      7.00000e+00   1653s
  2024     -4.15500e+00      1.11900e+00      7.00000e+00   1654s
  2025     -4.11600e+00      1.11900e+00      7.00000e+00   1655s
  2026     -4.26600e+00      1.11900e+00      7.00000e+00   1656s
  2029     -4.17100e+00      1.11900e+00      7.00000e+00   1658s
  2031     -4.36100e+00      1.11900e+00      7.00000e+00   1659s
  2033     -3.88200e+00      1.11900e+00      7.00000e+00   1661s
  2034     -3.89100e+00      1.11900e+00      7.00000e+00   1662s
  2035     -3.98400e+00      1.11900e+00      7.00000e+00   1663s
  2036     -4.12400e+00      1.11900e+00      7.00000e+00   1664s
  2038     -3.69200e+00      1.11900e+00      7.00000e+00   1666s
  2039     -4.25300e+00      1.11900e+00      7.00000e+00   1667s
  2041     -4.18600e+00      1.11900e+00      7.00000e+00   1669s
  2043     -3.82300e+00      1.11900e+00      7.00000e+00   1670s
  2045     -3.64900e+00      1.11900e+00      7.00000e+00   1672s
  2046     -4.17800e+00      1.11900e+00      7.00000e+00   1673s
  2048     -4.04100e+00      1.11900e+00      7.00000e+00   1675s
  2050     -4.23600e+00      1.11900e+00      7.00000e+00   1677s
  2052     -3.67000e+00      1.11900e+00      7.00000e+00   1678s
  2054     -4.18600e+00      1.11900e+00      7.00000e+00   1680s
  2056     -4.47200e+00      1.11900e+00      7.00000e+00   1681s
  2058     -4.10500e+00      1.11900e+00      7.00000e+00   1683s
  2060     -4.06600e+00      1.11900e+00      7.00000e+00   1684s
  2062     -4.38700e+00      1.11900e+00      7.00000e+00   1686s
  2064     -3.91500e+00      1.11900e+00      7.00000e+00   1687s
  2065     -4.17100e+00      1.11900e+00      7.00000e+00   1688s
  2067     -4.36600e+00      1.11900e+00      7.00000e+00   1690s
  2069     -4.21900e+00      1.11900e+00      7.00000e+00   1691s
  2071     -4.29500e+00      1.11900e+00      7.00000e+00   1692s
  2073     -4.14100e+00      1.11900e+00      7.00000e+00   1694s
  2075     -4.13300e+00      1.11900e+00      7.00000e+00   1695s
  2077     -3.97200e+00      1.11900e+00      7.00000e+00   1697s
  2079     -4.24500e+00      1.11900e+00      7.00000e+00   1698s
  2081     -4.22000e+00      1.11900e+00      7.00000e+00   1700s
  2083     -4.53100e+00      1.11900e+00      7.00000e+00   1701s
  2085     -4.22700e+00      1.11900e+00      7.00000e+00   1702s
  2087     -3.70000e+00      1.11900e+00      7.00000e+00   1703s
  2088     -4.00200e+00      1.11900e+00      7.00000e+00   1704s
  2090     -3.96700e+00      1.11900e+00      7.00000e+00   1706s
  2092     -4.80200e+00      1.11900e+00      7.00000e+00   1708s
  2094     -4.76100e+00      1.11900e+00      7.00000e+00   1709s
  2096     -4.52200e+00      1.11900e+00      7.00000e+00   1711s
  2097     -4.16500e+00      1.11900e+00      7.00000e+00   1712s
  2099     -3.75200e+00      1.11900e+00      7.00000e+00   1714s
  2101     -4.08800e+00      1.11900e+00      7.00000e+00   1716s
  2103     -3.85100e+00      1.11900e+00      7.00000e+00   1717s
  2105     -4.41900e+00      1.11900e+00      7.00000e+00   1719s
  2107     -4.62800e+00      1.11900e+00      7.00000e+00   1721s
  2109     -4.22300e+00      1.11900e+00      7.00000e+00   1722s
  2111     -4.48700e+00      1.11900e+00      7.00000e+00   1724s
  2113     -4.01500e+00      1.11900e+00      7.00000e+00   1725s
  2115     -4.18700e+00      1.11900e+00      7.00000e+00   1727s
  2117     -4.85400e+00      1.11900e+00      7.00000e+00   1728s
  2119     -5.09900e+00      1.11900e+00      7.00000e+00   1730s
  2120     -4.98900e+00      1.11900e+00      7.00000e+00   1731s
  2122     -4.49200e+00      1.11900e+00      7.00000e+00   1733s
  2124     -3.85200e+00      1.11900e+00      7.00000e+00   1735s
  2126     -4.01100e+00      1.11900e+00      7.00000e+00   1736s
  2128     -3.93600e+00      1.11900e+00      7.00000e+00   1738s
  2130     -4.67300e+00      1.11900e+00      7.00000e+00   1739s
  2132     -4.54800e+00      1.11900e+00      7.00000e+00   1741s
  2134     -4.05600e+00      1.11900e+00      7.00000e+00   1742s
  2137     -4.08500e+00      1.11900e+00      7.00000e+00   1743s
  2139     -3.89800e+00      1.11900e+00      7.00000e+00   1744s
  2140     -4.16100e+00      1.11900e+00      7.00000e+00   1745s
  2141     -4.41000e+00      1.11900e+00      7.00000e+00   1746s
  2143     -5.14900e+00      1.11900e+00      7.00000e+00   1748s
  2145     -4.87800e+00      1.11900e+00      7.00000e+00   1750s
  2147     -4.57500e+00      1.11900e+00      7.00000e+00   1752s
  2149     -4.11400e+00      1.11900e+00      7.00000e+00   1754s
  2151     -3.62300e+00      1.11900e+00      7.00000e+00   1755s
  2153     -3.89300e+00      1.11900e+00      7.00000e+00   1757s
  2155     -4.43400e+00      1.11900e+00      7.00000e+00   1759s
  2157     -4.69700e+00      1.11900e+00      7.00000e+00   1760s
  2159     -5.04900e+00      1.11900e+00      7.00000e+00   1762s
  2161     -4.04500e+00      1.11900e+00      7.00000e+00   1763s
  2163     -3.85900e+00      1.11900e+00      7.00000e+00   1765s
  2164     -3.63900e+00      1.11900e+00      7.00000e+00   1766s
  2166     -4.45100e+00      1.11900e+00      7.00000e+00   1768s
  2168     -5.06000e+00      1.11900e+00      7.00000e+00   1769s
  2170     -5.21400e+00      1.11900e+00      7.00000e+00   1771s
  2172     -5.11700e+00      1.11900e+00      7.00000e+00   1772s
  2174     -4.44000e+00      1.11900e+00      7.00000e+00   1774s
  2175     -3.83200e+00      1.11900e+00      7.00000e+00   1775s
  2177     -3.51000e+00      1.11900e+00      7.00000e+00   1776s
  2179     -4.24000e+00      1.11900e+00      7.00000e+00   1778s
  2181     -5.06400e+00      1.11900e+00      7.00000e+00   1779s
  2183     -4.67800e+00      1.11900e+00      7.00000e+00   1781s
  2185     -4.16000e+00      1.11900e+00      7.00000e+00   1783s
  2187     -3.94600e+00      1.11900e+00      7.00000e+00   1784s
  2189     -4.30100e+00      1.11900e+00      7.00000e+00   1786s
  2192     -5.21600e+00      1.11900e+00      7.00000e+00   1787s
  2195     -5.21000e+00      1.11900e+00      7.00000e+00   1789s
  2197     -5.06700e+00      1.11900e+00      7.00000e+00   1790s
  2199     -3.97500e+00      1.11900e+00      7.00000e+00   1792s
  2200     -3.96800e+00      1.11900e+00      7.00000e+00   1793s
  2202     -4.16800e+00      1.11900e+00      7.00000e+00   1795s
  2204     -4.50100e+00      1.11900e+00      7.00000e+00   1797s
  2206     -5.70700e+00      1.11900e+00      7.00000e+00   1798s
  2208     -6.22100e+00      1.11900e+00      7.00000e+00   1800s
  2210     -5.06900e+00      1.11900e+00      7.00000e+00   1801s
  2212     -3.92800e+00      1.11900e+00      7.00000e+00   1803s
  2214     -3.80700e+00      1.11900e+00      7.00000e+00   1804s
  2216     -4.78200e+00      1.11900e+00      7.00000e+00   1806s
  2218     -5.04700e+00      1.11900e+00      7.00000e+00   1807s
  2220     -5.48700e+00      1.11900e+00      7.00000e+00   1809s
  2222     -4.88800e+00      1.11900e+00      7.00000e+00   1811s
  2224     -4.02000e+00      1.11900e+00      7.00000e+00   1812s
  2226     -3.61100e+00      1.11900e+00      7.00000e+00   1813s
  2228     -4.52400e+00      1.11900e+00      7.00000e+00   1815s
  2229     -5.01200e+00      1.11900e+00      7.00000e+00   1816s
  2231     -5.34800e+00      1.11900e+00      7.00000e+00   1818s
  2233     -5.43900e+00      1.11900e+00      7.00000e+00   1819s
  2235     -4.87500e+00      1.11900e+00      7.00000e+00   1821s
  2237     -3.85700e+00      1.11900e+00      7.00000e+00   1822s
  2239     -3.90600e+00      1.11900e+00      7.00000e+00   1824s
  2241     -4.26300e+00      1.11900e+00      7.00000e+00   1825s
  2243     -5.23900e+00      1.11900e+00      7.00000e+00   1827s
  2245     -5.10800e+00      1.11900e+00      7.00000e+00   1828s
  2248     -4.10600e+00      1.11900e+00      7.00000e+00   1830s
  2250     -4.20600e+00      1.11900e+00      7.00000e+00   1831s
  2252     -5.65700e+00      1.11900e+00      7.00000e+00   1832s
  2254     -7.29400e+00      1.11900e+00      7.00000e+00   1834s
  2256     -8.53800e+00      1.11900e+00      7.00000e+00   1835s
  2258     -7.27600e+00      1.11900e+00      7.00000e+00   1837s
  2260     -6.03900e+00      1.11900e+00      7.00000e+00   1839s
  2262     -4.07200e+00      1.11900e+00      7.00000e+00   1840s
  2264     -3.60600e+00      1.11900e+00      7.00000e+00   1841s
  2266     -3.38000e+00      1.11900e+00      7.00000e+00   1843s
  2268     -3.43000e+00      1.11900e+00      7.00000e+00   1844s
  2270     -3.09900e+00      1.11900e+00      7.00000e+00   1846s
  2272     -3.44700e+00      1.11900e+00      7.00000e+00   1848s
  2274     -3.38400e+00      1.11900e+00      7.00000e+00   1850s
  2276     -5.09600e+00      1.11900e+00      7.00000e+00   1851s
  2278     -6.88300e+00      1.11900e+00      7.00000e+00   1853s
  2280     -8.22800e+00      1.11900e+00      7.00000e+00   1855s
  2282     -8.25900e+00      1.11900e+00      7.00000e+00   1856s
  2284     -6.43200e+00      1.11900e+00      7.00000e+00   1858s
  2286     -4.32300e+00      1.11900e+00      7.00000e+00   1860s
  2288     -3.35700e+00      1.11900e+00      7.00000e+00   1862s
  2289     -3.39800e+00      1.11900e+00      7.00000e+00   1863s
  2290     -3.40000e+00      1.11900e+00      7.00000e+00   1864s
  2292     -3.46600e+00      1.11900e+00      7.00000e+00   1866s
  2294     -3.82400e+00      1.11900e+00      7.00000e+00   1867s
  2296     -2.91900e+00      1.11900e+00      7.00000e+00   1869s
  2298     -3.64700e+00      1.11900e+00      7.00000e+00   1870s
  2300     -4.13600e+00      1.11900e+00      7.00000e+00   1872s
  2302     -8.17300e+00      1.11900e+00      7.00000e+00   1873s
  2304     -1.12560e+01      1.11900e+00      7.00000e+00   1874s
  2307     -1.13350e+01      1.11900e+00      7.00000e+00   1876s
  2309     -8.61400e+00      1.11900e+00      7.00000e+00   1877s
  2311     -5.16300e+00      1.11900e+00      7.00000e+00   1879s
  2313     -3.64300e+00      1.11900e+00      7.00000e+00   1880s
  2315     -2.75100e+00      1.11900e+00      7.00000e+00   1882s
  2317     -2.70200e+00      1.11900e+00      7.00000e+00   1883s
  2319     -1.73900e+00      1.11900e+00      7.00000e+00   1885s
  2321     -8.60000e-01      1.11900e+00      7.00000e+00   1887s
  2323     -1.58100e+00      1.11900e+00      7.00000e+00   1888s
  2325     -5.03300e+00      1.11900e+00      7.00000e+00   1890s
  2327     -8.94100e+00      1.11900e+00      7.00000e+00   1891s
  2329     -1.22590e+01      1.11900e+00      7.00000e+00   1893s
  2331     -1.13330e+01      1.11900e+00      7.00000e+00   1895s
  2333     -8.80300e+00      1.11900e+00      7.00000e+00   1896s
  2335     -6.11000e+00      1.11900e+00      7.00000e+00   1897s
  2336     -4.49600e+00      1.11900e+00      7.00000e+00   1899s
  2338     -3.53300e+00      1.11900e+00      7.00000e+00   1900s
  2340     -3.02800e+00      1.11900e+00      7.00000e+00   1902s
  2342     -2.69800e+00      1.11900e+00      7.00000e+00   1904s
  2344     -1.44900e+00      1.11900e+00      7.00000e+00   1905s
  2346     -1.06500e+00      1.11900e+00      7.00000e+00   1907s
  2348     -2.20000e+00      1.11900e+00      7.00000e+00   1908s
  2350     -3.89300e+00      1.11900e+00      7.00000e+00   1910s
  2352     -9.80100e+00      1.11900e+00      7.00000e+00   1911s
  2354     -1.40630e+01      1.11900e+00      7.00000e+00   1912s
  2356     -1.40960e+01      1.11900e+00      7.00000e+00   1913s
  2358     -1.10260e+01      1.11900e+00      7.00000e+00   1914s
  2360     -6.69100e+00      1.11900e+00      7.00000e+00   1916s
  2362     -3.92400e+00      1.11900e+00      7.00000e+00   1917s
  2364     -3.76600e+00      1.11900e+00      7.00000e+00   1919s
  2367     -2.15300e+00      1.11900e+00      7.00000e+00   1920s
  2370      9.30000e-01      1.11900e+00      7.00000e+00   1922s
  2372      6.56000e-01      1.23100e+00      7.00000e+00   1923s
  2374     -2.72300e+00      1.23100e+00      7.00000e+00   1925s
  2375     -5.13400e+00      1.23100e+00      7.00000e+00   1926s
  2377     -1.09860e+01      1.23100e+00      7.00000e+00   1927s
  2379     -1.38290e+01      1.23100e+00      7.00000e+00   1929s
  2381     -1.28720e+01      1.23100e+00      7.00000e+00   1931s
  2383     -9.65400e+00      1.23100e+00      7.00000e+00   1932s
  2385     -5.81700e+00      1.23100e+00      7.00000e+00   1934s
  2387     -3.81400e+00      1.23100e+00      7.00000e+00   1935s
  2389     -3.01400e+00      1.23100e+00      7.00000e+00   1937s
  2391     -2.14400e+00      1.23100e+00      7.00000e+00   1939s
  2393     -4.92000e-01      1.23100e+00      7.00000e+00   1940s
  2395      1.11500e+00      1.23100e+00      7.00000e+00   1942s
  2397      2.20000e-01      1.23100e+00      7.00000e+00   1943s
  2398     -1.48100e+00      1.23100e+00      7.00000e+00   1944s
  2400     -4.22800e+00      1.23100e+00      7.00000e+00   1946s
  2402     -8.31900e+00      1.23100e+00      7.00000e+00   1948s
  2404     -1.10360e+01      1.23100e+00      7.00000e+00   1949s
  2406     -1.02000e+01      1.23100e+00      7.00000e+00   1950s
  2408     -7.69700e+00      1.23100e+00      7.00000e+00   1952s
  2410     -5.44900e+00      1.23100e+00      7.00000e+00   1954s
  2412     -3.97500e+00      1.23100e+00      7.00000e+00   1955s
  2414     -3.27600e+00      1.23100e+00      7.00000e+00   1956s
  2416     -2.56800e+00      1.23100e+00      7.00000e+00   1958s
  2418     -7.15000e-01      1.23100e+00      7.00000e+00   1959s
  2420      4.21000e-01      1.23100e+00      7.00000e+00   1961s
  2422      2.24000e-01      1.23100e+00      7.00000e+00   1962s
  2424     -3.02300e+00      1.23100e+00      7.00000e+00   1963s
  2426     -7.37900e+00      1.23100e+00      7.00000e+00   1965s
  2428     -1.03550e+01      1.23100e+00      7.00000e+00   1966s
  2430     -1.07160e+01      1.23100e+00      7.00000e+00   1967s
  2432     -8.71000e+00      1.23100e+00      7.00000e+00   1969s
  2433     -7.59300e+00      1.23100e+00      7.00000e+00   1970s
  2434     -5.82700e+00      1.23100e+00      7.00000e+00   1971s
  2435     -4.95300e+00      1.23100e+00      7.00000e+00   1973s
  2437     -3.49300e+00      1.23100e+00      7.00000e+00   1974s
  2439     -2.97800e+00      1.23100e+00      7.00000e+00   1976s
  2441     -1.91600e+00      1.23100e+00      7.00000e+00   1978s
  2443     -3.12000e-01      1.23100e+00      7.00000e+00   1979s
  2445      3.69000e-01      1.23100e+00      7.00000e+00   1981s
  2446      2.75000e-01      1.23100e+00      7.00000e+00   1983s
  2447     -6.89000e-01      1.23100e+00      7.00000e+00   1984s
  2449     -3.76800e+00      1.23100e+00      7.00000e+00   1985s
  2451     -3.86800e+00      1.23100e+00      7.00000e+00   1987s
  2453     -4.03000e+00      1.23100e+00      7.00000e+00   1989s
  2455     -3.74800e+00      1.23100e+00      7.00000e+00   1990s
  2457     -4.08900e+00      1.23100e+00      7.00000e+00   1992s
  2458     -3.88800e+00      1.23100e+00      7.00000e+00   1993s
  2460     -4.05500e+00      1.23100e+00      7.00000e+00   1995s
  2461     -3.47400e+00      1.23100e+00      7.00000e+00   1996s
  2463     -4.07200e+00      1.23100e+00      7.00000e+00   1998s
  2465     -4.47000e+00      1.23100e+00      7.00000e+00   1999s
  2467     -4.11000e+00      1.23100e+00      7.00000e+00   2001s
  2469     -4.16700e+00      1.23100e+00      7.00000e+00   2003s
  2471     -3.55700e+00      1.23100e+00      7.00000e+00   2005s
  2473     -4.24300e+00      1.23100e+00      7.00000e+00   2007s
  2474     -3.78300e+00      1.23100e+00      7.00000e+00   2008s
  2476     -4.22900e+00      1.23100e+00      7.00000e+00   2009s
  2479     -4.44000e+00      1.23100e+00      7.00000e+00   2011s
  2481     -4.00200e+00      1.23100e+00      7.00000e+00   2012s
  2482     -3.99700e+00      1.23100e+00      7.00000e+00   2013s
  2484     -3.96700e+00      1.23100e+00      7.00000e+00   2015s
  2485     -4.24700e+00      1.23100e+00      7.00000e+00   2016s
  2486     -4.13100e+00      1.23100e+00      7.00000e+00   2017s
  2487     -3.97800e+00      1.23100e+00      7.00000e+00   2019s
  2488     -4.05500e+00      1.23100e+00      7.00000e+00   2020s
  2490     -3.73800e+00      1.23100e+00      7.00000e+00   2022s
  2492     -3.99300e+00      1.23100e+00      7.00000e+00   2023s
  2494     -4.09300e+00      1.23100e+00      7.00000e+00   2025s
  2496     -3.87400e+00      1.23100e+00      7.00000e+00   2026s
  2498     -3.97600e+00      1.23100e+00      7.00000e+00   2028s

==================================================
Summary of results QAOA
--------------------------------------------------
Avg of QAOA obj (BQO obj):    2.82
Avg of QAOA obj (penalty):    -1.59
Avg of constraint violation:  0.33

Feasible percentage (%):      72.70
Avg of pure feasible obj:     2.80

Avg of QAOA obj:              1.23
STD of QAOA obj:              2.09

Avg of QAOA obj (feasible):   2.96
STD of QAOA obj (feasible):   0.55

Gamma angles:                 6.03
Beta angles:                  2.69

Best QAOA obj:                7.00
Modified best QAOA obj:       7.00
Best QAOA obj (feasible):     7.00

QAOA total time:              2028.74s
QAOA circuit depth:           26
==================================================

==================================================
Summary of results of 0-S6
--------------------------------------------------
Number of vertices:           6
Number of edges:              14

Vertex num in largest comp:   6
Edge num in largest comp:     14

Pre-processing running time:  0.00
Total solver time:            2027.86
Running time:                 2041.55

Upper bound:                  9.00
Objective value:              7.00

Partition 0:                  1, 4, 6             
Partition 1:                  2                   
Partition 2:                  3, 5                
==================================================
