==================================================
Instance parameters
--------------------------------------------------
Number of vertices:           6
Number of edges:              14
Number of partitions:         3

Density (%):                  93
Name of instance:             seed1_band_pen_5.0_noise0.0
Is planar:                    False
==================================================

==================================================
Solver parameters
--------------------------------------------------
Method:                       QUBO
Peel:                         False
Decompose:                    False
Fold:                         False

Penalty Multiplier:           5.0
Gates Error Probability:      0.0
QAOA Num Levels:              1
QAOA Scipy Optimizer:         brute
==================================================

  iter        avg-obj        best avg-obj       best-obj      time
     1     -2.77457e+01     -2.70243e+01      5.00000e+00      1s
     6     -2.70080e+01     -2.66717e+01      6.00000e+00      2s
    11     -2.65260e+01     -2.65260e+01      7.00000e+00      4s
    16     -2.62287e+01     -2.62287e+01      7.00000e+00      5s
    21     -2.74000e+01     -2.62287e+01      7.00000e+00      6s
    25     -2.65310e+01     -2.62287e+01      7.00000e+00      7s
    29     -2.65380e+01     -2.62287e+01      7.00000e+00      8s
    34     -2.63447e+01     -2.62287e+01      7.00000e+00      9s
    39     -2.70230e+01     -2.62287e+01      7.00000e+00     11s
    43     -2.82977e+01     -2.62287e+01      7.00000e+00     12s
    47     -2.77270e+01     -2.62287e+01      7.00000e+00     13s
    52     -1.07240e+01     -1.07240e+01      7.00000e+00     14s
    56     -2.66433e+01     -9.84367e+00      7.00000e+00     15s
    61     -3.14823e+01     -9.84367e+00      7.00000e+00     16s
    66     -4.20163e+01     -9.84367e+00      7.00000e+00     17s
    71     -6.68757e+01     -9.84367e+00      7.00000e+00     18s
    76     -1.42000e+01     -9.84367e+00      7.00000e+00     19s
    81     -2.98440e+01     -9.84367e+00      7.00000e+00     20s
    86     -2.88523e+01     -9.84367e+00      7.00000e+00     22s
    91     -4.71580e+01     -9.84367e+00      7.00000e+00     23s
    96     -6.29823e+01     -9.84367e+00      7.00000e+00     24s
   101     -2.35640e+01     -9.84367e+00      7.00000e+00     25s
   106     -3.20130e+01     -9.84367e+00      7.00000e+00     26s
   111     -3.01583e+01     -9.84367e+00      7.00000e+00     27s
   116     -3.14217e+01     -9.84367e+00      7.00000e+00     29s
   121     -3.93923e+01     -9.84367e+00      7.00000e+00     30s
   126     -2.48753e+01     -9.84367e+00      7.00000e+00     31s
   131     -3.22130e+01     -9.84367e+00      7.00000e+00     32s
   138     -2.61460e+01     -9.84367e+00      7.00000e+00     33s
   143     -4.11607e+01     -9.84367e+00      7.00000e+00     35s
   148     -3.10693e+01     -9.84367e+00      7.00000e+00     36s
   153     -3.07067e+01     -9.84367e+00      7.00000e+00     37s
   159     -3.97347e+01     -9.84367e+00      7.00000e+00     38s
   163     -2.56017e+01     -9.84367e+00      7.00000e+00     39s
   169     -3.89467e+01     -9.84367e+00      7.00000e+00     40s
   174     -2.94190e+01     -9.84367e+00      7.00000e+00     41s
   179     -3.60460e+01     -9.84367e+00      7.00000e+00     42s
   184     -3.72057e+01     -9.84367e+00      7.00000e+00     44s
   189     -2.56540e+01     -9.84367e+00      7.00000e+00     45s
   195     -3.87620e+01     -9.84367e+00      7.00000e+00     46s
   199     -2.80873e+01     -9.84367e+00      7.00000e+00     47s
   204     -1.68857e+01     -9.84367e+00      7.00000e+00     48s
   209     -4.04147e+01     -9.84367e+00      7.00000e+00     49s
   213     -2.43433e+01     -9.84367e+00      7.00000e+00     50s
   218     -4.53443e+01     -9.84367e+00      7.00000e+00     51s
   222     -5.03053e+01     -9.84367e+00      7.00000e+00     52s
   227     -1.27950e+01     -9.84367e+00      7.00000e+00     53s
   232     -3.74730e+01     -9.84367e+00      7.00000e+00     55s
   237     -2.53430e+01     -9.84367e+00      7.00000e+00     56s
   242     -4.14407e+01     -9.84367e+00      7.00000e+00     57s
   247     -4.60900e+01     -9.84367e+00      7.00000e+00     58s
   251     -3.23883e+01     -9.84367e+00      7.00000e+00     59s
   255     -4.22733e+01     -9.84367e+00      7.00000e+00     60s
   260     -2.84043e+01     -9.84367e+00      7.00000e+00     61s
   264     -2.74703e+01     -9.84367e+00      7.00000e+00     62s
   268     -2.44070e+01     -9.84367e+00      7.00000e+00     64s
   272     -2.03417e+01     -9.84367e+00      7.00000e+00     65s
   277     -3.74497e+01     -9.84367e+00      7.00000e+00     66s
   282     -3.67020e+01     -9.84367e+00      7.00000e+00     67s
   287     -2.63083e+01     -9.84367e+00      7.00000e+00     68s
   292     -2.59363e+01     -9.84367e+00      7.00000e+00     69s
   297     -2.09460e+01     -9.84367e+00      7.00000e+00     70s
   301     -3.42380e+01     -9.84367e+00      7.00000e+00     72s
   306     -4.90133e+01     -9.84367e+00      7.00000e+00     73s
   311     -2.74633e+01     -9.84367e+00      7.00000e+00     74s
   316     -3.52843e+01     -9.84367e+00      7.00000e+00     75s
   321     -2.11677e+01     -9.84367e+00      7.00000e+00     76s
   326     -3.60493e+01     -9.84367e+00      7.00000e+00     77s
   331     -4.72847e+01     -9.84367e+00      7.00000e+00     78s
   336     -2.65437e+01     -9.84367e+00      7.00000e+00     80s
   340     -3.47810e+01     -9.84367e+00      7.00000e+00     81s
   345     -2.31797e+01     -9.84367e+00      7.00000e+00     82s
   350     -2.71403e+01     -9.84367e+00      7.00000e+00     83s
   355     -3.12663e+01     -9.84367e+00      7.00000e+00     84s
   359     -2.81687e+01     -9.84367e+00      7.00000e+00     85s
   364     -2.87293e+01     -9.84367e+00      7.00000e+00     86s
   369     -2.82190e+01     -9.84367e+00      7.00000e+00     88s
   373     -2.59063e+01     -9.84367e+00      7.00000e+00     89s
   378     -3.11327e+01     -9.84367e+00      7.00000e+00     90s
   383     -2.92707e+01     -9.84367e+00      7.00000e+00     91s
   388     -2.81530e+01     -9.84367e+00      7.00000e+00     92s
   392     -3.02443e+01     -9.84367e+00      7.00000e+00     93s
   398     -2.71827e+01     -9.84367e+00      7.00000e+00     94s
   402     -3.46070e+01     -9.84367e+00      7.00000e+00     95s
   407     -3.36713e+01     -9.84367e+00      7.00000e+00     96s
   412     -2.67343e+01     -9.84367e+00      7.00000e+00     97s
   417     -3.03993e+01     -9.84367e+00      7.00000e+00     99s
   422     -2.29327e+01     -9.84367e+00      7.00000e+00    100s
   427     -3.57983e+01     -9.84367e+00      7.00000e+00    101s
   432     -3.23667e+01     -9.84367e+00      7.00000e+00    102s
   436     -2.63773e+01     -9.84367e+00      7.00000e+00    103s
   441     -3.14380e+01     -9.84367e+00      7.00000e+00    104s
   445     -2.33647e+01     -9.84367e+00      7.00000e+00    106s
   450     -2.70453e+01     -9.84367e+00      7.00000e+00    107s
   455     -3.42667e+01     -9.84367e+00      7.00000e+00    108s
   460     -2.45460e+01     -9.84367e+00      7.00000e+00    109s
   464     -3.10657e+01     -9.84367e+00      7.00000e+00    110s
   468     -2.76577e+01     -9.84367e+00      7.00000e+00    111s
   473     -2.32167e+01     -9.84367e+00      7.00000e+00    112s
   478     -3.58157e+01     -9.84367e+00      7.00000e+00    113s
   483     -2.53507e+01     -9.84367e+00      7.00000e+00    114s
   488     -2.94337e+01     -9.84367e+00      7.00000e+00    115s
   492     -2.82430e+01     -9.84367e+00      7.00000e+00    116s
   497     -2.16803e+01     -9.84367e+00      7.00000e+00    118s
   502     -2.31400e+01     -9.84367e+00      7.00000e+00    119s
   507     -2.26780e+01     -9.84367e+00      7.00000e+00    120s
   512     -2.76003e+01     -9.84367e+00      7.00000e+00    121s
   516     -3.31093e+01     -9.84367e+00      7.00000e+00    122s
   521     -3.57910e+01     -9.84367e+00      7.00000e+00    123s
   526     -2.35307e+01     -9.84367e+00      7.00000e+00    125s
   531     -2.23163e+01     -9.84367e+00      7.00000e+00    126s
   535     -2.55023e+01     -9.84367e+00      7.00000e+00    127s
   540     -3.24897e+01     -9.84367e+00      7.00000e+00    128s
   545     -3.63617e+01     -9.84367e+00      7.00000e+00    129s
   550     -2.69417e+01     -9.84367e+00      7.00000e+00    130s
   555     -2.20080e+01     -9.84367e+00      7.00000e+00    131s
   560     -2.70837e+01     -9.84367e+00      7.00000e+00    132s
   565     -2.98390e+01     -9.84367e+00      7.00000e+00    133s
   570     -3.59193e+01     -9.84367e+00      7.00000e+00    135s
   575     -2.62300e+01     -9.84367e+00      7.00000e+00    136s
   580     -2.14880e+01     -9.84367e+00      7.00000e+00    137s
   585     -2.71873e+01     -9.84367e+00      7.00000e+00    138s
   590     -3.12163e+01     -9.84367e+00      7.00000e+00    139s
   595     -3.55940e+01     -9.84367e+00      7.00000e+00    140s
   599     -2.78263e+01     -9.84367e+00      7.00000e+00    141s
   604     -2.87773e+01     -9.84367e+00      7.00000e+00    143s
   609     -2.66247e+01     -9.84367e+00      7.00000e+00    144s
   613     -2.83113e+01     -9.84367e+00      7.00000e+00    145s
   617     -2.75963e+01     -9.84367e+00      7.00000e+00    146s
   621     -2.58467e+01     -9.84367e+00      7.00000e+00    147s
   626     -2.74827e+01     -9.84367e+00      7.00000e+00    148s
   630     -2.76380e+01     -9.84367e+00      7.00000e+00    149s
   634     -2.68113e+01     -9.84367e+00      7.00000e+00    150s
   639     -2.81897e+01     -9.84367e+00      7.00000e+00    151s
   644     -2.82117e+01     -9.84367e+00      7.00000e+00    153s
   648     -2.65510e+01     -9.84367e+00      7.00000e+00    154s
   653     -2.48913e+01     -9.84367e+00      7.00000e+00    155s
   657     -2.80273e+01     -9.84367e+00      7.00000e+00    156s
   662     -2.76967e+01     -9.84367e+00      7.00000e+00    157s
   667     -2.68203e+01     -9.84367e+00      7.00000e+00    158s
   672     -2.96693e+01     -9.84367e+00      7.00000e+00    159s
   677     -2.54723e+01     -9.84367e+00      7.00000e+00    160s
   682     -2.82897e+01     -9.84367e+00      7.00000e+00    162s
   686     -2.78810e+01     -9.84367e+00      7.00000e+00    163s
   691     -2.74140e+01     -9.84367e+00      7.00000e+00    164s
   696     -2.97860e+01     -9.84367e+00      7.00000e+00    165s
   701     -2.59777e+01     -9.84367e+00      7.00000e+00    166s
   707     -2.73770e+01     -9.84367e+00      7.00000e+00    167s
   712     -2.76693e+01     -9.84367e+00      7.00000e+00    168s
   716     -2.56963e+01     -9.84367e+00      7.00000e+00    169s
   720     -2.70500e+01     -9.84367e+00      7.00000e+00    170s
   725     -2.65573e+01     -9.84367e+00      7.00000e+00    172s
   730     -2.69407e+01     -9.84367e+00      7.00000e+00    173s
   734     -2.80437e+01     -9.84367e+00      7.00000e+00    174s
   739     -2.52167e+01     -9.84367e+00      7.00000e+00    175s
   743     -2.74223e+01     -9.84367e+00      7.00000e+00    176s
   748     -2.85573e+01     -9.84367e+00      7.00000e+00    177s
   753     -2.80433e+01     -9.84367e+00      7.00000e+00    178s
   758     -2.81587e+01     -9.84367e+00      7.00000e+00    179s
   763     -2.77157e+01     -9.84367e+00      7.00000e+00    180s
   768     -2.54890e+01     -9.84367e+00      7.00000e+00    181s
   773     -2.63463e+01     -9.84367e+00      7.00000e+00    183s
   778     -2.77217e+01     -9.84367e+00      7.00000e+00    184s
   783     -2.74893e+01     -9.84367e+00      7.00000e+00    185s
   787     -2.68793e+01     -9.84367e+00      7.00000e+00    186s
   791     -2.63550e+01     -9.84367e+00      7.00000e+00    187s
   796     -2.68310e+01     -9.84367e+00      7.00000e+00    188s
   801     -2.78063e+01     -9.84367e+00      7.00000e+00    189s
   806     -2.91540e+01     -9.84367e+00      7.00000e+00    190s
   811     -2.71130e+01     -9.84367e+00      7.00000e+00    191s
   815     -2.70137e+01     -9.84367e+00      7.00000e+00    192s
   819     -2.64363e+01     -9.84367e+00      7.00000e+00    194s
   823     -2.67813e+01     -9.84367e+00      7.00000e+00    195s
   828     -2.69723e+01     -9.84367e+00      7.00000e+00    196s
   833     -2.82813e+01     -9.84367e+00      7.00000e+00    197s
   838     -2.71517e+01     -9.84367e+00      7.00000e+00    198s
   843     -2.65323e+01     -9.84367e+00      7.00000e+00    199s
   848     -2.74597e+01     -9.84367e+00      7.00000e+00    200s
   853     -2.74787e+01     -9.84367e+00      7.00000e+00    201s
   857     -2.78327e+01     -9.84367e+00      7.00000e+00    202s
   861     -2.76063e+01     -9.84367e+00      7.00000e+00    204s
   866     -2.73807e+01     -9.84367e+00      7.00000e+00    205s
   871     -2.73707e+01     -9.84367e+00      7.00000e+00    206s
   876     -2.78273e+01     -9.84367e+00      7.00000e+00    207s
   881     -2.79167e+01     -9.84367e+00      7.00000e+00    208s
   885     -2.70657e+01     -9.84367e+00      7.00000e+00    209s
   890     -2.75770e+01     -9.84367e+00      7.00000e+00    210s
   895     -2.67833e+01     -9.84367e+00      7.00000e+00    211s
   900     -2.74290e+01     -9.84367e+00      7.00000e+00    213s
   904     -2.85077e+01     -9.84367e+00      7.00000e+00    214s
   908     -2.72667e+01     -9.84367e+00      7.00000e+00    215s
   912     -2.63190e+01     -9.84367e+00      7.00000e+00    216s
   917     -2.70580e+01     -9.84367e+00      7.00000e+00    217s
   922     -2.62493e+01     -9.84367e+00      7.00000e+00    218s
   927     -2.69170e+01     -9.84367e+00      7.00000e+00    219s
   932     -2.66520e+01     -9.84367e+00      7.00000e+00    220s
   936     -2.80650e+01     -9.84367e+00      7.00000e+00    221s
   941     -2.71480e+01     -9.84367e+00      7.00000e+00    223s
   945     -2.71627e+01     -9.84367e+00      7.00000e+00    224s
   949     -2.75063e+01     -9.84367e+00      7.00000e+00    225s
   954     -2.62787e+01     -9.84367e+00      7.00000e+00    226s
   959     -2.80427e+01     -9.84367e+00      7.00000e+00    227s
   965     -2.75470e+01     -9.84367e+00      7.00000e+00    228s
   970     -2.80437e+01     -9.84367e+00      7.00000e+00    229s
   975     -2.78523e+01     -9.84367e+00      7.00000e+00    230s
   980     -2.74863e+01     -9.84367e+00      7.00000e+00    231s
   985     -2.62893e+01     -9.84367e+00      7.00000e+00    233s
   990     -2.87300e+01     -9.84367e+00      7.00000e+00    234s
   996     -2.80297e+01     -9.84367e+00      7.00000e+00    235s
  1000     -2.76660e+01     -9.84367e+00      7.00000e+00    236s
  1005     -2.81423e+01     -9.84367e+00      7.00000e+00    237s
  1011     -2.81637e+01     -9.84367e+00      7.00000e+00    238s
  1015     -2.82993e+01     -9.84367e+00      7.00000e+00    239s
  1019     -3.00297e+01     -9.84367e+00      7.00000e+00    240s
  1023     -2.67103e+01     -9.84367e+00      7.00000e+00    241s
  1027     -2.69957e+01     -9.84367e+00      7.00000e+00    242s
  1032     -2.86330e+01     -9.84367e+00      7.00000e+00    243s
  1037     -2.80487e+01     -9.84367e+00      7.00000e+00    245s
  1043     -2.76500e+01     -9.84367e+00      7.00000e+00    246s
  1049     -2.72640e+01     -9.84367e+00      7.00000e+00    247s
  1055     -2.83887e+01     -9.84367e+00      7.00000e+00    248s
  1060     -2.79130e+01     -9.84367e+00      7.00000e+00    249s
  1065     -2.81257e+01     -9.84367e+00      7.00000e+00    250s
  1069     -2.86337e+01     -9.84367e+00      7.00000e+00    251s
  1073     -2.77927e+01     -9.84367e+00      7.00000e+00    252s
  1078     -2.77573e+01     -9.84367e+00      7.00000e+00    253s
  1084     -2.78300e+01     -9.84367e+00      7.00000e+00    255s
  1089     -2.82360e+01     -9.84367e+00      7.00000e+00    256s
  1094     -2.87533e+01     -9.84367e+00      7.00000e+00    257s
  1099     -2.71483e+01     -9.84367e+00      7.00000e+00    258s
  1104     -2.78733e+01     -9.84367e+00      7.00000e+00    259s
  1109     -2.76623e+01     -9.84367e+00      7.00000e+00    260s
  1114     -2.70337e+01     -9.84367e+00      7.00000e+00    261s
  1119     -2.78560e+01     -9.84367e+00      7.00000e+00    262s
  1124     -2.69417e+01     -9.84367e+00      7.00000e+00    263s
  1129     -2.78333e+01     -9.84367e+00      7.00000e+00    264s
  1134     -2.78400e+01     -9.84367e+00      7.00000e+00    265s
  1139     -2.70430e+01     -9.84367e+00      7.00000e+00    267s
  1145     -2.74587e+01     -9.84367e+00      7.00000e+00    268s
  1150     -2.67997e+01     -9.84367e+00      7.00000e+00    269s
  1155     -2.78820e+01     -9.84367e+00      7.00000e+00    270s
  1160     -2.86203e+01     -9.84367e+00      7.00000e+00    272s
  1165     -2.70780e+01     -9.84367e+00      7.00000e+00    273s
  1170     -2.66000e+01     -9.84367e+00      7.00000e+00    274s
  1175     -2.74647e+01     -9.84367e+00      7.00000e+00    275s
  1180     -2.64893e+01     -9.84367e+00      7.00000e+00    276s
  1185     -2.71677e+01     -9.84367e+00      7.00000e+00    277s
  1189     -2.68023e+01     -9.84367e+00      7.00000e+00    278s
  1195     -2.89110e+01     -9.84367e+00      7.00000e+00    279s
  1200     -2.76757e+01     -9.84367e+00      7.00000e+00    280s
  1205     -2.80197e+01     -9.84367e+00      7.00000e+00    281s
  1211     -2.80173e+01     -9.84367e+00      7.00000e+00    283s
  1216     -2.84513e+01     -9.84367e+00      7.00000e+00    284s
  1222     -2.78870e+01     -9.84367e+00      7.00000e+00    285s
  1227     -2.74340e+01     -9.84367e+00      7.00000e+00    286s
  1233     -2.89300e+01     -9.84367e+00      7.00000e+00    287s
  1237     -2.72473e+01     -9.84367e+00      7.00000e+00    288s
  1242     -2.69597e+01     -9.84367e+00      7.00000e+00    289s
  1247     -2.73103e+01     -9.84367e+00      7.00000e+00    291s
  1251     -2.70993e+01     -9.84367e+00      7.00000e+00    292s
  1256     -2.78383e+01     -9.84367e+00      7.00000e+00    293s
  1261     -2.74240e+01     -9.84367e+00      7.00000e+00    294s
  1265     -2.74507e+01     -9.84367e+00      7.00000e+00    295s
  1271     -2.77297e+01     -9.84367e+00      7.00000e+00    296s
  1275     -2.68193e+01     -9.84367e+00      7.00000e+00    297s
  1280     -2.82947e+01     -9.84367e+00      7.00000e+00    298s
  1285     -2.75223e+01     -9.84367e+00      7.00000e+00    299s
  1290     -2.85610e+01     -9.84367e+00      7.00000e+00    300s
  1296     -2.86123e+01     -9.84367e+00      7.00000e+00    302s
  1301     -2.67677e+01     -9.84367e+00      7.00000e+00    303s
  1306     -2.73340e+01     -9.84367e+00      7.00000e+00    304s
  1311     -2.81490e+01     -9.84367e+00      7.00000e+00    305s
  1316     -2.79957e+01     -9.84367e+00      7.00000e+00    306s
  1321     -2.71433e+01     -9.84367e+00      7.00000e+00    307s
  1325     -2.73460e+01     -9.84367e+00      7.00000e+00    308s
  1330     -2.73367e+01     -9.84367e+00      7.00000e+00    309s
  1335     -2.64407e+01     -9.84367e+00      7.00000e+00    311s
  1340     -2.70437e+01     -9.84367e+00      7.00000e+00    312s
  1346     -2.68740e+01     -9.84367e+00      7.00000e+00    313s
  1351     -2.75693e+01     -9.84367e+00      7.00000e+00    314s
  1355     -2.84693e+01     -9.84367e+00      7.00000e+00    315s
  1361     -2.67347e+01     -9.84367e+00      7.00000e+00    316s
  1365     -2.77247e+01     -9.84367e+00      7.00000e+00    317s
  1370     -2.76227e+01     -9.84367e+00      7.00000e+00    318s
  1374     -2.72673e+01     -9.84367e+00      7.00000e+00    319s
  1379     -2.73340e+01     -9.84367e+00      7.00000e+00    321s
  1385     -2.68657e+01     -9.84367e+00      7.00000e+00    322s
  1389     -2.81300e+01     -9.84367e+00      7.00000e+00    323s
  1395     -2.72640e+01     -9.84367e+00      7.00000e+00    324s
  1400     -2.77683e+01     -9.84367e+00      7.00000e+00    325s
  1405     -2.68477e+01     -9.84367e+00      7.00000e+00    326s
  1409     -2.66143e+01     -9.84367e+00      7.00000e+00    327s
  1414     -2.78063e+01     -9.84367e+00      7.00000e+00    329s
  1419     -2.66227e+01     -9.84367e+00      7.00000e+00    330s
  1424     -2.69050e+01     -9.84367e+00      7.00000e+00    331s
  1428     -2.84900e+01     -9.84367e+00      7.00000e+00    332s
  1432     -2.61737e+01     -9.84367e+00      7.00000e+00    333s
  1436     -2.81937e+01     -9.84367e+00      7.00000e+00    334s
  1440     -2.77380e+01     -9.84367e+00      7.00000e+00    335s
  1444     -2.81773e+01     -9.84367e+00      7.00000e+00    336s
  1449     -2.69370e+01     -9.84367e+00      7.00000e+00    337s
  1454     -2.79107e+01     -9.84367e+00      7.00000e+00    339s
  1459     -2.79120e+01     -9.84367e+00      7.00000e+00    340s
  1463     -2.79793e+01     -9.84367e+00      7.00000e+00    341s
  1468     -2.82973e+01     -9.84367e+00      7.00000e+00    342s
  1473     -2.69400e+01     -9.84367e+00      7.00000e+00    343s
  1478     -2.72267e+01     -9.84367e+00      7.00000e+00    344s
  1483     -2.88123e+01     -9.84367e+00      7.00000e+00    345s
  1487     -2.68037e+01     -9.84367e+00      7.00000e+00    346s
  1492     -2.79817e+01     -9.84367e+00      7.00000e+00    347s
  1497     -2.80503e+01     -9.84367e+00      7.00000e+00    348s
  1502     -2.73820e+01     -9.84367e+00      7.00000e+00    350s
  1507     -2.86367e+01     -9.84367e+00      7.00000e+00    351s
  1512     -2.85810e+01     -9.84367e+00      7.00000e+00    352s
  1517     -2.81537e+01     -9.84367e+00      7.00000e+00    353s
  1522     -2.77813e+01     -9.84367e+00      7.00000e+00    354s
  1526     -2.77823e+01     -9.84367e+00      7.00000e+00    355s
  1531     -2.71457e+01     -9.84367e+00      7.00000e+00    356s
  1536     -2.79480e+01     -9.84367e+00      7.00000e+00    357s
  1542     -2.74633e+01     -9.84367e+00      7.00000e+00    358s
  1548     -2.83517e+01     -9.84367e+00      7.00000e+00    360s
  1553     -2.73860e+01     -9.84367e+00      7.00000e+00    361s
  1557     -2.80423e+01     -9.84367e+00      7.00000e+00    362s
  1561     -2.71107e+01     -9.84367e+00      7.00000e+00    363s
  1565     -2.80567e+01     -9.84367e+00      7.00000e+00    364s
  1570     -2.63920e+01     -9.84367e+00      7.00000e+00    365s
  1575     -2.68823e+01     -9.84367e+00      7.00000e+00    366s
  1580     -2.70400e+01     -9.84367e+00      7.00000e+00    367s
  1584     -2.72553e+01     -9.84367e+00      7.00000e+00    368s
  1589     -2.74647e+01     -9.84367e+00      7.00000e+00    370s
  1594     -2.71593e+01     -9.84367e+00      7.00000e+00    371s
  1599     -2.73667e+01     -9.84367e+00      7.00000e+00    372s
  1604     -2.78467e+01     -9.84367e+00      7.00000e+00    373s
  1610     -2.77127e+01     -9.84367e+00      7.00000e+00    374s
  1614     -2.75403e+01     -9.84367e+00      7.00000e+00    375s
  1618     -2.76323e+01     -9.84367e+00      7.00000e+00    376s
  1622     -2.68770e+01     -9.84367e+00      7.00000e+00    377s
  1627     -2.75453e+01     -9.84367e+00      7.00000e+00    378s
  1632     -2.66953e+01     -9.84367e+00      7.00000e+00    380s
  1636     -2.71320e+01     -9.84367e+00      7.00000e+00    381s
  1641     -2.68500e+01     -9.84367e+00      7.00000e+00    382s
  1645     -2.67640e+01     -9.84367e+00      7.00000e+00    383s
  1650     -2.79047e+01     -9.84367e+00      7.00000e+00    384s
  1655     -2.67933e+01     -9.84367e+00      7.00000e+00    385s
  1659     -2.73267e+01     -9.84367e+00      7.00000e+00    386s
  1664     -2.77913e+01     -9.84367e+00      7.00000e+00    388s
  1669     -2.88360e+01     -9.84367e+00      7.00000e+00    389s
  1673     -2.66670e+01     -9.84367e+00      7.00000e+00    390s
  1678     -2.65507e+01     -9.84367e+00      7.00000e+00    391s
  1683     -2.61600e+01     -9.84367e+00      7.00000e+00    392s
  1688     -2.77060e+01     -9.84367e+00      7.00000e+00    393s
  1693     -2.84940e+01     -9.84367e+00      7.00000e+00    395s
  1698     -2.73500e+01     -9.84367e+00      7.00000e+00    396s
  1703     -2.55460e+01     -9.84367e+00      7.00000e+00    397s
  1707     -2.58733e+01     -9.84367e+00      7.00000e+00    398s
  1711     -2.64297e+01     -9.84367e+00      7.00000e+00    399s
  1716     -2.91150e+01     -9.84367e+00      7.00000e+00    400s
  1721     -2.85827e+01     -9.84367e+00      7.00000e+00    401s
  1726     -2.60483e+01     -9.84367e+00      7.00000e+00    402s
  1731     -2.66500e+01     -9.84367e+00      7.00000e+00    404s
  1735     -2.72507e+01     -9.84367e+00      7.00000e+00    405s
  1739     -2.87173e+01     -9.84367e+00      7.00000e+00    406s
  1745     -2.84723e+01     -9.84367e+00      7.00000e+00    407s
  1750     -2.76060e+01     -9.84367e+00      7.00000e+00    408s
  1754     -2.76107e+01     -9.84367e+00      7.00000e+00    409s
  1759     -2.52080e+01     -9.84367e+00      7.00000e+00    410s
  1763     -2.69503e+01     -9.84367e+00      7.00000e+00    411s
  1768     -2.81127e+01     -9.84367e+00      7.00000e+00    413s
  1773     -2.68607e+01     -9.84367e+00      7.00000e+00    414s
  1777     -2.87560e+01     -9.84367e+00      7.00000e+00    415s
  1782     -2.59907e+01     -9.84367e+00      7.00000e+00    416s
  1786     -2.62213e+01     -9.84367e+00      7.00000e+00    417s
  1790     -2.86987e+01     -9.84367e+00      7.00000e+00    418s
  1795     -2.57407e+01     -9.84367e+00      7.00000e+00    419s
  1800     -2.77033e+01     -9.84367e+00      7.00000e+00    420s
  1805     -2.97567e+01     -9.84367e+00      7.00000e+00    421s
  1809     -2.62613e+01     -9.84367e+00      7.00000e+00    423s
  1813     -2.86117e+01     -9.84367e+00      7.00000e+00    424s
  1818     -2.77560e+01     -9.84367e+00      7.00000e+00    425s
  1822     -2.45090e+01     -9.84367e+00      7.00000e+00    426s
  1826     -2.90703e+01     -9.84367e+00      7.00000e+00    427s
  1831     -2.82273e+01     -9.84367e+00      7.00000e+00    428s
  1835     -2.58290e+01     -9.84367e+00      7.00000e+00    429s
  1840     -2.92383e+01     -9.84367e+00      7.00000e+00    430s
  1845     -2.44743e+01     -9.84367e+00      7.00000e+00    432s
  1850     -2.81487e+01     -9.84367e+00      7.00000e+00    433s
  1854     -2.83397e+01     -9.84367e+00      7.00000e+00    434s
  1858     -2.79297e+01     -9.84367e+00      7.00000e+00    435s
  1862     -2.66233e+01     -9.84367e+00      7.00000e+00    436s
  1867     -2.65587e+01     -9.84367e+00      7.00000e+00    437s
  1871     -2.79320e+01     -9.84367e+00      7.00000e+00    438s
  1876     -2.77200e+01     -9.84367e+00      7.00000e+00    439s
  1880     -2.76030e+01     -9.84367e+00      7.00000e+00    441s
  1884     -2.89113e+01     -9.84367e+00      7.00000e+00    442s
  1889     -2.61997e+01     -9.84367e+00      7.00000e+00    443s
  1894     -2.54310e+01     -9.84367e+00      7.00000e+00    444s
  1898     -2.79167e+01     -9.84367e+00      7.00000e+00    445s
  1903     -3.42390e+01     -9.84367e+00      7.00000e+00    446s
  1908     -3.20507e+01     -9.84367e+00      7.00000e+00    447s
  1913     -2.73250e+01     -9.84367e+00      7.00000e+00    448s
  1918     -2.34670e+01     -9.84367e+00      7.00000e+00    450s
  1922     -2.21560e+01     -9.84367e+00      7.00000e+00    451s
  1927     -3.38703e+01     -9.84367e+00      7.00000e+00    452s
  1931     -3.42920e+01     -9.84367e+00      7.00000e+00    453s
  1936     -2.79113e+01     -9.84367e+00      7.00000e+00    454s
  1941     -2.49310e+01     -9.84367e+00      7.00000e+00    455s
  1946     -2.17730e+01     -9.84367e+00      7.00000e+00    456s
  1951     -2.99167e+01     -9.84367e+00      7.00000e+00    457s
  1956     -3.38757e+01     -9.84367e+00      7.00000e+00    458s
  1961     -2.92730e+01     -9.84367e+00      7.00000e+00    460s
  1967     -2.32227e+01     -9.84367e+00      7.00000e+00    461s
  1972     -2.24640e+01     -9.84367e+00      7.00000e+00    462s
  1976     -2.93393e+01     -9.84367e+00      7.00000e+00    463s
  1981     -3.51040e+01     -9.84367e+00      7.00000e+00    464s
  1986     -2.85037e+01     -9.84367e+00      7.00000e+00    465s
  1991     -2.43163e+01     -9.84367e+00      7.00000e+00    467s
  1996     -2.32447e+01     -9.84367e+00      7.00000e+00    468s
  2001     -2.43083e+01     -9.84367e+00      7.00000e+00    469s
  2006     -2.61710e+01     -9.84367e+00      7.00000e+00    470s
  2011     -3.16277e+01     -9.84367e+00      7.00000e+00    471s
  2016     -2.36560e+01     -9.84367e+00      7.00000e+00    472s
  2021     -3.75927e+01     -9.84367e+00      7.00000e+00    473s
  2025     -2.53120e+01     -9.84367e+00      7.00000e+00    474s
  2030     -2.55390e+01     -9.84367e+00      7.00000e+00    475s
  2035     -3.20913e+01     -9.84367e+00      7.00000e+00    477s
  2040     -2.28093e+01     -9.84367e+00      7.00000e+00    478s
  2045     -3.71393e+01     -9.84367e+00      7.00000e+00    479s
  2050     -2.72007e+01     -9.84367e+00      7.00000e+00    480s
  2055     -2.93387e+01     -9.84367e+00      7.00000e+00    481s
  2060     -3.33223e+01     -9.84367e+00      7.00000e+00    482s
  2064     -2.47143e+01     -9.84367e+00      7.00000e+00    483s
  2069     -3.41680e+01     -9.84367e+00      7.00000e+00    485s
  2074     -2.82537e+01     -9.84367e+00      7.00000e+00    486s
  2079     -2.67260e+01     -9.84367e+00      7.00000e+00    487s
  2083     -3.46593e+01     -9.84367e+00      7.00000e+00    488s
  2088     -2.54303e+01     -9.84367e+00      7.00000e+00    489s
  2093     -3.36850e+01     -9.84367e+00      7.00000e+00    490s
  2097     -3.25980e+01     -9.84367e+00      7.00000e+00    491s
  2102     -2.75390e+01     -9.84367e+00      7.00000e+00    492s
  2106     -2.90707e+01     -9.84367e+00      7.00000e+00    493s
  2111     -2.74227e+01     -9.84367e+00      7.00000e+00    495s
  2116     -2.81443e+01     -9.84367e+00      7.00000e+00    496s
  2120     -2.88717e+01     -9.84367e+00      7.00000e+00    497s
  2125     -2.78030e+01     -9.84367e+00      7.00000e+00    498s
  2130     -2.87270e+01     -9.84367e+00      7.00000e+00    499s
  2135     -2.78110e+01     -9.84367e+00      7.00000e+00    500s
  2139     -2.70513e+01     -9.84367e+00      7.00000e+00    501s
  2143     -2.79420e+01     -9.84367e+00      7.00000e+00    502s
  2148     -2.73537e+01     -9.84367e+00      7.00000e+00    503s
  2153     -1.93633e+01     -9.84367e+00      7.00000e+00    504s
  2157     -2.75370e+01     -9.84367e+00      7.00000e+00    506s
  2161     -2.83597e+01     -9.84367e+00      7.00000e+00    507s
  2166     -4.16797e+01     -9.84367e+00      7.00000e+00    508s
  2171     -4.94917e+01     -9.84367e+00      7.00000e+00    509s
  2176     -2.09437e+01     -9.84367e+00      7.00000e+00    510s
  2182     -2.89173e+01     -9.84367e+00      7.00000e+00    511s
  2187     -2.73703e+01     -9.84367e+00      7.00000e+00    512s
  2191     -4.45233e+01     -9.84367e+00      7.00000e+00    513s
  2197     -4.11080e+01     -9.84367e+00      7.00000e+00    514s
  2202     -2.05253e+01     -9.84367e+00      7.00000e+00    516s
  2206     -1.97770e+01     -9.84367e+00      7.00000e+00    517s
  2211     -2.50123e+01     -9.84367e+00      7.00000e+00    518s
  2216     -4.12747e+01     -9.84367e+00      7.00000e+00    519s
  2222     -4.14623e+01     -9.84367e+00      7.00000e+00    520s
  2227     -1.86340e+01     -9.84367e+00      7.00000e+00    521s
  2232     -2.06657e+01     -9.84367e+00      7.00000e+00    522s
  2238     -3.09537e+01     -9.84367e+00      7.00000e+00    523s
  2244     -4.69903e+01     -9.84367e+00      7.00000e+00    524s
  2248     -3.24117e+01     -9.84367e+00      7.00000e+00    525s
  2253     -5.49940e+01     -9.84367e+00      7.00000e+00    526s
  2258     -3.37290e+01     -9.84367e+00      7.00000e+00    528s
  2262     -2.60710e+01     -9.84367e+00      7.00000e+00    529s
  2267     -3.92657e+01     -9.84367e+00      7.00000e+00    530s
  2272     -1.15833e+01     -9.84367e+00      7.00000e+00    531s
  2277     -5.28763e+01     -9.84367e+00      7.00000e+00    532s
  2282     -3.77963e+01     -9.84367e+00      7.00000e+00    533s
  2287     -2.79717e+01     -9.84367e+00      7.00000e+00    534s
  2292     -3.67907e+01     -9.84367e+00      7.00000e+00    536s
  2297     -1.27780e+01     -9.84367e+00      7.00000e+00    537s
  2302     -3.44293e+01     -9.84367e+00      7.00000e+00    538s
  2306     -4.38983e+01     -9.84367e+00      7.00000e+00    539s
  2310     -3.01410e+01     -9.84367e+00      7.00000e+00    540s
  2316     -3.38193e+01     -9.84367e+00      7.00000e+00    541s
  2321     -2.57670e+01     -9.84367e+00      7.00000e+00    542s
  2326     -3.28943e+01     -9.84367e+00      7.00000e+00    543s
  2330     -4.37740e+01     -9.84367e+00      7.00000e+00    544s
  2335     -2.85700e+01     -9.84367e+00      7.00000e+00    546s
  2340     -3.31930e+01     -9.84367e+00      7.00000e+00    547s
  2345     -2.70740e+01     -9.84367e+00      7.00000e+00    548s
  2351     -3.11550e+01     -9.84367e+00      7.00000e+00    549s
  2357     -4.10357e+01     -9.84367e+00      7.00000e+00    550s
  2362     -2.68527e+01     -9.84367e+00      7.00000e+00    551s
  2366     -2.80623e+01     -9.84367e+00      7.00000e+00    552s
  2371     -2.30127e+01     -9.84367e+00      7.00000e+00    553s
  2376     -3.30340e+01     -9.84367e+00      7.00000e+00    554s
  2382     -3.82957e+01     -9.84367e+00      7.00000e+00    556s
  2387     -2.68757e+01     -9.84367e+00      7.00000e+00    557s
  2392     -2.71740e+01     -9.84367e+00      7.00000e+00    558s
  2396     -2.18467e+01     -9.84367e+00      7.00000e+00    559s
  2401     -3.78383e+01     -9.84367e+00      7.00000e+00    560s
  2406     -6.28230e+01     -9.84367e+00      7.00000e+00    561s
  2411     -2.87033e+01     -9.84367e+00      7.00000e+00    562s
  2416     -3.91747e+01     -9.84367e+00      7.00000e+00    563s
  2422     -1.54723e+01     -9.84367e+00      7.00000e+00    564s
  2427     -5.51907e+01     -9.84367e+00      7.00000e+00    565s
  2432     -5.29390e+01     -9.84367e+00      7.00000e+00    566s
  2437     -2.78523e+01     -9.84367e+00      7.00000e+00    568s
  2443     -3.23760e+01     -9.84367e+00      7.00000e+00    569s
  2448     -1.87350e+01     -9.84367e+00      7.00000e+00    570s
  2453     -2.56457e+01     -9.84367e+00      7.00000e+00    571s
  2458     -2.90027e+01     -9.84367e+00      7.00000e+00    572s
  2462     -2.65380e+01     -9.84367e+00      7.00000e+00    573s
  2467     -3.08183e+01     -9.84367e+00      7.00000e+00    575s
  2472     -3.15943e+01     -9.84367e+00      7.00000e+00    576s
  2477     -2.57270e+01     -9.84367e+00      7.00000e+00    577s
  2483     -2.92247e+01     -9.84367e+00      7.00000e+00    578s
  2488     -2.69530e+01     -9.84367e+00      7.00000e+00    579s
  2492     -3.02580e+01     -9.84367e+00      7.00000e+00    580s
  2497     -2.97830e+01     -9.84367e+00      7.00000e+00    581s

==================================================
Summary of results QAOA
--------------------------------------------------
Avg of QAOA obj (BQO obj):    2.38
Avg of QAOA obj (penalty):    -12.23
Avg of constraint violation:  1.52

Feasible percentage (%):      26.10
Avg of pure feasible obj:     2.57

Avg of QAOA obj:              -9.84
STD of QAOA obj:              5.56

Avg of QAOA obj (feasible):   3.29
STD of QAOA obj (feasible):   0.57

Gamma angles:                 0.13
Beta angles:                  0.38

Best QAOA obj:                7.00
Modified best QAOA obj:       7.00
Best QAOA obj (feasible):     7.00

QAOA total time:              581.38s
QAOA circuit depth:           15
==================================================

==================================================
Summary of results of 0-S6
--------------------------------------------------
Number of vertices:           6
Number of edges:              14

Vertex num in largest comp:   6
Edge num in largest comp:     14

Pre-processing running time:  0.00
Total solver time:            581.01
Running time:                 585.41

Upper bound:                  9.00
Objective value:              7.00

Partition 0:                  1, 4, 6             
Partition 1:                  2                   
Partition 2:                  3, 5                
==================================================
