==================================================
Instance parameters
--------------------------------------------------
Number of vertices:           6
Number of edges:              14
Number of partitions:         3

Density (%):                  93
Name of instance:             seed1_band_pen2.5_noise0.01
Is planar:                    False
==================================================

==================================================
Solver parameters
--------------------------------------------------
Method:                       R-QUBO
Peel:                         False
Decompose:                    False
Fold:                         False

Penalty Multiplier:           2.5
Gates Error Probability:      0.01
QAOA Num Levels:              1
QAOA Scipy Optimizer:         brute
==================================================

  iter        avg-obj        best avg-obj       best-obj      time
     0     -1.35240e+01     -1.35240e+01      7.00000e+00      1s
     4     -1.23460e+01     -1.23460e+01      7.00000e+00      2s
     7     -1.29685e+01     -1.23460e+01      7.00000e+00      3s
    10     -1.27320e+01     -1.23460e+01      7.00000e+00      4s
    13     -1.29040e+01     -1.23460e+01      7.00000e+00      5s
    16     -1.32130e+01     -1.23460e+01      7.00000e+00      7s
    20     -1.22665e+01     -1.22665e+01      7.00000e+00      8s
    23     -1.33130e+01     -1.22665e+01      7.00000e+00      9s
    27     -1.28830e+01     -1.22665e+01      7.00000e+00     10s
    31     -1.34720e+01     -1.22665e+01      7.00000e+00     12s
    34     -1.31570e+01     -1.22665e+01      7.00000e+00     13s
    37     -1.38190e+01     -1.22665e+01      7.00000e+00     14s
    41     -1.30010e+01     -1.22665e+01      7.00000e+00     15s
    43     -1.25535e+01     -1.22665e+01      7.00000e+00     16s
    47     -1.29770e+01     -1.19780e+01      7.00000e+00     17s
    50     -1.27950e+01     -1.19780e+01      7.00000e+00     18s
    54      8.80000e-02      2.31500e-01      7.00000e+00     20s
    59     -1.13100e+01      2.31500e-01      7.00000e+00     21s
    61     -1.24285e+01      2.31500e-01      7.00000e+00     22s
    65     -2.09670e+01      2.31500e-01      7.00000e+00     24s
    68     -3.64450e+01      2.31500e-01      7.00000e+00     25s
    72     -3.32265e+01      2.31500e-01      7.00000e+00     26s
    74     -1.76115e+01      2.31500e-01      7.00000e+00     27s
    77     -8.47500e-01      2.31500e-01      7.00000e+00     29s
    82     -9.61850e+00      6.63000e-01      7.00000e+00     30s
    85     -1.23525e+01      6.63000e-01      7.00000e+00     31s
    89     -1.97795e+01      6.63000e-01      7.00000e+00     33s
    92     -3.42915e+01      6.63000e-01      7.00000e+00     34s
    95     -3.88030e+01      6.63000e-01      7.00000e+00     35s
    98     -2.04305e+01      6.63000e-01      7.00000e+00     36s
   101     -1.47625e+01      6.63000e-01      7.00000e+00     37s
   104     -1.96020e+01      6.63000e-01      7.00000e+00     39s
   107     -2.04610e+01      6.63000e-01      7.00000e+00     40s
   110     -1.39730e+01      6.63000e-01      7.00000e+00     41s
   113     -1.36295e+01      6.63000e-01      7.00000e+00     42s
   115     -1.87720e+01      6.63000e-01      7.00000e+00     43s
   119     -2.28270e+01      6.63000e-01      7.00000e+00     45s
   123     -1.35930e+01      6.63000e-01      7.00000e+00     46s
   125     -1.31725e+01      6.63000e-01      7.00000e+00     47s
   129     -2.10065e+01      6.63000e-01      7.00000e+00     49s
   133     -1.64455e+01      6.63000e-01      7.00000e+00     50s
   135     -1.31285e+01      6.63000e-01      7.00000e+00     51s
   138     -1.56650e+01      6.63000e-01      7.00000e+00     52s
   140     -2.12980e+01      6.63000e-01      7.00000e+00     53s
   144     -2.14585e+01      6.63000e-01      7.00000e+00     55s
   148     -1.26725e+01      6.63000e-01      7.00000e+00     56s
   150     -1.29150e+01      6.63000e-01      7.00000e+00     57s
   153     -2.48085e+01      6.63000e-01      7.00000e+00     58s
   156     -2.40170e+01      6.63000e-01      7.00000e+00     60s
   160     -1.40325e+01      6.63000e-01      7.00000e+00     61s
   163     -1.36395e+01      6.63000e-01      7.00000e+00     62s
   166     -1.57135e+01      6.63000e-01      7.00000e+00     63s
   170     -8.36900e+00      6.63000e-01      7.00000e+00     64s
   172     -6.68200e+00      6.63000e-01      7.00000e+00     65s
   176     -1.83485e+01      6.63000e-01      7.00000e+00     67s
   179     -2.69555e+01      6.63000e-01      7.00000e+00     68s
   182     -1.95395e+01      6.63000e-01      7.00000e+00     70s
   185     -1.26790e+01      6.63000e-01      7.00000e+00     71s
   188     -1.43545e+01      6.63000e-01      7.00000e+00     72s
   191     -1.47350e+01      6.63000e-01      7.00000e+00     73s
   195     -7.15050e+00      6.63000e-01      7.00000e+00     75s
   199     -1.29345e+01      6.63000e-01      7.00000e+00     76s
   201     -1.23385e+01      6.63000e-01      7.00000e+00     77s
   205     -1.27090e+01      6.63000e-01      7.00000e+00     79s
   208     -1.23060e+01      6.63000e-01      7.00000e+00     80s
   211     -1.29865e+01      6.63000e-01      7.00000e+00     82s
   214     -1.54285e+01      6.63000e-01      7.00000e+00     83s
   216     -1.89250e+01      6.63000e-01      7.00000e+00     84s
   220     -1.93335e+01      6.63000e-01      7.00000e+00     85s
   222     -1.54590e+01      6.63000e-01      7.00000e+00     86s
   225     -1.25290e+01      6.63000e-01      7.00000e+00     87s
   227     -1.24975e+01      6.63000e-01      7.00000e+00     88s
   231     -1.42535e+01      6.63000e-01      7.00000e+00     90s
   235     -1.26415e+01      6.63000e-01      7.00000e+00     91s
   237     -1.30785e+01      6.63000e-01      7.00000e+00     92s
   241     -1.88035e+01      6.63000e-01      7.00000e+00     93s
   244     -2.00500e+01      6.63000e-01      7.00000e+00     94s
   247     -1.62950e+01      6.63000e-01      7.00000e+00     96s
   251     -1.14190e+01      6.63000e-01      7.00000e+00     97s
   253     -1.14845e+01      6.63000e-01      7.00000e+00     98s
   257     -1.22675e+01      6.63000e-01      7.00000e+00    100s
   260     -1.26685e+01      6.63000e-01      7.00000e+00    101s
   262     -1.34940e+01      6.63000e-01      7.00000e+00    102s
   266     -1.86130e+01      6.63000e-01      7.00000e+00    103s
   268     -2.13700e+01      6.63000e-01      7.00000e+00    104s
   272     -1.85055e+01      6.63000e-01      7.00000e+00    106s
   274     -1.26070e+01      6.63000e-01      7.00000e+00    107s
   277     -1.09530e+01      6.63000e-01      7.00000e+00    108s
   279     -1.10360e+01      6.63000e-01      7.00000e+00    109s
   282     -1.32375e+01      6.63000e-01      7.00000e+00    110s
   286     -1.33220e+01      6.63000e-01      7.00000e+00    111s
   288     -1.47540e+01      6.63000e-01      7.00000e+00    112s
   291     -1.93850e+01      6.63000e-01      7.00000e+00    114s
   294     -2.07785e+01      6.63000e-01      7.00000e+00    115s
   297     -1.62250e+01      6.63000e-01      7.00000e+00    116s
   301     -1.31695e+01      6.63000e-01      7.00000e+00    118s
   304     -1.52870e+01      6.63000e-01      7.00000e+00    119s
   307     -1.49225e+01      6.63000e-01      7.00000e+00    120s
   310     -1.37330e+01      6.63000e-01      7.00000e+00    121s
   312     -1.29050e+01      6.63000e-01      7.00000e+00    122s
   315     -1.50475e+01      6.63000e-01      7.00000e+00    124s
   318     -1.67470e+01      6.63000e-01      7.00000e+00    125s
   321     -1.38065e+01      6.63000e-01      7.00000e+00    126s
   324     -1.23305e+01      6.63000e-01      7.00000e+00    127s
   327     -1.43035e+01      6.63000e-01      7.00000e+00    129s
   330     -1.61705e+01      6.63000e-01      7.00000e+00    130s
   334     -1.30790e+01      6.63000e-01      7.00000e+00    131s
   336     -1.32405e+01      6.63000e-01      7.00000e+00    132s
   340     -1.57495e+01      6.63000e-01      7.00000e+00    133s
   342     -1.72455e+01      6.63000e-01      7.00000e+00    134s
   346     -1.37085e+01      6.63000e-01      7.00000e+00    136s
   350     -1.23390e+01      6.63000e-01      7.00000e+00    137s
   352     -1.32635e+01      6.63000e-01      7.00000e+00    138s
   356     -1.49620e+01      6.63000e-01      7.00000e+00    140s
   359     -1.34365e+01      6.63000e-01      7.00000e+00    141s
   362     -1.32250e+01      6.63000e-01      7.00000e+00    142s
   365     -1.37690e+01      6.63000e-01      7.00000e+00    143s
   368     -1.56100e+01      6.63000e-01      7.00000e+00    145s
   372     -1.33985e+01      6.63000e-01      7.00000e+00    146s
   375     -1.24575e+01      6.63000e-01      7.00000e+00    147s
   378     -1.42020e+01      6.63000e-01      7.00000e+00    149s
   381     -1.44785e+01      6.63000e-01      7.00000e+00    150s
   384     -1.38775e+01      6.63000e-01      7.00000e+00    151s
   387     -1.34615e+01      6.63000e-01      7.00000e+00    152s
   391     -1.47640e+01      6.63000e-01      7.00000e+00    154s
   393     -1.52845e+01      6.63000e-01      7.00000e+00    155s
   396     -1.42650e+01      6.63000e-01      7.00000e+00    156s
   399     -1.34795e+01      6.63000e-01      7.00000e+00    157s
   402     -1.32810e+01      6.63000e-01      7.00000e+00    158s
   405     -1.34070e+01      6.63000e-01      7.00000e+00    160s
   407     -1.46485e+01      6.63000e-01      7.00000e+00    161s
   410     -1.40375e+01      6.63000e-01      7.00000e+00    162s
   413     -1.27090e+01      6.63000e-01      7.00000e+00    163s
   416     -1.38385e+01      6.63000e-01      7.00000e+00    165s
   419     -1.41245e+01      6.63000e-01      7.00000e+00    166s
   422     -1.33745e+01      6.63000e-01      7.00000e+00    167s
   425     -1.28685e+01      6.63000e-01      7.00000e+00    168s
   429     -1.32945e+01      6.63000e-01      7.00000e+00    170s
   432     -1.42765e+01      6.63000e-01      7.00000e+00    171s
   435     -1.34580e+01      6.63000e-01      7.00000e+00    172s
   438     -1.40645e+01      6.63000e-01      7.00000e+00    173s
   440     -1.35665e+01      6.63000e-01      7.00000e+00    174s
   444     -1.47760e+01      6.63000e-01      7.00000e+00    176s
   448     -1.34995e+01      6.63000e-01      7.00000e+00    177s
   451     -1.32980e+01      6.63000e-01      7.00000e+00    178s
   454     -1.34665e+01      6.63000e-01      7.00000e+00    179s
   457     -1.42815e+01      6.63000e-01      7.00000e+00    180s
   460     -1.27965e+01      6.63000e-01      7.00000e+00    182s
   464     -1.26470e+01      6.63000e-01      7.00000e+00    183s
   467     -1.39930e+01      6.63000e-01      7.00000e+00    185s
   470     -1.35505e+01      6.63000e-01      7.00000e+00    186s
   473     -1.31355e+01      6.63000e-01      7.00000e+00    187s
   475     -1.34885e+01      6.63000e-01      7.00000e+00    188s
   478     -1.37715e+01      6.63000e-01      7.00000e+00    189s
   481     -1.41290e+01      6.63000e-01      7.00000e+00    190s
   484     -1.30960e+01      6.63000e-01      7.00000e+00    191s
   487     -1.27215e+01      6.63000e-01      7.00000e+00    192s
   490     -1.36715e+01      6.63000e-01      7.00000e+00    193s
   494     -1.37425e+01      6.63000e-01      7.00000e+00    195s
   496     -1.34220e+01      6.63000e-01      7.00000e+00    196s
   499     -1.27900e+01      6.63000e-01      7.00000e+00    197s
   502     -1.33490e+01      6.63000e-01      7.00000e+00    198s
   506     -1.39070e+01      6.63000e-01      7.00000e+00    200s
   510     -1.31765e+01      6.63000e-01      7.00000e+00    202s
   514     -1.40955e+01      6.63000e-01      7.00000e+00    203s
   517     -1.35825e+01      6.63000e-01      7.00000e+00    204s
   520     -1.37485e+01      6.63000e-01      7.00000e+00    205s
   524     -1.28310e+01      6.63000e-01      7.00000e+00    206s
   526     -1.32270e+01      6.63000e-01      7.00000e+00    207s
   530     -1.41400e+01      6.63000e-01      7.00000e+00    209s
   533     -1.30485e+01      6.63000e-01      7.00000e+00    210s
   536     -1.32115e+01      6.63000e-01      7.00000e+00    211s
   538     -1.28110e+01      6.63000e-01      7.00000e+00    212s
   541     -1.32465e+01      6.63000e-01      7.00000e+00    214s
   544     -1.32245e+01      6.63000e-01      7.00000e+00    215s
   547     -1.25030e+01      6.63000e-01      7.00000e+00    216s
   551     -1.28590e+01      6.63000e-01      7.00000e+00    217s
   555     -1.34455e+01      6.63000e-01      7.00000e+00    219s
   557     -1.28570e+01      6.63000e-01      7.00000e+00    220s
   561     -1.31235e+01      6.63000e-01      7.00000e+00    222s
   565     -1.31250e+01      6.63000e-01      7.00000e+00    223s
   568     -1.27220e+01      6.63000e-01      7.00000e+00    224s
   571     -1.31075e+01      6.63000e-01      7.00000e+00    226s
   575     -1.31910e+01      6.63000e-01      7.00000e+00    227s
   578     -1.25845e+01      6.63000e-01      7.00000e+00    229s
   580     -1.38760e+01      6.63000e-01      7.00000e+00    230s
   584     -1.35515e+01      6.63000e-01      7.00000e+00    231s
   588     -1.31865e+01      6.63000e-01      7.00000e+00    233s
   591     -1.39405e+01      6.63000e-01      7.00000e+00    234s
   594     -1.20695e+01      6.63000e-01      7.00000e+00    235s
   598     -1.32265e+01      6.63000e-01      7.00000e+00    237s
   600     -1.31215e+01      6.63000e-01      7.00000e+00    238s
   603     -1.39710e+01      6.63000e-01      7.00000e+00    239s
   606     -1.20340e+01      6.63000e-01      7.00000e+00    240s
   609     -1.31620e+01      6.63000e-01      7.00000e+00    242s
   613     -1.27485e+01      6.63000e-01      7.00000e+00    243s
   616     -1.29165e+01      6.63000e-01      7.00000e+00    244s
   619     -1.29150e+01      6.63000e-01      7.00000e+00    246s
   623     -1.27245e+01      6.63000e-01      7.00000e+00    247s
   627     -1.30505e+01      6.63000e-01      7.00000e+00    248s
   629     -1.34870e+01      6.63000e-01      7.00000e+00    249s
   632     -1.28680e+01      6.63000e-01      7.00000e+00    250s
   635     -1.36690e+01      6.63000e-01      7.00000e+00    252s
   639     -1.27175e+01      6.63000e-01      7.00000e+00    253s
   643     -1.37235e+01      6.63000e-01      7.00000e+00    255s
   645     -1.31145e+01      6.63000e-01      7.00000e+00    256s
   649     -1.35115e+01      6.63000e-01      7.00000e+00    257s
   652     -1.30020e+01      6.63000e-01      7.00000e+00    259s
   654     -1.30715e+01      6.63000e-01      7.00000e+00    260s
   657     -1.36295e+01      6.63000e-01      7.00000e+00    261s
   660     -1.31785e+01      6.63000e-01      7.00000e+00    262s
   663     -1.33635e+01      6.63000e-01      7.00000e+00    263s
   666     -1.29355e+01      6.63000e-01      7.00000e+00    264s
   668     -1.39605e+01      6.63000e-01      7.00000e+00    265s
   672     -1.36220e+01      6.63000e-01      7.00000e+00    267s
   674     -1.33955e+01      6.63000e-01      7.00000e+00    268s
   677     -1.34540e+01      6.63000e-01      7.00000e+00    269s
   680     -1.40770e+01      6.63000e-01      7.00000e+00    270s
   684     -1.38345e+01      6.63000e-01      7.00000e+00    272s
   687     -1.23530e+01      6.63000e-01      7.00000e+00    273s
   690     -1.34055e+01      6.63000e-01      7.00000e+00    274s
   693     -1.42320e+01      6.63000e-01      7.00000e+00    275s
   697     -1.32555e+01      6.63000e-01      7.00000e+00    277s
   699     -1.43270e+01      6.63000e-01      7.00000e+00    278s
   702     -1.24515e+01      6.63000e-01      7.00000e+00    279s
   705     -1.08330e+01      6.63000e-01      7.00000e+00    280s
   708     -1.18435e+01      6.63000e-01      7.00000e+00    282s
   712     -1.28140e+01      6.63000e-01      7.00000e+00    283s
   714     -1.24560e+01      6.63000e-01      7.00000e+00    284s
   718     -1.07235e+01      6.63000e-01      7.00000e+00    286s
   721     -1.18160e+01      6.63000e-01      7.00000e+00    287s
   723     -1.27120e+01      6.63000e-01      7.00000e+00    288s
   727     -1.31400e+01      6.63000e-01      7.00000e+00    290s
   731     -1.09625e+01      6.63000e-01      7.00000e+00    291s
   733     -1.15425e+01      6.63000e-01      7.00000e+00    292s
   736     -1.28625e+01      6.63000e-01      7.00000e+00    294s
   738     -1.22640e+01      6.63000e-01      7.00000e+00    295s
   741     -1.19445e+01      6.63000e-01      7.00000e+00    296s
   744     -1.11275e+01      6.63000e-01      7.00000e+00    297s
   747     -1.23640e+01      6.63000e-01      7.00000e+00    298s
   751     -1.21810e+01      6.63000e-01      7.00000e+00    300s
   754     -1.14145e+01      6.63000e-01      7.00000e+00    301s
   758     -1.22410e+01      6.63000e-01      7.00000e+00    302s
   760     -1.20645e+01      6.63000e-01      7.00000e+00    304s
   763     -1.27215e+01      6.63000e-01      7.00000e+00    305s
   767     -1.16000e+01      6.63000e-01      7.00000e+00    306s
   769     -1.12060e+01      6.63000e-01      7.00000e+00    307s
   772     -1.22380e+01      6.63000e-01      7.00000e+00    309s
   775     -1.41215e+01      6.63000e-01      7.00000e+00    310s
   777     -1.18420e+01      6.63000e-01      7.00000e+00    311s
   781     -1.06120e+01      6.63000e-01      7.00000e+00    312s
   784     -1.23920e+01      6.63000e-01      7.00000e+00    313s
   787     -1.24695e+01      6.63000e-01      7.00000e+00    315s
   790     -1.16725e+01      6.63000e-01      7.00000e+00    316s
   793     -1.04700e+01      6.63000e-01      7.00000e+00    317s
   796     -1.17865e+01      6.63000e-01      7.00000e+00    318s
   798     -1.27550e+01      6.63000e-01      7.00000e+00    319s
   801     -1.38915e+01      6.63000e-01      7.00000e+00    321s
   805     -1.72685e+01      6.63000e-01      7.00000e+00    322s
   808     -1.51630e+01      6.63000e-01      7.00000e+00    324s
   811     -1.33815e+01      6.63000e-01      7.00000e+00    325s
   815     -1.38840e+01      6.63000e-01      7.00000e+00    326s
   817     -1.61225e+01      6.63000e-01      7.00000e+00    327s
   821     -1.45455e+01      6.63000e-01      7.00000e+00    329s
   824     -1.24205e+01      6.63000e-01      7.00000e+00    330s
   826     -1.34950e+01      6.63000e-01      7.00000e+00    331s
   830     -1.69000e+01      6.63000e-01      7.00000e+00    332s
   833     -1.57350e+01      6.63000e-01      7.00000e+00    333s
   836     -1.31110e+01      6.63000e-01      7.00000e+00    335s
   839     -1.35610e+01      6.63000e-01      7.00000e+00    336s
   842     -1.72205e+01      6.63000e-01      7.00000e+00    337s
   846     -1.46350e+01      6.63000e-01      7.00000e+00    338s
   848     -1.35575e+01      6.63000e-01      7.00000e+00    339s
   852     -1.32820e+01      6.63000e-01      7.00000e+00    341s
   856     -1.52670e+01      6.63000e-01      7.00000e+00    342s
   859     -1.42400e+01      6.63000e-01      7.00000e+00    343s
   862     -1.24590e+01      6.63000e-01      7.00000e+00    345s
   865     -1.43775e+01      6.63000e-01      7.00000e+00    346s
   867     -1.43085e+01      6.63000e-01      7.00000e+00    347s
   871     -1.45725e+01      6.63000e-01      7.00000e+00    349s
   875     -1.30235e+01      6.63000e-01      7.00000e+00    350s
   877     -1.31580e+01      6.63000e-01      7.00000e+00    351s
   881     -1.48645e+01      6.63000e-01      7.00000e+00    352s
   883     -1.44350e+01      6.63000e-01      7.00000e+00    353s
   887     -1.26455e+01      6.63000e-01      7.00000e+00    355s
   890     -1.42915e+01      6.63000e-01      7.00000e+00    356s
   893     -1.44885e+01      6.63000e-01      7.00000e+00    357s
   897     -1.39985e+01      6.63000e-01      7.00000e+00    359s
   901     -1.19975e+01      6.63000e-01      7.00000e+00    360s
   904     -1.21525e+01      6.63000e-01      7.00000e+00    361s
   908     -1.19320e+01      6.63000e-01      7.00000e+00    363s
   911     -1.32100e+01      6.63000e-01      7.00000e+00    364s
   914     -1.35105e+01      6.63000e-01      7.00000e+00    366s
   917     -1.14830e+01      6.63000e-01      7.00000e+00    367s
   919     -1.18005e+01      6.63000e-01      7.00000e+00    368s
   923     -1.31240e+01      6.63000e-01      7.00000e+00    369s
   926     -1.37135e+01      6.63000e-01      7.00000e+00    371s
   929     -1.14440e+01      6.63000e-01      7.00000e+00    372s
   933     -1.25910e+01      6.63000e-01      7.00000e+00    373s
   936     -1.32060e+01      6.63000e-01      7.00000e+00    374s
   939     -1.31070e+01      6.63000e-01      7.00000e+00    376s
   943     -1.14785e+01      6.63000e-01      7.00000e+00    377s
   947     -1.22600e+01      6.63000e-01      7.00000e+00    379s
   949     -1.38025e+01      6.63000e-01      7.00000e+00    380s
   952     -1.24740e+01      6.63000e-01      7.00000e+00    381s
   955     -1.25365e+01      6.63000e-01      7.00000e+00    382s
   958     -1.27350e+01      6.63000e-01      7.00000e+00    384s
   962     -1.31535e+01      6.63000e-01      7.00000e+00    385s
   966     -1.21035e+01      6.63000e-01      7.00000e+00    387s
   969     -1.25405e+01      6.63000e-01      7.00000e+00    388s
   972     -1.28615e+01      6.63000e-01      7.00000e+00    389s
   974     -1.33000e+01      6.63000e-01      7.00000e+00    390s
   977     -1.32680e+01      6.63000e-01      7.00000e+00    392s
   980     -1.25540e+01      6.63000e-01      7.00000e+00    393s
   983     -1.27080e+01      6.63000e-01      7.00000e+00    394s
   986     -1.27175e+01      6.63000e-01      7.00000e+00    395s
   989     -1.29445e+01      6.63000e-01      7.00000e+00    396s
   993     -1.22080e+01      6.63000e-01      7.00000e+00    398s
   996     -1.20100e+01      6.63000e-01      7.00000e+00    399s
   999     -1.33295e+01      6.63000e-01      7.00000e+00    400s
  1001     -1.25480e+01      6.63000e-01      7.00000e+00    401s
  1004     -1.35855e+01      6.63000e-01      7.00000e+00    402s
  1007     -1.37840e+01      6.63000e-01      7.00000e+00    403s
  1010     -1.29595e+01      6.63000e-01      7.00000e+00    405s
  1013     -1.38900e+01      6.63000e-01      7.00000e+00    406s
  1015     -1.23980e+01      6.63000e-01      7.00000e+00    407s
  1018     -1.44815e+01      6.63000e-01      7.00000e+00    408s
  1021     -1.26795e+01      6.63000e-01      7.00000e+00    409s
  1023     -1.35260e+01      6.63000e-01      7.00000e+00    410s
  1026     -1.30820e+01      6.63000e-01      7.00000e+00    411s
  1028     -1.29715e+01      6.63000e-01      7.00000e+00    412s
  1032     -1.26735e+01      6.63000e-01      7.00000e+00    414s
  1034     -1.34720e+01      6.63000e-01      7.00000e+00    415s
  1037     -1.26475e+01      6.63000e-01      7.00000e+00    416s
  1040     -1.34375e+01      6.63000e-01      7.00000e+00    417s
  1043     -1.32475e+01      6.63000e-01      7.00000e+00    419s
  1046     -1.25705e+01      6.63000e-01      7.00000e+00    420s
  1048     -1.32890e+01      6.63000e-01      7.00000e+00    421s
  1052     -1.24110e+01      6.63000e-01      7.00000e+00    423s
  1056     -1.31820e+01      6.63000e-01      7.00000e+00    424s
  1059     -1.29820e+01      6.63000e-01      7.00000e+00    425s
  1061     -1.38300e+01      6.63000e-01      7.00000e+00    426s
  1064     -1.31990e+01      6.63000e-01      7.00000e+00    427s
  1067     -1.33350e+01      6.63000e-01      7.00000e+00    429s
  1071     -1.32700e+01      6.63000e-01      7.00000e+00    430s
  1073     -1.32495e+01      6.63000e-01      7.00000e+00    431s
  1077     -1.30675e+01      6.63000e-01      7.00000e+00    433s
  1080     -1.36020e+01      6.63000e-01      7.00000e+00    434s
  1082     -1.31835e+01      6.63000e-01      7.00000e+00    435s
  1085     -1.26595e+01      6.63000e-01      7.00000e+00    436s
  1087     -1.26565e+01      6.63000e-01      7.00000e+00    437s
  1091     -1.20375e+01      6.63000e-01      7.00000e+00    439s
  1095     -1.25310e+01      6.63000e-01      7.00000e+00    440s
  1098     -1.27080e+01      6.63000e-01      7.00000e+00    442s
  1100     -1.32690e+01      6.63000e-01      7.00000e+00    443s
  1104     -1.29675e+01      6.63000e-01      7.00000e+00    444s
  1106     -1.24815e+01      6.63000e-01      7.00000e+00    445s
  1109     -1.26470e+01      6.63000e-01      7.00000e+00    446s
  1111     -1.35070e+01      6.63000e-01      7.00000e+00    447s
  1115     -1.28550e+01      6.63000e-01      7.00000e+00    448s
  1117     -1.31945e+01      6.63000e-01      7.00000e+00    450s
  1121     -1.30310e+01      6.63000e-01      7.00000e+00    451s
  1125     -1.33880e+01      6.63000e-01      7.00000e+00    452s
  1127     -1.25265e+01      6.63000e-01      7.00000e+00    454s
  1130     -1.29685e+01      6.63000e-01      7.00000e+00    455s
  1132     -1.20545e+01      6.63000e-01      7.00000e+00    456s
  1135     -1.30110e+01      6.63000e-01      7.00000e+00    457s
  1138     -1.29585e+01      6.63000e-01      7.00000e+00    458s
  1141     -1.33140e+01      6.63000e-01      7.00000e+00    459s
  1145     -1.23390e+01      6.63000e-01      7.00000e+00    461s
  1147     -1.27695e+01      6.63000e-01      7.00000e+00    462s
  1151     -1.25910e+01      6.63000e-01      7.00000e+00    463s
  1154     -1.31745e+01      6.63000e-01      7.00000e+00    465s
  1157     -1.26950e+01      6.63000e-01      7.00000e+00    466s
  1160     -1.30955e+01      6.63000e-01      7.00000e+00    467s
  1163     -1.27925e+01      6.63000e-01      7.00000e+00    468s
  1166     -1.30725e+01      6.63000e-01      7.00000e+00    469s
  1170     -1.36465e+01      6.63000e-01      7.00000e+00    471s
  1173     -1.29320e+01      6.63000e-01      7.00000e+00    472s
  1177     -1.32385e+01      6.63000e-01      7.00000e+00    473s
  1180     -1.34460e+01      6.63000e-01      7.00000e+00    474s
  1183     -1.25455e+01      6.63000e-01      7.00000e+00    476s
  1186     -1.28885e+01      6.63000e-01      7.00000e+00    477s
  1188     -1.30975e+01      6.63000e-01      7.00000e+00    478s
  1191     -1.32390e+01      6.63000e-01      7.00000e+00    480s
  1195     -1.32725e+01      6.63000e-01      7.00000e+00    481s
  1199     -1.27605e+01      6.63000e-01      7.00000e+00    483s
  1201     -1.21280e+01      6.63000e-01      7.00000e+00    484s
  1204     -1.32810e+01      6.63000e-01      7.00000e+00    485s
  1207     -1.32205e+01      6.63000e-01      7.00000e+00    486s
  1211     -1.32100e+01      6.63000e-01      7.00000e+00    488s
  1214     -1.27175e+01      6.63000e-01      7.00000e+00    489s
  1217     -1.30185e+01      6.63000e-01      7.00000e+00    490s
  1221     -1.37355e+01      6.63000e-01      7.00000e+00    492s
  1223     -1.27855e+01      6.63000e-01      7.00000e+00    493s
  1227     -1.32270e+01      6.63000e-01      7.00000e+00    494s
  1231     -1.35485e+01      6.63000e-01      7.00000e+00    496s
  1234     -1.32610e+01      6.63000e-01      7.00000e+00    497s
  1236     -1.41245e+01      6.63000e-01      7.00000e+00    498s
  1240     -1.28775e+01      6.63000e-01      7.00000e+00    500s
  1243     -1.36230e+01      6.63000e-01      7.00000e+00    501s
  1246     -1.26630e+01      6.63000e-01      7.00000e+00    502s
  1250     -1.34850e+01      6.63000e-01      7.00000e+00    503s
  1252     -1.25390e+01      6.63000e-01      7.00000e+00    505s
  1256     -1.30030e+01      6.63000e-01      7.00000e+00    506s
  1259     -1.32205e+01      6.63000e-01      7.00000e+00    507s
  1262     -1.32460e+01      6.63000e-01      7.00000e+00    509s
  1266     -1.29725e+01      6.63000e-01      7.00000e+00    510s
  1268     -1.22785e+01      6.63000e-01      7.00000e+00    511s
  1271     -1.33120e+01      6.63000e-01      7.00000e+00    512s
  1273     -1.24500e+01      6.63000e-01      7.00000e+00    513s
  1276     -1.29300e+01      6.63000e-01      7.00000e+00    514s
  1279     -1.38510e+01      6.63000e-01      7.00000e+00    516s
  1282     -1.24500e+01      6.63000e-01      7.00000e+00    517s
  1286     -1.32360e+01      6.63000e-01      7.00000e+00    518s
  1289     -1.30875e+01      6.63000e-01      7.00000e+00    520s
  1292     -1.24255e+01      6.63000e-01      7.00000e+00    521s
  1295     -1.34325e+01      6.63000e-01      7.00000e+00    522s
  1298     -1.29515e+01      6.63000e-01      7.00000e+00    524s
  1301     -1.28890e+01      6.63000e-01      7.00000e+00    525s
  1304     -1.28670e+01      6.63000e-01      7.00000e+00    526s
  1306     -1.33115e+01      6.63000e-01      7.00000e+00    527s
  1310     -1.28655e+01      6.63000e-01      7.00000e+00    528s
  1312     -1.38185e+01      6.63000e-01      7.00000e+00    529s
  1315     -1.36935e+01      6.63000e-01      7.00000e+00    530s
  1317     -1.32380e+01      6.63000e-01      7.00000e+00    531s
  1321     -1.26650e+01      6.63000e-01      7.00000e+00    533s
  1324     -1.34775e+01      6.63000e-01      7.00000e+00    534s
  1327     -1.28655e+01      6.63000e-01      7.00000e+00    536s
  1330     -1.31880e+01      6.63000e-01      7.00000e+00    537s
  1334     -1.23120e+01      6.63000e-01      7.00000e+00    539s
  1336     -1.33465e+01      6.63000e-01      7.00000e+00    540s
  1339     -1.31640e+01      6.63000e-01      7.00000e+00    541s
  1343     -1.26740e+01      6.63000e-01      7.00000e+00    542s
  1345     -1.31495e+01      6.63000e-01      7.00000e+00    543s
  1349     -1.32050e+01      6.63000e-01      7.00000e+00    545s
  1352     -1.25425e+01      6.63000e-01      7.00000e+00    546s
  1355     -1.35055e+01      6.63000e-01      7.00000e+00    547s
  1359     -1.30875e+01      6.63000e-01      7.00000e+00    549s
  1362     -1.32015e+01      6.63000e-01      7.00000e+00    550s
  1364     -1.30490e+01      6.63000e-01      7.00000e+00    551s
  1368     -1.36880e+01      6.63000e-01      7.00000e+00    552s
  1371     -1.30325e+01      6.63000e-01      7.00000e+00    553s
  1374     -1.34400e+01      6.63000e-01      7.00000e+00    555s
  1377     -1.28365e+01      6.63000e-01      7.00000e+00    556s
  1380     -1.21515e+01      6.63000e-01      7.00000e+00    557s
  1383     -1.32315e+01      6.63000e-01      7.00000e+00    558s
  1386     -1.27575e+01      6.63000e-01      7.00000e+00    559s
  1389     -1.34080e+01      6.63000e-01      7.00000e+00    561s
  1393     -1.26760e+01      6.63000e-01      7.00000e+00    563s
  1397     -1.31580e+01      6.63000e-01      7.00000e+00    564s
  1399     -1.27210e+01      6.63000e-01      7.00000e+00    565s
  1403     -1.25575e+01      6.63000e-01      7.00000e+00    566s
  1405     -1.29720e+01      6.63000e-01      7.00000e+00    567s
  1409     -1.23545e+01      6.63000e-01      7.00000e+00    569s
  1413     -1.30880e+01      6.63000e-01      7.00000e+00    570s
  1415     -1.29740e+01      6.63000e-01      7.00000e+00    572s
  1418     -1.25110e+01      6.63000e-01      7.00000e+00    573s
  1420     -1.32335e+01      6.63000e-01      7.00000e+00    574s
  1423     -1.31320e+01      6.63000e-01      7.00000e+00    575s
  1426     -1.25755e+01      6.63000e-01      7.00000e+00    576s
  1429     -1.30890e+01      6.63000e-01      7.00000e+00    578s
  1432     -1.31130e+01      6.63000e-01      7.00000e+00    579s
  1434     -1.25815e+01      6.63000e-01      7.00000e+00    580s
  1438     -1.27585e+01      6.63000e-01      7.00000e+00    581s
  1441     -1.30215e+01      6.63000e-01      7.00000e+00    582s
  1443     -1.29580e+01      6.63000e-01      7.00000e+00    584s
  1447     -1.26470e+01      6.63000e-01      7.00000e+00    585s
  1449     -1.34150e+01      6.63000e-01      7.00000e+00    586s
  1452     -1.26110e+01      6.63000e-01      7.00000e+00    587s
  1454     -1.25065e+01      6.63000e-01      7.00000e+00    588s
  1458     -1.20045e+01      6.63000e-01      7.00000e+00    590s
  1461     -1.30205e+01      6.63000e-01      7.00000e+00    591s
  1463     -1.37535e+01      6.63000e-01      7.00000e+00    592s
  1466     -1.21220e+01      6.63000e-01      7.00000e+00    593s
  1468     -1.24050e+01      6.63000e-01      7.00000e+00    594s
  1472     -1.31200e+01      6.63000e-01      7.00000e+00    596s
  1475     -1.35175e+01      6.63000e-01      7.00000e+00    597s
  1477     -1.27075e+01      6.63000e-01      7.00000e+00    598s
  1480     -1.20695e+01      6.63000e-01      7.00000e+00    599s
  1483     -1.28355e+01      6.63000e-01      7.00000e+00    600s
  1486     -1.35725e+01      6.63000e-01      7.00000e+00    602s
  1490     -1.27125e+01      6.63000e-01      7.00000e+00    603s
  1493     -1.23210e+01      6.63000e-01      7.00000e+00    604s
  1495     -1.26645e+01      6.63000e-01      7.00000e+00    605s
  1499     -1.28775e+01      6.63000e-01      7.00000e+00    607s
  1501     -1.30460e+01      6.63000e-01      7.00000e+00    608s
  1504     -1.29200e+01      6.63000e-01      7.00000e+00    609s
  1507     -1.25850e+01      6.63000e-01      7.00000e+00    610s
  1509     -1.27655e+01      6.63000e-01      7.00000e+00    611s
  1512     -1.30810e+01      6.63000e-01      7.00000e+00    612s
  1515     -1.28050e+01      6.63000e-01      7.00000e+00    614s
  1518     -1.33790e+01      6.63000e-01      7.00000e+00    615s
  1520     -1.32105e+01      6.63000e-01      7.00000e+00    616s
  1524     -1.32825e+01      6.63000e-01      7.00000e+00    617s
  1527     -1.23675e+01      6.63000e-01      7.00000e+00    618s
  1530     -1.30285e+01      6.63000e-01      7.00000e+00    620s
  1533     -1.28290e+01      6.63000e-01      7.00000e+00    621s
  1536     -1.34045e+01      6.63000e-01      7.00000e+00    622s
  1539     -1.29510e+01      6.63000e-01      7.00000e+00    624s
  1543     -1.26170e+01      6.63000e-01      7.00000e+00    625s
  1545     -1.28320e+01      6.63000e-01      7.00000e+00    626s
  1549     -1.26155e+01      6.63000e-01      7.00000e+00    627s
  1552     -1.38330e+01      6.63000e-01      7.00000e+00    629s
  1554     -1.41430e+01      6.63000e-01      7.00000e+00    630s
  1557     -1.50315e+01      6.63000e-01      7.00000e+00    631s
  1560     -1.33110e+01      6.63000e-01      7.00000e+00    632s
  1564     -1.35030e+01      6.63000e-01      7.00000e+00    634s
  1568     -1.66475e+01      6.63000e-01      7.00000e+00    635s
  1570     -1.48985e+01      6.63000e-01      7.00000e+00    636s
  1573     -1.34065e+01      6.63000e-01      7.00000e+00    637s
  1576     -1.31350e+01      6.63000e-01      7.00000e+00    639s
  1579     -1.49685e+01      6.63000e-01      7.00000e+00    640s
  1583     -1.46960e+01      6.63000e-01      7.00000e+00    641s
  1586     -1.32165e+01      6.63000e-01      7.00000e+00    643s
  1588     -1.33545e+01      6.63000e-01      7.00000e+00    644s
  1592     -1.51990e+01      6.63000e-01      7.00000e+00    645s
  1594     -1.49555e+01      6.63000e-01      7.00000e+00    646s
  1597     -1.29145e+01      6.63000e-01      7.00000e+00    647s
  1601     -1.32855e+01      6.63000e-01      7.00000e+00    649s
  1603     -1.31110e+01      6.63000e-01      7.00000e+00    650s
  1607     -1.35035e+01      6.63000e-01      7.00000e+00    651s
  1610     -1.31965e+01      6.63000e-01      7.00000e+00    652s
  1613     -1.26615e+01      6.63000e-01      7.00000e+00    653s
  1616     -1.27850e+01      6.63000e-01      7.00000e+00    655s
  1619     -1.37335e+01      6.63000e-01      7.00000e+00    656s
  1622     -1.33955e+01      6.63000e-01      7.00000e+00    657s
  1625     -1.32210e+01      6.63000e-01      7.00000e+00    658s
  1628     -1.29360e+01      6.63000e-01      7.00000e+00    659s
  1631     -1.39340e+01      6.63000e-01      7.00000e+00    661s
  1634     -1.31855e+01      6.63000e-01      7.00000e+00    662s
  1637     -1.30540e+01      6.63000e-01      7.00000e+00    663s
  1639     -1.29080e+01      6.63000e-01      7.00000e+00    664s
  1643     -1.37285e+01      6.63000e-01      7.00000e+00    666s
  1646     -1.33880e+01      6.63000e-01      7.00000e+00    667s
  1649     -1.34870e+01      6.63000e-01      7.00000e+00    668s
  1651     -1.29580e+01      6.63000e-01      7.00000e+00    669s
  1655     -1.09660e+01      6.63000e-01      7.00000e+00    670s
  1658     -1.04290e+01      6.63000e-01      7.00000e+00    671s
  1660     -1.22285e+01      6.63000e-01      7.00000e+00    672s
  1663     -1.26315e+01      6.63000e-01      7.00000e+00    674s
  1665     -1.19185e+01      6.63000e-01      7.00000e+00    675s
  1669     -9.69800e+00      6.63000e-01      7.00000e+00    676s
  1672     -1.17905e+01      6.63000e-01      7.00000e+00    677s
  1675     -1.29835e+01      6.63000e-01      7.00000e+00    679s
  1679     -1.02925e+01      6.63000e-01      7.00000e+00    680s
  1682     -9.78450e+00      6.63000e-01      7.00000e+00    681s
  1685     -1.18960e+01      6.63000e-01      7.00000e+00    683s
  1689     -1.15800e+01      6.63000e-01      7.00000e+00    684s
  1692     -1.01830e+01      6.63000e-01      7.00000e+00    685s
  1695     -1.06115e+01      6.63000e-01      7.00000e+00    687s
  1699     -1.34045e+01      6.63000e-01      7.00000e+00    688s
  1701     -1.24375e+01      6.63000e-01      7.00000e+00    689s
  1704     -1.35725e+01      6.63000e-01      7.00000e+00    691s
  1707     -1.36145e+01      6.63000e-01      7.00000e+00    692s
  1710     -1.35295e+01      6.63000e-01      7.00000e+00    693s
  1714     -1.25565e+01      6.63000e-01      7.00000e+00    695s
  1717     -1.34985e+01      6.63000e-01      7.00000e+00    696s
  1720     -1.41180e+01      6.63000e-01      7.00000e+00    697s
  1724     -1.25635e+01      6.63000e-01      7.00000e+00    698s
  1726     -1.33500e+01      6.63000e-01      7.00000e+00    700s
  1729     -1.33510e+01      6.63000e-01      7.00000e+00    701s
  1732     -1.30330e+01      6.63000e-01      7.00000e+00    702s
  1735     -1.38355e+01      6.63000e-01      7.00000e+00    703s
  1738     -1.33275e+01      6.63000e-01      7.00000e+00    704s
  1741     -1.32815e+01      6.63000e-01      7.00000e+00    706s
  1745     -1.31740e+01      6.63000e-01      7.00000e+00    707s
  1749     -1.30275e+01      6.63000e-01      7.00000e+00    708s
  1751     -1.28920e+01      6.63000e-01      7.00000e+00    709s
  1755     -1.37465e+01      6.63000e-01      7.00000e+00    711s
  1759     -1.36085e+01      6.63000e-01      7.00000e+00    713s
  1762     -1.24985e+01      6.63000e-01      7.00000e+00    714s
  1765     -1.38290e+01      6.63000e-01      7.00000e+00    715s
  1769     -1.38030e+01      6.63000e-01      7.00000e+00    717s
  1772     -1.39695e+01      6.63000e-01      7.00000e+00    718s
  1775     -1.26810e+01      6.63000e-01      7.00000e+00    719s
  1779     -1.40380e+01      6.63000e-01      7.00000e+00    721s
  1782     -1.40470e+01      6.63000e-01      7.00000e+00    722s
  1785     -1.34775e+01      6.63000e-01      7.00000e+00    723s
  1788     -1.38915e+01      6.63000e-01      7.00000e+00    724s
  1791     -1.37855e+01      6.63000e-01      7.00000e+00    726s
  1795     -1.40390e+01      6.63000e-01      7.00000e+00    727s
  1799     -1.27305e+01      6.63000e-01      7.00000e+00    728s
  1801     -1.31155e+01      6.63000e-01      7.00000e+00    730s
  1804     -1.27260e+01      6.63000e-01      7.00000e+00    731s
  1806     -1.29700e+01      6.63000e-01      7.00000e+00    732s
  1809     -1.26055e+01      6.63000e-01      7.00000e+00    733s
  1811     -1.29735e+01      6.63000e-01      7.00000e+00    734s
  1814     -1.34730e+01      6.63000e-01      7.00000e+00    736s
  1817     -1.29915e+01      6.63000e-01      7.00000e+00    737s
  1819     -1.25485e+01      6.63000e-01      7.00000e+00    738s
  1823     -1.29105e+01      6.63000e-01      7.00000e+00    739s
  1826     -1.30690e+01      6.63000e-01      7.00000e+00    740s
  1828     -1.22975e+01      6.63000e-01      7.00000e+00    742s
  1831     -1.26470e+01      6.63000e-01      7.00000e+00    743s
  1833     -1.21885e+01      6.63000e-01      7.00000e+00    744s
  1836     -1.25345e+01      6.63000e-01      7.00000e+00    745s
  1839     -1.21630e+01      6.63000e-01      7.00000e+00    746s
  1842     -1.23715e+01      6.63000e-01      7.00000e+00    747s
  1846     -1.26465e+01      6.63000e-01      7.00000e+00    749s
  1850     -1.26430e+01      6.63000e-01      7.00000e+00    751s
  1852     -1.29795e+01      6.63000e-01      7.00000e+00    752s
  1855     -1.35615e+01      6.63000e-01      7.00000e+00    753s
  1858     -1.32445e+01      6.63000e-01      7.00000e+00    754s
  1861     -1.30895e+01      6.63000e-01      7.00000e+00    755s
  1864     -1.33770e+01      6.63000e-01      7.00000e+00    756s
  1866     -1.22160e+01      6.63000e-01      7.00000e+00    758s
  1870     -1.34335e+01      6.63000e-01      7.00000e+00    759s
  1874     -1.30240e+01      6.63000e-01      7.00000e+00    760s
  1876     -1.30660e+01      6.63000e-01      7.00000e+00    761s
  1879     -1.26270e+01      6.63000e-01      7.00000e+00    762s
  1882     -1.32230e+01      6.63000e-01      7.00000e+00    764s
  1886     -1.33460e+01      6.63000e-01      7.00000e+00    765s
  1888     -1.27145e+01      6.63000e-01      7.00000e+00    766s
  1892     -1.35460e+01      6.63000e-01      7.00000e+00    767s
  1894     -1.30800e+01      6.63000e-01      7.00000e+00    768s
  1897     -1.32175e+01      6.63000e-01      7.00000e+00    769s
  1900     -1.29000e+01      6.63000e-01      7.00000e+00    771s
  1903     -1.22960e+01      6.63000e-01      7.00000e+00    772s
  1906     -1.33325e+01      6.63000e-01      7.00000e+00    773s
  1908     -1.28545e+01      6.63000e-01      7.00000e+00    774s
  1912     -1.26850e+01      6.63000e-01      7.00000e+00    776s
  1915     -1.35225e+01      6.63000e-01      7.00000e+00    777s
  1919     -1.35155e+01      6.63000e-01      7.00000e+00    778s
  1922     -1.32490e+01      6.63000e-01      7.00000e+00    779s
  1924     -1.30500e+01      6.63000e-01      7.00000e+00    780s
  1928     -1.32575e+01      6.63000e-01      7.00000e+00    782s
  1930     -1.29590e+01      6.63000e-01      7.00000e+00    783s
  1934     -1.22515e+01      6.63000e-01      7.00000e+00    784s
  1936     -1.29685e+01      6.63000e-01      7.00000e+00    785s
  1939     -1.32425e+01      6.63000e-01      7.00000e+00    786s
  1941     -1.33155e+01      6.63000e-01      7.00000e+00    787s
  1945     -1.33805e+01      6.63000e-01      7.00000e+00    789s
  1949     -1.28580e+01      6.63000e-01      7.00000e+00    791s
  1953     -1.33415e+01      6.63000e-01      7.00000e+00    792s
  1956     -1.37825e+01      6.63000e-01      7.00000e+00    793s
  1959     -1.29935e+01      6.63000e-01      7.00000e+00    794s
  1961     -1.32345e+01      6.63000e-01      7.00000e+00    795s
  1965     -1.33925e+01      6.63000e-01      7.00000e+00    797s
  1969     -1.37695e+01      6.63000e-01      7.00000e+00    798s
  1971     -1.38220e+01      6.63000e-01      7.00000e+00    799s
  1974     -1.33975e+01      6.63000e-01      7.00000e+00    800s
  1976     -1.36610e+01      6.63000e-01      7.00000e+00    801s
  1979     -1.33300e+01      6.63000e-01      7.00000e+00    802s
  1982     -1.33945e+01      6.63000e-01      7.00000e+00    803s
  1985     -1.30995e+01      6.63000e-01      7.00000e+00    805s
  1989     -1.25450e+01      6.63000e-01      7.00000e+00    806s
  1992     -1.34800e+01      6.63000e-01      7.00000e+00    808s
  1995     -1.32590e+01      6.63000e-01      7.00000e+00    809s
  1998     -1.29820e+01      6.63000e-01      7.00000e+00    810s
  2001     -1.36905e+01      6.63000e-01      7.00000e+00    811s
  2004     -1.38145e+01      6.63000e-01      7.00000e+00    813s
  2008     -1.29965e+01      6.63000e-01      7.00000e+00    814s
  2011     -1.37510e+01      6.63000e-01      7.00000e+00    815s
  2014     -1.34115e+01      6.63000e-01      7.00000e+00    816s
  2018     -1.39485e+01      6.63000e-01      7.00000e+00    818s
  2021     -1.38405e+01      6.63000e-01      7.00000e+00    819s
  2024     -1.35020e+01      6.63000e-01      7.00000e+00    821s
  2028     -1.28795e+01      6.63000e-01      7.00000e+00    822s
  2032     -1.32015e+01      6.63000e-01      7.00000e+00    823s
  2034     -1.32635e+01      6.63000e-01      7.00000e+00    824s
  2037     -1.33570e+01      6.63000e-01      7.00000e+00    826s
  2039     -1.23480e+01      6.63000e-01      7.00000e+00    827s
  2042     -1.32330e+01      6.63000e-01      7.00000e+00    828s
  2044     -1.46710e+01      6.63000e-01      7.00000e+00    829s
  2048     -1.26040e+01      6.63000e-01      7.00000e+00    830s
  2052     -1.25805e+01      6.63000e-01      7.00000e+00    832s
  2054     -1.35230e+01      6.63000e-01      7.00000e+00    833s
  2058     -1.32185e+01      6.63000e-01      7.00000e+00    834s
  2062     -1.35305e+01      6.63000e-01      7.00000e+00    836s
  2064     -1.31880e+01      6.63000e-01      7.00000e+00    837s
  2068     -1.41945e+01      6.63000e-01      7.00000e+00    838s
  2070     -1.46195e+01      6.63000e-01      7.00000e+00    839s
  2074     -1.30520e+01      6.63000e-01      7.00000e+00    841s
  2077     -1.34960e+01      6.63000e-01      7.00000e+00    842s
  2079     -1.36695e+01      6.63000e-01      7.00000e+00    843s
  2082     -1.41130e+01      6.63000e-01      7.00000e+00    844s
  2085     -1.40970e+01      6.63000e-01      7.00000e+00    845s
  2088     -1.34845e+01      6.63000e-01      7.00000e+00    846s
  2091     -1.43300e+01      6.63000e-01      7.00000e+00    847s
  2093     -1.48065e+01      6.63000e-01      7.00000e+00    848s
  2097     -1.37135e+01      6.63000e-01      7.00000e+00    850s
  2100     -1.40220e+01      6.63000e-01      7.00000e+00    851s
  2103     -1.52510e+01      6.63000e-01      7.00000e+00    852s
  2107     -1.64800e+01      6.63000e-01      7.00000e+00    854s
  2109     -1.50160e+01      6.63000e-01      7.00000e+00    855s
  2112     -1.30185e+01      6.63000e-01      7.00000e+00    856s
  2114     -1.18845e+01      6.63000e-01      7.00000e+00    857s
  2118     -1.33130e+01      6.63000e-01      7.00000e+00    859s
  2122     -1.30205e+01      6.63000e-01      7.00000e+00    860s
  2124     -1.26375e+01      6.63000e-01      7.00000e+00    861s
  2128     -1.54195e+01      6.63000e-01      7.00000e+00    863s
  2132     -1.61275e+01      6.63000e-01      7.00000e+00    864s
  2135     -1.32685e+01      6.63000e-01      7.00000e+00    865s
  2138     -1.27720e+01      6.63000e-01      7.00000e+00    866s
  2141     -1.39210e+01      6.63000e-01      7.00000e+00    868s
  2143     -1.43515e+01      6.63000e-01      7.00000e+00    869s
  2147     -1.25935e+01      6.63000e-01      7.00000e+00    870s
  2149     -1.34510e+01      6.63000e-01      7.00000e+00    871s
  2152     -1.61695e+01      6.63000e-01      7.00000e+00    872s
  2155     -1.94700e+01      6.63000e-01      7.00000e+00    873s
  2157     -1.88900e+01      6.63000e-01      7.00000e+00    875s
  2161     -1.32305e+01      6.63000e-01      7.00000e+00    876s
  2164     -1.28300e+01      6.63000e-01      7.00000e+00    877s
  2167     -1.32830e+01      6.63000e-01      7.00000e+00    878s
  2171     -1.16340e+01      6.63000e-01      7.00000e+00    879s
  2173     -1.17265e+01      6.63000e-01      7.00000e+00    881s
  2176     -1.51050e+01      6.63000e-01      7.00000e+00    882s
  2179     -1.85130e+01      6.63000e-01      7.00000e+00    883s
  2182     -1.82940e+01      6.63000e-01      7.00000e+00    884s
  2186     -1.41520e+01      6.63000e-01      7.00000e+00    886s
  2189     -1.29815e+01      6.63000e-01      7.00000e+00    887s
  2192     -1.24530e+01      6.63000e-01      7.00000e+00    888s
  2195     -1.10875e+01      6.63000e-01      7.00000e+00    889s
  2198     -1.24835e+01      6.63000e-01      7.00000e+00    890s
  2202     -1.19185e+01      6.63000e-01      7.00000e+00    892s
  2204     -1.33545e+01      6.63000e-01      7.00000e+00    893s
  2207     -1.67415e+01      6.63000e-01      7.00000e+00    894s
  2210     -1.49050e+01      6.63000e-01      7.00000e+00    896s
  2212     -1.27075e+01      6.63000e-01      7.00000e+00    897s
  2215     -1.33130e+01      6.63000e-01      7.00000e+00    898s
  2218     -1.62525e+01      6.63000e-01      7.00000e+00    899s
  2220     -1.77355e+01      6.63000e-01      7.00000e+00    900s
  2224     -1.39280e+01      6.63000e-01      7.00000e+00    902s
  2227     -1.20670e+01      6.63000e-01      7.00000e+00    903s
  2230     -1.51635e+01      6.63000e-01      7.00000e+00    904s
  2234     -1.58520e+01      6.63000e-01      7.00000e+00    906s
  2236     -1.30035e+01      6.63000e-01      7.00000e+00    907s
  2240     -1.37935e+01      6.63000e-01      7.00000e+00    908s
  2243     -1.73340e+01      6.63000e-01      7.00000e+00    909s
  2246     -1.70515e+01      6.63000e-01      7.00000e+00    910s
  2249     -1.30730e+01      6.63000e-01      7.00000e+00    912s
  2252     -1.01305e+01      6.63000e-01      7.00000e+00    913s
  2256     -1.48250e+01      6.63000e-01      7.00000e+00    914s
  2260     -1.64435e+01      6.63000e-01      7.00000e+00    916s
  2262     -1.28955e+01      6.63000e-01      7.00000e+00    917s
  2266     -1.58045e+01      6.63000e-01      7.00000e+00    918s
  2269     -2.13705e+01      6.63000e-01      7.00000e+00    919s
  2272     -1.97215e+01      6.63000e-01      7.00000e+00    920s
  2275     -1.13625e+01      6.63000e-01      7.00000e+00    921s
  2278     -1.12330e+01      6.63000e-01      7.00000e+00    922s
  2280     -1.35885e+01      6.63000e-01      7.00000e+00    923s
  2284     -1.57090e+01      6.63000e-01      7.00000e+00    925s
  2287     -1.23635e+01      6.63000e-01      7.00000e+00    926s
  2290     -1.48300e+01      6.63000e-01      7.00000e+00    927s
  2294     -2.12685e+01      6.63000e-01      7.00000e+00    929s
  2297     -1.81195e+01      6.63000e-01      7.00000e+00    930s
  2300     -1.29075e+01      6.63000e-01      7.00000e+00    931s
  2303     -2.30085e+01      6.63000e-01      7.00000e+00    932s
  2306     -2.71990e+01      6.63000e-01      7.00000e+00    933s
  2310     -1.78560e+01      6.63000e-01      7.00000e+00    935s
  2312     -1.30320e+01      6.63000e-01      7.00000e+00    936s
  2315     -1.11955e+01      6.63000e-01      7.00000e+00    937s
  2318     -1.20220e+01      6.63000e-01      7.00000e+00    938s
  2322     -8.94150e+00      6.63000e-01      7.00000e+00    939s
  2325     -1.44595e+01      6.63000e-01      7.00000e+00    940s
  2328     -2.40890e+01      6.63000e-01      7.00000e+00    942s
  2331     -2.62655e+01      6.63000e-01      7.00000e+00    943s
  2335     -1.60045e+01      6.63000e-01      7.00000e+00    944s
  2337     -1.20680e+01      6.63000e-01      7.00000e+00    946s
  2341     -1.24705e+01      6.63000e-01      7.00000e+00    947s
  2344     -9.81650e+00      6.63000e-01      7.00000e+00    948s
  2348     -1.06765e+01      6.63000e-01      7.00000e+00    950s
  2351     -1.58350e+01      6.63000e-01      7.00000e+00    951s
  2354     -2.29265e+01      6.63000e-01      7.00000e+00    952s
  2358     -2.11365e+01      6.63000e-01      7.00000e+00    954s
  2361     -1.44735e+01      6.63000e-01      7.00000e+00    955s
  2364     -1.20540e+01      6.63000e-01      7.00000e+00    956s
  2368     -1.04440e+01      6.63000e-01      7.00000e+00    957s
  2371     -9.00700e+00      6.63000e-01      7.00000e+00    959s
  2374     -1.19710e+01      6.63000e-01      7.00000e+00    960s
  2377     -1.97955e+01      6.63000e-01      7.00000e+00    961s
  2380     -2.41925e+01      6.63000e-01      7.00000e+00    962s
  2383     -2.00070e+01      6.63000e-01      7.00000e+00    964s
  2386     -1.42465e+01      6.63000e-01      7.00000e+00    965s
  2389     -1.21865e+01      6.63000e-01      7.00000e+00    966s
  2393     -1.00225e+01      6.63000e-01      7.00000e+00    968s
  2396     -8.73950e+00      6.63000e-01      7.00000e+00    969s
  2399     -1.27070e+01      6.63000e-01      7.00000e+00    970s
  2403     -6.05800e+00      6.63000e-01      7.00000e+00    972s
  2407     -1.22520e+01      6.63000e-01      7.00000e+00    973s
  2410     -1.53530e+01      6.63000e-01      7.00000e+00    974s
  2413     -1.26720e+01      6.63000e-01      7.00000e+00    976s
  2415     -1.48410e+01      6.63000e-01      7.00000e+00    977s
  2419     -2.46860e+01      6.63000e-01      7.00000e+00    978s
  2423     -1.89890e+01      6.63000e-01      7.00000e+00    979s
  2425     -1.09295e+01      6.63000e-01      7.00000e+00    980s
  2429     -7.40100e+00      6.63000e-01      7.00000e+00    982s
  2432     -1.36305e+01      6.63000e-01      7.00000e+00    983s
  2435     -1.49470e+01      6.63000e-01      7.00000e+00    984s
  2438     -1.21640e+01      6.63000e-01      7.00000e+00    985s
  2441     -1.81950e+01      6.63000e-01      7.00000e+00    986s
  2446     -2.36880e+01      6.63000e-01      7.00000e+00    988s
  2448     -1.73460e+01      6.63000e-01      7.00000e+00    989s
  2451     -1.41755e+01      6.63000e-01      7.00000e+00    990s
  2453     -1.86305e+01      6.63000e-01      7.00000e+00    991s
  2456     -2.34850e+01      6.63000e-01      7.00000e+00    992s
  2459     -1.84515e+01      6.63000e-01      7.00000e+00    993s
  2461     -1.49475e+01      6.63000e-01      7.00000e+00    994s
  2464     -1.53575e+01      6.63000e-01      7.00000e+00    996s
  2467     -2.24180e+01      6.63000e-01      7.00000e+00    997s
  2471     -1.94255e+01      6.63000e-01      7.00000e+00    998s
  2473     -1.41860e+01      6.63000e-01      7.00000e+00    999s
  2476     -1.45455e+01      6.63000e-01      7.00000e+00   1001s
  2480     -2.36490e+01      6.63000e-01      7.00000e+00   1002s
  2484     -1.70305e+01      6.63000e-01      7.00000e+00   1003s
  2486     -1.42590e+01      6.63000e-01      7.00000e+00   1004s
  2489     -1.64035e+01      6.63000e-01      7.00000e+00   1006s
  2492     -2.37715e+01      6.63000e-01      7.00000e+00   1007s
  2495     -2.04195e+01      6.63000e-01      7.00000e+00   1008s
  2498     -1.32675e+01      6.63000e-01      7.00000e+00   1009s

==================================================
Summary of results QAOA
--------------------------------------------------
Avg of QAOA obj (BQO obj):    2.78
Avg of QAOA obj (penalty):    -2.12
Avg of constraint violation:  0.18

Feasible percentage (%):      83.80
Avg of pure feasible obj:     2.79

Avg of QAOA obj:              0.66
STD of QAOA obj:              4.22

Avg of QAOA obj (feasible):   2.90
STD of QAOA obj (feasible):   0.55

Gamma angles:                 0.13
Beta angles:                  3.59

Best QAOA obj:                7.00
Modified best QAOA obj:       7.00
Best QAOA obj (feasible):     7.00

QAOA total time:              1009.87s
QAOA circuit depth:           26
==================================================

==================================================
Summary of results of 0-S6
--------------------------------------------------
Number of vertices:           6
Number of edges:              14

Vertex num in largest comp:   6
Edge num in largest comp:     14

Pre-processing running time:  0.00
Total solver time:            1009.36
Running time:                 1014.43

Upper bound:                  9.00
Objective value:              7.00

Partition 0:                  1, 4, 6             
Partition 1:                  3, 5                
Partition 2:                  2                   
==================================================
