==================================================
Instance parameters
--------------------------------------------------
Number of vertices:           6
Number of edges:              15
Number of partitions:         4

Density (%):                  100
Name of instance:             seed1_band_pen1.2
Is planar:                    False
==================================================

==================================================
Solver parameters
--------------------------------------------------
Method:                       R-QUBO
Peel:                         False
Decompose:                    False
Fold:                         False

QAOA Num Levels:              1
QAOA Scipy Optimizer:         brute
==================================================

  iter        avg-obj        best avg-obj       best-obj      time
     0     -2.31150e+01     -2.31150e+01      7.00000e+00      2s
     3     -2.18250e+01     -2.11330e+01      9.00000e+00      3s
     6     -2.21020e+01     -2.11330e+01      9.00000e+00      4s
    10     -2.24220e+01     -2.11330e+01      9.00000e+00      6s
    13     -2.10250e+01     -2.10250e+01      9.00000e+00      7s
    16     -2.09330e+01     -2.09330e+01      9.00000e+00      8s
    19     -2.24210e+01     -2.09330e+01      9.00000e+00      9s
    21     -2.20060e+01     -2.09330e+01      9.00000e+00     10s
    24     -2.17220e+01     -2.09330e+01      9.00000e+00     12s
    27     -2.22840e+01     -2.09330e+01      9.00000e+00     13s
    29     -2.14400e+01     -2.09330e+01      9.00000e+00     14s
    31     -2.08590e+01     -2.08590e+01      9.00000e+00     15s
    33     -2.26150e+01     -2.08590e+01      9.00000e+00     16s
    37     -2.19900e+01     -2.06890e+01      9.00000e+00     18s
    40     -2.25710e+01     -2.06890e+01      9.00000e+00     19s
    43     -2.09750e+01     -2.06890e+01      9.00000e+00     20s
    46     -2.18330e+01     -2.06890e+01      9.00000e+00     22s
    49     -2.21590e+01     -2.06890e+01      9.00000e+00     23s
    51     -1.08040e+01     -1.08040e+01      9.00000e+00     24s
    53      5.95000e-01      5.95000e-01      9.00000e+00     25s
    56     -2.75500e+00      1.34100e+00      9.00000e+00     27s
    60     -1.20210e+01      1.34100e+00      9.00000e+00     28s
    62     -2.16940e+01      1.34100e+00      9.00000e+00     29s
    64     -3.90120e+01      1.34100e+00      9.00000e+00     30s
    67     -7.38190e+01      1.34100e+00      9.00000e+00     31s
    70     -8.01530e+01      1.34100e+00      9.00000e+00     32s
    73     -4.32860e+01      1.34100e+00      9.00000e+00     33s
    76     -6.39600e+00      1.34100e+00      9.00000e+00     35s
    79      9.22000e-01      1.34100e+00      9.00000e+00     36s
    82     -7.04900e+00      1.34100e+00      9.00000e+00     37s
    85     -1.33500e+01      1.34100e+00      9.00000e+00     38s
    89     -4.50750e+01      1.34100e+00      9.00000e+00     40s
    92     -7.66540e+01      1.34100e+00      9.00000e+00     41s
    96     -6.54270e+01      1.34100e+00      9.00000e+00     42s
    99     -2.15830e+01      1.34100e+00      9.00000e+00     43s
   102     -1.76270e+01      1.34100e+00      9.00000e+00     45s
   105     -1.51720e+01      1.34100e+00      9.00000e+00     46s
   108     -1.09640e+01      1.34100e+00      9.00000e+00     47s
   111     -1.44840e+01      1.34100e+00      9.00000e+00     49s
   114     -3.59980e+01      1.34100e+00      9.00000e+00     50s
   118     -5.40120e+01      1.34100e+00      9.00000e+00     51s
   120     -4.55460e+01      1.34100e+00      9.00000e+00     52s
   123     -2.84400e+01      1.34100e+00      9.00000e+00     54s
   126     -2.01670e+01      1.34100e+00      9.00000e+00     55s
   129     -1.63960e+01      1.34100e+00      9.00000e+00     56s
   132     -1.27550e+01      1.34100e+00      9.00000e+00     58s
   134     -1.10520e+01      1.34100e+00      9.00000e+00     59s
   137     -2.35500e+01      1.34100e+00      9.00000e+00     60s
   140     -4.62790e+01      1.34100e+00      9.00000e+00     62s
   143     -5.26940e+01      1.34100e+00      9.00000e+00     63s
   146     -3.69040e+01      1.34100e+00      9.00000e+00     64s
   149     -2.15430e+01      1.34100e+00      9.00000e+00     65s
   152     -2.81580e+01      1.34100e+00      9.00000e+00     67s
   154     -3.30640e+01      1.34100e+00      9.00000e+00     68s
   156     -3.20430e+01      1.34100e+00      9.00000e+00     69s
   159     -2.24870e+01      1.34100e+00      9.00000e+00     70s
   161     -2.05240e+01      1.34100e+00      9.00000e+00     71s
   163     -2.43110e+01      1.34100e+00      9.00000e+00     72s
   167     -3.27260e+01      1.34100e+00      9.00000e+00     74s
   170     -2.68730e+01      1.34100e+00      9.00000e+00     75s
   173     -2.03950e+01      1.34100e+00      9.00000e+00     76s
   176     -2.73330e+01      1.34100e+00      9.00000e+00     78s
   178     -3.22300e+01      1.34100e+00      9.00000e+00     79s
   181     -2.94370e+01      1.34100e+00      9.00000e+00     80s
   184     -2.22460e+01      1.34100e+00      9.00000e+00     82s
   186     -2.06770e+01      1.34100e+00      9.00000e+00     83s
   189     -3.01540e+01      1.34100e+00      9.00000e+00     84s
   192     -3.24280e+01      1.34100e+00      9.00000e+00     85s
   194     -2.68860e+01      1.34100e+00      9.00000e+00     86s
   197     -2.04290e+01      1.34100e+00      9.00000e+00     87s
   200     -2.14860e+01      1.34100e+00      9.00000e+00     89s
   203     -2.55910e+01      1.34100e+00      9.00000e+00     90s
   206     -2.96170e+01      1.34100e+00      9.00000e+00     91s
   209     -2.62950e+01      1.34100e+00      9.00000e+00     93s
   212     -2.22970e+01      1.34100e+00      9.00000e+00     94s
   214     -2.38540e+01      1.34100e+00      9.00000e+00     95s
   218     -2.99920e+01      1.34100e+00      9.00000e+00     96s
   221     -2.59190e+01      1.34100e+00      9.00000e+00     98s
   224     -2.22290e+01      1.34100e+00      9.00000e+00     99s
   227     -2.52290e+01      1.34100e+00      9.00000e+00    101s
   229     -2.85900e+01      1.34100e+00      9.00000e+00    102s
   231     -3.03480e+01      1.34100e+00      9.00000e+00    103s
   233     -2.69920e+01      1.34100e+00      9.00000e+00    104s
   236     -2.26070e+01      1.34100e+00      9.00000e+00    105s
   239     -2.47930e+01      1.34100e+00      9.00000e+00    106s
   242     -2.94490e+01      1.34100e+00      9.00000e+00    108s
   245     -2.79300e+01      1.34100e+00      9.00000e+00    109s
   248     -2.29260e+01      1.34100e+00      9.00000e+00    110s
   251     -2.21030e+01      1.34100e+00      9.00000e+00    112s
   254     -2.72180e+01      1.34100e+00      9.00000e+00    113s
   257     -2.74940e+01      1.34100e+00      9.00000e+00    114s
   260     -2.32200e+01      1.34100e+00      9.00000e+00    116s
   263     -2.16830e+01      1.34100e+00      9.00000e+00    117s
   267     -2.55910e+01      1.34100e+00      9.00000e+00    118s
   270     -2.55270e+01      1.34100e+00      9.00000e+00    120s
   273     -2.33560e+01      1.34100e+00      9.00000e+00    121s
   275     -2.12570e+01      1.34100e+00      9.00000e+00    122s
   278     -2.63190e+01      1.34100e+00      9.00000e+00    124s
   281     -2.81610e+01      1.34100e+00      9.00000e+00    125s
   283     -2.52350e+01      1.34100e+00      9.00000e+00    126s
   285     -2.42530e+01      1.34100e+00      9.00000e+00    127s
   287     -2.15620e+01      1.34100e+00      9.00000e+00    129s
   291     -2.63420e+01      1.34100e+00      9.00000e+00    130s
   294     -2.87120e+01      1.34100e+00      9.00000e+00    132s
   296     -2.38610e+01      1.34100e+00      9.00000e+00    133s
   298     -2.23910e+01      1.34100e+00      9.00000e+00    134s
   300     -2.15410e+01      1.34100e+00      9.00000e+00    135s
   302     -2.16980e+01      1.34100e+00      9.00000e+00    136s
   304     -2.33230e+01      1.34100e+00      9.00000e+00    137s
   307     -2.39070e+01      1.34100e+00      9.00000e+00    138s
   310     -2.23140e+01      1.34100e+00      9.00000e+00    140s
   314     -2.32800e+01      1.34100e+00      9.00000e+00    141s
   316     -2.43440e+01      1.34100e+00      9.00000e+00    142s
   319     -2.57530e+01      1.34100e+00      9.00000e+00    144s
   321     -2.34390e+01      1.34100e+00      9.00000e+00    145s
   324     -2.21980e+01      1.34100e+00      9.00000e+00    146s
   327     -2.31650e+01      1.34100e+00      9.00000e+00    148s
   330     -2.36870e+01      1.34100e+00      9.00000e+00    149s
   333     -2.48290e+01      1.34100e+00      9.00000e+00    150s
   336     -2.22610e+01      1.34100e+00      9.00000e+00    152s
   339     -2.24470e+01      1.34100e+00      9.00000e+00    153s
   341     -2.42520e+01      1.34100e+00      9.00000e+00    154s
   344     -2.57890e+01      1.34100e+00      9.00000e+00    155s
   346     -2.39320e+01      1.34100e+00      9.00000e+00    156s
   348     -2.14020e+01      1.34100e+00      9.00000e+00    157s
   351     -2.12130e+01      1.34100e+00      9.00000e+00    159s
   353     -2.13120e+01      1.34100e+00      9.00000e+00    160s
   356     -2.34600e+01      1.34100e+00      9.00000e+00    161s
   359     -2.34770e+01      1.34100e+00      9.00000e+00    163s
   362     -2.20260e+01      1.34100e+00      9.00000e+00    164s
   365     -2.29220e+01      1.34100e+00      9.00000e+00    165s
   368     -2.41200e+01      1.34100e+00      9.00000e+00    167s
   370     -2.45680e+01      1.34100e+00      9.00000e+00    168s
   373     -2.21510e+01      1.34100e+00      9.00000e+00    169s
   376     -2.24680e+01      1.34100e+00      9.00000e+00    170s
   379     -2.38900e+01      1.34100e+00      9.00000e+00    172s
   382     -2.27930e+01      1.34100e+00      9.00000e+00    173s
   385     -2.21600e+01      1.34100e+00      9.00000e+00    174s
   388     -2.26220e+01      1.34100e+00      9.00000e+00    176s
   391     -2.33450e+01      1.34100e+00      9.00000e+00    177s
   394     -2.26890e+01      1.34100e+00      9.00000e+00    178s
   397     -2.15510e+01      1.34100e+00      9.00000e+00    180s
   399     -2.25940e+01      1.34100e+00      9.00000e+00    181s
   401     -2.26360e+01      1.34100e+00      9.00000e+00    182s
   403     -2.20120e+01      1.34100e+00      9.00000e+00    183s
   405     -2.36660e+01      1.34100e+00      9.00000e+00    184s
   408     -2.37420e+01      1.34100e+00      9.00000e+00    185s
   412     -2.24100e+01      1.34100e+00      9.00000e+00    187s
   415     -2.21530e+01      1.34100e+00      9.00000e+00    188s
   418     -2.31430e+01      1.34100e+00      9.00000e+00    189s
   421     -2.38190e+01      1.34100e+00      9.00000e+00    191s
   423     -2.16380e+01      1.34100e+00      9.00000e+00    192s
   425     -2.16020e+01      1.34100e+00      9.00000e+00    193s
   427     -2.27060e+01      1.34100e+00      9.00000e+00    194s
   430     -2.47510e+01      1.34100e+00      9.00000e+00    195s
   432     -2.37350e+01      1.34100e+00      9.00000e+00    196s
   436     -2.18820e+01      1.34100e+00      9.00000e+00    198s
   438     -2.18680e+01      1.34100e+00      9.00000e+00    199s
   441     -2.20090e+01      1.34100e+00      9.00000e+00    200s
   444     -2.26830e+01      1.34100e+00      9.00000e+00    201s
   446     -2.29100e+01      1.34100e+00      9.00000e+00    202s
   448     -2.19540e+01      1.34100e+00      9.00000e+00    204s
   450     -2.21700e+01      1.34100e+00      9.00000e+00    205s
   452     -2.27960e+01      1.34100e+00      9.00000e+00    206s
   454     -2.44350e+01      1.34100e+00      9.00000e+00    207s
   457     -2.46290e+01      1.34100e+00      9.00000e+00    208s
   460     -2.23030e+01      1.34100e+00      9.00000e+00    209s
   463     -2.21840e+01      1.34100e+00      9.00000e+00    210s
   466     -2.43300e+01      1.34100e+00      9.00000e+00    212s
   469     -2.42910e+01      1.34100e+00      9.00000e+00    213s
   471     -2.36450e+01      1.34100e+00      9.00000e+00    214s
   474     -2.19180e+01      1.34100e+00      9.00000e+00    216s
   477     -2.38150e+01      1.34100e+00      9.00000e+00    217s
   480     -2.52600e+01      1.34100e+00      9.00000e+00    219s
   484     -2.29020e+01      1.34100e+00      9.00000e+00    220s
   487     -2.24730e+01      1.34100e+00      9.00000e+00    221s
   489     -2.22890e+01      1.34100e+00      9.00000e+00    222s
   492     -2.40630e+01      1.34100e+00      9.00000e+00    224s
   494     -2.34920e+01      1.34100e+00      9.00000e+00    225s
   496     -2.33310e+01      1.34100e+00      9.00000e+00    226s
   499     -2.18780e+01      1.34100e+00      9.00000e+00    227s
   502     -2.12380e+01      1.34100e+00      9.00000e+00    229s
   505     -2.30810e+01      1.34100e+00      9.00000e+00    230s
   509     -2.30270e+01      1.34100e+00      9.00000e+00    231s
   511     -2.23430e+01      1.34100e+00      9.00000e+00    232s
   514     -2.23110e+01      1.34100e+00      9.00000e+00    234s
   516     -2.27240e+01      1.34100e+00      9.00000e+00    235s
   518     -2.38430e+01      1.34100e+00      9.00000e+00    236s
   521     -2.30780e+01      1.34100e+00      9.00000e+00    237s
   524     -2.10720e+01      1.34100e+00      9.00000e+00    239s
   526     -2.17990e+01      1.34100e+00      9.00000e+00    240s
   528     -2.42980e+01      1.34100e+00      9.00000e+00    241s
   530     -2.40820e+01      1.34100e+00      9.00000e+00    242s
   534     -2.37080e+01      1.34100e+00      9.00000e+00    243s
   537     -2.18290e+01      1.34100e+00      9.00000e+00    244s
   540     -2.32580e+01      1.34100e+00      9.00000e+00    246s
   543     -2.34820e+01      1.34100e+00      9.00000e+00    247s
   545     -2.31520e+01      1.34100e+00      9.00000e+00    249s
   548     -2.20890e+01      1.34100e+00      9.00000e+00    250s
   551     -2.16310e+01      1.34100e+00      9.00000e+00    252s
   554     -2.30290e+01      1.34100e+00      9.00000e+00    253s
   557     -2.30200e+01      1.34100e+00      9.00000e+00    254s
   560     -2.23500e+01      1.34100e+00      9.00000e+00    256s
   563     -2.23950e+01      1.34100e+00      9.00000e+00    257s
   566     -2.19620e+01      1.34100e+00      9.00000e+00    258s
   568     -2.32710e+01      1.34100e+00      9.00000e+00    259s
   570     -2.42530e+01      1.34100e+00      9.00000e+00    260s
   573     -2.13870e+01      1.34100e+00      9.00000e+00    262s
   576     -2.24160e+01      1.34100e+00      9.00000e+00    263s
   579     -2.31110e+01      1.34100e+00      9.00000e+00    264s
   582     -2.22400e+01      1.34100e+00      9.00000e+00    266s
   584     -2.28470e+01      1.34100e+00      9.00000e+00    267s
   587     -2.14650e+01      1.34100e+00      9.00000e+00    268s
   590     -2.25160e+01      1.34100e+00      9.00000e+00    269s
   592     -2.30300e+01      1.34100e+00      9.00000e+00    271s
   595     -2.29760e+01      1.34100e+00      9.00000e+00    272s
   598     -2.20310e+01      1.34100e+00      9.00000e+00    273s
   601     -2.24020e+01      1.34100e+00      9.00000e+00    275s
   604     -2.22390e+01      1.34100e+00      9.00000e+00    276s
   606     -2.23670e+01      1.34100e+00      9.00000e+00    277s
   609     -2.17080e+01      1.34100e+00      9.00000e+00    278s
   612     -2.19460e+01      1.34100e+00      9.00000e+00    280s
   614     -2.18650e+01      1.34100e+00      9.00000e+00    281s
   617     -2.28290e+01      1.34100e+00      9.00000e+00    282s
   619     -2.25590e+01      1.34100e+00      9.00000e+00    283s
   622     -2.24240e+01      1.34100e+00      9.00000e+00    285s
   625     -2.18410e+01      1.34100e+00      9.00000e+00    286s
   629     -2.24020e+01      1.34100e+00      9.00000e+00    288s
   632     -2.20270e+01      1.34100e+00      9.00000e+00    289s
   635     -2.12290e+01      1.34100e+00      9.00000e+00    290s
   637     -2.13890e+01      1.34100e+00      9.00000e+00    291s
   640     -2.20780e+01      1.34100e+00      9.00000e+00    293s
   642     -2.20070e+01      1.34100e+00      9.00000e+00    294s
   644     -2.19300e+01      1.34100e+00      9.00000e+00    295s
   647     -2.16820e+01      1.34100e+00      9.00000e+00    297s
   650     -2.16340e+01      1.34100e+00      9.00000e+00    298s
   653     -2.18870e+01      1.34100e+00      9.00000e+00    299s
   656     -2.17120e+01      1.34100e+00      9.00000e+00    300s
   659     -2.16320e+01      1.34100e+00      9.00000e+00    302s
   662     -2.22450e+01      1.34100e+00      9.00000e+00    303s
   665     -2.19630e+01      1.34100e+00      9.00000e+00    304s
   668     -2.16570e+01      1.34100e+00      9.00000e+00    305s
   670     -2.17520e+01      1.34100e+00      9.00000e+00    306s
   673     -2.27570e+01      1.34100e+00      9.00000e+00    308s
   676     -2.18960e+01      1.34100e+00      9.00000e+00    309s
   679     -2.14520e+01      1.34100e+00      9.00000e+00    310s
   681     -2.16540e+01      1.34100e+00      9.00000e+00    311s
   684     -2.29590e+01      1.34100e+00      9.00000e+00    313s
   687     -2.22570e+01      1.34100e+00      9.00000e+00    314s
   690     -2.17750e+01      1.34100e+00      9.00000e+00    316s
   692     -2.09970e+01      1.34100e+00      9.00000e+00    317s
   695     -2.22360e+01      1.34100e+00      9.00000e+00    318s
   697     -2.12890e+01      1.34100e+00      9.00000e+00    319s
   700     -2.27110e+01      1.34100e+00      9.00000e+00    320s
   703     -2.08890e+01      1.34100e+00      9.00000e+00    321s
   705     -2.07700e+01      1.34100e+00      9.00000e+00    323s
   708     -2.03630e+01      1.34100e+00      9.00000e+00    324s
   711     -2.19920e+01      1.34100e+00      9.00000e+00    325s
   713     -2.14870e+01      1.34100e+00      9.00000e+00    326s
   715     -2.16220e+01      1.34100e+00      9.00000e+00    327s
   717     -2.07330e+01      1.34100e+00      9.00000e+00    328s
   720     -2.08130e+01      1.34100e+00      9.00000e+00    330s
   723     -2.24140e+01      1.34100e+00      9.00000e+00    331s
   727     -2.03380e+01      1.34100e+00      9.00000e+00    333s
   729     -2.04540e+01      1.34100e+00      9.00000e+00    334s
   732     -2.18640e+01      1.34100e+00      9.00000e+00    335s
   735     -2.17960e+01      1.34100e+00      9.00000e+00    336s
   738     -2.23550e+01      1.34100e+00      9.00000e+00    338s
   741     -2.05240e+01      1.34100e+00      9.00000e+00    339s
   744     -2.16680e+01      1.34100e+00      9.00000e+00    341s
   746     -2.19790e+01      1.34100e+00      9.00000e+00    342s
   749     -2.11220e+01      1.34100e+00      9.00000e+00    343s
   752     -2.16430e+01      1.34100e+00      9.00000e+00    344s
   754     -2.14550e+01      1.34100e+00      9.00000e+00    345s
   757     -2.20610e+01      1.34100e+00      9.00000e+00    347s
   760     -2.07940e+01      1.34100e+00      9.00000e+00    348s
   763     -2.19360e+01      1.34100e+00      9.00000e+00    349s
   766     -2.16230e+01      1.34100e+00      9.00000e+00    351s
   769     -2.18990e+01      1.34100e+00      9.00000e+00    352s
   772     -2.18240e+01      1.34100e+00      9.00000e+00    353s
   776     -2.16180e+01      1.34100e+00      9.00000e+00    355s
   778     -2.21970e+01      1.34100e+00      9.00000e+00    356s
   780     -2.16990e+01      1.34100e+00      9.00000e+00    357s
   783     -2.11840e+01      1.34100e+00      9.00000e+00    358s
   785     -2.18280e+01      1.34100e+00      9.00000e+00    359s
   787     -2.18600e+01      1.34100e+00      9.00000e+00    360s
   789     -2.12150e+01      1.34100e+00      9.00000e+00    362s
   792     -2.19640e+01      1.34100e+00      9.00000e+00    363s
   795     -2.22560e+01      1.34100e+00      9.00000e+00    364s
   799     -2.14050e+01      1.34100e+00      9.00000e+00    366s
   801     -2.21600e+01      1.34100e+00      9.00000e+00    367s
   804     -2.28340e+01      1.34100e+00      9.00000e+00    368s
   807     -2.19580e+01      1.34100e+00      9.00000e+00    370s
   809     -2.25560e+01      1.34100e+00      9.00000e+00    371s
   811     -2.15130e+01      1.34100e+00      9.00000e+00    372s
   814     -2.25450e+01      1.34100e+00      9.00000e+00    373s
   816     -2.12160e+01      1.34100e+00      9.00000e+00    374s
   819     -2.19020e+01      1.34100e+00      9.00000e+00    376s
   823     -2.13840e+01      1.34100e+00      9.00000e+00    377s
   826     -2.19160e+01      1.34100e+00      9.00000e+00    379s
   829     -2.09300e+01      1.34100e+00      9.00000e+00    380s
   831     -2.15940e+01      1.34100e+00      9.00000e+00    381s
   833     -2.10740e+01      1.34100e+00      9.00000e+00    382s
   835     -2.30560e+01      1.34100e+00      9.00000e+00    383s
   837     -2.20990e+01      1.34100e+00      9.00000e+00    385s
   840     -2.14870e+01      1.34100e+00      9.00000e+00    386s
   842     -2.35480e+01      1.34100e+00      9.00000e+00    387s
   845     -2.20160e+01      1.34100e+00      9.00000e+00    388s
   848     -2.18210e+01      1.34100e+00      9.00000e+00    389s
   851     -2.28170e+01      1.34100e+00      9.00000e+00    391s
   853     -2.26130e+01      1.34100e+00      9.00000e+00    392s
   856     -2.39180e+01      1.34100e+00      9.00000e+00    393s
   858     -2.24470e+01      1.34100e+00      9.00000e+00    394s
   860     -2.36440e+01      1.34100e+00      9.00000e+00    395s
   862     -2.19400e+01      1.34100e+00      9.00000e+00    396s
   865     -2.22480e+01      1.34100e+00      9.00000e+00    398s
   868     -2.19980e+01      1.34100e+00      9.00000e+00    399s
   871     -2.22000e+01      1.34100e+00      9.00000e+00    400s
   873     -2.18370e+01      1.34100e+00      9.00000e+00    401s
   876     -2.28450e+01      1.34100e+00      9.00000e+00    403s
   879     -2.21780e+01      1.34100e+00      9.00000e+00    404s
   881     -2.30440e+01      1.34100e+00      9.00000e+00    405s
   883     -2.17980e+01      1.34100e+00      9.00000e+00    406s
   886     -2.24010e+01      1.34100e+00      9.00000e+00    408s
   888     -2.25340e+01      1.34100e+00      9.00000e+00    409s
   891     -2.26500e+01      1.34100e+00      9.00000e+00    410s
   894     -2.24050e+01      1.34100e+00      9.00000e+00    412s
   897     -2.09050e+01      1.34100e+00      9.00000e+00    413s
   900     -2.21280e+01      1.34100e+00      9.00000e+00    414s
   902     -2.13670e+01      1.34100e+00      9.00000e+00    416s
   904     -2.26610e+01      1.34100e+00      9.00000e+00    417s
   906     -2.22650e+01      1.34100e+00      9.00000e+00    418s
   909     -2.19040e+01      1.34100e+00      9.00000e+00    419s
   911     -2.23260e+01      1.34100e+00      9.00000e+00    420s
   914     -2.16080e+01      1.34100e+00      9.00000e+00    421s
   916     -2.28780e+01      1.34100e+00      9.00000e+00    422s
   919     -2.14450e+01      1.34100e+00      9.00000e+00    424s
   921     -2.22810e+01      1.34100e+00      9.00000e+00    425s
   923     -2.20520e+01      1.34100e+00      9.00000e+00    426s
   925     -2.28170e+01      1.34100e+00      9.00000e+00    427s
   927     -2.23040e+01      1.34100e+00      9.00000e+00    428s
   930     -2.14290e+01      1.34100e+00      9.00000e+00    429s
   932     -2.19120e+01      1.34100e+00      9.00000e+00    431s
   934     -2.21530e+01      1.34100e+00      9.00000e+00    432s
   937     -2.17980e+01      1.34100e+00      9.00000e+00    433s
   940     -2.22360e+01      1.34100e+00      9.00000e+00    434s
   943     -2.22760e+01      1.34100e+00      9.00000e+00    436s
   946     -2.18200e+01      1.34100e+00      9.00000e+00    437s
   948     -2.03080e+01      1.34100e+00      9.00000e+00    438s
   950     -2.22450e+01      1.34100e+00      9.00000e+00    440s
   953     -2.16540e+01      1.34100e+00      9.00000e+00    441s
   955     -2.12820e+01      1.34100e+00      9.00000e+00    442s
   957     -2.24640e+01      1.34100e+00      9.00000e+00    443s
   960     -2.24490e+01      1.34100e+00      9.00000e+00    444s
   962     -2.12170e+01      1.34100e+00      9.00000e+00    445s
   964     -2.13020e+01      1.34100e+00      9.00000e+00    446s
   967     -2.28000e+01      1.34100e+00      9.00000e+00    448s
   970     -2.20090e+01      1.34100e+00      9.00000e+00    449s
   972     -2.20560e+01      1.34100e+00      9.00000e+00    451s
   974     -2.24760e+01      1.34100e+00      9.00000e+00    452s
   976     -2.16420e+01      1.34100e+00      9.00000e+00    453s
   978     -2.26930e+01      1.34100e+00      9.00000e+00    454s
   981     -2.17610e+01      1.34100e+00      9.00000e+00    455s
   984     -2.22750e+01      1.34100e+00      9.00000e+00    456s
   987     -2.14070e+01      1.34100e+00      9.00000e+00    458s
   990     -2.24000e+01      1.34100e+00      9.00000e+00    459s
   993     -2.22770e+01      1.34100e+00      9.00000e+00    461s
   995     -2.25120e+01      1.34100e+00      9.00000e+00    462s
   998     -2.19100e+01      1.34100e+00      9.00000e+00    463s
  1000     -2.27590e+01      1.34100e+00      9.00000e+00    464s
  1002     -2.21680e+01      1.34100e+00      9.00000e+00    465s
  1005     -2.29840e+01      1.34100e+00      9.00000e+00    466s
  1008     -2.16280e+01      1.34100e+00      9.00000e+00    468s
  1011     -2.25690e+01      1.34100e+00      9.00000e+00    469s
  1013     -2.12890e+01      1.34100e+00      9.00000e+00    470s
  1016     -2.06240e+01      1.34100e+00      9.00000e+00    472s
  1019     -2.12580e+01      1.34100e+00      9.00000e+00    473s
  1021     -2.24060e+01      1.34100e+00      9.00000e+00    474s
  1023     -2.23900e+01      1.34100e+00      9.00000e+00    475s
  1026     -2.25230e+01      1.34100e+00      9.00000e+00    477s
  1029     -2.17270e+01      1.34100e+00      9.00000e+00    478s
  1032     -2.32920e+01      1.34100e+00      9.00000e+00    479s
  1035     -2.30770e+01      1.34100e+00      9.00000e+00    480s
  1038     -2.18260e+01      1.34100e+00      9.00000e+00    482s
  1040     -2.14770e+01      1.34100e+00      9.00000e+00    483s
  1042     -2.22580e+01      1.34100e+00      9.00000e+00    484s
  1044     -2.33180e+01      1.34100e+00      9.00000e+00    485s
  1047     -2.18990e+01      1.34100e+00      9.00000e+00    487s
  1050     -2.17170e+01      1.34100e+00      9.00000e+00    488s
  1054     -2.06160e+01      1.34100e+00      9.00000e+00    490s
  1056     -1.95140e+01      1.34100e+00      9.00000e+00    491s
  1059     -1.98690e+01      1.34100e+00      9.00000e+00    492s
  1061     -2.18480e+01      1.34100e+00      9.00000e+00    493s
  1063     -2.16820e+01      1.34100e+00      9.00000e+00    494s
  1065     -1.98020e+01      1.34100e+00      9.00000e+00    495s
  1067     -1.88900e+01      1.34100e+00      9.00000e+00    496s
  1070     -1.89610e+01      1.34100e+00      9.00000e+00    498s
  1072     -2.14980e+01      1.34100e+00      9.00000e+00    499s
  1075     -2.21970e+01      1.34100e+00      9.00000e+00    500s
  1078     -1.91150e+01      1.34100e+00      9.00000e+00    502s
  1081     -1.81320e+01      1.34100e+00      9.00000e+00    503s
  1084     -2.02830e+01      1.34100e+00      9.00000e+00    504s
  1086     -2.19530e+01      1.34100e+00      9.00000e+00    505s
  1088     -2.12900e+01      1.34100e+00      9.00000e+00    507s
  1090     -2.09430e+01      1.34100e+00      9.00000e+00    508s
  1092     -1.87110e+01      1.34100e+00      9.00000e+00    509s
  1094     -1.94990e+01      1.34100e+00      9.00000e+00    510s
  1097     -2.18300e+01      1.34100e+00      9.00000e+00    511s
  1101     -2.15390e+01      1.34100e+00      9.00000e+00    513s
  1104     -2.05860e+01      1.34100e+00      9.00000e+00    514s
  1107     -1.99770e+01      1.34100e+00      9.00000e+00    515s
  1109     -2.12540e+01      1.34100e+00      9.00000e+00    516s
  1111     -2.18250e+01      1.34100e+00      9.00000e+00    517s
  1114     -2.17780e+01      1.34100e+00      9.00000e+00    519s
  1117     -2.13060e+01      1.34100e+00      9.00000e+00    520s
  1119     -1.95890e+01      1.34100e+00      9.00000e+00    521s
  1122     -2.07010e+01      1.34100e+00      9.00000e+00    522s
  1125     -2.17570e+01      1.34100e+00      9.00000e+00    523s
  1128     -2.04150e+01      1.34100e+00      9.00000e+00    525s
  1131     -1.97520e+01      1.34100e+00      9.00000e+00    526s
  1134     -2.08770e+01      1.34100e+00      9.00000e+00    527s
  1137     -2.11200e+01      1.34100e+00      9.00000e+00    529s
  1140     -2.07980e+01      1.34100e+00      9.00000e+00    530s
  1143     -1.91390e+01      1.34100e+00      9.00000e+00    531s
  1146     -2.09590e+01      1.34100e+00      9.00000e+00    533s
  1148     -2.33780e+01      1.34100e+00      9.00000e+00    534s
  1152     -2.16440e+01      1.34100e+00      9.00000e+00    535s
  1154     -2.24240e+01      1.34100e+00      9.00000e+00    536s
  1156     -2.21980e+01      1.34100e+00      9.00000e+00    538s
  1159     -2.22690e+01      1.34100e+00      9.00000e+00    539s
  1161     -2.20530e+01      1.34100e+00      9.00000e+00    540s
  1163     -2.23520e+01      1.34100e+00      9.00000e+00    541s
  1166     -2.16790e+01      1.34100e+00      9.00000e+00    543s
  1169     -2.20000e+01      1.34100e+00      9.00000e+00    544s
  1172     -2.30160e+01      1.34100e+00      9.00000e+00    545s
  1175     -2.22270e+01      1.34100e+00      9.00000e+00    547s
  1177     -2.26550e+01      1.34100e+00      9.00000e+00    548s
  1180     -2.22750e+01      1.34100e+00      9.00000e+00    549s
  1182     -2.18240e+01      1.34100e+00      9.00000e+00    550s
  1185     -2.28580e+01      1.34100e+00      9.00000e+00    552s
  1187     -2.20290e+01      1.34100e+00      9.00000e+00    553s
  1189     -2.21040e+01      1.34100e+00      9.00000e+00    554s
  1191     -2.24510e+01      1.34100e+00      9.00000e+00    555s
  1193     -2.19970e+01      1.34100e+00      9.00000e+00    556s
  1196     -2.27760e+01      1.34100e+00      9.00000e+00    557s
  1198     -2.17500e+01      1.34100e+00      9.00000e+00    558s
  1201     -2.29360e+01      1.34100e+00      9.00000e+00    560s
  1203     -2.13390e+01      1.34100e+00      9.00000e+00    561s
  1206     -2.10960e+01      1.34100e+00      9.00000e+00    562s
  1208     -2.27720e+01      1.34100e+00      9.00000e+00    563s
  1210     -2.20440e+01      1.34100e+00      9.00000e+00    565s
  1212     -2.23410e+01      1.34100e+00      9.00000e+00    566s
  1214     -2.19060e+01      1.34100e+00      9.00000e+00    567s
  1217     -2.20930e+01      1.34100e+00      9.00000e+00    568s
  1219     -2.26280e+01      1.34100e+00      9.00000e+00    569s
  1222     -2.25750e+01      1.34100e+00      9.00000e+00    570s
  1225     -2.28760e+01      1.34100e+00      9.00000e+00    572s
  1227     -2.20490e+01      1.34100e+00      9.00000e+00    573s
  1229     -2.17260e+01      1.34100e+00      9.00000e+00    574s
  1231     -2.19060e+01      1.34100e+00      9.00000e+00    575s
  1234     -2.24460e+01      1.34100e+00      9.00000e+00    577s
  1236     -2.21480e+01      1.34100e+00      9.00000e+00    578s
  1238     -2.14420e+01      1.34100e+00      9.00000e+00    579s
  1241     -2.22220e+01      1.34100e+00      9.00000e+00    580s
  1244     -2.22210e+01      1.34100e+00      9.00000e+00    582s
  1246     -2.27680e+01      1.34100e+00      9.00000e+00    583s
  1248     -2.20850e+01      1.34100e+00      9.00000e+00    584s
  1250     -2.19920e+01      1.34100e+00      9.00000e+00    585s
  1252     -2.23470e+01      1.34100e+00      9.00000e+00    586s
  1255     -2.13360e+01      1.34100e+00      9.00000e+00    588s
  1258     -2.29890e+01      1.34100e+00      9.00000e+00    589s
  1261     -2.11780e+01      1.34100e+00      9.00000e+00    590s
  1263     -2.18710e+01      1.34100e+00      9.00000e+00    591s
  1266     -2.19990e+01      1.34100e+00      9.00000e+00    593s
  1269     -2.18590e+01      1.34100e+00      9.00000e+00    594s
  1272     -2.19140e+01      1.34100e+00      9.00000e+00    595s
  1275     -2.23450e+01      1.34100e+00      9.00000e+00    597s
  1277     -2.05450e+01      1.34100e+00      9.00000e+00    598s
  1279     -2.21590e+01      1.34100e+00      9.00000e+00    599s
  1281     -2.18330e+01      1.34100e+00      9.00000e+00    600s
  1283     -2.11560e+01      1.34100e+00      9.00000e+00    601s
  1286     -2.17120e+01      1.34100e+00      9.00000e+00    602s
  1289     -2.11120e+01      1.34100e+00      9.00000e+00    604s
  1292     -2.19560e+01      1.34100e+00      9.00000e+00    605s
  1295     -2.23190e+01      1.34100e+00      9.00000e+00    606s
  1298     -2.20370e+01      1.34100e+00      9.00000e+00    608s
  1301     -2.24770e+01      1.34100e+00      9.00000e+00    609s
  1304     -2.21530e+01      1.34100e+00      9.00000e+00    610s
  1307     -2.25540e+01      1.34100e+00      9.00000e+00    612s
  1310     -2.10690e+01      1.34100e+00      9.00000e+00    613s
  1313     -2.15610e+01      1.34100e+00      9.00000e+00    614s
  1316     -2.22130e+01      1.34100e+00      9.00000e+00    616s
  1319     -2.20250e+01      1.34100e+00      9.00000e+00    617s
  1322     -2.22170e+01      1.34100e+00      9.00000e+00    619s
  1324     -2.25420e+01      1.34100e+00      9.00000e+00    620s
  1326     -2.16700e+01      1.34100e+00      9.00000e+00    621s
  1329     -2.21640e+01      1.34100e+00      9.00000e+00    622s
  1332     -2.22730e+01      1.34100e+00      9.00000e+00    624s
  1335     -2.25730e+01      1.34100e+00      9.00000e+00    625s
  1337     -2.12270e+01      1.34100e+00      9.00000e+00    626s
  1340     -2.14510e+01      1.34100e+00      9.00000e+00    627s
  1342     -2.20860e+01      1.34100e+00      9.00000e+00    629s
  1345     -2.18390e+01      1.34100e+00      9.00000e+00    630s
  1347     -2.21700e+01      1.34100e+00      9.00000e+00    631s
  1349     -2.12390e+01      1.34100e+00      9.00000e+00    632s
  1351     -2.11370e+01      1.34100e+00      9.00000e+00    633s
  1354     -1.93530e+01      1.34100e+00      9.00000e+00    635s
  1358     -1.97640e+01      1.34100e+00      9.00000e+00    636s
  1361     -2.14410e+01      1.34100e+00      9.00000e+00    638s
  1364     -2.22200e+01      1.34100e+00      9.00000e+00    639s
  1367     -2.08130e+01      1.34100e+00      9.00000e+00    640s
  1369     -2.09550e+01      1.34100e+00      9.00000e+00    641s
  1372     -2.12900e+01      1.34100e+00      9.00000e+00    643s
  1374     -2.11760e+01      1.34100e+00      9.00000e+00    644s
  1376     -2.13150e+01      1.34100e+00      9.00000e+00    645s
  1379     -1.96950e+01      1.34100e+00      9.00000e+00    646s
  1382     -1.96030e+01      1.34100e+00      9.00000e+00    648s
  1385     -2.17490e+01      1.34100e+00      9.00000e+00    649s
  1387     -2.23950e+01      1.34100e+00      9.00000e+00    650s
  1390     -2.10130e+01      1.34100e+00      9.00000e+00    652s
  1392     -2.05290e+01      1.34100e+00      9.00000e+00    653s
  1394     -2.04340e+01      1.34100e+00      9.00000e+00    654s
  1396     -2.10500e+01      1.34100e+00      9.00000e+00    655s
  1398     -2.21670e+01      1.34100e+00      9.00000e+00    656s
  1400     -2.19040e+01      1.34100e+00      9.00000e+00    657s
  1403     -2.06320e+01      1.34100e+00      9.00000e+00    658s
  1405     -1.94990e+01      1.34100e+00      9.00000e+00    659s
  1408     -1.93460e+01      1.34100e+00      9.00000e+00    661s
  1410     -2.09680e+01      1.34100e+00      9.00000e+00    662s
  1413     -2.30440e+01      1.34100e+00      9.00000e+00    663s
  1415     -2.06420e+01      1.34100e+00      9.00000e+00    664s
  1417     -1.98840e+01      1.34100e+00      9.00000e+00    665s
  1419     -1.94150e+01      1.34100e+00      9.00000e+00    667s
  1422     -2.25340e+01      1.34100e+00      9.00000e+00    668s
  1425     -2.19590e+01      1.34100e+00      9.00000e+00    669s
  1428     -1.91380e+01      1.34100e+00      9.00000e+00    671s
  1431     -1.91270e+01      1.34100e+00      9.00000e+00    672s
  1434     -2.13580e+01      1.34100e+00      9.00000e+00    673s
  1437     -2.21510e+01      1.34100e+00      9.00000e+00    675s
  1439     -2.09910e+01      1.34100e+00      9.00000e+00    676s
  1441     -1.89200e+01      1.34100e+00      9.00000e+00    677s
  1443     -1.91490e+01      1.34100e+00      9.00000e+00    678s
  1446     -2.12510e+01      1.34100e+00      9.00000e+00    680s
  1449     -2.20020e+01      1.34100e+00      9.00000e+00    681s
  1451     -2.24810e+01      1.34100e+00      9.00000e+00    682s
  1454     -2.14790e+01      1.34100e+00      9.00000e+00    683s
  1456     -2.09660e+01      1.34100e+00      9.00000e+00    685s
  1459     -2.31750e+01      1.34100e+00      9.00000e+00    686s
  1461     -2.12290e+01      1.34100e+00      9.00000e+00    687s
  1463     -2.14820e+01      1.34100e+00      9.00000e+00    688s
  1465     -2.22380e+01      1.34100e+00      9.00000e+00    689s
  1467     -2.18890e+01      1.34100e+00      9.00000e+00    690s
  1471     -2.16190e+01      1.34100e+00      9.00000e+00    692s
  1474     -2.21980e+01      1.34100e+00      9.00000e+00    693s
  1477     -2.17770e+01      1.34100e+00      9.00000e+00    695s
  1479     -2.16290e+01      1.34100e+00      9.00000e+00    696s
  1482     -2.15580e+01      1.34100e+00      9.00000e+00    697s
  1484     -2.18900e+01      1.34100e+00      9.00000e+00    698s
  1486     -2.26580e+01      1.34100e+00      9.00000e+00    699s
  1488     -2.22500e+01      1.34100e+00      9.00000e+00    701s
  1490     -2.13910e+01      1.34100e+00      9.00000e+00    702s
  1493     -2.34720e+01      1.34100e+00      9.00000e+00    703s
  1496     -2.23730e+01      1.34100e+00      9.00000e+00    704s
  1499     -2.19600e+01      1.34100e+00      9.00000e+00    705s
  1502     -2.16500e+01      1.34100e+00      9.00000e+00    707s
  1504     -2.26800e+01      1.34100e+00      9.00000e+00    708s
  1506     -2.21640e+01      1.34100e+00      9.00000e+00    709s
  1508     -2.32190e+01      1.34100e+00      9.00000e+00    710s
  1511     -2.17650e+01      1.34100e+00      9.00000e+00    712s
  1514     -2.21360e+01      1.34100e+00      9.00000e+00    713s
  1518     -2.25670e+01      1.34100e+00      9.00000e+00    715s
  1521     -2.15060e+01      1.34100e+00      9.00000e+00    716s
  1523     -2.15790e+01      1.34100e+00      9.00000e+00    717s
  1525     -2.22620e+01      1.34100e+00      9.00000e+00    718s
  1527     -2.16040e+01      1.34100e+00      9.00000e+00    720s
  1530     -2.29630e+01      1.34100e+00      9.00000e+00    721s
  1533     -2.17860e+01      1.34100e+00      9.00000e+00    722s
  1536     -2.19140e+01      1.34100e+00      9.00000e+00    724s
  1539     -2.24610e+01      1.34100e+00      9.00000e+00    725s
  1542     -2.12660e+01      1.34100e+00      9.00000e+00    726s
  1545     -2.21950e+01      1.34100e+00      9.00000e+00    728s
  1548     -2.07310e+01      1.34100e+00      9.00000e+00    729s
  1550     -2.21220e+01      1.34100e+00      9.00000e+00    730s
  1552     -2.28320e+01      1.34100e+00      9.00000e+00    731s
  1554     -2.14180e+01      1.34100e+00      9.00000e+00    732s
  1556     -2.30260e+01      1.34100e+00      9.00000e+00    734s
  1559     -2.30490e+01      1.34100e+00      9.00000e+00    735s
  1561     -2.24680e+01      1.34100e+00      9.00000e+00    736s
  1564     -2.20910e+01      1.34100e+00      9.00000e+00    738s
  1567     -2.19790e+01      1.34100e+00      9.00000e+00    739s
  1570     -2.28180e+01      1.34100e+00      9.00000e+00    740s
  1572     -2.14270e+01      1.34100e+00      9.00000e+00    742s
  1574     -2.16510e+01      1.34100e+00      9.00000e+00    743s
  1577     -2.20030e+01      1.34100e+00      9.00000e+00    744s
  1579     -2.27940e+01      1.34100e+00      9.00000e+00    745s
  1581     -2.26510e+01      1.34100e+00      9.00000e+00    746s
  1583     -2.26370e+01      1.34100e+00      9.00000e+00    747s
  1587     -2.20180e+01      1.34100e+00      9.00000e+00    749s
  1590     -2.18720e+01      1.34100e+00      9.00000e+00    750s
  1593     -2.27870e+01      1.34100e+00      9.00000e+00    752s
  1595     -2.29020e+01      1.34100e+00      9.00000e+00    753s
  1598     -2.16500e+01      1.34100e+00      9.00000e+00    754s
  1601     -2.33680e+01      1.34100e+00      9.00000e+00    756s
  1603     -2.26700e+01      1.34100e+00      9.00000e+00    757s
  1606     -2.22750e+01      1.34100e+00      9.00000e+00    758s
  1609     -2.18990e+01      1.34100e+00      9.00000e+00    759s
  1612     -2.16580e+01      1.34100e+00      9.00000e+00    761s
  1615     -2.22300e+01      1.34100e+00      9.00000e+00    762s
  1618     -2.23700e+01      1.34100e+00      9.00000e+00    764s
  1620     -2.40830e+01      1.34100e+00      9.00000e+00    765s
  1623     -2.25100e+01      1.34100e+00      9.00000e+00    766s
  1626     -2.12250e+01      1.34100e+00      9.00000e+00    768s
  1629     -2.17670e+01      1.34100e+00      9.00000e+00    769s
  1632     -2.22390e+01      1.34100e+00      9.00000e+00    771s
  1634     -2.15190e+01      1.34100e+00      9.00000e+00    772s
  1637     -2.19560e+01      1.34100e+00      9.00000e+00    773s
  1640     -2.18000e+01      1.34100e+00      9.00000e+00    775s
  1642     -2.21530e+01      1.34100e+00      9.00000e+00    776s
  1645     -2.17700e+01      1.34100e+00      9.00000e+00    777s
  1648     -2.22130e+01      1.34100e+00      9.00000e+00    778s
  1651     -2.20460e+01      1.34100e+00      9.00000e+00    780s
  1654     -2.12030e+01      1.34100e+00      9.00000e+00    781s
  1658     -2.16590e+01      1.34100e+00      9.00000e+00    783s
  1661     -2.17620e+01      1.34100e+00      9.00000e+00    784s
  1663     -2.12220e+01      1.34100e+00      9.00000e+00    785s
  1666     -2.25890e+01      1.34100e+00      9.00000e+00    787s
  1668     -2.16720e+01      1.34100e+00      9.00000e+00    788s
  1671     -2.23100e+01      1.34100e+00      9.00000e+00    789s
  1673     -2.16990e+01      1.34100e+00      9.00000e+00    790s
  1675     -2.21320e+01      1.34100e+00      9.00000e+00    791s
  1677     -2.11950e+01      1.34100e+00      9.00000e+00    793s
  1681     -2.10640e+01      1.34100e+00      9.00000e+00    794s
  1684     -2.26040e+01      1.34100e+00      9.00000e+00    795s
  1687     -2.24590e+01      1.34100e+00      9.00000e+00    797s
  1689     -2.18530e+01      1.34100e+00      9.00000e+00    798s
  1692     -2.22910e+01      1.34100e+00      9.00000e+00    799s
  1694     -2.36280e+01      1.34100e+00      9.00000e+00    801s
  1696     -2.22530e+01      1.34100e+00      9.00000e+00    802s
  1699     -2.14310e+01      1.34100e+00      9.00000e+00    803s
  1702     -2.12600e+01      1.34100e+00      9.00000e+00    804s
  1705     -2.12610e+01      1.34100e+00      9.00000e+00    806s
  1707     -2.12460e+01      1.34100e+00      9.00000e+00    807s
  1710     -2.19700e+01      1.34100e+00      9.00000e+00    808s
  1712     -2.21510e+01      1.34100e+00      9.00000e+00    810s
  1714     -2.16380e+01      1.34100e+00      9.00000e+00    811s
  1716     -2.14170e+01      1.34100e+00      9.00000e+00    812s
  1719     -2.26490e+01      1.34100e+00      9.00000e+00    813s
  1721     -2.19370e+01      1.34100e+00      9.00000e+00    814s
  1724     -2.24600e+01      1.34100e+00      9.00000e+00    815s
  1727     -2.20190e+01      1.34100e+00      9.00000e+00    817s
  1729     -2.10620e+01      1.34100e+00      9.00000e+00    818s
  1731     -2.16570e+01      1.34100e+00      9.00000e+00    819s
  1733     -2.09820e+01      1.34100e+00      9.00000e+00    820s
  1735     -2.24120e+01      1.34100e+00      9.00000e+00    821s
  1737     -2.10640e+01      1.34100e+00      9.00000e+00    822s
  1739     -2.21570e+01      1.34100e+00      9.00000e+00    823s
  1741     -2.11910e+01      1.34100e+00      9.00000e+00    824s
  1743     -2.23850e+01      1.34100e+00      9.00000e+00    826s
  1746     -2.19790e+01      1.34100e+00      9.00000e+00    827s
  1748     -2.19660e+01      1.34100e+00      9.00000e+00    828s
  1751     -2.16830e+01      1.34100e+00      9.00000e+00    829s
  1753     -2.04710e+01      1.34100e+00      9.00000e+00    830s
  1756     -2.12990e+01      1.34100e+00      9.00000e+00    832s
  1758     -1.97730e+01      1.34100e+00      9.00000e+00    833s
  1760     -2.17530e+01      1.34100e+00      9.00000e+00    834s
  1762     -2.16160e+01      1.34100e+00      9.00000e+00    835s
  1764     -2.16600e+01      1.34100e+00      9.00000e+00    836s
  1767     -2.16710e+01      1.34100e+00      9.00000e+00    838s
  1770     -2.11650e+01      1.34100e+00      9.00000e+00    839s
  1773     -2.09950e+01      1.34100e+00      9.00000e+00    841s
  1776     -2.09460e+01      1.34100e+00      9.00000e+00    842s
  1779     -2.10490e+01      1.34100e+00      9.00000e+00    843s
  1781     -2.13690e+01      1.34100e+00      9.00000e+00    844s
  1783     -2.13490e+01      1.34100e+00      9.00000e+00    845s
  1785     -2.16450e+01      1.34100e+00      9.00000e+00    846s
  1788     -2.22460e+01      1.34100e+00      9.00000e+00    848s
  1790     -2.13300e+01      1.34100e+00      9.00000e+00    849s
  1792     -2.00410e+01      1.34100e+00      9.00000e+00    850s
  1795     -2.02830e+01      1.34100e+00      9.00000e+00    851s
  1798     -2.24690e+01      1.34100e+00      9.00000e+00    853s
  1801     -2.15960e+01      1.34100e+00      9.00000e+00    854s
  1804     -2.11980e+01      1.34100e+00      9.00000e+00    855s
  1806     -2.19010e+01      1.34100e+00      9.00000e+00    857s
  1808     -2.15820e+01      1.34100e+00      9.00000e+00    858s
  1810     -2.14770e+01      1.34100e+00      9.00000e+00    859s
  1813     -2.19810e+01      1.34100e+00      9.00000e+00    860s
  1816     -2.16440e+01      1.34100e+00      9.00000e+00    862s
  1819     -2.04780e+01      1.34100e+00      9.00000e+00    863s
  1822     -2.07520e+01      1.34100e+00      9.00000e+00    865s
  1825     -2.23090e+01      1.34100e+00      9.00000e+00    866s
  1827     -2.20880e+01      1.34100e+00      9.00000e+00    867s
  1830     -2.12630e+01      1.34100e+00      9.00000e+00    869s
  1832     -2.07170e+01      1.34100e+00      9.00000e+00    870s
  1834     -2.21150e+01      1.34100e+00      9.00000e+00    871s
  1836     -2.22880e+01      1.34100e+00      9.00000e+00    872s
  1839     -2.18000e+01      1.34100e+00      9.00000e+00    873s
  1841     -2.07090e+01      1.34100e+00      9.00000e+00    874s
  1844     -2.13780e+01      1.34100e+00      9.00000e+00    876s
  1847     -2.20030e+01      1.34100e+00      9.00000e+00    877s
  1849     -2.23800e+01      1.34100e+00      9.00000e+00    878s
  1851     -2.24420e+01      1.34100e+00      9.00000e+00    879s
  1853     -2.27440e+01      1.34100e+00      9.00000e+00    880s
  1855     -2.19630e+01      1.34100e+00      9.00000e+00    881s
  1857     -2.16820e+01      1.34100e+00      9.00000e+00    883s
  1860     -2.21910e+01      1.34100e+00      9.00000e+00    884s
  1862     -2.21500e+01      1.34100e+00      9.00000e+00    885s
  1865     -2.23350e+01      1.34100e+00      9.00000e+00    886s
  1867     -2.27980e+01      1.34100e+00      9.00000e+00    887s
  1869     -2.23190e+01      1.34100e+00      9.00000e+00    888s
  1871     -2.30460e+01      1.34100e+00      9.00000e+00    889s
  1874     -2.23620e+01      1.34100e+00      9.00000e+00    891s
  1877     -2.17460e+01      1.34100e+00      9.00000e+00    892s
  1879     -2.27570e+01      1.34100e+00      9.00000e+00    893s
  1882     -2.10430e+01      1.34100e+00      9.00000e+00    895s
  1885     -2.19630e+01      1.34100e+00      9.00000e+00    896s
  1888     -2.23710e+01      1.34100e+00      9.00000e+00    897s
  1891     -2.19230e+01      1.34100e+00      9.00000e+00    898s
  1893     -2.20920e+01      1.34100e+00      9.00000e+00    900s
  1896     -2.28540e+01      1.34100e+00      9.00000e+00    901s
  1898     -2.22720e+01      1.34100e+00      9.00000e+00    902s
  1901     -2.23820e+01      1.34100e+00      9.00000e+00    904s
  1903     -2.15510e+01      1.34100e+00      9.00000e+00    905s
  1906     -2.32690e+01      1.34100e+00      9.00000e+00    906s
  1909     -2.16310e+01      1.34100e+00      9.00000e+00    907s
  1912     -2.22850e+01      1.34100e+00      9.00000e+00    909s
  1914     -2.24480e+01      1.34100e+00      9.00000e+00    910s
  1917     -2.40220e+01      1.34100e+00      9.00000e+00    911s
  1919     -2.30730e+01      1.34100e+00      9.00000e+00    912s
  1921     -2.28750e+01      1.34100e+00      9.00000e+00    913s
  1923     -2.23600e+01      1.34100e+00      9.00000e+00    914s
  1925     -2.22940e+01      1.34100e+00      9.00000e+00    915s
  1927     -2.28880e+01      1.34100e+00      9.00000e+00    917s
  1930     -2.31490e+01      1.34100e+00      9.00000e+00    918s
  1933     -2.22610e+01      1.34100e+00      9.00000e+00    919s
  1935     -2.12370e+01      1.34100e+00      9.00000e+00    920s
  1937     -2.19570e+01      1.34100e+00      9.00000e+00    921s
  1940     -2.25280e+01      1.34100e+00      9.00000e+00    923s
  1942     -2.30100e+01      1.34100e+00      9.00000e+00    924s
  1945     -2.21700e+01      1.34100e+00      9.00000e+00    925s
  1948     -2.17610e+01      1.34100e+00      9.00000e+00    927s
  1951     -2.16020e+01      1.34100e+00      9.00000e+00    928s
  1955     -2.37330e+01      1.34100e+00      9.00000e+00    930s
  1958     -2.41310e+01      1.34100e+00      9.00000e+00    931s
  1960     -2.29660e+01      1.34100e+00      9.00000e+00    932s
  1963     -2.13650e+01      1.34100e+00      9.00000e+00    934s
  1965     -2.29730e+01      1.34100e+00      9.00000e+00    935s
  1967     -2.29340e+01      1.34100e+00      9.00000e+00    936s
  1970     -2.41910e+01      1.34100e+00      9.00000e+00    937s
  1972     -2.18880e+01      1.34100e+00      9.00000e+00    938s
  1974     -2.15280e+01      1.34100e+00      9.00000e+00    939s
  1977     -2.29580e+01      1.34100e+00      9.00000e+00    940s
  1979     -2.40940e+01      1.34100e+00      9.00000e+00    941s
  1982     -2.37070e+01      1.34100e+00      9.00000e+00    943s
  1984     -2.24830e+01      1.34100e+00      9.00000e+00    944s
  1986     -2.20890e+01      1.34100e+00      9.00000e+00    945s
  1988     -2.22320e+01      1.34100e+00      9.00000e+00    946s
  1990     -2.35220e+01      1.34100e+00      9.00000e+00    947s
  1992     -2.31730e+01      1.34100e+00      9.00000e+00    948s
  1995     -2.30660e+01      1.34100e+00      9.00000e+00    950s
  1998     -2.09250e+01      1.34100e+00      9.00000e+00    951s
  2001     -2.07820e+01      1.34100e+00      9.00000e+00    952s
  2004     -2.42570e+01      1.34100e+00      9.00000e+00    954s
  2007     -2.35860e+01      1.34100e+00      9.00000e+00    955s
  2009     -2.33100e+01      1.34100e+00      9.00000e+00    956s
  2011     -2.27250e+01      1.34100e+00      9.00000e+00    958s
  2013     -2.22810e+01      1.34100e+00      9.00000e+00    959s
  2016     -2.38810e+01      1.34100e+00      9.00000e+00    960s
  2019     -2.42460e+01      1.34100e+00      9.00000e+00    962s
  2023     -2.23640e+01      1.34100e+00      9.00000e+00    963s
  2026     -2.20320e+01      1.34100e+00      9.00000e+00    965s
  2028     -2.38210e+01      1.34100e+00      9.00000e+00    966s
  2030     -2.35580e+01      1.34100e+00      9.00000e+00    967s
  2032     -2.43110e+01      1.34100e+00      9.00000e+00    968s
  2034     -2.33670e+01      1.34100e+00      9.00000e+00    969s
  2037     -2.20000e+01      1.34100e+00      9.00000e+00    970s
  2039     -2.24590e+01      1.34100e+00      9.00000e+00    971s
  2042     -2.36050e+01      1.34100e+00      9.00000e+00    973s
  2046     -2.24060e+01      1.34100e+00      9.00000e+00    974s
  2048     -2.18540e+01      1.34100e+00      9.00000e+00    975s
  2051     -2.28580e+01      1.34100e+00      9.00000e+00    977s
  2054     -2.31320e+01      1.34100e+00      9.00000e+00    978s
  2056     -2.36330e+01      1.34100e+00      9.00000e+00    980s
  2058     -2.39040e+01      1.34100e+00      9.00000e+00    981s
  2060     -2.27780e+01      1.34100e+00      9.00000e+00    982s
  2063     -2.18000e+01      1.34100e+00      9.00000e+00    983s
  2066     -2.34160e+01      1.34100e+00      9.00000e+00    985s
  2068     -2.35440e+01      1.34100e+00      9.00000e+00    986s
  2070     -2.27430e+01      1.34100e+00      9.00000e+00    987s
  2073     -2.14200e+01      1.34100e+00      9.00000e+00    988s
  2075     -2.06360e+01      1.34100e+00      9.00000e+00    989s
  2077     -2.35520e+01      1.34100e+00      9.00000e+00    991s
  2080     -2.43470e+01      1.34100e+00      9.00000e+00    992s
  2082     -2.19910e+01      1.34100e+00      9.00000e+00    993s
  2084     -2.23730e+01      1.34100e+00      9.00000e+00    994s
  2087     -2.30950e+01      1.34100e+00      9.00000e+00    995s
  2091     -2.41080e+01      1.34100e+00      9.00000e+00    997s
  2094     -2.29040e+01      1.34100e+00      9.00000e+00    998s
  2097     -2.33830e+01      1.34100e+00      9.00000e+00   1000s
  2099     -2.19180e+01      1.34100e+00      9.00000e+00   1001s
  2101     -2.22000e+01      1.34100e+00      9.00000e+00   1002s
  2103     -2.28200e+01      1.34100e+00      9.00000e+00   1003s
  2106     -2.30680e+01      1.34100e+00      9.00000e+00   1005s
  2109     -2.29430e+01      1.34100e+00      9.00000e+00   1006s
  2112     -2.18830e+01      1.34100e+00      9.00000e+00   1007s
  2115     -2.32530e+01      1.34100e+00      9.00000e+00   1009s
  2118     -2.35720e+01      1.34100e+00      9.00000e+00   1010s
  2120     -2.42810e+01      1.34100e+00      9.00000e+00   1011s
  2122     -2.21360e+01      1.34100e+00      9.00000e+00   1013s
  2124     -2.24460e+01      1.34100e+00      9.00000e+00   1014s
  2127     -2.13150e+01      1.34100e+00      9.00000e+00   1015s
  2130     -2.41600e+01      1.34100e+00      9.00000e+00   1017s
  2133     -2.37210e+01      1.34100e+00      9.00000e+00   1018s
  2136     -2.20140e+01      1.34100e+00      9.00000e+00   1019s
  2139     -2.28710e+01      1.34100e+00      9.00000e+00   1021s
  2141     -2.28590e+01      1.34100e+00      9.00000e+00   1022s
  2143     -2.30240e+01      1.34100e+00      9.00000e+00   1023s
  2145     -2.22080e+01      1.34100e+00      9.00000e+00   1024s
  2147     -2.22430e+01      1.34100e+00      9.00000e+00   1025s
  2149     -2.18700e+01      1.34100e+00      9.00000e+00   1026s
  2152     -2.36570e+01      1.34100e+00      9.00000e+00   1028s
  2155     -2.43080e+01      1.34100e+00      9.00000e+00   1029s
  2159     -2.39910e+01      1.34100e+00      9.00000e+00   1030s
  2161     -2.17990e+01      1.34100e+00      9.00000e+00   1032s
  2164     -2.28020e+01      1.34100e+00      9.00000e+00   1033s
  2166     -2.41750e+01      1.34100e+00      9.00000e+00   1034s
  2169     -2.42080e+01      1.34100e+00      9.00000e+00   1035s
  2171     -2.26400e+01      1.34100e+00      9.00000e+00   1036s
  2174     -2.15770e+01      1.34100e+00      9.00000e+00   1038s
  2176     -2.30650e+01      1.34100e+00      9.00000e+00   1039s
  2179     -2.37740e+01      1.34100e+00      9.00000e+00   1040s
  2182     -2.44770e+01      1.34100e+00      9.00000e+00   1041s
  2185     -2.25740e+01      1.34100e+00      9.00000e+00   1043s
  2188     -2.20030e+01      1.34100e+00      9.00000e+00   1044s
  2190     -2.40930e+01      1.34100e+00      9.00000e+00   1045s
  2193     -2.42500e+01      1.34100e+00      9.00000e+00   1047s
  2195     -2.41980e+01      1.34100e+00      9.00000e+00   1048s
  2197     -2.31810e+01      1.34100e+00      9.00000e+00   1049s
  2199     -2.19180e+01      1.34100e+00      9.00000e+00   1050s
  2201     -2.31040e+01      1.34100e+00      9.00000e+00   1051s
  2205     -2.83280e+01      1.34100e+00      9.00000e+00   1052s
  2208     -2.55120e+01      1.34100e+00      9.00000e+00   1054s
  2210     -2.35550e+01      1.34100e+00      9.00000e+00   1055s
  2212     -2.10770e+01      1.34100e+00      9.00000e+00   1056s
  2214     -2.41180e+01      1.34100e+00      9.00000e+00   1057s
  2217     -2.82710e+01      1.34100e+00      9.00000e+00   1059s
  2220     -2.76050e+01      1.34100e+00      9.00000e+00   1060s
  2222     -2.36930e+01      1.34100e+00      9.00000e+00   1061s
  2224     -2.23830e+01      1.34100e+00      9.00000e+00   1062s
  2228     -2.65220e+01      1.34100e+00      9.00000e+00   1064s
  2231     -2.72780e+01      1.34100e+00      9.00000e+00   1065s
  2234     -2.49540e+01      1.34100e+00      9.00000e+00   1066s
  2237     -2.16400e+01      1.34100e+00      9.00000e+00   1068s
  2239     -2.36540e+01      1.34100e+00      9.00000e+00   1069s
  2241     -2.69470e+01      1.34100e+00      9.00000e+00   1070s
  2244     -2.87080e+01      1.34100e+00      9.00000e+00   1072s
  2247     -2.38360e+01      1.34100e+00      9.00000e+00   1073s
  2251     -2.28850e+01      1.34100e+00      9.00000e+00   1074s
  2253     -2.60070e+01      1.34100e+00      9.00000e+00   1075s
  2256     -3.10270e+01      1.34100e+00      9.00000e+00   1077s
  2259     -2.62910e+01      1.34100e+00      9.00000e+00   1078s
  2262     -2.23970e+01      1.34100e+00      9.00000e+00   1080s
  2264     -2.34230e+01      1.34100e+00      9.00000e+00   1081s
  2267     -2.84750e+01      1.34100e+00      9.00000e+00   1083s
  2270     -2.89190e+01      1.34100e+00      9.00000e+00   1084s
  2273     -2.36540e+01      1.34100e+00      9.00000e+00   1085s
  2275     -2.13490e+01      1.34100e+00      9.00000e+00   1086s
  2278     -2.74360e+01      1.34100e+00      9.00000e+00   1088s
  2281     -3.03310e+01      1.34100e+00      9.00000e+00   1089s
  2284     -2.55740e+01      1.34100e+00      9.00000e+00   1091s
  2286     -2.18340e+01      1.34100e+00      9.00000e+00   1092s
  2288     -2.28990e+01      1.34100e+00      9.00000e+00   1093s
  2290     -2.64960e+01      1.34100e+00      9.00000e+00   1094s
  2292     -2.98890e+01      1.34100e+00      9.00000e+00   1095s
  2295     -2.80610e+01      1.34100e+00      9.00000e+00   1096s
  2298     -2.30270e+01      1.34100e+00      9.00000e+00   1098s
  2301     -2.03990e+01      1.34100e+00      9.00000e+00   1099s
  2304     -2.49530e+01      1.34100e+00      9.00000e+00   1100s
  2307     -3.36720e+01      1.34100e+00      9.00000e+00   1102s
  2310     -2.93010e+01      1.34100e+00      9.00000e+00   1103s
  2313     -2.08210e+01      1.34100e+00      9.00000e+00   1105s
  2315     -2.11210e+01      1.34100e+00      9.00000e+00   1106s
  2318     -3.15370e+01      1.34100e+00      9.00000e+00   1107s
  2322     -2.98010e+01      1.34100e+00      9.00000e+00   1109s
  2324     -2.30350e+01      1.34100e+00      9.00000e+00   1110s
  2326     -1.96200e+01      1.34100e+00      9.00000e+00   1111s
  2329     -2.67340e+01      1.34100e+00      9.00000e+00   1112s
  2331     -3.35350e+01      1.34100e+00      9.00000e+00   1113s
  2334     -3.14860e+01      1.34100e+00      9.00000e+00   1115s
  2336     -2.45070e+01      1.34100e+00      9.00000e+00   1116s
  2338     -2.05240e+01      1.34100e+00      9.00000e+00   1117s
  2340     -2.24630e+01      1.34100e+00      9.00000e+00   1118s
  2342     -2.94990e+01      1.34100e+00      9.00000e+00   1119s
  2346     -3.18110e+01      1.34100e+00      9.00000e+00   1120s
  2348     -2.48780e+01      1.34100e+00      9.00000e+00   1121s
  2351     -2.56350e+01      1.34100e+00      9.00000e+00   1123s
  2354     -4.34160e+01      1.34100e+00      9.00000e+00   1124s
  2356     -5.31860e+01      1.34100e+00      9.00000e+00   1125s
  2359     -4.58340e+01      1.34100e+00      9.00000e+00   1127s
  2361     -3.10120e+01      1.34100e+00      9.00000e+00   1128s
  2363     -1.73810e+01      1.34100e+00      9.00000e+00   1129s
  2365     -1.13550e+01      1.34100e+00      9.00000e+00   1130s
  2369     -1.53730e+01      1.34100e+00      9.00000e+00   1131s
  2372     -1.81260e+01      1.34100e+00      9.00000e+00   1133s
  2374     -2.07620e+01      1.34100e+00      9.00000e+00   1134s
  2377     -3.40710e+01      1.34100e+00      9.00000e+00   1135s
  2380     -5.17050e+01      1.34100e+00      9.00000e+00   1137s
  2383     -4.96840e+01      1.34100e+00      9.00000e+00   1138s
  2385     -3.57950e+01      1.34100e+00      9.00000e+00   1139s
  2388     -1.48800e+01      1.34100e+00      9.00000e+00   1141s
  2391     -1.09710e+01      1.34100e+00      9.00000e+00   1142s
  2394     -1.61700e+01      1.34100e+00      9.00000e+00   1143s
  2397     -1.88150e+01      1.34100e+00      9.00000e+00   1144s
  2399     -2.25290e+01      1.34100e+00      9.00000e+00   1145s
  2401     -3.53000e+01      1.34100e+00      9.00000e+00   1146s
  2403     -6.52700e+01      1.34100e+00      9.00000e+00   1147s
  2406     -8.10600e+01      1.34100e+00      9.00000e+00   1149s
  2408     -6.90950e+01      1.34100e+00      9.00000e+00   1150s
  2411     -3.26170e+01      1.34100e+00      9.00000e+00   1152s
  2414     -1.30670e+01      1.34100e+00      9.00000e+00   1153s
  2418     -4.41600e+00      1.34100e+00      9.00000e+00   1154s
  2421      1.74900e+00      1.74900e+00      9.00000e+00   1155s
  2424     -1.50920e+01      1.74900e+00      9.00000e+00   1157s
  2427     -5.82950e+01      1.74900e+00      9.00000e+00   1158s
  2430     -8.26290e+01      1.74900e+00      9.00000e+00   1159s
  2433     -6.26770e+01      1.74900e+00      9.00000e+00   1161s
  2435     -3.91300e+01      1.74900e+00      9.00000e+00   1162s
  2438     -1.39510e+01      1.74900e+00      9.00000e+00   1163s
  2441     -7.77300e+00      1.74900e+00      9.00000e+00   1164s
  2445      1.42700e+00      1.74900e+00      9.00000e+00   1166s
  2448     -1.13750e+01      1.74900e+00      9.00000e+00   1167s
  2451     -2.14230e+01      1.74900e+00      9.00000e+00   1168s
  2453     -2.21640e+01      1.74900e+00      9.00000e+00   1169s
  2456     -2.21040e+01      1.74900e+00      9.00000e+00   1171s
  2459     -2.21050e+01      1.74900e+00      9.00000e+00   1172s
  2462     -2.13350e+01      1.74900e+00      9.00000e+00   1174s
  2464     -2.24030e+01      1.74900e+00      9.00000e+00   1175s
  2467     -2.00780e+01      1.74900e+00      9.00000e+00   1176s
  2469     -2.14640e+01      1.74900e+00      9.00000e+00   1177s
  2471     -2.26600e+01      1.74900e+00      9.00000e+00   1178s
  2474     -2.17670e+01      1.74900e+00      9.00000e+00   1180s
  2476     -2.04980e+01      1.74900e+00      9.00000e+00   1181s
  2479     -2.19430e+01      1.74900e+00      9.00000e+00   1182s
  2482     -2.26310e+01      1.74900e+00      9.00000e+00   1184s
  2485     -2.27400e+01      1.74900e+00      9.00000e+00   1185s
  2488     -2.11050e+01      1.74900e+00      9.00000e+00   1187s
  2491     -2.19060e+01      1.74900e+00      9.00000e+00   1188s
  2493     -2.26470e+01      1.74900e+00      9.00000e+00   1189s
  2496     -2.34590e+01      1.74900e+00      9.00000e+00   1190s
  2499     -2.09540e+01      1.74900e+00      9.00000e+00   1192s

==================================================
Summary of results QAOA
--------------------------------------------------
Average of QAOA obj:          1.75
STD of QAOA obj:              161.12

Gamma angles:                 6.15
Beta angles:                  2.69

Best QAOA obj:                9.00
Modified best QAOA obj:       9.00

QAOA total time:              1191.51s
QAOA circuit depth:           34
==================================================

==================================================
Summary of results of 0-S6
--------------------------------------------------
Number of vertices:           6
Number of edges:              15

Vertex num in largest comp:   6
Edge num in largest comp:     15

Pre-processing running time:  0.00
Total solver time:            1191.51
Running time:                 1195.12

Upper bound:                  10.00
Objective value:              9.00

Partition 0:                  1, 3, 4, 5          
Partition 1:                  6                   
Partition 2:                  2                   
Partition 3:                                      
==================================================
