==================================================
Instance parameters
--------------------------------------------------
Number of vertices:           6
Number of edges:              15
Number of partitions:         4

Density (%):                  100
Name of instance:             seed1_band_pen1.4
Is planar:                    False
==================================================

==================================================
Solver parameters
--------------------------------------------------
Method:                       R-QUBO
Peel:                         False
Decompose:                    False
Fold:                         False

QAOA Num Levels:              1
QAOA Scipy Optimizer:         brute
==================================================

  iter        avg-obj        best avg-obj       best-obj      time
     0     -2.64270e+01     -2.64270e+01      8.00000e+00      1s
     3     -2.55220e+01     -2.52210e+01      9.00000e+00      2s
     5     -2.62060e+01     -2.52210e+01      9.00000e+00      4s
     7     -2.60740e+01     -2.52210e+01      9.00000e+00      5s
    10     -2.52480e+01     -2.51540e+01      9.00000e+00      6s
    13     -2.72960e+01     -2.51080e+01      9.00000e+00      7s
    16     -2.66170e+01     -2.47620e+01      9.00000e+00      9s
    19     -2.63860e+01     -2.44910e+01      9.00000e+00     10s
    22     -2.60600e+01     -2.44910e+01      9.00000e+00     11s
    25     -2.59250e+01     -2.44910e+01      9.00000e+00     12s
    28     -2.59160e+01     -2.44910e+01      9.00000e+00     14s
    31     -2.61490e+01     -2.44910e+01      9.00000e+00     15s
    34     -2.58820e+01     -2.44910e+01      9.00000e+00     16s
    37     -2.67070e+01     -2.44520e+01      9.00000e+00     18s
    39     -2.55470e+01     -2.44520e+01      9.00000e+00     19s
    42     -2.47290e+01     -2.44520e+01      9.00000e+00     20s
    45     -2.48930e+01     -2.44520e+01      9.00000e+00     22s
    48     -2.59740e+01     -2.44520e+01      9.00000e+00     23s
    52     -4.40300e+00     -4.40300e+00      9.00000e+00     25s
    55     -1.84400e+00      1.65000e-01      9.00000e+00     26s
    58     -9.55700e+00      1.65000e-01      9.00000e+00     27s
    61     -1.64750e+01      1.65000e-01      9.00000e+00     29s
    63     -3.32780e+01      1.65000e-01      9.00000e+00     30s
    66     -7.29500e+01      1.65000e-01      9.00000e+00     31s
    69     -9.60610e+01      1.65000e-01      9.00000e+00     32s
    72     -6.54970e+01      1.65000e-01      9.00000e+00     34s
    74     -3.33010e+01      1.65000e-01      9.00000e+00     35s
    78      5.99000e-01      5.99000e-01      9.00000e+00     36s
    81     -5.48800e+00      5.99000e-01      9.00000e+00     37s
    84     -1.22510e+01      5.99000e-01      9.00000e+00     38s
    87     -2.79590e+01      5.99000e-01      9.00000e+00     40s
    90     -6.50060e+01      5.99000e-01      9.00000e+00     41s
    93     -9.35670e+01      5.99000e-01      9.00000e+00     42s
    96     -7.29800e+01      5.99000e-01      9.00000e+00     43s
    98     -4.09590e+01      5.99000e-01      9.00000e+00     44s
   101     -2.61250e+01      5.99000e-01      9.00000e+00     46s
   105     -2.72730e+01      5.99000e-01      9.00000e+00     47s
   108     -1.79340e+01      5.99000e-01      9.00000e+00     49s
   111     -1.84930e+01      5.99000e-01      9.00000e+00     50s
   114     -4.00540e+01      5.99000e-01      9.00000e+00     51s
   116     -5.24250e+01      5.99000e-01      9.00000e+00     53s
   119     -4.80340e+01      5.99000e-01      9.00000e+00     54s
   121     -3.79670e+01      5.99000e-01      9.00000e+00     55s
   123     -2.82140e+01      5.99000e-01      9.00000e+00     56s
   126     -2.58340e+01      5.99000e-01      9.00000e+00     57s
   129     -2.96970e+01      5.99000e-01      9.00000e+00     59s
   132     -1.98050e+01      5.99000e-01      9.00000e+00     60s
   135     -1.74890e+01      5.99000e-01      9.00000e+00     61s
   138     -3.51960e+01      5.99000e-01      9.00000e+00     63s
   141     -5.34160e+01      5.99000e-01      9.00000e+00     64s
   144     -4.53970e+01      5.99000e-01      9.00000e+00     66s
   146     -3.42650e+01      5.99000e-01      9.00000e+00     67s
   148     -2.75150e+01      5.99000e-01      9.00000e+00     68s
   151     -2.79040e+01      5.99000e-01      9.00000e+00     69s
   153     -3.51550e+01      5.99000e-01      9.00000e+00     70s
   156     -3.92590e+01      5.99000e-01      9.00000e+00     71s
   159     -2.93210e+01      5.99000e-01      9.00000e+00     72s
   162     -2.48240e+01      5.99000e-01      9.00000e+00     74s
   164     -3.02000e+01      5.99000e-01      9.00000e+00     75s
   167     -3.63310e+01      5.99000e-01      9.00000e+00     76s
   170     -3.19590e+01      5.99000e-01      9.00000e+00     78s
   173     -2.46190e+01      5.99000e-01      9.00000e+00     79s
   176     -2.92110e+01      5.99000e-01      9.00000e+00     80s
   179     -3.74900e+01      5.99000e-01      9.00000e+00     81s
   182     -3.43560e+01      5.99000e-01      9.00000e+00     83s
   185     -2.51690e+01      5.99000e-01      9.00000e+00     84s
   188     -2.75000e+01      5.99000e-01      9.00000e+00     85s
   190     -3.48600e+01      5.99000e-01      9.00000e+00     87s
   193     -3.65020e+01      5.99000e-01      9.00000e+00     88s
   196     -2.76150e+01      5.99000e-01      9.00000e+00     89s
   199     -2.59420e+01      5.99000e-01      9.00000e+00     91s
   203     -2.97230e+01      5.99000e-01      9.00000e+00     92s
   206     -3.57510e+01      5.99000e-01      9.00000e+00     93s
   208     -3.45330e+01      5.99000e-01      9.00000e+00     94s
   211     -2.77460e+01      5.99000e-01      9.00000e+00     95s
   214     -2.82390e+01      5.99000e-01      9.00000e+00     97s
   217     -3.35060e+01      5.99000e-01      9.00000e+00     98s
   220     -3.38440e+01      5.99000e-01      9.00000e+00     99s
   223     -2.69630e+01      5.99000e-01      9.00000e+00    101s
   225     -2.55260e+01      5.99000e-01      9.00000e+00    102s
   228     -3.10000e+01      5.99000e-01      9.00000e+00    103s
   230     -3.61950e+01      5.99000e-01      9.00000e+00    104s
   233     -3.34170e+01      5.99000e-01      9.00000e+00    106s
   235     -2.82790e+01      5.99000e-01      9.00000e+00    107s
   238     -2.60290e+01      5.99000e-01      9.00000e+00    108s
   240     -2.87320e+01      5.99000e-01      9.00000e+00    109s
   243     -3.41980e+01      5.99000e-01      9.00000e+00    110s
   246     -2.95300e+01      5.99000e-01      9.00000e+00    112s
   249     -2.63570e+01      5.99000e-01      9.00000e+00    113s
   252     -2.83810e+01      5.99000e-01      9.00000e+00    114s
   254     -3.07230e+01      5.99000e-01      9.00000e+00    115s
   257     -3.23700e+01      5.99000e-01      9.00000e+00    117s
   259     -2.85380e+01      5.99000e-01      9.00000e+00    118s
   262     -2.59550e+01      5.99000e-01      9.00000e+00    119s
   265     -2.77150e+01      5.99000e-01      9.00000e+00    120s
   267     -2.90300e+01      5.99000e-01      9.00000e+00    121s
   270     -2.85790e+01      5.99000e-01      9.00000e+00    123s
   273     -2.56840e+01      5.99000e-01      9.00000e+00    124s
   276     -2.71540e+01      5.99000e-01      9.00000e+00    125s
   279     -3.16660e+01      5.99000e-01      9.00000e+00    126s
   282     -3.04560e+01      5.99000e-01      9.00000e+00    128s
   285     -2.73090e+01      5.99000e-01      9.00000e+00    129s
   288     -2.65580e+01      5.99000e-01      9.00000e+00    130s
   291     -2.99790e+01      5.99000e-01      9.00000e+00    132s
   294     -2.89960e+01      5.99000e-01      9.00000e+00    133s
   296     -2.75930e+01      5.99000e-01      9.00000e+00    134s
   299     -2.61820e+01      5.99000e-01      9.00000e+00    135s
   301     -2.54330e+01      5.99000e-01      9.00000e+00    136s
   304     -2.59560e+01      5.99000e-01      9.00000e+00    138s
   307     -2.89840e+01      5.99000e-01      9.00000e+00    139s
   310     -2.66750e+01      5.99000e-01      9.00000e+00    140s
   313     -2.51650e+01      5.99000e-01      9.00000e+00    142s
   316     -2.85410e+01      5.99000e-01      9.00000e+00    143s
   318     -2.86270e+01      5.99000e-01      9.00000e+00    144s
   321     -2.90550e+01      5.99000e-01      9.00000e+00    146s
   324     -2.65560e+01      5.99000e-01      9.00000e+00    147s
   326     -2.58940e+01      5.99000e-01      9.00000e+00    148s
   329     -2.62410e+01      5.99000e-01      9.00000e+00    149s
   332     -2.84130e+01      5.99000e-01      9.00000e+00    150s
   334     -2.75640e+01      5.99000e-01      9.00000e+00    151s
   337     -2.60880e+01      5.99000e-01      9.00000e+00    153s
   340     -2.86130e+01      5.99000e-01      9.00000e+00    154s
   342     -2.95730e+01      5.99000e-01      9.00000e+00    155s
   345     -2.93150e+01      5.99000e-01      9.00000e+00    157s
   348     -2.65640e+01      5.99000e-01      9.00000e+00    158s
   350     -2.57670e+01      5.99000e-01      9.00000e+00    159s
   353     -2.72080e+01      5.99000e-01      9.00000e+00    160s
   356     -3.08240e+01      5.99000e-01      9.00000e+00    162s
   359     -2.82560e+01      5.99000e-01      9.00000e+00    163s
   361     -2.66340e+01      5.99000e-01      9.00000e+00    164s
   363     -2.54000e+01      5.99000e-01      9.00000e+00    165s
   366     -2.83560e+01      5.99000e-01      9.00000e+00    166s
   369     -2.89440e+01      5.99000e-01      9.00000e+00    168s
   372     -2.74010e+01      5.99000e-01      9.00000e+00    169s
   374     -2.63900e+01      5.99000e-01      9.00000e+00    170s
   377     -2.57370e+01      5.99000e-01      9.00000e+00    171s
   380     -2.71620e+01      5.99000e-01      9.00000e+00    173s
   383     -2.85380e+01      5.99000e-01      9.00000e+00    174s
   386     -2.55460e+01      5.99000e-01      9.00000e+00    175s
   389     -2.67180e+01      5.99000e-01      9.00000e+00    176s
   392     -2.89230e+01      5.99000e-01      9.00000e+00    178s
   394     -2.73120e+01      5.99000e-01      9.00000e+00    179s
   397     -2.65310e+01      5.99000e-01      9.00000e+00    180s
   399     -2.59960e+01      5.99000e-01      9.00000e+00    181s
   403     -2.74770e+01      5.99000e-01      9.00000e+00    183s
   405     -2.80110e+01      5.99000e-01      9.00000e+00    184s
   408     -2.95690e+01      5.99000e-01      9.00000e+00    185s
   411     -2.66110e+01      5.99000e-01      9.00000e+00    187s
   414     -2.73960e+01      5.99000e-01      9.00000e+00    188s
   417     -2.92130e+01      5.99000e-01      9.00000e+00    189s
   419     -2.91180e+01      5.99000e-01      9.00000e+00    191s
   422     -2.73610e+01      5.99000e-01      9.00000e+00    192s
   425     -2.63870e+01      5.99000e-01      9.00000e+00    193s
   429     -2.80360e+01      5.99000e-01      9.00000e+00    195s
   432     -3.00360e+01      5.99000e-01      9.00000e+00    196s
   434     -2.74890e+01      5.99000e-01      9.00000e+00    197s
   437     -2.59640e+01      5.99000e-01      9.00000e+00    198s
   440     -2.75600e+01      5.99000e-01      9.00000e+00    199s
   443     -2.91490e+01      5.99000e-01      9.00000e+00    201s
   446     -2.79660e+01      5.99000e-01      9.00000e+00    202s
   449     -2.56470e+01      5.99000e-01      9.00000e+00    204s
   451     -2.59960e+01      5.99000e-01      9.00000e+00    205s
   454     -2.73700e+01      5.99000e-01      9.00000e+00    206s
   457     -2.84100e+01      5.99000e-01      9.00000e+00    207s
   459     -2.66460e+01      5.99000e-01      9.00000e+00    208s
   462     -2.45570e+01      5.99000e-01      9.00000e+00    209s
   464     -2.59960e+01      5.99000e-01      9.00000e+00    210s
   467     -2.74320e+01      5.99000e-01      9.00000e+00    212s
   469     -2.78780e+01      5.99000e-01      9.00000e+00    213s
   471     -2.78140e+01      5.99000e-01      9.00000e+00    214s
   474     -2.54430e+01      5.99000e-01      9.00000e+00    216s
   478     -2.83160e+01      5.99000e-01      9.00000e+00    217s
   481     -2.84460e+01      5.99000e-01      9.00000e+00    218s
   484     -2.58220e+01      5.99000e-01      9.00000e+00    219s
   487     -2.52630e+01      5.99000e-01      9.00000e+00    221s
   490     -2.78560e+01      5.99000e-01      9.00000e+00    222s
   493     -2.73350e+01      5.99000e-01      9.00000e+00    224s
   496     -2.66790e+01      5.99000e-01      9.00000e+00    225s
   499     -2.66950e+01      5.99000e-01      9.00000e+00    227s
   502     -2.62510e+01      5.99000e-01      9.00000e+00    228s
   505     -2.64780e+01      5.99000e-01      9.00000e+00    230s
   508     -2.72540e+01      5.99000e-01      9.00000e+00    231s
   510     -2.67890e+01      5.99000e-01      9.00000e+00    232s
   513     -2.58320e+01      5.99000e-01      9.00000e+00    233s
   515     -2.61400e+01      5.99000e-01      9.00000e+00    234s
   517     -2.58680e+01      5.99000e-01      9.00000e+00    236s
   520     -2.62810e+01      5.99000e-01      9.00000e+00    237s
   523     -2.58040e+01      5.99000e-01      9.00000e+00    238s
   526     -2.59280e+01      5.99000e-01      9.00000e+00    240s
   529     -2.70400e+01      5.99000e-01      9.00000e+00    241s
   532     -2.61760e+01      5.99000e-01      9.00000e+00    242s
   535     -2.64700e+01      5.99000e-01      9.00000e+00    244s
   537     -2.50800e+01      5.99000e-01      9.00000e+00    245s
   539     -2.55030e+01      5.99000e-01      9.00000e+00    246s
   542     -2.67470e+01      5.99000e-01      9.00000e+00    247s
   545     -2.60490e+01      5.99000e-01      9.00000e+00    249s
   548     -2.60040e+01      5.99000e-01      9.00000e+00    250s
   550     -2.57950e+01      5.99000e-01      9.00000e+00    251s
   552     -2.46580e+01      5.99000e-01      9.00000e+00    252s
   554     -2.71190e+01      5.99000e-01      9.00000e+00    253s
   556     -2.61380e+01      5.99000e-01      9.00000e+00    254s
   558     -2.61440e+01      5.99000e-01      9.00000e+00    256s
   560     -2.55240e+01      5.99000e-01      9.00000e+00    257s
   562     -2.63670e+01      5.99000e-01      9.00000e+00    258s
   564     -2.59020e+01      5.99000e-01      9.00000e+00    259s
   566     -2.69530e+01      5.99000e-01      9.00000e+00    260s
   569     -2.59650e+01      5.99000e-01      9.00000e+00    261s
   571     -2.56610e+01      5.99000e-01      9.00000e+00    262s
   574     -2.57680e+01      5.99000e-01      9.00000e+00    264s
   577     -2.64650e+01      5.99000e-01      9.00000e+00    265s
   580     -2.58250e+01      5.99000e-01      9.00000e+00    267s
   582     -2.52610e+01      5.99000e-01      9.00000e+00    268s
   585     -2.57680e+01      5.99000e-01      9.00000e+00    269s
   588     -2.53470e+01      5.99000e-01      9.00000e+00    271s
   591     -2.63160e+01      5.99000e-01      9.00000e+00    272s
   594     -2.50530e+01      5.99000e-01      9.00000e+00    273s
   596     -2.48380e+01      5.99000e-01      9.00000e+00    274s
   598     -2.52920e+01      5.99000e-01      9.00000e+00    275s
   601     -2.72960e+01      5.99000e-01      9.00000e+00    277s
   604     -2.45830e+01      5.99000e-01      9.00000e+00    278s
   607     -2.43790e+01      5.99000e-01      9.00000e+00    280s
   609     -2.54140e+01      5.99000e-01      9.00000e+00    281s
   612     -2.62860e+01      5.99000e-01      9.00000e+00    282s
   616     -2.49330e+01      5.99000e-01      9.00000e+00    283s
   619     -2.38490e+01      5.99000e-01      9.00000e+00    284s
   621     -2.37970e+01      5.99000e-01      9.00000e+00    285s
   624     -2.62640e+01      5.99000e-01      9.00000e+00    286s
   627     -2.53120e+01      5.99000e-01      9.00000e+00    288s
   630     -2.56180e+01      5.99000e-01      9.00000e+00    289s
   633     -2.57140e+01      5.99000e-01      9.00000e+00    290s
   636     -2.68620e+01      5.99000e-01      9.00000e+00    292s
   639     -2.53230e+01      5.99000e-01      9.00000e+00    293s
   642     -2.49200e+01      5.99000e-01      9.00000e+00    294s
   645     -2.45860e+01      5.99000e-01      9.00000e+00    295s
   648     -2.48030e+01      5.99000e-01      9.00000e+00    297s
   651     -2.58570e+01      5.99000e-01      9.00000e+00    298s
   654     -2.53310e+01      5.99000e-01      9.00000e+00    299s
   657     -2.47590e+01      5.99000e-01      9.00000e+00    301s
   660     -2.42630e+01      5.99000e-01      9.00000e+00    302s
   663     -2.68390e+01      5.99000e-01      9.00000e+00    304s
   666     -2.54070e+01      5.99000e-01      9.00000e+00    305s
   669     -2.48150e+01      5.99000e-01      9.00000e+00    306s
   671     -2.41110e+01      5.99000e-01      9.00000e+00    307s
   674     -2.64910e+01      5.99000e-01      9.00000e+00    309s
   677     -2.63210e+01      5.99000e-01      9.00000e+00    310s
   680     -2.53260e+01      5.99000e-01      9.00000e+00    311s
   683     -2.47830e+01      5.99000e-01      9.00000e+00    313s
   685     -2.66420e+01      5.99000e-01      9.00000e+00    314s
   687     -2.66520e+01      5.99000e-01      9.00000e+00    315s
   690     -2.55660e+01      5.99000e-01      9.00000e+00    316s
   693     -2.48470e+01      5.99000e-01      9.00000e+00    317s
   695     -2.54670e+01      5.99000e-01      9.00000e+00    318s
   698     -2.54620e+01      5.99000e-01      9.00000e+00    319s
   701     -2.52060e+01      5.99000e-01      9.00000e+00    321s
   703     -2.56000e+01      5.99000e-01      9.00000e+00    322s
   706     -2.60270e+01      5.99000e-01      9.00000e+00    324s
   709     -2.49710e+01      5.99000e-01      9.00000e+00    325s
   712     -2.55620e+01      5.99000e-01      9.00000e+00    326s
   714     -2.58060e+01      5.99000e-01      9.00000e+00    328s
   718     -2.52620e+01      5.99000e-01      9.00000e+00    329s
   721     -2.60850e+01      5.99000e-01      9.00000e+00    331s
   723     -2.58000e+01      5.99000e-01      9.00000e+00    332s
   725     -2.52890e+01      5.99000e-01      9.00000e+00    333s
   728     -2.50150e+01      5.99000e-01      9.00000e+00    334s
   730     -2.64360e+01      5.99000e-01      9.00000e+00    335s
   732     -2.62560e+01      5.99000e-01      9.00000e+00    336s
   734     -2.53200e+01      5.99000e-01      9.00000e+00    337s
   736     -2.50140e+01      5.99000e-01      9.00000e+00    339s
   739     -2.63960e+01      5.99000e-01      9.00000e+00    340s
   741     -2.63020e+01      5.99000e-01      9.00000e+00    341s
   744     -2.58300e+01      5.99000e-01      9.00000e+00    342s
   747     -2.57040e+01      5.99000e-01      9.00000e+00    344s
   749     -2.54880e+01      5.99000e-01      9.00000e+00    345s
   752     -2.54290e+01      5.99000e-01      9.00000e+00    346s
   755     -2.56860e+01      5.99000e-01      9.00000e+00    348s
   757     -2.61900e+01      5.99000e-01      9.00000e+00    349s
   759     -2.58470e+01      5.99000e-01      9.00000e+00    350s
   763     -2.65510e+01      5.99000e-01      9.00000e+00    352s
   765     -2.48300e+01      5.99000e-01      9.00000e+00    353s
   767     -2.60280e+01      5.99000e-01      9.00000e+00    354s
   770     -2.52350e+01      5.99000e-01      9.00000e+00    355s
   773     -2.54790e+01      5.99000e-01      9.00000e+00    357s
   775     -2.56690e+01      5.99000e-01      9.00000e+00    358s
   778     -2.60650e+01      5.99000e-01      9.00000e+00    359s
   780     -2.47230e+01      5.99000e-01      9.00000e+00    360s
   782     -2.60710e+01      5.99000e-01      9.00000e+00    361s
   785     -2.49390e+01      5.99000e-01      9.00000e+00    363s
   788     -2.50650e+01      5.99000e-01      9.00000e+00    364s
   791     -2.54840e+01      5.99000e-01      9.00000e+00    365s
   794     -2.60510e+01      5.99000e-01      9.00000e+00    367s
   796     -2.63400e+01      5.99000e-01      9.00000e+00    368s
   799     -2.62740e+01      5.99000e-01      9.00000e+00    369s
   801     -2.59330e+01      5.99000e-01      9.00000e+00    370s
   804     -2.67270e+01      5.99000e-01      9.00000e+00    372s
   807     -2.66860e+01      5.99000e-01      9.00000e+00    373s
   810     -2.66470e+01      5.99000e-01      9.00000e+00    374s
   813     -2.68920e+01      5.99000e-01      9.00000e+00    375s
   816     -2.63800e+01      5.99000e-01      9.00000e+00    377s
   819     -2.62480e+01      5.99000e-01      9.00000e+00    378s
   822     -2.54850e+01      5.99000e-01      9.00000e+00    380s
   824     -2.62130e+01      5.99000e-01      9.00000e+00    381s
   826     -2.53590e+01      5.99000e-01      9.00000e+00    382s
   829     -2.65670e+01      5.99000e-01      9.00000e+00    383s
   832     -2.59040e+01      5.99000e-01      9.00000e+00    384s
   835     -2.54720e+01      5.99000e-01      9.00000e+00    385s
   837     -2.59670e+01      5.99000e-01      9.00000e+00    386s
   839     -2.56920e+01      5.99000e-01      9.00000e+00    387s
   841     -2.64940e+01      5.99000e-01      9.00000e+00    389s
   844     -2.68950e+01      5.99000e-01      9.00000e+00    390s
   847     -2.58340e+01      5.99000e-01      9.00000e+00    391s
   850     -2.60890e+01      5.99000e-01      9.00000e+00    392s
   853     -2.62800e+01      5.99000e-01      9.00000e+00    394s
   856     -2.55960e+01      5.99000e-01      9.00000e+00    395s
   859     -2.49720e+01      5.99000e-01      9.00000e+00    396s
   862     -2.40690e+01      5.99000e-01      9.00000e+00    397s
   865     -2.55370e+01      5.99000e-01      9.00000e+00    399s
   867     -2.60100e+01      5.99000e-01      9.00000e+00    400s
   870     -2.48160e+01      5.99000e-01      9.00000e+00    401s
   873     -2.63690e+01      5.99000e-01      9.00000e+00    403s
   876     -2.75290e+01      5.99000e-01      9.00000e+00    404s
   879     -2.50310e+01      5.99000e-01      9.00000e+00    405s
   881     -2.60770e+01      5.99000e-01      9.00000e+00    406s
   883     -2.46380e+01      5.99000e-01      9.00000e+00    408s
   886     -2.58440e+01      5.99000e-01      9.00000e+00    409s
   888     -2.66800e+01      5.99000e-01      9.00000e+00    410s
   891     -2.64060e+01      5.99000e-01      9.00000e+00    411s
   894     -2.60500e+01      5.99000e-01      9.00000e+00    412s
   896     -2.62510e+01      5.99000e-01      9.00000e+00    414s
   899     -2.59400e+01      5.99000e-01      9.00000e+00    415s
   902     -2.63880e+01      5.99000e-01      9.00000e+00    416s
   905     -2.32660e+01      5.99000e-01      9.00000e+00    417s
   908     -2.34120e+01      5.99000e-01      9.00000e+00    419s
   911     -2.54730e+01      5.99000e-01      9.00000e+00    420s
   913     -2.49720e+01      5.99000e-01      9.00000e+00    421s
   915     -2.55590e+01      5.99000e-01      9.00000e+00    422s
   918     -2.44520e+01      5.99000e-01      9.00000e+00    423s
   921     -2.52670e+01      5.99000e-01      9.00000e+00    424s
   924     -2.60760e+01      5.99000e-01      9.00000e+00    426s
   927     -2.50840e+01      5.99000e-01      9.00000e+00    427s
   930     -2.42400e+01      5.99000e-01      9.00000e+00    428s
   933     -2.43350e+01      5.99000e-01      9.00000e+00    430s
   937     -2.61020e+01      5.99000e-01      9.00000e+00    431s
   939     -2.54020e+01      5.99000e-01      9.00000e+00    433s
   942     -2.54440e+01      5.99000e-01      9.00000e+00    434s
   945     -2.48850e+01      5.99000e-01      9.00000e+00    435s
   948     -2.60400e+01      5.99000e-01      9.00000e+00    437s
   951     -2.64270e+01      5.99000e-01      9.00000e+00    438s
   953     -2.61030e+01      5.99000e-01      9.00000e+00    439s
   956     -2.42690e+01      5.99000e-01      9.00000e+00    440s
   959     -2.45950e+01      5.99000e-01      9.00000e+00    442s
   962     -2.54440e+01      5.99000e-01      9.00000e+00    443s
   964     -2.62070e+01      5.99000e-01      9.00000e+00    444s
   966     -2.51470e+01      5.99000e-01      9.00000e+00    445s
   969     -2.45300e+01      5.99000e-01      9.00000e+00    447s
   971     -2.44800e+01      5.99000e-01      9.00000e+00    448s
   973     -2.52950e+01      5.99000e-01      9.00000e+00    449s
   976     -2.47410e+01      5.99000e-01      9.00000e+00    450s
   978     -2.50860e+01      5.99000e-01      9.00000e+00    451s
   981     -2.39920e+01      5.99000e-01      9.00000e+00    453s
   985     -2.49860e+01      5.99000e-01      9.00000e+00    454s
   988     -2.63000e+01      5.99000e-01      9.00000e+00    456s
   991     -2.39290e+01      5.99000e-01      9.00000e+00    457s
   994     -2.39440e+01      5.99000e-01      9.00000e+00    459s
   997     -2.62660e+01      5.99000e-01      9.00000e+00    460s
  1000     -2.52100e+01      5.99000e-01      9.00000e+00    461s
  1003     -2.57240e+01      5.99000e-01      9.00000e+00    463s
  1006     -2.52500e+01      5.99000e-01      9.00000e+00    464s
  1009     -2.51670e+01      5.99000e-01      9.00000e+00    465s
  1012     -2.59250e+01      5.99000e-01      9.00000e+00    467s
  1015     -2.61580e+01      5.99000e-01      9.00000e+00    468s
  1018     -2.50010e+01      5.99000e-01      9.00000e+00    470s
  1021     -2.66950e+01      5.99000e-01      9.00000e+00    471s
  1024     -2.48740e+01      5.99000e-01      9.00000e+00    473s
  1026     -2.58660e+01      5.99000e-01      9.00000e+00    474s
  1028     -2.56360e+01      5.99000e-01      9.00000e+00    475s
  1031     -2.58940e+01      5.99000e-01      9.00000e+00    476s
  1033     -2.58280e+01      5.99000e-01      9.00000e+00    477s
  1036     -2.64060e+01      5.99000e-01      9.00000e+00    479s
  1039     -2.60350e+01      5.99000e-01      9.00000e+00    480s
  1041     -2.57440e+01      5.99000e-01      9.00000e+00    481s
  1043     -2.44420e+01      5.99000e-01      9.00000e+00    483s
  1045     -2.50520e+01      5.99000e-01      9.00000e+00    484s
  1047     -2.57450e+01      5.99000e-01      9.00000e+00    485s
  1049     -2.57310e+01      5.99000e-01      9.00000e+00    486s
  1052     -2.54590e+01      5.99000e-01      9.00000e+00    487s
  1055     -2.54360e+01      5.99000e-01      9.00000e+00    488s
  1058     -2.48210e+01      5.99000e-01      9.00000e+00    490s
  1060     -2.54240e+01      5.99000e-01      9.00000e+00    491s
  1063     -2.54260e+01      5.99000e-01      9.00000e+00    492s
  1065     -2.67270e+01      5.99000e-01      9.00000e+00    494s
  1068     -2.55180e+01      5.99000e-01      9.00000e+00    495s
  1070     -2.60680e+01      5.99000e-01      9.00000e+00    496s
  1072     -2.60620e+01      5.99000e-01      9.00000e+00    497s
  1075     -2.49150e+01      5.99000e-01      9.00000e+00    499s
  1078     -2.61650e+01      5.99000e-01      9.00000e+00    500s
  1081     -2.58520e+01      5.99000e-01      9.00000e+00    501s
  1083     -2.52990e+01      5.99000e-01      9.00000e+00    502s
  1085     -2.54820e+01      5.99000e-01      9.00000e+00    504s
  1087     -2.55420e+01      5.99000e-01      9.00000e+00    505s
  1089     -2.53800e+01      5.99000e-01      9.00000e+00    506s
  1092     -2.70760e+01      5.99000e-01      9.00000e+00    507s
  1095     -2.61840e+01      5.99000e-01      9.00000e+00    509s
  1098     -2.59590e+01      5.99000e-01      9.00000e+00    510s
  1101     -2.66910e+01      5.99000e-01      9.00000e+00    511s
  1103     -2.50570e+01      5.99000e-01      9.00000e+00    512s
  1106     -2.69630e+01      5.99000e-01      9.00000e+00    514s
  1109     -2.70890e+01      5.99000e-01      9.00000e+00    515s
  1111     -2.63660e+01      5.99000e-01      9.00000e+00    516s
  1114     -2.64770e+01      5.99000e-01      9.00000e+00    518s
  1117     -2.58270e+01      5.99000e-01      9.00000e+00    519s
  1120     -2.52140e+01      5.99000e-01      9.00000e+00    520s
  1124     -2.62180e+01      5.99000e-01      9.00000e+00    522s
  1127     -2.60750e+01      5.99000e-01      9.00000e+00    523s
  1129     -2.65200e+01      5.99000e-01      9.00000e+00    525s
  1131     -2.57560e+01      5.99000e-01      9.00000e+00    526s
  1134     -2.52920e+01      5.99000e-01      9.00000e+00    527s
  1136     -2.59160e+01      5.99000e-01      9.00000e+00    528s
  1138     -2.64650e+01      5.99000e-01      9.00000e+00    529s
  1140     -2.56580e+01      5.99000e-01      9.00000e+00    530s
  1143     -2.47840e+01      5.99000e-01      9.00000e+00    532s
  1146     -2.49960e+01      5.99000e-01      9.00000e+00    533s
  1148     -2.61060e+01      5.99000e-01      9.00000e+00    534s
  1151     -2.60010e+01      5.99000e-01      9.00000e+00    535s
  1154     -2.63310e+01      5.99000e-01      9.00000e+00    537s
  1157     -2.69170e+01      5.99000e-01      9.00000e+00    538s
  1160     -2.68030e+01      5.99000e-01      9.00000e+00    539s
  1163     -2.47460e+01      5.99000e-01      9.00000e+00    541s
  1166     -2.59020e+01      5.99000e-01      9.00000e+00    542s
  1169     -2.76600e+01      5.99000e-01      9.00000e+00    543s
  1172     -2.58940e+01      5.99000e-01      9.00000e+00    544s
  1175     -2.70100e+01      5.99000e-01      9.00000e+00    546s
  1177     -2.63720e+01      5.99000e-01      9.00000e+00    547s
  1179     -2.91950e+01      5.99000e-01      9.00000e+00    548s
  1182     -2.79740e+01      5.99000e-01      9.00000e+00    549s
  1184     -2.58130e+01      5.99000e-01      9.00000e+00    551s
  1187     -2.53910e+01      5.99000e-01      9.00000e+00    552s
  1189     -2.60690e+01      5.99000e-01      9.00000e+00    553s
  1192     -2.68270e+01      5.99000e-01      9.00000e+00    554s
  1195     -2.71440e+01      5.99000e-01      9.00000e+00    555s
  1197     -2.47810e+01      5.99000e-01      9.00000e+00    556s
  1200     -2.52310e+01      5.99000e-01      9.00000e+00    558s
  1203     -2.52900e+01      5.99000e-01      9.00000e+00    559s
  1205     -2.66350e+01      5.99000e-01      9.00000e+00    561s
  1207     -2.71650e+01      5.99000e-01      9.00000e+00    562s
  1210     -2.58680e+01      5.99000e-01      9.00000e+00    563s
  1213     -2.68440e+01      5.99000e-01      9.00000e+00    565s
  1216     -2.65270e+01      5.99000e-01      9.00000e+00    566s
  1218     -2.81500e+01      5.99000e-01      9.00000e+00    567s
  1220     -2.77650e+01      5.99000e-01      9.00000e+00    568s
  1222     -2.62980e+01      5.99000e-01      9.00000e+00    569s
  1224     -2.60190e+01      5.99000e-01      9.00000e+00    570s
  1226     -2.69270e+01      5.99000e-01      9.00000e+00    571s
  1228     -2.75900e+01      5.99000e-01      9.00000e+00    572s
  1230     -2.76860e+01      5.99000e-01      9.00000e+00    573s
  1232     -2.77720e+01      5.99000e-01      9.00000e+00    575s
  1235     -2.58650e+01      5.99000e-01      9.00000e+00    576s
  1238     -2.62010e+01      5.99000e-01      9.00000e+00    577s
  1240     -2.68190e+01      5.99000e-01      9.00000e+00    578s
  1242     -2.77370e+01      5.99000e-01      9.00000e+00    579s
  1244     -2.76210e+01      5.99000e-01      9.00000e+00    580s
  1247     -2.60060e+01      5.99000e-01      9.00000e+00    582s
  1250     -2.69460e+01      5.99000e-01      9.00000e+00    583s
  1252     -2.45990e+01      5.99000e-01      9.00000e+00    584s
  1254     -2.79150e+01      5.99000e-01      9.00000e+00    585s
  1257     -2.78070e+01      5.99000e-01      9.00000e+00    587s
  1260     -2.63200e+01      5.99000e-01      9.00000e+00    588s
  1263     -2.59700e+01      5.99000e-01      9.00000e+00    589s
  1265     -2.60730e+01      5.99000e-01      9.00000e+00    590s
  1268     -2.68720e+01      5.99000e-01      9.00000e+00    592s
  1271     -2.73090e+01      5.99000e-01      9.00000e+00    593s
  1273     -2.55190e+01      5.99000e-01      9.00000e+00    594s
  1276     -2.54230e+01      5.99000e-01      9.00000e+00    596s
  1279     -2.80840e+01      5.99000e-01      9.00000e+00    597s
  1282     -2.65300e+01      5.99000e-01      9.00000e+00    598s
  1285     -2.61790e+01      5.99000e-01      9.00000e+00    599s
  1287     -2.49390e+01      5.99000e-01      9.00000e+00    601s
  1290     -2.57530e+01      5.99000e-01      9.00000e+00    602s
  1293     -2.69130e+01      5.99000e-01      9.00000e+00    603s
  1296     -2.71550e+01      5.99000e-01      9.00000e+00    605s
  1299     -2.62210e+01      5.99000e-01      9.00000e+00    606s
  1302     -2.65260e+01      5.99000e-01      9.00000e+00    607s
  1305     -2.88700e+01      5.99000e-01      9.00000e+00    609s
  1307     -2.82020e+01      5.99000e-01      9.00000e+00    610s
  1310     -2.60080e+01      5.99000e-01      9.00000e+00    611s
  1312     -2.54160e+01      5.99000e-01      9.00000e+00    612s
  1314     -2.59330e+01      5.99000e-01      9.00000e+00    613s
  1317     -2.63870e+01      5.99000e-01      9.00000e+00    614s
  1320     -2.70620e+01      5.99000e-01      9.00000e+00    616s
  1323     -2.60660e+01      5.99000e-01      9.00000e+00    617s
  1325     -2.56940e+01      5.99000e-01      9.00000e+00    618s
  1327     -2.56940e+01      5.99000e-01      9.00000e+00    619s
  1330     -2.71210e+01      5.99000e-01      9.00000e+00    620s
  1333     -2.71290e+01      5.99000e-01      9.00000e+00    622s
  1336     -2.60070e+01      5.99000e-01      9.00000e+00    623s
  1339     -2.55800e+01      5.99000e-01      9.00000e+00    624s
  1342     -2.79450e+01      5.99000e-01      9.00000e+00    626s
  1345     -2.65990e+01      5.99000e-01      9.00000e+00    627s
  1347     -2.56710e+01      5.99000e-01      9.00000e+00    628s
  1350     -2.58280e+01      5.99000e-01      9.00000e+00    630s
  1352     -2.59670e+01      5.99000e-01      9.00000e+00    631s
  1355     -2.65080e+01      5.99000e-01      9.00000e+00    632s
  1358     -2.60880e+01      5.99000e-01      9.00000e+00    633s
  1361     -2.57290e+01      5.99000e-01      9.00000e+00    634s
  1364     -2.65320e+01      5.99000e-01      9.00000e+00    636s
  1367     -2.37740e+01      5.99000e-01      9.00000e+00    637s
  1370     -2.58700e+01      5.99000e-01      9.00000e+00    639s
  1372     -2.59640e+01      5.99000e-01      9.00000e+00    640s
  1374     -2.58330e+01      5.99000e-01      9.00000e+00    641s
  1376     -2.54530e+01      5.99000e-01      9.00000e+00    642s
  1379     -2.63750e+01      5.99000e-01      9.00000e+00    643s
  1381     -2.56450e+01      5.99000e-01      9.00000e+00    644s
  1385     -2.62860e+01      5.99000e-01      9.00000e+00    646s
  1388     -2.54020e+01      5.99000e-01      9.00000e+00    647s
  1391     -2.73920e+01      5.99000e-01      9.00000e+00    648s
  1394     -2.60700e+01      5.99000e-01      9.00000e+00    649s
  1396     -2.56520e+01      5.99000e-01      9.00000e+00    651s
  1399     -2.65350e+01      5.99000e-01      9.00000e+00    652s
  1402     -2.53170e+01      5.99000e-01      9.00000e+00    654s
  1405     -2.57070e+01      5.99000e-01      9.00000e+00    655s
  1408     -2.45110e+01      5.99000e-01      9.00000e+00    656s
  1411     -2.69690e+01      5.99000e-01      9.00000e+00    657s
  1414     -2.63150e+01      5.99000e-01      9.00000e+00    659s
  1417     -2.53500e+01      5.99000e-01      9.00000e+00    660s
  1420     -2.59110e+01      5.99000e-01      9.00000e+00    662s
  1422     -2.59590e+01      5.99000e-01      9.00000e+00    663s
  1424     -2.48780e+01      5.99000e-01      9.00000e+00    664s
  1427     -2.60370e+01      5.99000e-01      9.00000e+00    665s
  1430     -2.72720e+01      5.99000e-01      9.00000e+00    667s
  1433     -2.45900e+01      5.99000e-01      9.00000e+00    668s
  1436     -2.61660e+01      5.99000e-01      9.00000e+00    669s
  1438     -2.54470e+01      5.99000e-01      9.00000e+00    670s
  1440     -2.57770e+01      5.99000e-01      9.00000e+00    671s
  1443     -2.64210e+01      5.99000e-01      9.00000e+00    673s
  1446     -2.58290e+01      5.99000e-01      9.00000e+00    674s
  1449     -2.56810e+01      5.99000e-01      9.00000e+00    675s
  1451     -2.52510e+01      5.99000e-01      9.00000e+00    677s
  1453     -2.47100e+01      5.99000e-01      9.00000e+00    678s
  1456     -2.43580e+01      5.99000e-01      9.00000e+00    679s
  1458     -2.55970e+01      5.99000e-01      9.00000e+00    680s
  1461     -2.54700e+01      5.99000e-01      9.00000e+00    681s
  1464     -2.51590e+01      5.99000e-01      9.00000e+00    683s
  1467     -2.58300e+01      5.99000e-01      9.00000e+00    684s
  1470     -2.64420e+01      5.99000e-01      9.00000e+00    686s
  1473     -2.47540e+01      5.99000e-01      9.00000e+00    687s
  1476     -2.48540e+01      5.99000e-01      9.00000e+00    689s
  1478     -2.55890e+01      5.99000e-01      9.00000e+00    690s
  1482     -2.49280e+01      5.99000e-01      9.00000e+00    691s
  1485     -2.64690e+01      5.99000e-01      9.00000e+00    693s
  1487     -2.61610e+01      5.99000e-01      9.00000e+00    694s
  1490     -2.49180e+01      5.99000e-01      9.00000e+00    696s
  1492     -2.62420e+01      5.99000e-01      9.00000e+00    697s
  1495     -2.53780e+01      5.99000e-01      9.00000e+00    698s
  1498     -2.55390e+01      5.99000e-01      9.00000e+00    699s
  1500     -2.53690e+01      5.99000e-01      9.00000e+00    700s
  1503     -2.53980e+01      5.99000e-01      9.00000e+00    702s
  1505     -2.48260e+01      5.99000e-01      9.00000e+00    703s
  1508     -2.44510e+01      5.99000e-01      9.00000e+00    704s
  1511     -2.56580e+01      5.99000e-01      9.00000e+00    705s
  1514     -2.49770e+01      5.99000e-01      9.00000e+00    707s
  1516     -2.49570e+01      5.99000e-01      9.00000e+00    708s
  1518     -2.43200e+01      5.99000e-01      9.00000e+00    709s
  1520     -2.45730e+01      5.99000e-01      9.00000e+00    710s
  1523     -2.56020e+01      5.99000e-01      9.00000e+00    712s
  1525     -2.48070e+01      5.99000e-01      9.00000e+00    713s
  1528     -2.56290e+01      5.99000e-01      9.00000e+00    714s
  1531     -2.44720e+01      5.99000e-01      9.00000e+00    715s
  1534     -2.40310e+01      5.99000e-01      9.00000e+00    717s
  1537     -2.54830e+01      5.99000e-01      9.00000e+00    718s
  1539     -2.47560e+01      5.99000e-01      9.00000e+00    719s
  1541     -2.38720e+01      5.99000e-01      9.00000e+00    720s
  1544     -2.45920e+01      5.99000e-01      9.00000e+00    722s
  1547     -2.50570e+01      5.99000e-01      9.00000e+00    723s
  1549     -2.64990e+01      5.99000e-01      9.00000e+00    724s
  1553     -2.51980e+01      5.99000e-01      9.00000e+00    726s
  1556     -2.38090e+01      5.99000e-01      9.00000e+00    727s
  1559     -2.54000e+01      5.99000e-01      9.00000e+00    729s
  1562     -2.50210e+01      5.99000e-01      9.00000e+00    730s
  1565     -2.47090e+01      5.99000e-01      9.00000e+00    732s
  1568     -2.44790e+01      5.99000e-01      9.00000e+00    733s
  1570     -2.40590e+01      5.99000e-01      9.00000e+00    734s
  1572     -2.58060e+01      5.99000e-01      9.00000e+00    735s
  1575     -2.61610e+01      5.99000e-01      9.00000e+00    736s
  1578     -2.43340e+01      5.99000e-01      9.00000e+00    738s
  1580     -2.48740e+01      5.99000e-01      9.00000e+00    739s
  1582     -2.49080e+01      5.99000e-01      9.00000e+00    740s
  1585     -2.45560e+01      5.99000e-01      9.00000e+00    741s
  1588     -2.62160e+01      5.99000e-01      9.00000e+00    743s
  1590     -2.44120e+01      5.99000e-01      9.00000e+00    744s
  1593     -2.46250e+01      5.99000e-01      9.00000e+00    745s
  1595     -2.35340e+01      5.99000e-01      9.00000e+00    746s
  1597     -2.46360e+01      5.99000e-01      9.00000e+00    748s
  1600     -2.55330e+01      5.99000e-01      9.00000e+00    749s
  1602     -2.51100e+01      5.99000e-01      9.00000e+00    750s
  1605     -2.57190e+01      5.99000e-01      9.00000e+00    751s
  1608     -2.60340e+01      5.99000e-01      9.00000e+00    752s
  1610     -2.44820e+01      5.99000e-01      9.00000e+00    753s
  1613     -2.59170e+01      5.99000e-01      9.00000e+00    755s
  1615     -2.53490e+01      5.99000e-01      9.00000e+00    756s
  1617     -2.55760e+01      5.99000e-01      9.00000e+00    757s
  1620     -2.66530e+01      5.99000e-01      9.00000e+00    758s
  1623     -2.48130e+01      5.99000e-01      9.00000e+00    759s
  1626     -2.57770e+01      5.99000e-01      9.00000e+00    761s
  1628     -2.58400e+01      5.99000e-01      9.00000e+00    762s
  1631     -2.56180e+01      5.99000e-01      9.00000e+00    763s
  1634     -2.46530e+01      5.99000e-01      9.00000e+00    765s
  1636     -2.47870e+01      5.99000e-01      9.00000e+00    766s
  1638     -2.60530e+01      5.99000e-01      9.00000e+00    767s
  1641     -2.56280e+01      5.99000e-01      9.00000e+00    768s
  1644     -2.38000e+01      5.99000e-01      9.00000e+00    770s
  1647     -2.59030e+01      5.99000e-01      9.00000e+00    771s
  1650     -2.56710e+01      5.99000e-01      9.00000e+00    772s
  1653     -2.58130e+01      5.99000e-01      9.00000e+00    774s
  1656     -2.58210e+01      5.99000e-01      9.00000e+00    775s
  1658     -2.61550e+01      5.99000e-01      9.00000e+00    776s
  1660     -2.55360e+01      5.99000e-01      9.00000e+00    777s
  1662     -2.52360e+01      5.99000e-01      9.00000e+00    779s
  1665     -2.60050e+01      5.99000e-01      9.00000e+00    780s
  1668     -2.63810e+01      5.99000e-01      9.00000e+00    781s
  1672     -2.54810e+01      5.99000e-01      9.00000e+00    783s
  1674     -2.66300e+01      5.99000e-01      9.00000e+00    784s
  1677     -2.59740e+01      5.99000e-01      9.00000e+00    785s
  1680     -2.76320e+01      5.99000e-01      9.00000e+00    787s
  1682     -2.69120e+01      5.99000e-01      9.00000e+00    788s
  1684     -2.66820e+01      5.99000e-01      9.00000e+00    789s
  1686     -2.61820e+01      5.99000e-01      9.00000e+00    790s
  1689     -2.64020e+01      5.99000e-01      9.00000e+00    791s
  1691     -2.56960e+01      5.99000e-01      9.00000e+00    792s
  1694     -2.58360e+01      5.99000e-01      9.00000e+00    793s
  1697     -2.60740e+01      5.99000e-01      9.00000e+00    795s
  1700     -2.53880e+01      5.99000e-01      9.00000e+00    796s
  1703     -2.59490e+01      5.99000e-01      9.00000e+00    798s
  1705     -2.68660e+01      5.99000e-01      9.00000e+00    799s
  1708     -2.57980e+01      5.99000e-01      9.00000e+00    800s
  1711     -2.54830e+01      5.99000e-01      9.00000e+00    801s
  1713     -2.59160e+01      5.99000e-01      9.00000e+00    802s
  1716     -2.67260e+01      5.99000e-01      9.00000e+00    804s
  1719     -2.60010e+01      5.99000e-01      9.00000e+00    805s
  1722     -2.53220e+01      5.99000e-01      9.00000e+00    807s
  1725     -2.61100e+01      5.99000e-01      9.00000e+00    808s
  1727     -2.59240e+01      5.99000e-01      9.00000e+00    809s
  1729     -2.71350e+01      5.99000e-01      9.00000e+00    810s
  1732     -2.61290e+01      5.99000e-01      9.00000e+00    812s
  1735     -2.54280e+01      5.99000e-01      9.00000e+00    813s
  1737     -2.59800e+01      5.99000e-01      9.00000e+00    814s
  1740     -2.63220e+01      5.99000e-01      9.00000e+00    815s
  1743     -2.60550e+01      5.99000e-01      9.00000e+00    817s
  1746     -2.56410e+01      5.99000e-01      9.00000e+00    818s
  1748     -2.63900e+01      5.99000e-01      9.00000e+00    819s
  1750     -2.46590e+01      5.99000e-01      9.00000e+00    820s
  1752     -2.50280e+01      5.99000e-01      9.00000e+00    821s
  1755     -2.63360e+01      5.99000e-01      9.00000e+00    823s
  1758     -2.47880e+01      5.99000e-01      9.00000e+00    824s
  1761     -2.55770e+01      5.99000e-01      9.00000e+00    826s
  1763     -2.58800e+01      5.99000e-01      9.00000e+00    827s
  1766     -2.53150e+01      5.99000e-01      9.00000e+00    828s
  1769     -2.54120e+01      5.99000e-01      9.00000e+00    830s
  1772     -2.53660e+01      5.99000e-01      9.00000e+00    831s
  1774     -2.58410e+01      5.99000e-01      9.00000e+00    832s
  1777     -2.52730e+01      5.99000e-01      9.00000e+00    834s
  1780     -2.59230e+01      5.99000e-01      9.00000e+00    835s
  1782     -2.50110e+01      5.99000e-01      9.00000e+00    836s
  1784     -2.62040e+01      5.99000e-01      9.00000e+00    837s
  1786     -2.61480e+01      5.99000e-01      9.00000e+00    838s
  1789     -2.54290e+01      5.99000e-01      9.00000e+00    839s
  1792     -2.60320e+01      5.99000e-01      9.00000e+00    841s
  1795     -2.62030e+01      5.99000e-01      9.00000e+00    842s
  1798     -2.55560e+01      5.99000e-01      9.00000e+00    844s
  1800     -2.56680e+01      5.99000e-01      9.00000e+00    845s
  1802     -2.54460e+01      5.99000e-01      9.00000e+00    846s
  1805     -2.45910e+01      5.99000e-01      9.00000e+00    847s
  1807     -2.48340e+01      5.99000e-01      9.00000e+00    848s
  1809     -2.55870e+01      5.99000e-01      9.00000e+00    849s
  1812     -2.58140e+01      5.99000e-01      9.00000e+00    851s
  1815     -2.48590e+01      5.99000e-01      9.00000e+00    852s
  1817     -2.52600e+01      5.99000e-01      9.00000e+00    853s
  1820     -2.56850e+01      5.99000e-01      9.00000e+00    855s
  1822     -2.56850e+01      5.99000e-01      9.00000e+00    856s
  1825     -2.57090e+01      5.99000e-01      9.00000e+00    857s
  1828     -2.46530e+01      5.99000e-01      9.00000e+00    859s
  1831     -2.58320e+01      5.99000e-01      9.00000e+00    860s
  1834     -2.54400e+01      5.99000e-01      9.00000e+00    861s
  1836     -2.52560e+01      5.99000e-01      9.00000e+00    862s
  1839     -2.47910e+01      5.99000e-01      9.00000e+00    863s
  1842     -2.53050e+01      5.99000e-01      9.00000e+00    865s
  1844     -2.40370e+01      5.99000e-01      9.00000e+00    866s
  1846     -2.49000e+01      5.99000e-01      9.00000e+00    867s
  1849     -2.59090e+01      5.99000e-01      9.00000e+00    868s
  1852     -2.51350e+01      5.99000e-01      9.00000e+00    870s
  1855     -2.47210e+01      5.99000e-01      9.00000e+00    871s
  1857     -2.48030e+01      5.99000e-01      9.00000e+00    872s
  1860     -2.62970e+01      5.99000e-01      9.00000e+00    873s
  1863     -2.50920e+01      5.99000e-01      9.00000e+00    874s
  1865     -2.54420e+01      5.99000e-01      9.00000e+00    875s
  1868     -2.54610e+01      5.99000e-01      9.00000e+00    877s
  1871     -2.47660e+01      5.99000e-01      9.00000e+00    878s
  1873     -2.60240e+01      5.99000e-01      9.00000e+00    879s
  1875     -2.49250e+01      5.99000e-01      9.00000e+00    880s
  1877     -2.60170e+01      5.99000e-01      9.00000e+00    881s
  1879     -2.58140e+01      5.99000e-01      9.00000e+00    883s
  1882     -2.36240e+01      5.99000e-01      9.00000e+00    884s
  1884     -2.34430e+01      5.99000e-01      9.00000e+00    885s
  1887     -2.61650e+01      5.99000e-01      9.00000e+00    886s
  1889     -2.55740e+01      5.99000e-01      9.00000e+00    887s
  1892     -2.44730e+01      5.99000e-01      9.00000e+00    889s
  1894     -2.40910e+01      5.99000e-01      9.00000e+00    890s
  1896     -2.58170e+01      5.99000e-01      9.00000e+00    891s
  1899     -2.53960e+01      5.99000e-01      9.00000e+00    892s
  1901     -2.67470e+01      5.99000e-01      9.00000e+00    893s
  1904     -2.59570e+01      5.99000e-01      9.00000e+00    895s
  1907     -2.47850e+01      5.99000e-01      9.00000e+00    896s
  1910     -2.60640e+01      5.99000e-01      9.00000e+00    897s
  1912     -2.64010e+01      5.99000e-01      9.00000e+00    899s
  1914     -2.57400e+01      5.99000e-01      9.00000e+00    900s
  1916     -2.47100e+01      5.99000e-01      9.00000e+00    901s
  1918     -2.54680e+01      5.99000e-01      9.00000e+00    902s
  1920     -2.58540e+01      5.99000e-01      9.00000e+00    903s
  1923     -2.48670e+01      5.99000e-01      9.00000e+00    905s
  1926     -2.47120e+01      5.99000e-01      9.00000e+00    906s
  1929     -2.59040e+01      5.99000e-01      9.00000e+00    907s
  1931     -2.64440e+01      5.99000e-01      9.00000e+00    908s
  1933     -2.60190e+01      5.99000e-01      9.00000e+00    909s
  1936     -2.57870e+01      5.99000e-01      9.00000e+00    911s
  1938     -2.56540e+01      5.99000e-01      9.00000e+00    912s
  1940     -2.50220e+01      5.99000e-01      9.00000e+00    913s
  1942     -2.54760e+01      5.99000e-01      9.00000e+00    914s
  1944     -2.72310e+01      5.99000e-01      9.00000e+00    915s
  1946     -2.61980e+01      5.99000e-01      9.00000e+00    916s
  1949     -2.57190e+01      5.99000e-01      9.00000e+00    918s
  1952     -2.49830e+01      5.99000e-01      9.00000e+00    919s
  1954     -2.72220e+01      5.99000e-01      9.00000e+00    920s
  1957     -2.64450e+01      5.99000e-01      9.00000e+00    922s
  1960     -2.57610e+01      5.99000e-01      9.00000e+00    923s
  1962     -2.51940e+01      5.99000e-01      9.00000e+00    924s
  1965     -2.60680e+01      5.99000e-01      9.00000e+00    925s
  1967     -2.71100e+01      5.99000e-01      9.00000e+00    927s
  1970     -2.75040e+01      5.99000e-01      9.00000e+00    928s
  1973     -2.70080e+01      5.99000e-01      9.00000e+00    929s
  1976     -2.58180e+01      5.99000e-01      9.00000e+00    931s
  1979     -2.63730e+01      5.99000e-01      9.00000e+00    932s
  1982     -2.66710e+01      5.99000e-01      9.00000e+00    933s
  1985     -2.59560e+01      5.99000e-01      9.00000e+00    935s
  1988     -2.53370e+01      5.99000e-01      9.00000e+00    936s
  1990     -2.62940e+01      5.99000e-01      9.00000e+00    937s
  1992     -2.58750e+01      5.99000e-01      9.00000e+00    938s
  1994     -2.72380e+01      5.99000e-01      9.00000e+00    939s
  1997     -2.58260e+01      5.99000e-01      9.00000e+00    940s
  2000     -2.49550e+01      5.99000e-01      9.00000e+00    942s
  2003     -2.76540e+01      5.99000e-01      9.00000e+00    943s
  2006     -2.79730e+01      5.99000e-01      9.00000e+00    944s
  2009     -2.78400e+01      5.99000e-01      9.00000e+00    945s
  2011     -2.50720e+01      5.99000e-01      9.00000e+00    946s
  2014     -2.52710e+01      5.99000e-01      9.00000e+00    948s
  2017     -2.78310e+01      5.99000e-01      9.00000e+00    949s
  2020     -2.80970e+01      5.99000e-01      9.00000e+00    951s
  2023     -2.64880e+01      5.99000e-01      9.00000e+00    952s
  2026     -2.66200e+01      5.99000e-01      9.00000e+00    953s
  2029     -2.84210e+01      5.99000e-01      9.00000e+00    954s
  2032     -2.83370e+01      5.99000e-01      9.00000e+00    956s
  2035     -2.63560e+01      5.99000e-01      9.00000e+00    957s
  2037     -2.53950e+01      5.99000e-01      9.00000e+00    958s
  2039     -2.54500e+01      5.99000e-01      9.00000e+00    959s
  2041     -2.75670e+01      5.99000e-01      9.00000e+00    960s
  2044     -2.87740e+01      5.99000e-01      9.00000e+00    962s
  2047     -2.66030e+01      5.99000e-01      9.00000e+00    963s
  2050     -2.56110e+01      5.99000e-01      9.00000e+00    964s
  2053     -2.72110e+01      5.99000e-01      9.00000e+00    966s
  2056     -3.01140e+01      5.99000e-01      9.00000e+00    968s
  2058     -2.74700e+01      5.99000e-01      9.00000e+00    969s
  2060     -2.60930e+01      5.99000e-01      9.00000e+00    970s
  2063     -2.58220e+01      5.99000e-01      9.00000e+00    971s
  2066     -2.87570e+01      5.99000e-01      9.00000e+00    973s
  2069     -2.86850e+01      5.99000e-01      9.00000e+00    974s
  2072     -2.70250e+01      5.99000e-01      9.00000e+00    975s
  2074     -2.53820e+01      5.99000e-01      9.00000e+00    976s
  2077     -2.70700e+01      5.99000e-01      9.00000e+00    978s
  2080     -2.88880e+01      5.99000e-01      9.00000e+00    979s
  2082     -2.87390e+01      5.99000e-01      9.00000e+00    980s
  2085     -2.66610e+01      5.99000e-01      9.00000e+00    982s
  2088     -2.53180e+01      5.99000e-01      9.00000e+00    983s
  2091     -2.97920e+01      5.99000e-01      9.00000e+00    985s
  2095     -2.91250e+01      5.99000e-01      9.00000e+00    986s
  2097     -2.69450e+01      5.99000e-01      9.00000e+00    987s
  2099     -2.48970e+01      5.99000e-01      9.00000e+00    988s
  2101     -2.60860e+01      5.99000e-01      9.00000e+00    989s
  2103     -2.79020e+01      5.99000e-01      9.00000e+00    990s
  2105     -2.88870e+01      5.99000e-01      9.00000e+00    991s
  2108     -2.79680e+01      5.99000e-01      9.00000e+00    993s
  2110     -2.57510e+01      5.99000e-01      9.00000e+00    994s
  2113     -2.66260e+01      5.99000e-01      9.00000e+00    995s
  2116     -2.87300e+01      5.99000e-01      9.00000e+00    996s
  2119     -2.83560e+01      5.99000e-01      9.00000e+00    998s
  2121     -2.75590e+01      5.99000e-01      9.00000e+00    999s
  2124     -2.60910e+01      5.99000e-01      9.00000e+00   1000s
  2127     -2.69450e+01      5.99000e-01      9.00000e+00   1002s
  2130     -2.81240e+01      5.99000e-01      9.00000e+00   1003s
  2133     -2.83850e+01      5.99000e-01      9.00000e+00   1004s
  2136     -2.67860e+01      5.99000e-01      9.00000e+00   1006s
  2139     -2.67250e+01      5.99000e-01      9.00000e+00   1007s
  2143     -3.06930e+01      5.99000e-01      9.00000e+00   1009s
  2145     -2.81570e+01      5.99000e-01      9.00000e+00   1010s
  2148     -2.59990e+01      5.99000e-01      9.00000e+00   1011s
  2151     -2.55030e+01      5.99000e-01      9.00000e+00   1013s
  2154     -2.80360e+01      5.99000e-01      9.00000e+00   1014s
  2157     -2.94600e+01      5.99000e-01      9.00000e+00   1015s
  2160     -2.81740e+01      5.99000e-01      9.00000e+00   1016s
  2163     -2.55790e+01      5.99000e-01      9.00000e+00   1018s
  2165     -2.54940e+01      5.99000e-01      9.00000e+00   1019s
  2169     -2.75900e+01      5.99000e-01      9.00000e+00   1020s
  2172     -2.46090e+01      5.99000e-01      9.00000e+00   1022s
  2175     -2.56720e+01      5.99000e-01      9.00000e+00   1023s
  2178     -2.92300e+01      5.99000e-01      9.00000e+00   1024s
  2181     -2.98880e+01      5.99000e-01      9.00000e+00   1026s
  2183     -2.81140e+01      5.99000e-01      9.00000e+00   1027s
  2186     -2.62920e+01      5.99000e-01      9.00000e+00   1028s
  2188     -2.61120e+01      5.99000e-01      9.00000e+00   1029s
  2190     -2.65690e+01      5.99000e-01      9.00000e+00   1030s
  2194     -2.70940e+01      5.99000e-01      9.00000e+00   1032s
  2196     -2.63720e+01      5.99000e-01      9.00000e+00   1033s
  2199     -2.48050e+01      5.99000e-01      9.00000e+00   1034s
  2202     -2.67840e+01      5.99000e-01      9.00000e+00   1035s
  2205     -2.87280e+01      5.99000e-01      9.00000e+00   1037s
  2208     -2.95940e+01      5.99000e-01      9.00000e+00   1038s
  2211     -2.72650e+01      5.99000e-01      9.00000e+00   1040s
  2213     -2.49680e+01      5.99000e-01      9.00000e+00   1041s
  2215     -2.84590e+01      5.99000e-01      9.00000e+00   1042s
  2218     -3.24030e+01      5.99000e-01      9.00000e+00   1043s
  2221     -3.15500e+01      5.99000e-01      9.00000e+00   1044s
  2223     -2.65550e+01      5.99000e-01      9.00000e+00   1045s
  2225     -2.59480e+01      5.99000e-01      9.00000e+00   1047s
  2227     -2.61680e+01      5.99000e-01      9.00000e+00   1048s
  2229     -2.93430e+01      5.99000e-01      9.00000e+00   1049s
  2231     -3.02190e+01      5.99000e-01      9.00000e+00   1050s
  2233     -2.79000e+01      5.99000e-01      9.00000e+00   1051s
  2235     -2.68070e+01      5.99000e-01      9.00000e+00   1053s
  2238     -2.69350e+01      5.99000e-01      9.00000e+00   1054s
  2240     -2.90340e+01      5.99000e-01      9.00000e+00   1055s
  2243     -3.31490e+01      5.99000e-01      9.00000e+00   1056s
  2245     -3.09410e+01      5.99000e-01      9.00000e+00   1057s
  2248     -2.64610e+01      5.99000e-01      9.00000e+00   1059s
  2250     -2.60540e+01      5.99000e-01      9.00000e+00   1060s
  2252     -2.68440e+01      5.99000e-01      9.00000e+00   1061s
  2254     -3.19460e+01      5.99000e-01      9.00000e+00   1062s
  2257     -3.30860e+01      5.99000e-01      9.00000e+00   1064s
  2260     -2.70330e+01      5.99000e-01      9.00000e+00   1065s
  2263     -2.67840e+01      5.99000e-01      9.00000e+00   1066s
  2266     -3.36160e+01      5.99000e-01      9.00000e+00   1068s
  2269     -3.60830e+01      5.99000e-01      9.00000e+00   1069s
  2271     -3.20190e+01      5.99000e-01      9.00000e+00   1070s
  2273     -2.69430e+01      5.99000e-01      9.00000e+00   1071s
  2275     -2.59320e+01      5.99000e-01      9.00000e+00   1072s
  2277     -2.92210e+01      5.99000e-01      9.00000e+00   1073s
  2279     -3.32110e+01      5.99000e-01      9.00000e+00   1074s
  2282     -3.23870e+01      5.99000e-01      9.00000e+00   1076s
  2285     -2.83110e+01      5.99000e-01      9.00000e+00   1077s
  2288     -2.77410e+01      5.99000e-01      9.00000e+00   1078s
  2291     -3.38450e+01      5.99000e-01      9.00000e+00   1080s
  2293     -3.62110e+01      5.99000e-01      9.00000e+00   1081s
  2296     -2.97270e+01      5.99000e-01      9.00000e+00   1082s
  2298     -2.67740e+01      5.99000e-01      9.00000e+00   1083s
  2301     -2.48130e+01      5.99000e-01      9.00000e+00   1084s
  2303     -2.73800e+01      5.99000e-01      9.00000e+00   1085s
  2306     -3.72740e+01      5.99000e-01      9.00000e+00   1087s
  2310     -3.01970e+01      5.99000e-01      9.00000e+00   1088s
  2313     -2.51910e+01      5.99000e-01      9.00000e+00   1090s
  2316     -3.08700e+01      5.99000e-01      9.00000e+00   1091s
  2318     -3.66930e+01      5.99000e-01      9.00000e+00   1092s
  2320     -3.78600e+01      5.99000e-01      9.00000e+00   1093s
  2323     -2.95520e+01      5.99000e-01      9.00000e+00   1095s
  2326     -2.54040e+01      5.99000e-01      9.00000e+00   1096s
  2329     -3.29680e+01      5.99000e-01      9.00000e+00   1097s
  2332     -3.59320e+01      5.99000e-01      9.00000e+00   1098s
  2335     -3.01240e+01      5.99000e-01      9.00000e+00   1099s
  2338     -2.60050e+01      5.99000e-01      9.00000e+00   1101s
  2341     -3.16350e+01      5.99000e-01      9.00000e+00   1102s
  2344     -3.78380e+01      5.99000e-01      9.00000e+00   1104s
  2347     -3.08510e+01      5.99000e-01      9.00000e+00   1105s
  2350     -2.59880e+01      5.99000e-01      9.00000e+00   1106s
  2353     -3.37970e+01      5.99000e-01      9.00000e+00   1107s
  2355     -4.74120e+01      5.99000e-01      9.00000e+00   1108s
  2358     -5.17870e+01      5.99000e-01      9.00000e+00   1110s
  2361     -3.45920e+01      5.99000e-01      9.00000e+00   1111s
  2363     -2.02700e+01      5.99000e-01      9.00000e+00   1112s
  2366     -1.60430e+01      5.99000e-01      9.00000e+00   1113s
  2369     -2.65410e+01      5.99000e-01      9.00000e+00   1114s
  2372     -2.95650e+01      5.99000e-01      9.00000e+00   1116s
  2375     -2.55300e+01      5.99000e-01      9.00000e+00   1117s
  2378     -3.82700e+01      5.99000e-01      9.00000e+00   1118s
  2381     -5.10880e+01      5.99000e-01      9.00000e+00   1120s
  2384     -4.59650e+01      5.99000e-01      9.00000e+00   1121s
  2387     -2.36070e+01      5.99000e-01      9.00000e+00   1122s
  2390     -1.62080e+01      5.99000e-01      9.00000e+00   1123s
  2392     -2.13910e+01      5.99000e-01      9.00000e+00   1125s
  2395     -2.79110e+01      5.99000e-01      9.00000e+00   1126s
  2398     -2.72750e+01      5.99000e-01      9.00000e+00   1127s
  2401     -4.10000e+01      5.99000e-01      9.00000e+00   1128s
  2404     -8.57220e+01      5.99000e-01      9.00000e+00   1130s
  2407     -8.98700e+01      5.99000e-01      9.00000e+00   1131s
  2410     -5.18340e+01      5.99000e-01      9.00000e+00   1132s
  2413     -2.02840e+01      5.99000e-01      9.00000e+00   1133s
  2415     -1.28160e+01      5.99000e-01      9.00000e+00   1134s
  2418     -5.65900e+00      5.99000e-01      9.00000e+00   1136s
  2421      2.89000e-01      5.99000e-01      9.00000e+00   1137s
  2423     -8.71900e+00      5.99000e-01      9.00000e+00   1138s
  2426     -4.89010e+01      5.99000e-01      9.00000e+00   1139s
  2429     -9.04480e+01      5.99000e-01      9.00000e+00   1141s
  2432     -8.42820e+01      5.99000e-01      9.00000e+00   1142s
  2435     -4.61200e+01      5.99000e-01      9.00000e+00   1143s
  2438     -1.67620e+01      5.99000e-01      9.00000e+00   1144s
  2440     -1.15410e+01      5.99000e-01      9.00000e+00   1145s
  2443     -4.61600e+00      5.99000e-01      9.00000e+00   1146s
  2446     -8.66000e-01      5.99000e-01      9.00000e+00   1148s
  2449     -2.55640e+01      5.99000e-01      9.00000e+00   1149s
  2451     -2.48440e+01      5.99000e-01      9.00000e+00   1150s
  2454     -2.62820e+01      5.99000e-01      9.00000e+00   1152s
  2456     -2.55970e+01      5.99000e-01      9.00000e+00   1153s
  2458     -2.62350e+01      5.99000e-01      9.00000e+00   1154s
  2461     -2.55970e+01      5.99000e-01      9.00000e+00   1155s
  2464     -2.61540e+01      5.99000e-01      9.00000e+00   1157s
  2467     -2.59060e+01      5.99000e-01      9.00000e+00   1158s
  2470     -2.51040e+01      5.99000e-01      9.00000e+00   1160s
  2473     -2.49810e+01      5.99000e-01      9.00000e+00   1161s
  2476     -2.59470e+01      5.99000e-01      9.00000e+00   1162s
  2479     -2.60790e+01      5.99000e-01      9.00000e+00   1164s
  2482     -2.60230e+01      5.99000e-01      9.00000e+00   1165s
  2485     -2.58620e+01      5.99000e-01      9.00000e+00   1166s
  2488     -2.64850e+01      5.99000e-01      9.00000e+00   1168s
  2491     -2.56410e+01      5.99000e-01      9.00000e+00   1169s
  2493     -2.55730e+01      5.99000e-01      9.00000e+00   1170s
  2495     -2.71100e+01      5.99000e-01      9.00000e+00   1171s
  2498     -2.43690e+01      5.99000e-01      9.00000e+00   1173s

==================================================
Summary of results QAOA
--------------------------------------------------
Average of QAOA obj:          0.60
STD of QAOA obj:              190.34

Gamma angles:                 0.13
Beta angles:                  3.59

Best QAOA obj:                9.00
Modified best QAOA obj:       9.00

QAOA total time:              1172.99s
QAOA circuit depth:           34
==================================================

==================================================
Summary of results of 0-S6
--------------------------------------------------
Number of vertices:           6
Number of edges:              15

Vertex num in largest comp:   6
Edge num in largest comp:     15

Pre-processing running time:  0.00
Total solver time:            1172.53
Running time:                 1176.84

Upper bound:                  10.00
Objective value:              9.00

Partition 0:                  1, 3, 4, 5          
Partition 1:                                      
Partition 2:                  2                   
Partition 3:                  6                   
==================================================
