==================================================
Instance parameters
--------------------------------------------------
Number of vertices:           8
Number of edges:              22
Number of partitions:         3

Density (%):                  79
Name of instance:             seed1_band_pen1.0
Is planar:                    False
==================================================

==================================================
Solver parameters
--------------------------------------------------
Method:                       QUBO
Peel:                         False
Decompose:                    False
Fold:                         False

QAOA Num Levels:              1
QAOA Scipy Optimizer:         brute
==================================================

  iter        avg-obj        best avg-obj       best-obj      time
     0     -1.14165e+01     -1.14165e+01      3.83333e+00      1s
     2     -1.12352e+01     -1.12352e+01      5.66667e+00      3s
     4     -1.13128e+01     -1.12352e+01      5.66667e+00      4s
     6     -1.15768e+01     -1.12292e+01      5.66667e+00      5s
     8     -1.16325e+01     -1.12292e+01      8.00000e+00      7s
    10     -1.12632e+01     -1.12292e+01      8.00000e+00      8s
    12     -1.18855e+01     -1.10965e+01      8.00000e+00     10s
    15     -1.15217e+01     -1.10965e+01      8.00000e+00     11s
    17     -1.08452e+01     -1.08452e+01      8.00000e+00     13s
    19     -1.14028e+01     -1.08452e+01      8.00000e+00     14s
    21     -1.14107e+01     -1.08452e+01      8.00000e+00     16s
    23     -1.15333e+01     -1.08452e+01      8.00000e+00     17s
    25     -1.14530e+01     -1.08452e+01      8.00000e+00     18s
    27     -1.14222e+01     -1.08452e+01      8.00000e+00     20s
    29     -1.10562e+01     -1.08452e+01      8.00000e+00     21s
    32     -1.14007e+01     -1.08452e+01      8.00000e+00     23s
    34     -1.11017e+01     -1.08452e+01      8.00000e+00     24s
    36     -1.14058e+01     -1.08452e+01      8.00000e+00     25s
    38     -1.11358e+01     -1.08452e+01      8.00000e+00     27s
    40     -1.11320e+01     -1.08452e+01      8.00000e+00     28s
    42     -1.13733e+01     -1.08452e+01      8.00000e+00     29s
    44     -1.12365e+01     -1.08452e+01      8.00000e+00     31s
    46     -1.15288e+01     -1.08452e+01      8.00000e+00     32s
    49     -1.11888e+01     -1.08452e+01      8.00000e+00     34s
    51     -8.69083e+00     -8.69083e+00      8.00000e+00     35s
    53     -5.93100e+00     -5.93100e+00      8.00000e+00     36s
    55     -7.64750e+00     -5.93100e+00      8.00000e+00     38s
    57     -1.06458e+01     -5.93100e+00      8.00000e+00     39s
    59     -1.29660e+01     -5.93100e+00      8.00000e+00     40s
    61     -1.24695e+01     -5.93100e+00      8.00000e+00     42s
    63     -1.07070e+01     -5.93100e+00      8.00000e+00     43s
    66     -1.26865e+01     -5.93100e+00      8.00000e+00     45s
    68     -1.62252e+01     -5.93100e+00      8.00000e+00     46s
    70     -1.87420e+01     -5.93100e+00      8.00000e+00     47s
    72     -1.79680e+01     -5.93100e+00      8.00000e+00     49s
    74     -1.27233e+01     -5.93100e+00      8.00000e+00     50s
    76     -7.54600e+00     -5.93100e+00      8.00000e+00     51s
    78     -5.93667e+00     -5.93100e+00      8.00000e+00     53s
    80     -8.54883e+00     -5.93100e+00      8.00000e+00     54s
    83     -1.27050e+01     -5.93100e+00      8.00000e+00     56s
    85     -1.28072e+01     -5.93100e+00      8.00000e+00     57s
    87     -1.09643e+01     -5.93100e+00      8.00000e+00     59s
    89     -1.08093e+01     -5.93100e+00      8.00000e+00     60s
    91     -1.37408e+01     -5.93100e+00      8.00000e+00     61s
    93     -1.76900e+01     -5.93100e+00      8.00000e+00     63s
    95     -1.83870e+01     -5.93100e+00      8.00000e+00     64s
    97     -1.65067e+01     -5.93100e+00      8.00000e+00     65s
   100     -1.13047e+01     -5.93100e+00      8.00000e+00     67s
   102     -5.11317e+00     -5.11317e+00      8.00000e+00     68s
   104     -5.57983e+00     -4.38083e+00      8.00000e+00     70s
   106     -1.06697e+01     -4.38083e+00      8.00000e+00     71s
   108     -1.45765e+01     -4.38083e+00      8.00000e+00     72s
   110     -1.41228e+01     -4.38083e+00      8.00000e+00     74s
   112     -1.13490e+01     -4.38083e+00      8.00000e+00     75s
   114     -1.08978e+01     -4.38083e+00      8.00000e+00     77s
   117     -1.93742e+01     -4.38083e+00      8.00000e+00     78s
   119     -2.46998e+01     -4.38083e+00      8.00000e+00     79s
   121     -2.50823e+01     -4.38083e+00      8.00000e+00     81s
   123     -1.79975e+01     -4.38083e+00      8.00000e+00     82s
   125     -9.57250e+00     -4.38083e+00      8.00000e+00     84s
   127     -4.37700e+00     -4.37700e+00      8.00000e+00     85s
   129     -6.62517e+00     -4.37700e+00      8.00000e+00     87s
   131     -1.17955e+01     -4.37700e+00      8.00000e+00     88s
   134     -1.45917e+01     -4.37700e+00      8.00000e+00     89s
   136     -1.22518e+01     -4.37700e+00      8.00000e+00     91s
   138     -1.09690e+01     -4.37700e+00      8.00000e+00     92s
   140     -1.41332e+01     -4.37700e+00      8.00000e+00     94s
   142     -2.05407e+01     -4.37700e+00      8.00000e+00     95s
   144     -2.54430e+01     -4.37700e+00      8.00000e+00     96s
   146     -2.38653e+01     -4.37700e+00      8.00000e+00     98s
   148     -1.57050e+01     -4.37700e+00      8.00000e+00     99s
   151     -7.62150e+00     -4.37700e+00      8.00000e+00    100s
   153     -5.47050e+00     -4.37700e+00      8.00000e+00    102s
   155     -8.86017e+00     -4.37700e+00      8.00000e+00    103s
   157     -1.41993e+01     -4.37700e+00      8.00000e+00    105s
   159     -1.49788e+01     -4.37700e+00      8.00000e+00    106s
   161     -1.29235e+01     -4.37700e+00      8.00000e+00    107s
   163     -1.11123e+01     -4.37700e+00      8.00000e+00    109s
   165     -1.39653e+01     -4.37700e+00      8.00000e+00    110s
   168     -2.46753e+01     -4.37700e+00      8.00000e+00    112s
   170     -2.76997e+01     -4.37700e+00      8.00000e+00    113s
   172     -2.23658e+01     -4.37700e+00      8.00000e+00    114s
   174     -1.33495e+01     -4.37700e+00      8.00000e+00    116s
   176     -6.56000e+00     -4.37700e+00      8.00000e+00    117s
   178     -6.06717e+00     -4.37700e+00      8.00000e+00    119s
   180     -1.05670e+01     -4.37700e+00      8.00000e+00    120s
   182     -1.46913e+01     -4.37700e+00      8.00000e+00    121s
   185     -1.35380e+01     -4.37700e+00      8.00000e+00    123s
   187     -1.12913e+01     -4.37700e+00      8.00000e+00    124s
   189     -1.31060e+01     -4.37700e+00      8.00000e+00    126s
   191     -1.94482e+01     -4.37700e+00      8.00000e+00    127s
   193     -2.57768e+01     -4.37700e+00      8.00000e+00    129s
   195     -2.63258e+01     -4.37700e+00      8.00000e+00    130s
   197     -2.02248e+01     -4.37700e+00      8.00000e+00    131s
   199     -1.16625e+01     -4.37700e+00      8.00000e+00    133s
   202     -7.82267e+00     -4.37700e+00      8.00000e+00    134s
   204     -8.94033e+00     -4.37700e+00      8.00000e+00    135s
   206     -1.24885e+01     -4.37700e+00      8.00000e+00    137s
   208     -1.44432e+01     -4.37700e+00      8.00000e+00    138s
   210     -1.25795e+01     -4.37700e+00      8.00000e+00    140s
   212     -1.14842e+01     -4.37700e+00      8.00000e+00    141s
   214     -1.29148e+01     -4.37700e+00      8.00000e+00    142s
   216     -1.76440e+01     -4.37700e+00      8.00000e+00    144s
   218     -2.27045e+01     -4.37700e+00      8.00000e+00    145s
   220     -2.41637e+01     -4.37700e+00      8.00000e+00    146s
   222     -1.96198e+01     -4.37700e+00      8.00000e+00    148s
   224     -1.28192e+01     -4.37700e+00      8.00000e+00    149s
   226     -8.12283e+00     -4.37700e+00      8.00000e+00    151s
   228     -8.34717e+00     -4.37700e+00      8.00000e+00    152s
   230     -1.18738e+01     -4.37700e+00      8.00000e+00    153s
   232     -1.40250e+01     -4.37700e+00      8.00000e+00    155s
   235     -1.26212e+01     -4.37700e+00      8.00000e+00    156s
   237     -1.13068e+01     -4.37700e+00      8.00000e+00    158s
   239     -1.36580e+01     -4.37700e+00      8.00000e+00    159s
   241     -1.92452e+01     -4.37700e+00      8.00000e+00    161s
   243     -2.33383e+01     -4.37700e+00      8.00000e+00    162s
   245     -2.37833e+01     -4.37700e+00      8.00000e+00    164s
   247     -1.81557e+01     -4.37700e+00      8.00000e+00    165s
   249     -1.13915e+01     -4.37700e+00      8.00000e+00    166s
   251     -1.05800e+01     -4.37700e+00      8.00000e+00    167s
   253     -1.06842e+01     -4.37700e+00      8.00000e+00    169s
   255     -1.22247e+01     -4.37700e+00      8.00000e+00    170s
   257     -1.31467e+01     -4.37700e+00      8.00000e+00    172s
   259     -1.21197e+01     -4.37700e+00      8.00000e+00    173s
   261     -1.10352e+01     -4.37700e+00      8.00000e+00    174s
   263     -1.21398e+01     -4.37700e+00      8.00000e+00    176s
   265     -1.49738e+01     -4.37700e+00      8.00000e+00    177s
   268     -1.90515e+01     -4.37700e+00      8.00000e+00    179s
   270     -1.91767e+01     -4.37700e+00      8.00000e+00    180s
   272     -1.55580e+01     -4.37700e+00      8.00000e+00    181s
   274     -1.21065e+01     -4.37700e+00      8.00000e+00    183s
   276     -1.02027e+01     -4.37700e+00      8.00000e+00    184s
   278     -1.09528e+01     -4.37700e+00      8.00000e+00    186s
   280     -1.27685e+01     -4.37700e+00      8.00000e+00    187s
   282     -1.28292e+01     -4.37700e+00      8.00000e+00    189s
   285     -1.14150e+01     -4.37700e+00      8.00000e+00    190s
   287     -1.15250e+01     -4.37700e+00      8.00000e+00    192s
   289     -1.38778e+01     -4.37700e+00      8.00000e+00    193s
   291     -1.76655e+01     -4.37700e+00      8.00000e+00    195s
   293     -1.96927e+01     -4.37700e+00      8.00000e+00    196s
   295     -1.78707e+01     -4.37700e+00      8.00000e+00    197s
   297     -1.49605e+01     -4.37700e+00      8.00000e+00    199s
   299     -1.10295e+01     -4.37700e+00      8.00000e+00    200s
   302     -1.18328e+01     -4.37700e+00      8.00000e+00    201s
   304     -1.33063e+01     -4.37700e+00      8.00000e+00    203s
   306     -1.30328e+01     -4.37700e+00      8.00000e+00    204s
   308     -1.24562e+01     -4.37700e+00      8.00000e+00    206s
   310     -1.06962e+01     -4.37700e+00      8.00000e+00    207s
   312     -1.14053e+01     -4.37700e+00      8.00000e+00    208s
   314     -1.31473e+01     -4.37700e+00      8.00000e+00    210s
   316     -1.60980e+01     -4.37700e+00      8.00000e+00    211s
   319     -1.71002e+01     -4.37700e+00      8.00000e+00    213s
   321     -1.43637e+01     -4.37700e+00      8.00000e+00    214s
   323     -1.18078e+01     -4.37700e+00      8.00000e+00    216s
   325     -1.13658e+01     -4.37700e+00      8.00000e+00    217s
   327     -1.27558e+01     -4.37700e+00      8.00000e+00    219s
   329     -1.39248e+01     -4.37700e+00      8.00000e+00    220s
   331     -1.34780e+01     -4.37700e+00      8.00000e+00    221s
   333     -1.22510e+01     -4.37700e+00      8.00000e+00    223s
   336     -1.11130e+01     -4.37700e+00      8.00000e+00    225s
   338     -1.28168e+01     -4.37700e+00      8.00000e+00    226s
   340     -1.54983e+01     -4.37700e+00      8.00000e+00    227s
   342     -1.73110e+01     -4.37700e+00      8.00000e+00    229s
   344     -1.60210e+01     -4.37700e+00      8.00000e+00    230s
   346     -1.38790e+01     -4.37700e+00      8.00000e+00    231s
   348     -1.18860e+01     -4.37700e+00      8.00000e+00    233s
   350     -1.16892e+01     -4.37700e+00      8.00000e+00    234s
   353     -1.34630e+01     -4.37700e+00      8.00000e+00    236s
   355     -1.39597e+01     -4.37700e+00      8.00000e+00    237s
   357     -1.26093e+01     -4.37700e+00      8.00000e+00    238s
   359     -1.13567e+01     -4.37700e+00      8.00000e+00    240s
   361     -1.06470e+01     -4.37700e+00      8.00000e+00    241s
   363     -1.20472e+01     -4.37700e+00      8.00000e+00    243s
   365     -1.42970e+01     -4.37700e+00      8.00000e+00    244s
   367     -1.52400e+01     -4.37700e+00      8.00000e+00    246s
   370     -1.35497e+01     -4.37700e+00      8.00000e+00    248s
   372     -1.19440e+01     -4.37700e+00      8.00000e+00    249s
   374     -1.15015e+01     -4.37700e+00      8.00000e+00    250s
   376     -1.19830e+01     -4.37700e+00      8.00000e+00    252s
   378     -1.35132e+01     -4.37700e+00      8.00000e+00    253s
   380     -1.29977e+01     -4.37700e+00      8.00000e+00    254s
   382     -1.23450e+01     -4.37700e+00      8.00000e+00    256s
   384     -1.05620e+01     -4.37700e+00      8.00000e+00    257s
   387     -1.14863e+01     -4.37700e+00      8.00000e+00    259s
   389     -1.34367e+01     -4.37700e+00      8.00000e+00    260s
   391     -1.51902e+01     -4.37700e+00      8.00000e+00    262s
   393     -1.47620e+01     -4.37700e+00      8.00000e+00    263s
   395     -1.31187e+01     -4.37700e+00      8.00000e+00    265s
   397     -1.15222e+01     -4.37700e+00      8.00000e+00    266s
   399     -1.17393e+01     -4.37700e+00      8.00000e+00    267s
   401     -1.14230e+01     -4.37700e+00      8.00000e+00    269s
   404     -1.25145e+01     -4.37700e+00      8.00000e+00    270s
   406     -1.25232e+01     -4.37700e+00      8.00000e+00    272s
   408     -1.16722e+01     -4.37700e+00      8.00000e+00    273s
   410     -1.06823e+01     -4.37700e+00      8.00000e+00    274s
   412     -1.13930e+01     -4.37700e+00      8.00000e+00    276s
   414     -1.32768e+01     -4.37700e+00      8.00000e+00    277s
   416     -1.39183e+01     -4.37700e+00      8.00000e+00    278s
   418     -1.45445e+01     -4.37700e+00      8.00000e+00    280s
   421     -1.27897e+01     -4.37700e+00      8.00000e+00    281s
   423     -1.13822e+01     -4.37700e+00      8.00000e+00    283s
   425     -1.14990e+01     -4.37700e+00      8.00000e+00    284s
   427     -1.18425e+01     -4.37700e+00      8.00000e+00    286s
   429     -1.29528e+01     -4.37700e+00      8.00000e+00    287s
   431     -1.27810e+01     -4.37700e+00      8.00000e+00    288s
   433     -1.15763e+01     -4.37700e+00      8.00000e+00    290s
   435     -1.08730e+01     -4.37700e+00      8.00000e+00    291s
   438     -1.21267e+01     -4.37700e+00      8.00000e+00    293s
   440     -1.35033e+01     -4.37700e+00      8.00000e+00    294s
   442     -1.41300e+01     -4.37700e+00      8.00000e+00    296s
   444     -1.36740e+01     -4.37700e+00      8.00000e+00    297s
   446     -1.21430e+01     -4.37700e+00      8.00000e+00    298s
   448     -1.12802e+01     -4.37700e+00      8.00000e+00    300s
   450     -1.14107e+01     -4.37700e+00      8.00000e+00    301s
   452     -1.14828e+01     -4.37700e+00      8.00000e+00    302s
   454     -1.18763e+01     -4.37700e+00      8.00000e+00    303s
   456     -1.17920e+01     -4.37700e+00      8.00000e+00    305s
   458     -1.10787e+01     -4.37700e+00      8.00000e+00    306s
   460     -1.07467e+01     -4.37700e+00      8.00000e+00    308s
   462     -1.10837e+01     -4.37700e+00      8.00000e+00    309s
   464     -1.24635e+01     -4.37700e+00      8.00000e+00    310s
   466     -1.36965e+01     -4.37700e+00      8.00000e+00    312s
   468     -1.38138e+01     -4.37700e+00      8.00000e+00    313s
   471     -1.26377e+01     -4.37700e+00      8.00000e+00    314s
   473     -1.14363e+01     -4.37700e+00      8.00000e+00    316s
   475     -1.13922e+01     -4.37700e+00      8.00000e+00    318s
   477     -1.15805e+01     -4.37700e+00      8.00000e+00    319s
   479     -1.19255e+01     -4.37700e+00      8.00000e+00    320s
   481     -1.17715e+01     -4.37700e+00      8.00000e+00    322s
   483     -1.12617e+01     -4.37700e+00      8.00000e+00    323s
   485     -1.08770e+01     -4.37700e+00      8.00000e+00    325s
   487     -1.11300e+01     -4.37700e+00      8.00000e+00    326s
   489     -1.24653e+01     -4.37700e+00      8.00000e+00    327s
   491     -1.37938e+01     -4.37700e+00      8.00000e+00    328s
   493     -1.39802e+01     -4.37700e+00      8.00000e+00    330s
   495     -1.27057e+01     -4.37700e+00      8.00000e+00    331s
   497     -1.16352e+01     -4.37700e+00      8.00000e+00    333s
   499     -1.15010e+01     -4.37700e+00      8.00000e+00    334s
   501     -1.09895e+01     -4.37700e+00      8.00000e+00    335s
   503     -1.12337e+01     -4.37700e+00      8.00000e+00    337s
   506     -1.12937e+01     -4.37700e+00      8.00000e+00    338s
   508     -1.11693e+01     -4.37700e+00      8.00000e+00    340s
   510     -1.03912e+01     -4.37700e+00      8.00000e+00    341s
   512     -1.09597e+01     -4.37700e+00      8.00000e+00    342s
   514     -1.19912e+01     -4.37700e+00      8.00000e+00    344s
   516     -1.28873e+01     -4.37700e+00      8.00000e+00    345s
   518     -1.32832e+01     -4.37700e+00      8.00000e+00    347s
   520     -1.28328e+01     -4.37700e+00      8.00000e+00    348s
   523     -1.15072e+01     -4.37700e+00      8.00000e+00    350s
   525     -1.11635e+01     -4.37700e+00      8.00000e+00    351s
   527     -1.12652e+01     -4.37700e+00      8.00000e+00    352s
   529     -1.11255e+01     -4.37700e+00      8.00000e+00    354s
   531     -1.12153e+01     -4.37700e+00      8.00000e+00    356s
   533     -1.09573e+01     -4.37700e+00      8.00000e+00    357s
   535     -1.11213e+01     -4.37700e+00      8.00000e+00    359s
   537     -1.16330e+01     -4.37700e+00      8.00000e+00    360s
   539     -1.21833e+01     -4.37700e+00      8.00000e+00    361s
   541     -1.33525e+01     -4.37700e+00      8.00000e+00    363s
   543     -1.37512e+01     -4.37700e+00      8.00000e+00    364s
   545     -1.31332e+01     -4.37700e+00      8.00000e+00    365s
   547     -1.20598e+01     -4.37700e+00      8.00000e+00    367s
   549     -1.12697e+01     -4.37700e+00      8.00000e+00    368s
   551     -1.14938e+01     -4.37700e+00      8.00000e+00    369s
   553     -1.09840e+01     -4.37700e+00      8.00000e+00    371s
   556     -1.07450e+01     -4.37700e+00      8.00000e+00    372s
   558     -1.10260e+01     -4.37700e+00      8.00000e+00    374s
   560     -1.06402e+01     -4.37700e+00      8.00000e+00    375s
   562     -1.11142e+01     -4.37700e+00      8.00000e+00    377s
   564     -1.22617e+01     -4.37700e+00      8.00000e+00    378s
   566     -1.25502e+01     -4.37700e+00      8.00000e+00    379s
   568     -1.31880e+01     -4.37700e+00      8.00000e+00    381s
   570     -1.32313e+01     -4.37700e+00      8.00000e+00    382s
   573     -1.17093e+01     -4.37700e+00      8.00000e+00    384s
   575     -1.14065e+01     -4.37700e+00      8.00000e+00    385s
   577     -1.10747e+01     -4.37700e+00      8.00000e+00    386s
   579     -1.11418e+01     -4.37700e+00      8.00000e+00    388s
   581     -1.09463e+01     -4.37700e+00      8.00000e+00    390s
   583     -1.00798e+01     -4.37700e+00      8.00000e+00    391s
   585     -1.06973e+01     -4.37700e+00      8.00000e+00    392s
   587     -1.15978e+01     -4.37700e+00      8.00000e+00    394s
   590     -1.27897e+01     -4.37700e+00      8.00000e+00    395s
   592     -1.30600e+01     -4.37700e+00      8.00000e+00    397s
   594     -1.30100e+01     -4.37700e+00      8.00000e+00    398s
   596     -1.20775e+01     -4.37700e+00      8.00000e+00    399s
   598     -1.15953e+01     -4.37700e+00      8.00000e+00    401s
   600     -1.11988e+01     -4.37700e+00      8.00000e+00    402s
   602     -1.13763e+01     -4.37700e+00      8.00000e+00    404s
   604     -1.12277e+01     -4.37700e+00      8.00000e+00    405s
   607     -1.07013e+01     -4.37700e+00      8.00000e+00    407s
   609     -1.04773e+01     -4.37700e+00      8.00000e+00    408s
   611     -1.06820e+01     -4.37700e+00      8.00000e+00    409s
   613     -1.17563e+01     -4.37700e+00      8.00000e+00    411s
   615     -1.20355e+01     -4.37700e+00      8.00000e+00    412s
   617     -1.25748e+01     -4.37700e+00      8.00000e+00    414s
   619     -1.23475e+01     -4.37700e+00      8.00000e+00    415s
   621     -1.20460e+01     -4.37700e+00      8.00000e+00    416s
   623     -1.15583e+01     -4.37700e+00      8.00000e+00    418s
   625     -1.09187e+01     -4.37700e+00      8.00000e+00    419s
   627     -1.16385e+01     -4.37700e+00      8.00000e+00    420s
   629     -1.10927e+01     -4.37700e+00      8.00000e+00    422s
   631     -1.03717e+01     -4.37700e+00      8.00000e+00    423s
   633     -1.02068e+01     -4.37700e+00      8.00000e+00    425s
   635     -1.07010e+01     -4.37700e+00      8.00000e+00    426s
   637     -1.18038e+01     -4.37700e+00      8.00000e+00    427s
   640     -1.19998e+01     -4.37700e+00      8.00000e+00    429s
   642     -1.26670e+01     -4.37700e+00      8.00000e+00    430s
   644     -1.21370e+01     -4.37700e+00      8.00000e+00    432s
   646     -1.13538e+01     -4.37700e+00      8.00000e+00    433s
   648     -1.15002e+01     -4.37700e+00      8.00000e+00    435s
   650     -1.12838e+01     -4.37700e+00      8.00000e+00    436s
   652     -1.13747e+01     -4.37700e+00      8.00000e+00    437s
   654     -1.11670e+01     -4.37700e+00      8.00000e+00    439s
   657     -1.07218e+01     -4.37700e+00      8.00000e+00    440s
   659     -1.07168e+01     -4.37700e+00      8.00000e+00    442s
   661     -1.09593e+01     -4.37700e+00      8.00000e+00    443s
   663     -1.14712e+01     -4.37700e+00      8.00000e+00    445s
   665     -1.18457e+01     -4.37700e+00      8.00000e+00    446s
   667     -1.20803e+01     -4.37700e+00      8.00000e+00    447s
   669     -1.16093e+01     -4.37700e+00      8.00000e+00    449s
   672     -1.16335e+01     -4.37700e+00      8.00000e+00    450s
   674     -1.14365e+01     -4.37700e+00      8.00000e+00    452s
   676     -1.16220e+01     -4.37700e+00      8.00000e+00    453s
   678     -1.08243e+01     -4.37700e+00      8.00000e+00    455s
   680     -1.04343e+01     -4.37700e+00      8.00000e+00    456s
   682     -1.07310e+01     -4.37700e+00      8.00000e+00    457s
   684     -1.06848e+01     -4.37700e+00      8.00000e+00    459s
   686     -1.11318e+01     -4.37700e+00      8.00000e+00    460s
   688     -1.15258e+01     -4.37700e+00      8.00000e+00    461s
   690     -1.20382e+01     -4.37700e+00      8.00000e+00    462s
   692     -1.24215e+01     -4.37700e+00      8.00000e+00    464s
   694     -1.20422e+01     -4.37700e+00      8.00000e+00    465s
   696     -1.15300e+01     -4.37700e+00      8.00000e+00    466s
   698     -1.12202e+01     -4.37700e+00      8.00000e+00    468s
   700     -1.13998e+01     -4.37700e+00      8.00000e+00    469s
   702     -1.14397e+01     -4.37700e+00      8.00000e+00    471s
   704     -1.10153e+01     -4.37700e+00      8.00000e+00    472s
   706     -1.06808e+01     -4.37700e+00      8.00000e+00    473s
   708     -1.05923e+01     -4.37700e+00      8.00000e+00    475s
   710     -1.12228e+01     -4.37700e+00      8.00000e+00    476s
   712     -1.13167e+01     -4.37700e+00      8.00000e+00    478s
   714     -1.14548e+01     -4.37700e+00      8.00000e+00    479s
   716     -1.23693e+01     -4.37700e+00      8.00000e+00    480s
   718     -1.20783e+01     -4.37700e+00      8.00000e+00    482s
   720     -1.13715e+01     -4.37700e+00      8.00000e+00    483s
   723     -1.11610e+01     -4.37700e+00      8.00000e+00    485s
   725     -1.13553e+01     -4.37700e+00      8.00000e+00    486s
   727     -1.12165e+01     -4.37700e+00      8.00000e+00    487s
   729     -1.12350e+01     -4.37700e+00      8.00000e+00    489s
   731     -1.10818e+01     -4.37700e+00      8.00000e+00    490s
   733     -1.06060e+01     -4.37700e+00      8.00000e+00    491s
   735     -1.10010e+01     -4.37700e+00      8.00000e+00    493s
   737     -1.14565e+01     -4.37700e+00      8.00000e+00    494s
   740     -1.20718e+01     -4.37700e+00      8.00000e+00    496s
   742     -1.19108e+01     -4.37700e+00      8.00000e+00    497s
   744     -1.17380e+01     -4.37700e+00      8.00000e+00    499s
   746     -1.18017e+01     -4.37700e+00      8.00000e+00    500s
   748     -1.13847e+01     -4.37700e+00      8.00000e+00    501s
   750     -1.15518e+01     -4.37700e+00      8.00000e+00    503s
   752     -1.11225e+01     -4.37700e+00      8.00000e+00    505s
   754     -1.17203e+01     -4.37700e+00      8.00000e+00    506s
   756     -1.10743e+01     -4.37700e+00      8.00000e+00    507s
   758     -1.09588e+01     -4.37700e+00      8.00000e+00    508s
   760     -1.11968e+01     -4.37700e+00      8.00000e+00    510s
   762     -1.10032e+01     -4.37700e+00      8.00000e+00    511s
   764     -1.19723e+01     -4.37700e+00      8.00000e+00    513s
   766     -1.19010e+01     -4.37700e+00      8.00000e+00    514s
   768     -1.21312e+01     -4.37700e+00      8.00000e+00    515s
   770     -1.14058e+01     -4.37700e+00      8.00000e+00    517s
   773     -1.14397e+01     -4.37700e+00      8.00000e+00    518s
   775     -1.16912e+01     -4.37700e+00      8.00000e+00    520s
   777     -1.11190e+01     -4.37700e+00      8.00000e+00    521s
   779     -1.09597e+01     -4.37700e+00      8.00000e+00    523s
   781     -1.11815e+01     -4.37700e+00      8.00000e+00    524s
   783     -1.08473e+01     -4.37700e+00      8.00000e+00    525s
   785     -1.11335e+01     -4.37700e+00      8.00000e+00    527s
   787     -1.15967e+01     -4.37700e+00      8.00000e+00    528s
   790     -1.13802e+01     -4.37700e+00      8.00000e+00    529s
   792     -1.12660e+01     -4.37700e+00      8.00000e+00    531s
   794     -1.17042e+01     -4.37700e+00      8.00000e+00    532s
   796     -1.16140e+01     -4.37700e+00      8.00000e+00    534s
   798     -1.16322e+01     -4.37700e+00      8.00000e+00    535s
   800     -1.14865e+01     -4.37700e+00      8.00000e+00    536s
   802     -1.13837e+01     -4.37700e+00      8.00000e+00    538s
   804     -1.13215e+01     -4.37700e+00      8.00000e+00    539s
   807     -1.11865e+01     -4.37700e+00      8.00000e+00    541s
   809     -1.13818e+01     -4.37700e+00      8.00000e+00    542s
   811     -1.07323e+01     -4.37700e+00      8.00000e+00    544s
   813     -1.16607e+01     -4.37700e+00      8.00000e+00    545s
   815     -1.15495e+01     -4.37700e+00      8.00000e+00    547s
   817     -1.16303e+01     -4.37700e+00      8.00000e+00    548s
   819     -1.17958e+01     -4.37700e+00      8.00000e+00    550s
   821     -1.15038e+01     -4.37700e+00      8.00000e+00    551s
   823     -1.11597e+01     -4.37700e+00      8.00000e+00    552s
   825     -1.12397e+01     -4.37700e+00      8.00000e+00    553s
   827     -1.11935e+01     -4.37700e+00      8.00000e+00    555s
   829     -1.15075e+01     -4.37700e+00      8.00000e+00    556s
   831     -1.10818e+01     -4.37700e+00      8.00000e+00    557s
   833     -1.08332e+01     -4.37700e+00      8.00000e+00    559s
   835     -1.09092e+01     -4.37700e+00      8.00000e+00    560s
   837     -1.15868e+01     -4.37700e+00      8.00000e+00    561s
   840     -1.19962e+01     -4.37700e+00      8.00000e+00    563s
   842     -1.16368e+01     -4.37700e+00      8.00000e+00    564s
   844     -1.14115e+01     -4.37700e+00      8.00000e+00    566s
   846     -1.15390e+01     -4.37700e+00      8.00000e+00    567s
   848     -1.12177e+01     -4.37700e+00      8.00000e+00    568s
   850     -1.15342e+01     -4.37700e+00      8.00000e+00    570s
   852     -1.10290e+01     -4.37700e+00      8.00000e+00    571s
   854     -1.10880e+01     -4.37700e+00      8.00000e+00    573s
   856     -1.12740e+01     -4.37700e+00      8.00000e+00    574s
   858     -1.11058e+01     -4.37700e+00      8.00000e+00    575s
   860     -1.16408e+01     -4.37700e+00      8.00000e+00    577s
   862     -1.13348e+01     -4.37700e+00      8.00000e+00    578s
   864     -1.13772e+01     -4.37700e+00      8.00000e+00    580s
   866     -1.12225e+01     -4.37700e+00      8.00000e+00    581s
   868     -1.12057e+01     -4.37700e+00      8.00000e+00    583s
   870     -1.21883e+01     -4.37700e+00      8.00000e+00    584s
   872     -1.14248e+01     -4.37700e+00      8.00000e+00    585s
   874     -1.10162e+01     -4.37700e+00      8.00000e+00    587s
   876     -1.15715e+01     -4.37700e+00      8.00000e+00    588s
   878     -1.11718e+01     -4.37700e+00      8.00000e+00    590s
   880     -1.09305e+01     -4.37700e+00      8.00000e+00    591s
   882     -1.13813e+01     -4.37700e+00      8.00000e+00    592s
   884     -1.12715e+01     -4.37700e+00      8.00000e+00    594s
   886     -1.12987e+01     -4.37700e+00      8.00000e+00    595s
   889     -1.13747e+01     -4.37700e+00      8.00000e+00    597s
   891     -1.13500e+01     -4.37700e+00      8.00000e+00    598s
   893     -1.17227e+01     -4.37700e+00      8.00000e+00    599s
   895     -1.13727e+01     -4.37700e+00      8.00000e+00    601s
   897     -1.13377e+01     -4.37700e+00      8.00000e+00    602s
   899     -1.13198e+01     -4.37700e+00      8.00000e+00    604s
   901     -1.12603e+01     -4.37700e+00      8.00000e+00    605s
   903     -1.13315e+01     -4.37700e+00      8.00000e+00    606s
   905     -1.13077e+01     -4.37700e+00      8.00000e+00    608s
   907     -1.06407e+01     -4.37700e+00      8.00000e+00    609s
   909     -1.16023e+01     -4.37700e+00      8.00000e+00    611s
   911     -1.14412e+01     -4.37700e+00      8.00000e+00    612s
   913     -1.15215e+01     -4.37700e+00      8.00000e+00    613s
   915     -1.13728e+01     -4.37700e+00      8.00000e+00    615s
   917     -1.14070e+01     -4.37700e+00      8.00000e+00    616s
   919     -1.18148e+01     -4.37700e+00      8.00000e+00    617s
   922     -1.14203e+01     -4.37700e+00      8.00000e+00    619s
   924     -1.10010e+01     -4.37700e+00      8.00000e+00    620s
   926     -1.12675e+01     -4.37700e+00      8.00000e+00    622s
   928     -1.15855e+01     -4.37700e+00      8.00000e+00    623s
   930     -1.14678e+01     -4.37700e+00      8.00000e+00    624s
   932     -1.15045e+01     -4.37700e+00      8.00000e+00    626s
   934     -1.13590e+01     -4.37700e+00      8.00000e+00    627s
   936     -1.12797e+01     -4.37700e+00      8.00000e+00    629s
   938     -1.11388e+01     -4.37700e+00      8.00000e+00    630s
   940     -1.14140e+01     -4.37700e+00      8.00000e+00    631s
   942     -1.13358e+01     -4.37700e+00      8.00000e+00    633s
   944     -1.15243e+01     -4.37700e+00      8.00000e+00    635s
   946     -1.15860e+01     -4.37700e+00      8.00000e+00    636s
   948     -1.14657e+01     -4.37700e+00      8.00000e+00    637s
   950     -1.15182e+01     -4.37700e+00      8.00000e+00    639s
   953     -1.11620e+01     -4.37700e+00      8.00000e+00    640s
   955     -1.13965e+01     -4.37700e+00      8.00000e+00    642s
   957     -1.12717e+01     -4.37700e+00      8.00000e+00    643s
   959     -1.13410e+01     -4.37700e+00      8.00000e+00    644s
   961     -1.10997e+01     -4.37700e+00      8.00000e+00    646s
   963     -1.12000e+01     -4.37700e+00      8.00000e+00    647s
   965     -1.13902e+01     -4.37700e+00      8.00000e+00    649s
   967     -1.15948e+01     -4.37700e+00      8.00000e+00    650s
   970     -1.10875e+01     -4.37700e+00      8.00000e+00    652s
   972     -1.14653e+01     -4.37700e+00      8.00000e+00    653s
   974     -1.17755e+01     -4.37700e+00      8.00000e+00    655s
   976     -1.12908e+01     -4.37700e+00      8.00000e+00    656s
   978     -1.13325e+01     -4.37700e+00      8.00000e+00    657s
   980     -1.18312e+01     -4.37700e+00      8.00000e+00    659s
   982     -1.11703e+01     -4.37700e+00      8.00000e+00    660s
   984     -1.12033e+01     -4.37700e+00      8.00000e+00    662s
   986     -1.17745e+01     -4.37700e+00      8.00000e+00    663s
   988     -1.11795e+01     -4.37700e+00      8.00000e+00    664s
   990     -1.14765e+01     -4.37700e+00      8.00000e+00    665s
   992     -1.16073e+01     -4.37700e+00      8.00000e+00    667s
   994     -1.14147e+01     -4.37700e+00      8.00000e+00    668s
   996     -1.14655e+01     -4.37700e+00      8.00000e+00    669s
   998     -1.14120e+01     -4.37700e+00      8.00000e+00    671s
  1000     -1.10675e+01     -4.37700e+00      8.00000e+00    672s
  1002     -1.12470e+01     -4.37700e+00      8.00000e+00    673s
  1005     -1.13627e+01     -4.37700e+00      8.00000e+00    675s
  1007     -1.11853e+01     -4.37700e+00      8.00000e+00    676s
  1009     -1.13735e+01     -4.37700e+00      8.00000e+00    678s
  1011     -1.12595e+01     -4.37700e+00      8.00000e+00    679s
  1013     -1.10773e+01     -4.37700e+00      8.00000e+00    681s
  1015     -1.15643e+01     -4.37700e+00      8.00000e+00    682s
  1017     -1.09853e+01     -4.37700e+00      8.00000e+00    683s
  1019     -1.13160e+01     -4.37700e+00      8.00000e+00    685s
  1021     -1.13598e+01     -4.37700e+00      8.00000e+00    686s
  1023     -1.15408e+01     -4.37700e+00      8.00000e+00    688s
  1025     -1.13358e+01     -4.37700e+00      8.00000e+00    689s
  1027     -1.18258e+01     -4.37700e+00      8.00000e+00    690s
  1029     -1.10685e+01     -4.37700e+00      8.00000e+00    692s
  1031     -1.12245e+01     -4.37700e+00      8.00000e+00    693s
  1033     -1.11258e+01     -4.37700e+00      8.00000e+00    694s
  1035     -1.12677e+01     -4.37700e+00      8.00000e+00    696s
  1038     -1.13532e+01     -4.37700e+00      8.00000e+00    697s
  1040     -1.12807e+01     -4.37700e+00      8.00000e+00    699s
  1042     -1.13258e+01     -4.37700e+00      8.00000e+00    700s
  1044     -1.09567e+01     -4.37700e+00      8.00000e+00    702s
  1046     -1.13767e+01     -4.37700e+00      8.00000e+00    703s
  1048     -1.12705e+01     -4.37700e+00      8.00000e+00    705s
  1050     -1.15225e+01     -4.37700e+00      8.00000e+00    706s
  1053     -1.11673e+01     -4.37700e+00      8.00000e+00    708s
  1055     -1.10310e+01     -4.37700e+00      8.00000e+00    709s
  1057     -1.09328e+01     -4.37700e+00      8.00000e+00    711s
  1059     -1.14162e+01     -4.37700e+00      8.00000e+00    712s
  1061     -1.12153e+01     -4.37700e+00      8.00000e+00    713s
  1063     -1.11790e+01     -4.37700e+00      8.00000e+00    715s
  1065     -1.10845e+01     -4.37700e+00      8.00000e+00    716s
  1067     -1.13150e+01     -4.37700e+00      8.00000e+00    717s
  1069     -1.12150e+01     -4.37700e+00      8.00000e+00    719s
  1071     -1.15243e+01     -4.37700e+00      8.00000e+00    720s
  1073     -1.11950e+01     -4.37700e+00      8.00000e+00    721s
  1075     -1.11783e+01     -4.37700e+00      8.00000e+00    723s
  1077     -1.13168e+01     -4.37700e+00      8.00000e+00    724s
  1079     -1.13150e+01     -4.37700e+00      8.00000e+00    725s
  1081     -1.12937e+01     -4.37700e+00      8.00000e+00    727s
  1083     -1.12873e+01     -4.37700e+00      8.00000e+00    728s
  1085     -1.10540e+01     -4.37700e+00      8.00000e+00    729s
  1088     -1.10815e+01     -4.37700e+00      8.00000e+00    731s
  1090     -1.14543e+01     -4.37700e+00      8.00000e+00    732s
  1092     -1.12765e+01     -4.37700e+00      8.00000e+00    734s
  1094     -1.09293e+01     -4.37700e+00      8.00000e+00    735s
  1096     -1.11220e+01     -4.37700e+00      8.00000e+00    737s
  1098     -1.11800e+01     -4.37700e+00      8.00000e+00    738s
  1100     -1.09587e+01     -4.37700e+00      8.00000e+00    740s
  1102     -1.14797e+01     -4.37700e+00      8.00000e+00    741s
  1104     -1.12960e+01     -4.37700e+00      8.00000e+00    742s
  1106     -1.10608e+01     -4.37700e+00      8.00000e+00    743s
  1108     -1.15590e+01     -4.37700e+00      8.00000e+00    745s
  1110     -1.13400e+01     -4.37700e+00      8.00000e+00    746s
  1112     -1.09778e+01     -4.37700e+00      8.00000e+00    748s
  1114     -1.08600e+01     -4.37700e+00      8.00000e+00    749s
  1116     -1.15158e+01     -4.37700e+00      8.00000e+00    750s
  1118     -1.11285e+01     -4.37700e+00      8.00000e+00    752s
  1121     -1.12868e+01     -4.37700e+00      8.00000e+00    753s
  1123     -1.10915e+01     -4.37700e+00      8.00000e+00    755s
  1125     -1.14800e+01     -4.37700e+00      8.00000e+00    756s
  1127     -1.12560e+01     -4.37700e+00      8.00000e+00    758s
  1129     -1.10547e+01     -4.37700e+00      8.00000e+00    759s
  1131     -1.10112e+01     -4.37700e+00      8.00000e+00    760s
  1133     -1.11405e+01     -4.37700e+00      8.00000e+00    762s
  1135     -1.12537e+01     -4.37700e+00      8.00000e+00    763s
  1138     -1.12487e+01     -4.37700e+00      8.00000e+00    765s
  1140     -1.12845e+01     -4.37700e+00      8.00000e+00    766s
  1142     -1.13890e+01     -4.37700e+00      8.00000e+00    767s
  1144     -1.13722e+01     -4.37700e+00      8.00000e+00    769s
  1146     -1.12297e+01     -4.37700e+00      8.00000e+00    770s
  1148     -1.13627e+01     -4.37700e+00      8.00000e+00    771s
  1150     -1.08888e+01     -4.37700e+00      8.00000e+00    773s
  1152     -1.12727e+01     -4.37700e+00      8.00000e+00    774s
  1155     -1.10593e+01     -4.37700e+00      8.00000e+00    776s
  1157     -1.12175e+01     -4.37700e+00      8.00000e+00    777s
  1159     -1.13985e+01     -4.37700e+00      8.00000e+00    779s
  1161     -1.14565e+01     -4.37700e+00      8.00000e+00    780s
  1163     -1.14098e+01     -4.37700e+00      8.00000e+00    781s
  1165     -1.11657e+01     -4.37700e+00      8.00000e+00    783s
  1167     -1.12157e+01     -4.37700e+00      8.00000e+00    784s
  1169     -1.08675e+01     -4.37700e+00      8.00000e+00    785s
  1172     -1.12333e+01     -4.37700e+00      8.00000e+00    787s
  1174     -1.09495e+01     -4.37700e+00      8.00000e+00    788s
  1176     -1.14220e+01     -4.37700e+00      8.00000e+00    790s
  1178     -1.10867e+01     -4.37700e+00      8.00000e+00    791s
  1180     -1.12070e+01     -4.37700e+00      8.00000e+00    793s
  1182     -1.14343e+01     -4.37700e+00      8.00000e+00    794s
  1184     -1.16065e+01     -4.37700e+00      8.00000e+00    795s
  1186     -1.08662e+01     -4.37700e+00      8.00000e+00    797s
  1189     -1.12150e+01     -4.37700e+00      8.00000e+00    798s
  1191     -1.08282e+01     -4.37700e+00      8.00000e+00    800s
  1193     -1.13280e+01     -4.37700e+00      8.00000e+00    801s
  1195     -1.14168e+01     -4.37700e+00      8.00000e+00    802s
  1197     -1.12817e+01     -4.37700e+00      8.00000e+00    804s
  1199     -1.13795e+01     -4.37700e+00      8.00000e+00    805s
  1201     -1.09322e+01     -4.37700e+00      8.00000e+00    806s
  1203     -1.14630e+01     -4.37700e+00      8.00000e+00    808s
  1205     -1.09998e+01     -4.37700e+00      8.00000e+00    809s
  1207     -1.09075e+01     -4.37700e+00      8.00000e+00    810s
  1209     -1.12247e+01     -4.37700e+00      8.00000e+00    812s
  1211     -1.09938e+01     -4.37700e+00      8.00000e+00    813s
  1213     -1.14380e+01     -4.37700e+00      8.00000e+00    814s
  1215     -1.13297e+01     -4.37700e+00      8.00000e+00    816s
  1217     -1.09790e+01     -4.37700e+00      8.00000e+00    818s
  1219     -1.09945e+01     -4.37700e+00      8.00000e+00    819s
  1222     -1.13137e+01     -4.37700e+00      8.00000e+00    821s
  1224     -1.13563e+01     -4.37700e+00      8.00000e+00    822s
  1226     -1.16048e+01     -4.37700e+00      8.00000e+00    823s
  1228     -1.12358e+01     -4.37700e+00      8.00000e+00    825s
  1230     -1.13680e+01     -4.37700e+00      8.00000e+00    826s
  1232     -1.14532e+01     -4.37700e+00      8.00000e+00    828s
  1234     -1.14775e+01     -4.37700e+00      8.00000e+00    829s
  1236     -1.15585e+01     -4.37700e+00      8.00000e+00    830s
  1238     -1.11483e+01     -4.37700e+00      8.00000e+00    832s
  1240     -1.16330e+01     -4.37700e+00      8.00000e+00    833s
  1242     -1.11105e+01     -4.37700e+00      8.00000e+00    835s
  1244     -1.10953e+01     -4.37700e+00      8.00000e+00    836s
  1246     -1.14222e+01     -4.37700e+00      8.00000e+00    837s
  1248     -1.14452e+01     -4.37700e+00      8.00000e+00    839s
  1250     -1.11957e+01     -4.37700e+00      8.00000e+00    840s
  1252     -1.12003e+01     -4.37700e+00      8.00000e+00    842s
  1255     -1.13200e+01     -4.37700e+00      8.00000e+00    843s
  1257     -1.15088e+01     -4.37700e+00      8.00000e+00    845s
  1259     -1.14278e+01     -4.37700e+00      8.00000e+00    846s
  1261     -1.14442e+01     -4.37700e+00      8.00000e+00    848s
  1263     -1.10678e+01     -4.37700e+00      8.00000e+00    849s
  1265     -1.15843e+01     -4.37700e+00      8.00000e+00    850s
  1267     -1.09815e+01     -4.37700e+00      8.00000e+00    852s
  1269     -1.11762e+01     -4.37700e+00      8.00000e+00    853s
  1271     -1.11503e+01     -4.37700e+00      8.00000e+00    854s
  1273     -1.13938e+01     -4.37700e+00      8.00000e+00    856s
  1275     -1.09955e+01     -4.37700e+00      8.00000e+00    857s
  1277     -1.09108e+01     -4.37700e+00      8.00000e+00    858s
  1279     -1.13338e+01     -4.37700e+00      8.00000e+00    860s
  1281     -1.15310e+01     -4.37700e+00      8.00000e+00    861s
  1283     -1.12057e+01     -4.37700e+00      8.00000e+00    863s
  1285     -1.12097e+01     -4.37700e+00      8.00000e+00    864s
  1288     -1.14202e+01     -4.37700e+00      8.00000e+00    866s
  1290     -1.11085e+01     -4.37700e+00      8.00000e+00    867s
  1292     -1.15043e+01     -4.37700e+00      8.00000e+00    868s
  1294     -1.13080e+01     -4.37700e+00      8.00000e+00    870s
  1296     -1.13578e+01     -4.37700e+00      8.00000e+00    871s
  1298     -1.14115e+01     -4.37700e+00      8.00000e+00    872s
  1300     -1.13995e+01     -4.37700e+00      8.00000e+00    874s
  1302     -1.13285e+01     -4.37700e+00      8.00000e+00    875s
  1305     -1.11740e+01     -4.37700e+00      8.00000e+00    877s
  1307     -1.14435e+01     -4.37700e+00      8.00000e+00    878s
  1309     -1.10482e+01     -4.37700e+00      8.00000e+00    880s
  1311     -1.12815e+01     -4.37700e+00      8.00000e+00    881s
  1313     -1.09198e+01     -4.37700e+00      8.00000e+00    883s
  1315     -1.12448e+01     -4.37700e+00      8.00000e+00    884s
  1317     -1.13912e+01     -4.37700e+00      8.00000e+00    885s
  1319     -1.11158e+01     -4.37700e+00      8.00000e+00    887s
  1321     -1.15845e+01     -4.37700e+00      8.00000e+00    888s
  1323     -1.13303e+01     -4.37700e+00      8.00000e+00    889s
  1325     -1.10057e+01     -4.37700e+00      8.00000e+00    891s
  1327     -1.13463e+01     -4.37700e+00      8.00000e+00    892s
  1329     -1.12487e+01     -4.37700e+00      8.00000e+00    894s
  1331     -1.13250e+01     -4.37700e+00      8.00000e+00    895s
  1333     -1.16132e+01     -4.37700e+00      8.00000e+00    896s
  1335     -1.16507e+01     -4.37700e+00      8.00000e+00    898s
  1337     -1.14217e+01     -4.37700e+00      8.00000e+00    899s
  1339     -1.13637e+01     -4.37700e+00      8.00000e+00    900s
  1341     -1.18420e+01     -4.37700e+00      8.00000e+00    902s
  1343     -1.16432e+01     -4.37700e+00      8.00000e+00    903s
  1345     -1.12077e+01     -4.37700e+00      8.00000e+00    904s
  1347     -1.15030e+01     -4.37700e+00      8.00000e+00    906s
  1349     -1.15075e+01     -4.37700e+00      8.00000e+00    908s
  1351     -1.12408e+01     -4.37700e+00      8.00000e+00    909s
  1354     -1.15785e+01     -4.37700e+00      8.00000e+00    911s
  1356     -1.20263e+01     -4.37700e+00      8.00000e+00    912s
  1358     -1.10227e+01     -4.37700e+00      8.00000e+00    914s
  1360     -1.07647e+01     -4.37700e+00      8.00000e+00    915s
  1362     -1.09475e+01     -4.37700e+00      8.00000e+00    917s
  1364     -1.13157e+01     -4.37700e+00      8.00000e+00    918s
  1366     -1.11733e+01     -4.37700e+00      8.00000e+00    920s
  1368     -1.15458e+01     -4.37700e+00      8.00000e+00    921s
  1370     -1.10110e+01     -4.37700e+00      8.00000e+00    922s
  1372     -1.14707e+01     -4.37700e+00      8.00000e+00    924s
  1374     -1.10308e+01     -4.37700e+00      8.00000e+00    925s
  1376     -1.17667e+01     -4.37700e+00      8.00000e+00    926s
  1378     -1.17227e+01     -4.37700e+00      8.00000e+00    928s
  1380     -1.15757e+01     -4.37700e+00      8.00000e+00    929s
  1382     -1.13682e+01     -4.37700e+00      8.00000e+00    931s
  1384     -1.12510e+01     -4.37700e+00      8.00000e+00    932s
  1387     -1.16408e+01     -4.37700e+00      8.00000e+00    934s
  1389     -1.16013e+01     -4.37700e+00      8.00000e+00    935s
  1391     -1.16365e+01     -4.37700e+00      8.00000e+00    936s
  1393     -1.15330e+01     -4.37700e+00      8.00000e+00    938s
  1395     -1.14135e+01     -4.37700e+00      8.00000e+00    939s
  1397     -1.14698e+01     -4.37700e+00      8.00000e+00    940s
  1399     -1.17515e+01     -4.37700e+00      8.00000e+00    942s
  1401     -1.16095e+01     -4.37700e+00      8.00000e+00    943s
  1404     -1.11058e+01     -4.37700e+00      8.00000e+00    944s
  1406     -1.13992e+01     -4.37700e+00      8.00000e+00    946s
  1408     -1.14587e+01     -4.37700e+00      8.00000e+00    947s
  1410     -1.15813e+01     -4.37700e+00      8.00000e+00    949s
  1412     -1.14738e+01     -4.37700e+00      8.00000e+00    950s
  1414     -1.14868e+01     -4.37700e+00      8.00000e+00    951s
  1416     -1.12457e+01     -4.37700e+00      8.00000e+00    953s
  1418     -1.16637e+01     -4.37700e+00      8.00000e+00    954s
  1421     -1.19115e+01     -4.37700e+00      8.00000e+00    956s
  1423     -1.12300e+01     -4.37700e+00      8.00000e+00    957s
  1425     -1.12385e+01     -4.37700e+00      8.00000e+00    959s
  1427     -1.17313e+01     -4.37700e+00      8.00000e+00    960s
  1429     -1.14685e+01     -4.37700e+00      8.00000e+00    961s
  1431     -1.14192e+01     -4.37700e+00      8.00000e+00    963s
  1433     -1.15550e+01     -4.37700e+00      8.00000e+00    964s
  1435     -1.18467e+01     -4.37700e+00      8.00000e+00    966s
  1438     -1.12762e+01     -4.37700e+00      8.00000e+00    967s
  1440     -1.16030e+01     -4.37700e+00      8.00000e+00    969s
  1442     -1.15255e+01     -4.37700e+00      8.00000e+00    970s
  1444     -1.11323e+01     -4.37700e+00      8.00000e+00    972s
  1446     -1.12755e+01     -4.37700e+00      8.00000e+00    973s
  1448     -1.11272e+01     -4.37700e+00      8.00000e+00    975s
  1450     -1.12905e+01     -4.37700e+00      8.00000e+00    976s
  1452     -1.09568e+01     -4.37700e+00      8.00000e+00    978s
  1454     -1.14635e+01     -4.37700e+00      8.00000e+00    979s
  1456     -1.16888e+01     -4.37700e+00      8.00000e+00    980s
  1458     -1.15085e+01     -4.37700e+00      8.00000e+00    982s
  1460     -1.11395e+01     -4.37700e+00      8.00000e+00    983s
  1462     -1.12523e+01     -4.37700e+00      8.00000e+00    984s
  1464     -1.13492e+01     -4.37700e+00      8.00000e+00    986s
  1466     -1.13360e+01     -4.37700e+00      8.00000e+00    987s
  1468     -1.13658e+01     -4.37700e+00      8.00000e+00    988s
  1470     -1.19193e+01     -4.37700e+00      8.00000e+00    990s
  1472     -1.15802e+01     -4.37700e+00      8.00000e+00    991s
  1474     -1.16548e+01     -4.37700e+00      8.00000e+00    993s
  1476     -1.13478e+01     -4.37700e+00      8.00000e+00    994s
  1478     -1.11607e+01     -4.37700e+00      8.00000e+00    995s
  1480     -1.14417e+01     -4.37700e+00      8.00000e+00    997s
  1482     -1.14213e+01     -4.37700e+00      8.00000e+00    998s
  1484     -1.16265e+01     -4.37700e+00      8.00000e+00   1000s
  1487     -1.15742e+01     -4.37700e+00      8.00000e+00   1001s
  1489     -1.12908e+01     -4.37700e+00      8.00000e+00   1003s
  1491     -1.18132e+01     -4.37700e+00      8.00000e+00   1004s
  1493     -1.13210e+01     -4.37700e+00      8.00000e+00   1006s
  1495     -1.15332e+01     -4.37700e+00      8.00000e+00   1008s
  1497     -1.11710e+01     -4.37700e+00      8.00000e+00   1009s
  1499     -1.15960e+01     -4.37700e+00      8.00000e+00   1011s
  1502     -1.13333e+01     -4.37700e+00      8.00000e+00   1012s
  1504     -1.15297e+01     -4.37700e+00      8.00000e+00   1014s
  1506     -1.14915e+01     -4.37700e+00      8.00000e+00   1015s
  1508     -1.15047e+01     -4.37700e+00      8.00000e+00   1016s
  1510     -1.14855e+01     -4.37700e+00      8.00000e+00   1017s
  1512     -1.13783e+01     -4.37700e+00      8.00000e+00   1019s
  1514     -1.17253e+01     -4.37700e+00      8.00000e+00   1020s
  1516     -1.13502e+01     -4.37700e+00      8.00000e+00   1022s
  1519     -1.14263e+01     -4.37700e+00      8.00000e+00   1023s
  1521     -1.14957e+01     -4.37700e+00      8.00000e+00   1025s
  1523     -1.10040e+01     -4.37700e+00      8.00000e+00   1026s
  1525     -1.17867e+01     -4.37700e+00      8.00000e+00   1027s
  1527     -1.13652e+01     -4.37700e+00      8.00000e+00   1029s
  1529     -1.14982e+01     -4.37700e+00      8.00000e+00   1030s
  1531     -1.12870e+01     -4.37700e+00      8.00000e+00   1031s
  1533     -1.17563e+01     -4.37700e+00      8.00000e+00   1033s
  1536     -1.11978e+01     -4.37700e+00      8.00000e+00   1034s
  1538     -1.15625e+01     -4.37700e+00      8.00000e+00   1036s
  1540     -1.15188e+01     -4.37700e+00      8.00000e+00   1037s
  1542     -1.20228e+01     -4.37700e+00      8.00000e+00   1038s
  1544     -1.17635e+01     -4.37700e+00      8.00000e+00   1040s
  1546     -1.13358e+01     -4.37700e+00      8.00000e+00   1041s
  1548     -1.14212e+01     -4.37700e+00      8.00000e+00   1043s
  1550     -1.13370e+01     -4.37700e+00      8.00000e+00   1044s
  1552     -1.14432e+01     -4.37700e+00      8.00000e+00   1045s
  1554     -1.11493e+01     -4.37700e+00      8.00000e+00   1046s
  1556     -1.11282e+01     -4.37700e+00      8.00000e+00   1047s
  1558     -1.12743e+01     -4.37700e+00      8.00000e+00   1049s
  1560     -1.10705e+01     -4.37700e+00      8.00000e+00   1050s
  1562     -1.16825e+01     -4.37700e+00      8.00000e+00   1052s
  1564     -1.15473e+01     -4.37700e+00      8.00000e+00   1053s
  1566     -1.19463e+01     -4.37700e+00      8.00000e+00   1055s
  1568     -1.20160e+01     -4.37700e+00      8.00000e+00   1056s
  1571     -1.13008e+01     -4.37700e+00      8.00000e+00   1058s
  1573     -1.14572e+01     -4.37700e+00      8.00000e+00   1059s
  1575     -1.13033e+01     -4.37700e+00      8.00000e+00   1060s
  1577     -1.14558e+01     -4.37700e+00      8.00000e+00   1062s
  1579     -1.12617e+01     -4.37700e+00      8.00000e+00   1063s
  1581     -1.10345e+01     -4.37700e+00      8.00000e+00   1064s
  1583     -1.12757e+01     -4.37700e+00      8.00000e+00   1066s
  1585     -1.16238e+01     -4.37700e+00      8.00000e+00   1067s
  1588     -1.14637e+01     -4.37700e+00      8.00000e+00   1069s
  1590     -1.14940e+01     -4.37700e+00      8.00000e+00   1070s
  1592     -1.14563e+01     -4.37700e+00      8.00000e+00   1072s
  1594     -1.13322e+01     -4.37700e+00      8.00000e+00   1073s
  1596     -1.14355e+01     -4.37700e+00      8.00000e+00   1074s
  1598     -1.15440e+01     -4.37700e+00      8.00000e+00   1076s
  1600     -1.16822e+01     -4.37700e+00      8.00000e+00   1077s
  1602     -1.13762e+01     -4.37700e+00      8.00000e+00   1079s
  1605     -1.14815e+01     -4.37700e+00      8.00000e+00   1080s
  1607     -1.10228e+01     -4.37700e+00      8.00000e+00   1082s
  1609     -1.15280e+01     -4.37700e+00      8.00000e+00   1083s
  1611     -1.15125e+01     -4.37700e+00      8.00000e+00   1084s
  1613     -1.13188e+01     -4.37700e+00      8.00000e+00   1086s
  1615     -1.15898e+01     -4.37700e+00      8.00000e+00   1087s
  1617     -1.17983e+01     -4.37700e+00      8.00000e+00   1089s
  1619     -1.19022e+01     -4.37700e+00      8.00000e+00   1090s
  1622     -1.14408e+01     -4.37700e+00      8.00000e+00   1092s
  1624     -1.11692e+01     -4.37700e+00      8.00000e+00   1093s
  1626     -1.13317e+01     -4.37700e+00      8.00000e+00   1094s
  1628     -1.10032e+01     -4.37700e+00      8.00000e+00   1096s
  1630     -1.08202e+01     -4.37700e+00      8.00000e+00   1097s
  1632     -1.10058e+01     -4.37700e+00      8.00000e+00   1098s
  1634     -1.15025e+01     -4.37700e+00      8.00000e+00   1100s
  1636     -1.13673e+01     -4.37700e+00      8.00000e+00   1101s
  1639     -1.16503e+01     -4.37700e+00      8.00000e+00   1103s
  1641     -1.14973e+01     -4.37700e+00      8.00000e+00   1105s
  1643     -1.18317e+01     -4.37700e+00      8.00000e+00   1106s
  1645     -1.18775e+01     -4.37700e+00      8.00000e+00   1108s
  1647     -1.10588e+01     -4.37700e+00      8.00000e+00   1109s
  1649     -1.09835e+01     -4.37700e+00      8.00000e+00   1110s
  1651     -1.14840e+01     -4.37700e+00      8.00000e+00   1112s
  1653     -1.11413e+01     -4.37700e+00      8.00000e+00   1113s
  1655     -1.10892e+01     -4.37700e+00      8.00000e+00   1114s
  1657     -1.11537e+01     -4.37700e+00      8.00000e+00   1115s
  1659     -1.10437e+01     -4.37700e+00      8.00000e+00   1117s
  1661     -1.07307e+01     -4.37700e+00      8.00000e+00   1118s
  1663     -1.14475e+01     -4.37700e+00      8.00000e+00   1120s
  1665     -1.14820e+01     -4.37700e+00      8.00000e+00   1121s
  1667     -1.13838e+01     -4.37700e+00      8.00000e+00   1123s
  1669     -1.15817e+01     -4.37700e+00      8.00000e+00   1124s
  1672     -1.13920e+01     -4.37700e+00      8.00000e+00   1125s
  1674     -1.13188e+01     -4.37700e+00      8.00000e+00   1127s
  1676     -1.16258e+01     -4.37700e+00      8.00000e+00   1128s
  1678     -1.14698e+01     -4.37700e+00      8.00000e+00   1130s
  1680     -1.11752e+01     -4.37700e+00      8.00000e+00   1131s
  1682     -1.10208e+01     -4.37700e+00      8.00000e+00   1132s
  1684     -1.09883e+01     -4.37700e+00      8.00000e+00   1134s
  1686     -1.17372e+01     -4.37700e+00      8.00000e+00   1135s
  1689     -1.20575e+01     -4.37700e+00      8.00000e+00   1137s
  1691     -1.16283e+01     -4.37700e+00      8.00000e+00   1138s
  1693     -1.15983e+01     -4.37700e+00      8.00000e+00   1140s
  1695     -1.15392e+01     -4.37700e+00      8.00000e+00   1141s
  1697     -1.09648e+01     -4.37700e+00      8.00000e+00   1142s
  1699     -1.13097e+01     -4.37700e+00      8.00000e+00   1144s
  1701     -1.12552e+01     -4.37700e+00      8.00000e+00   1145s
  1703     -1.11548e+01     -4.37700e+00      8.00000e+00   1146s
  1706     -1.12015e+01     -4.37700e+00      8.00000e+00   1148s
  1708     -1.10862e+01     -4.37700e+00      8.00000e+00   1149s
  1710     -1.07098e+01     -4.37700e+00      8.00000e+00   1151s
  1712     -1.13797e+01     -4.37700e+00      8.00000e+00   1152s
  1714     -1.16965e+01     -4.37700e+00      8.00000e+00   1154s
  1716     -1.19290e+01     -4.37700e+00      8.00000e+00   1155s
  1718     -1.17005e+01     -4.37700e+00      8.00000e+00   1156s
  1720     -1.15045e+01     -4.37700e+00      8.00000e+00   1158s
  1723     -1.15713e+01     -4.37700e+00      8.00000e+00   1159s
  1725     -1.09737e+01     -4.37700e+00      8.00000e+00   1161s
  1727     -1.13195e+01     -4.37700e+00      8.00000e+00   1162s
  1729     -1.10912e+01     -4.37700e+00      8.00000e+00   1163s
  1731     -1.11632e+01     -4.37700e+00      8.00000e+00   1165s
  1733     -1.12015e+01     -4.37700e+00      8.00000e+00   1166s
  1735     -1.10418e+01     -4.37700e+00      8.00000e+00   1168s
  1737     -1.10883e+01     -4.37700e+00      8.00000e+00   1169s
  1740     -1.17573e+01     -4.37700e+00      8.00000e+00   1170s
  1742     -1.18108e+01     -4.37700e+00      8.00000e+00   1172s
  1744     -1.14097e+01     -4.37700e+00      8.00000e+00   1173s
  1746     -1.14577e+01     -4.37700e+00      8.00000e+00   1175s
  1748     -1.14757e+01     -4.37700e+00      8.00000e+00   1176s
  1750     -1.12498e+01     -4.37700e+00      8.00000e+00   1177s
  1752     -1.14900e+01     -4.37700e+00      8.00000e+00   1179s
  1754     -1.16762e+01     -4.37700e+00      8.00000e+00   1180s
  1757     -1.10942e+01     -4.37700e+00      8.00000e+00   1182s
  1759     -1.10320e+01     -4.37700e+00      8.00000e+00   1183s
  1761     -1.13857e+01     -4.37700e+00      8.00000e+00   1185s
  1763     -1.11228e+01     -4.37700e+00      8.00000e+00   1186s
  1765     -1.16335e+01     -4.37700e+00      8.00000e+00   1187s
  1767     -1.17053e+01     -4.37700e+00      8.00000e+00   1189s
  1769     -1.16633e+01     -4.37700e+00      8.00000e+00   1190s
  1771     -1.16867e+01     -4.37700e+00      8.00000e+00   1191s
  1774     -1.13167e+01     -4.37700e+00      8.00000e+00   1193s
  1776     -1.13148e+01     -4.37700e+00      8.00000e+00   1194s
  1778     -1.15843e+01     -4.37700e+00      8.00000e+00   1196s
  1780     -1.16202e+01     -4.37700e+00      8.00000e+00   1197s
  1782     -1.13877e+01     -4.37700e+00      8.00000e+00   1199s
  1784     -1.09620e+01     -4.37700e+00      8.00000e+00   1200s
  1786     -1.16698e+01     -4.37700e+00      8.00000e+00   1201s
  1788     -1.16525e+01     -4.37700e+00      8.00000e+00   1203s
  1791     -1.16142e+01     -4.37700e+00      8.00000e+00   1204s
  1793     -1.13422e+01     -4.37700e+00      8.00000e+00   1206s
  1795     -1.16670e+01     -4.37700e+00      8.00000e+00   1207s
  1797     -1.08942e+01     -4.37700e+00      8.00000e+00   1208s
  1799     -1.15452e+01     -4.37700e+00      8.00000e+00   1210s
  1801     -1.20338e+01     -4.37700e+00      8.00000e+00   1211s
  1803     -1.14655e+01     -4.37700e+00      8.00000e+00   1213s
  1805     -1.14737e+01     -4.37700e+00      8.00000e+00   1214s
  1808     -1.17957e+01     -4.37700e+00      8.00000e+00   1215s
  1810     -1.16643e+01     -4.37700e+00      8.00000e+00   1217s
  1812     -1.11518e+01     -4.37700e+00      8.00000e+00   1218s
  1814     -1.13447e+01     -4.37700e+00      8.00000e+00   1220s
  1816     -1.15645e+01     -4.37700e+00      8.00000e+00   1221s
  1818     -1.08805e+01     -4.37700e+00      8.00000e+00   1223s
  1820     -1.08552e+01     -4.37700e+00      8.00000e+00   1224s
  1822     -1.10870e+01     -4.37700e+00      8.00000e+00   1225s
  1824     -1.08690e+01     -4.37700e+00      8.00000e+00   1227s
  1826     -1.15570e+01     -4.37700e+00      8.00000e+00   1228s
  1828     -1.19407e+01     -4.37700e+00      8.00000e+00   1230s
  1830     -1.17737e+01     -4.37700e+00      8.00000e+00   1231s
  1832     -1.15698e+01     -4.37700e+00      8.00000e+00   1233s
  1834     -1.13063e+01     -4.37700e+00      8.00000e+00   1235s
  1836     -1.08947e+01     -4.37700e+00      8.00000e+00   1236s
  1839     -1.12297e+01     -4.37700e+00      8.00000e+00   1238s
  1841     -1.14250e+01     -4.37700e+00      8.00000e+00   1239s
  1843     -1.11162e+01     -4.37700e+00      8.00000e+00   1240s
  1845     -1.11377e+01     -4.37700e+00      8.00000e+00   1242s
  1847     -1.09120e+01     -4.37700e+00      8.00000e+00   1243s
  1849     -1.14370e+01     -4.37700e+00      8.00000e+00   1244s
  1851     -1.17072e+01     -4.37700e+00      8.00000e+00   1246s
  1853     -1.21278e+01     -4.37700e+00      8.00000e+00   1247s
  1856     -1.25107e+01     -4.37700e+00      8.00000e+00   1249s
  1858     -1.21642e+01     -4.37700e+00      8.00000e+00   1250s
  1860     -1.17152e+01     -4.37700e+00      8.00000e+00   1251s
  1862     -1.11538e+01     -4.37700e+00      8.00000e+00   1253s
  1864     -1.12018e+01     -4.37700e+00      8.00000e+00   1255s
  1866     -1.13047e+01     -4.37700e+00      8.00000e+00   1256s
  1868     -1.05203e+01     -4.37700e+00      8.00000e+00   1257s
  1870     -1.06833e+01     -4.37700e+00      8.00000e+00   1259s
  1873     -1.09005e+01     -4.37700e+00      8.00000e+00   1260s
  1875     -1.18928e+01     -4.37700e+00      8.00000e+00   1261s
  1877     -1.18893e+01     -4.37700e+00      8.00000e+00   1263s
  1879     -1.21813e+01     -4.37700e+00      8.00000e+00   1264s
  1881     -1.27382e+01     -4.37700e+00      8.00000e+00   1266s
  1883     -1.17480e+01     -4.37700e+00      8.00000e+00   1267s
  1885     -1.18115e+01     -4.37700e+00      8.00000e+00   1268s
  1887     -1.07365e+01     -4.37700e+00      8.00000e+00   1270s
  1890     -1.07402e+01     -4.37700e+00      8.00000e+00   1271s
  1892     -1.05925e+01     -4.37700e+00      8.00000e+00   1273s
  1894     -1.04853e+01     -4.37700e+00      8.00000e+00   1274s
  1896     -1.06448e+01     -4.37700e+00      8.00000e+00   1276s
  1898     -1.09985e+01     -4.37700e+00      8.00000e+00   1277s
  1900     -1.13868e+01     -4.37700e+00      8.00000e+00   1278s
  1902     -1.20703e+01     -4.37700e+00      8.00000e+00   1280s
  1904     -1.31247e+01     -4.37700e+00      8.00000e+00   1281s
  1906     -1.33533e+01     -4.37700e+00      8.00000e+00   1282s
  1908     -1.26238e+01     -4.37700e+00      8.00000e+00   1284s
  1910     -1.21745e+01     -4.37700e+00      8.00000e+00   1285s
  1912     -1.13712e+01     -4.37700e+00      8.00000e+00   1287s
  1914     -1.06357e+01     -4.37700e+00      8.00000e+00   1288s
  1916     -1.05622e+01     -4.37700e+00      8.00000e+00   1290s
  1918     -1.03493e+01     -4.37700e+00      8.00000e+00   1291s
  1920     -1.03833e+01     -4.37700e+00      8.00000e+00   1292s
  1922     -1.06983e+01     -4.37700e+00      8.00000e+00   1293s
  1924     -1.09238e+01     -4.37700e+00      8.00000e+00   1295s
  1926     -1.21762e+01     -4.37700e+00      8.00000e+00   1296s
  1928     -1.32218e+01     -4.37700e+00      8.00000e+00   1298s
  1930     -1.27413e+01     -4.37700e+00      8.00000e+00   1300s
  1932     -1.33458e+01     -4.37700e+00      8.00000e+00   1301s
  1934     -1.21140e+01     -4.37700e+00      8.00000e+00   1303s
  1936     -1.16002e+01     -4.37700e+00      8.00000e+00   1304s
  1938     -1.11832e+01     -4.37700e+00      8.00000e+00   1305s
  1940     -1.03892e+01     -4.37700e+00      8.00000e+00   1306s
  1942     -1.03688e+01     -4.37700e+00      8.00000e+00   1308s
  1944     -1.02300e+01     -4.37700e+00      8.00000e+00   1309s
  1946     -1.03603e+01     -4.37700e+00      8.00000e+00   1311s
  1948     -1.08642e+01     -4.37700e+00      8.00000e+00   1312s
  1950     -1.14037e+01     -4.37700e+00      8.00000e+00   1313s
  1952     -1.29720e+01     -4.37700e+00      8.00000e+00   1315s
  1955     -1.36762e+01     -4.37700e+00      8.00000e+00   1316s
  1957     -1.40465e+01     -4.37700e+00      8.00000e+00   1318s
  1959     -1.31955e+01     -4.37700e+00      8.00000e+00   1319s
  1961     -1.15362e+01     -4.37700e+00      8.00000e+00   1321s
  1963     -1.10992e+01     -4.37700e+00      8.00000e+00   1322s
  1965     -1.07528e+01     -4.37700e+00      8.00000e+00   1324s
  1967     -1.06457e+01     -4.37700e+00      8.00000e+00   1325s
  1969     -1.07248e+01     -4.37700e+00      8.00000e+00   1326s
  1971     -1.11053e+01     -4.37700e+00      8.00000e+00   1327s
  1973     -1.06085e+01     -4.37700e+00      8.00000e+00   1329s
  1975     -1.14375e+01     -4.37700e+00      8.00000e+00   1330s
  1977     -1.25530e+01     -4.37700e+00      8.00000e+00   1331s
  1979     -1.34638e+01     -4.37700e+00      8.00000e+00   1333s
  1981     -1.41172e+01     -4.37700e+00      8.00000e+00   1334s
  1983     -1.35247e+01     -4.37700e+00      8.00000e+00   1336s
  1985     -1.21535e+01     -4.37700e+00      8.00000e+00   1337s
  1988     -1.06917e+01     -4.37700e+00      8.00000e+00   1339s
  1990     -1.09650e+01     -4.37700e+00      8.00000e+00   1340s
  1992     -1.06905e+01     -4.37700e+00      8.00000e+00   1341s
  1994     -1.08180e+01     -4.37700e+00      8.00000e+00   1343s
  1996     -1.07623e+01     -4.37700e+00      8.00000e+00   1344s
  1998     -1.12228e+01     -4.37700e+00      8.00000e+00   1346s
  2000     -1.13070e+01     -4.37700e+00      8.00000e+00   1347s
  2002     -1.22962e+01     -4.37700e+00      8.00000e+00   1348s
  2005     -1.43108e+01     -4.37700e+00      8.00000e+00   1350s
  2007     -1.41622e+01     -4.37700e+00      8.00000e+00   1351s
  2009     -1.33880e+01     -4.37700e+00      8.00000e+00   1353s
  2011     -1.18958e+01     -4.37700e+00      8.00000e+00   1354s
  2013     -1.13893e+01     -4.37700e+00      8.00000e+00   1355s
  2015     -1.05688e+01     -4.37700e+00      8.00000e+00   1357s
  2017     -1.14678e+01     -4.37700e+00      8.00000e+00   1358s
  2019     -1.15668e+01     -4.37700e+00      8.00000e+00   1360s
  2022     -1.14697e+01     -4.37700e+00      8.00000e+00   1361s
  2024     -1.14533e+01     -4.37700e+00      8.00000e+00   1362s
  2026     -1.19255e+01     -4.37700e+00      8.00000e+00   1364s
  2028     -1.34365e+01     -4.37700e+00      8.00000e+00   1365s
  2030     -1.43523e+01     -4.37700e+00      8.00000e+00   1367s
  2032     -1.39320e+01     -4.37700e+00      8.00000e+00   1368s
  2034     -1.31592e+01     -4.37700e+00      8.00000e+00   1369s
  2036     -1.20640e+01     -4.37700e+00      8.00000e+00   1371s
  2039     -1.07915e+01     -4.37700e+00      8.00000e+00   1372s
  2041     -1.13563e+01     -4.37700e+00      8.00000e+00   1374s
  2043     -1.15602e+01     -4.37700e+00      8.00000e+00   1375s
  2045     -1.17037e+01     -4.37700e+00      8.00000e+00   1376s
  2047     -1.10545e+01     -4.37700e+00      8.00000e+00   1378s
  2049     -1.11932e+01     -4.37700e+00      8.00000e+00   1379s
  2051     -1.14373e+01     -4.37700e+00      8.00000e+00   1380s
  2053     -1.23230e+01     -4.37700e+00      8.00000e+00   1382s
  2056     -1.35682e+01     -4.37700e+00      8.00000e+00   1383s
  2057     -1.43582e+01     -4.37700e+00      8.00000e+00   1385s
  2059     -1.34417e+01     -4.37700e+00      8.00000e+00   1386s
  2061     -1.21380e+01     -4.37700e+00      8.00000e+00   1387s
  2063     -1.12373e+01     -4.37700e+00      8.00000e+00   1389s
  2065     -1.13477e+01     -4.37700e+00      8.00000e+00   1390s
  2067     -1.20253e+01     -4.37700e+00      8.00000e+00   1392s
  2069     -1.30438e+01     -4.37700e+00      8.00000e+00   1393s
  2072     -1.25093e+01     -4.37700e+00      8.00000e+00   1395s
  2074     -1.11790e+01     -4.37700e+00      8.00000e+00   1396s
  2076     -1.13640e+01     -4.37700e+00      8.00000e+00   1398s
  2078     -1.24702e+01     -4.37700e+00      8.00000e+00   1399s
  2080     -1.38288e+01     -4.37700e+00      8.00000e+00   1400s
  2082     -1.41120e+01     -4.37700e+00      8.00000e+00   1402s
  2084     -1.34322e+01     -4.37700e+00      8.00000e+00   1403s
  2086     -1.16648e+01     -4.37700e+00      8.00000e+00   1405s
  2089     -1.08325e+01     -4.37700e+00      8.00000e+00   1406s
  2091     -1.18015e+01     -4.37700e+00      8.00000e+00   1408s
  2093     -1.26158e+01     -4.37700e+00      8.00000e+00   1409s
  2095     -1.28710e+01     -4.37700e+00      8.00000e+00   1410s
  2097     -1.18820e+01     -4.37700e+00      8.00000e+00   1412s
  2099     -1.15285e+01     -4.37700e+00      8.00000e+00   1413s
  2101     -1.12398e+01     -4.37700e+00      8.00000e+00   1414s
  2103     -1.12440e+01     -4.37700e+00      8.00000e+00   1416s
  2105     -1.32695e+01     -4.37700e+00      8.00000e+00   1417s
  2107     -1.33965e+01     -4.37700e+00      8.00000e+00   1418s
  2109     -1.32573e+01     -4.37700e+00      8.00000e+00   1420s
  2111     -1.17600e+01     -4.37700e+00      8.00000e+00   1421s
  2113     -1.10502e+01     -4.37700e+00      8.00000e+00   1422s
  2115     -1.16368e+01     -4.37700e+00      8.00000e+00   1424s
  2117     -1.33972e+01     -4.37700e+00      8.00000e+00   1425s
  2119     -1.42620e+01     -4.37700e+00      8.00000e+00   1426s
  2121     -1.41470e+01     -4.37700e+00      8.00000e+00   1428s
  2123     -1.22023e+01     -4.37700e+00      8.00000e+00   1429s
  2125     -1.10717e+01     -4.37700e+00      8.00000e+00   1430s
  2127     -1.13203e+01     -4.37700e+00      8.00000e+00   1432s
  2129     -1.26783e+01     -4.37700e+00      8.00000e+00   1433s
  2131     -1.37718e+01     -4.37700e+00      8.00000e+00   1434s
  2133     -1.30773e+01     -4.37700e+00      8.00000e+00   1436s
  2135     -1.22700e+01     -4.37700e+00      8.00000e+00   1437s
  2137     -1.11563e+01     -4.37700e+00      8.00000e+00   1439s
  2140     -1.22302e+01     -4.37700e+00      8.00000e+00   1440s
  2142     -1.36628e+01     -4.37700e+00      8.00000e+00   1442s
  2144     -1.46298e+01     -4.37700e+00      8.00000e+00   1443s
  2146     -1.35797e+01     -4.37700e+00      8.00000e+00   1444s
  2148     -1.21830e+01     -4.37700e+00      8.00000e+00   1446s
  2150     -1.15563e+01     -4.37700e+00      8.00000e+00   1447s
  2152     -1.10275e+01     -4.37700e+00      8.00000e+00   1448s
  2154     -1.18757e+01     -4.37700e+00      8.00000e+00   1450s
  2157     -1.44143e+01     -4.37700e+00      8.00000e+00   1451s
  2159     -1.40245e+01     -4.37700e+00      8.00000e+00   1453s
  2161     -1.17863e+01     -4.37700e+00      8.00000e+00   1454s
  2163     -1.15547e+01     -4.37700e+00      8.00000e+00   1455s
  2165     -1.24840e+01     -4.37700e+00      8.00000e+00   1457s
  2167     -1.55003e+01     -4.37700e+00      8.00000e+00   1458s
  2169     -1.65197e+01     -4.37700e+00      8.00000e+00   1460s
  2171     -1.55008e+01     -4.37700e+00      8.00000e+00   1461s
  2174     -1.17908e+01     -4.37700e+00      8.00000e+00   1462s
  2176     -1.06357e+01     -4.37700e+00      8.00000e+00   1464s
  2178     -1.16618e+01     -4.37700e+00      8.00000e+00   1465s
  2180     -1.38957e+01     -4.37700e+00      8.00000e+00   1467s
  2182     -1.48755e+01     -4.37700e+00      8.00000e+00   1468s
  2184     -1.34993e+01     -4.37700e+00      8.00000e+00   1469s
  2186     -1.15633e+01     -4.37700e+00      8.00000e+00   1471s
  2188     -1.14383e+01     -4.37700e+00      8.00000e+00   1472s
  2191     -1.47755e+01     -4.37700e+00      8.00000e+00   1474s
  2193     -1.63285e+01     -4.37700e+00      8.00000e+00   1475s
  2195     -1.62553e+01     -4.37700e+00      8.00000e+00   1477s
  2197     -1.41002e+01     -4.37700e+00      8.00000e+00   1478s
  2199     -1.14200e+01     -4.37700e+00      8.00000e+00   1479s
  2201     -1.07338e+01     -4.37700e+00      8.00000e+00   1481s
  2203     -1.17907e+01     -4.37700e+00      8.00000e+00   1482s
  2205     -1.46733e+01     -4.37700e+00      8.00000e+00   1484s
  2208     -1.55385e+01     -4.37700e+00      8.00000e+00   1485s
  2210     -1.35235e+01     -4.37700e+00      8.00000e+00   1487s
  2212     -1.17002e+01     -4.37700e+00      8.00000e+00   1488s
  2214     -1.22620e+01     -4.37700e+00      8.00000e+00   1490s
  2216     -1.52962e+01     -4.37700e+00      8.00000e+00   1491s
  2218     -1.86347e+01     -4.37700e+00      8.00000e+00   1493s
  2220     -1.90132e+01     -4.37700e+00      8.00000e+00   1494s
  2222     -1.57902e+01     -4.37700e+00      8.00000e+00   1495s
  2224     -1.19417e+01     -4.37700e+00      8.00000e+00   1497s
  2226     -1.04783e+01     -4.37700e+00      8.00000e+00   1498s
  2228     -1.21683e+01     -4.37700e+00      8.00000e+00   1499s
  2230     -1.52670e+01     -4.37700e+00      8.00000e+00   1501s
  2232     -1.62445e+01     -4.37700e+00      8.00000e+00   1502s
  2234     -1.42895e+01     -4.37700e+00      8.00000e+00   1503s
  2236     -1.22188e+01     -4.37700e+00      8.00000e+00   1505s
  2238     -1.17650e+01     -4.37700e+00      8.00000e+00   1506s
  2241     -1.63868e+01     -4.37700e+00      8.00000e+00   1508s
  2243     -1.86340e+01     -4.37700e+00      8.00000e+00   1509s
  2245     -1.83778e+01     -4.37700e+00      8.00000e+00   1511s
  2247     -1.50737e+01     -4.37700e+00      8.00000e+00   1512s
  2249     -1.13512e+01     -4.37700e+00      8.00000e+00   1513s
  2251     -1.04925e+01     -4.37700e+00      8.00000e+00   1515s
  2253     -1.22070e+01     -4.37700e+00      8.00000e+00   1516s
  2255     -1.45950e+01     -4.37700e+00      8.00000e+00   1517s
  2258     -1.66823e+01     -4.37700e+00      8.00000e+00   1519s
  2260     -1.39490e+01     -4.37700e+00      8.00000e+00   1520s
  2262     -1.16693e+01     -4.37700e+00      8.00000e+00   1522s
  2264     -1.21212e+01     -4.37700e+00      8.00000e+00   1523s
  2266     -1.53668e+01     -4.37700e+00      8.00000e+00   1524s
  2268     -1.91860e+01     -4.37700e+00      8.00000e+00   1526s
  2270     -1.98940e+01     -4.37700e+00      8.00000e+00   1527s
  2272     -1.60383e+01     -4.37700e+00      8.00000e+00   1529s
  2275     -1.12097e+01     -4.37700e+00      8.00000e+00   1530s
  2277     -1.12625e+01     -4.37700e+00      8.00000e+00   1532s
  2279     -1.41163e+01     -4.37700e+00      8.00000e+00   1533s
  2281     -1.62858e+01     -4.37700e+00      8.00000e+00   1534s
  2283     -1.62395e+01     -4.37700e+00      8.00000e+00   1536s
  2285     -1.26040e+01     -4.37700e+00      8.00000e+00   1537s
  2287     -1.12318e+01     -4.37700e+00      8.00000e+00   1538s
  2289     -1.29192e+01     -4.37700e+00      8.00000e+00   1540s
  2292     -1.85942e+01     -4.37700e+00      8.00000e+00   1541s
  2294     -1.99955e+01     -4.37700e+00      8.00000e+00   1543s
  2296     -1.75317e+01     -4.37700e+00      8.00000e+00   1544s
  2298     -1.31468e+01     -4.37700e+00      8.00000e+00   1546s
  2300     -1.15540e+01     -4.37700e+00      8.00000e+00   1547s
  2302     -1.11977e+01     -4.37700e+00      8.00000e+00   1549s
  2304     -1.32233e+01     -4.37700e+00      8.00000e+00   1550s
  2306     -1.55437e+01     -4.37700e+00      8.00000e+00   1551s
  2308     -1.52135e+01     -4.37700e+00      8.00000e+00   1553s
  2310     -1.35988e+01     -4.37700e+00      8.00000e+00   1554s
  2312     -1.15273e+01     -4.37700e+00      8.00000e+00   1555s
  2314     -1.20715e+01     -4.37700e+00      8.00000e+00   1557s
  2316     -1.48908e+01     -4.37700e+00      8.00000e+00   1558s
  2318     -1.74403e+01     -4.37700e+00      8.00000e+00   1559s
  2320     -1.83242e+01     -4.37700e+00      8.00000e+00   1561s
  2322     -1.50882e+01     -4.37700e+00      8.00000e+00   1562s
  2325     -1.09652e+01     -4.37700e+00      8.00000e+00   1564s
  2327     -1.12255e+01     -4.37700e+00      8.00000e+00   1565s
  2329     -1.33737e+01     -4.37700e+00      8.00000e+00   1567s
  2331     -1.60295e+01     -4.37700e+00      8.00000e+00   1568s
  2333     -1.54680e+01     -4.37700e+00      8.00000e+00   1570s
  2335     -1.29965e+01     -4.37700e+00      8.00000e+00   1571s
  2337     -1.15358e+01     -4.37700e+00      8.00000e+00   1572s
  2339     -1.25680e+01     -4.37700e+00      8.00000e+00   1574s
  2342     -1.71382e+01     -4.37700e+00      8.00000e+00   1575s
  2344     -1.82322e+01     -4.37700e+00      8.00000e+00   1577s
  2346     -1.66260e+01     -4.37700e+00      8.00000e+00   1578s
  2348     -1.26475e+01     -4.37700e+00      8.00000e+00   1580s
  2350     -1.11877e+01     -4.37700e+00      8.00000e+00   1581s
  2352     -1.05453e+01     -4.37700e+00      8.00000e+00   1582s
  2354     -1.23545e+01     -4.37700e+00      8.00000e+00   1584s
  2356     -1.35968e+01     -4.37700e+00      8.00000e+00   1585s
  2359     -1.33498e+01     -4.37700e+00      8.00000e+00   1587s
  2361     -1.22758e+01     -4.37700e+00      8.00000e+00   1588s
  2363     -1.12973e+01     -4.37700e+00      8.00000e+00   1589s
  2365     -1.26608e+01     -4.37700e+00      8.00000e+00   1591s
  2367     -1.52983e+01     -4.37700e+00      8.00000e+00   1592s
  2369     -1.63740e+01     -4.37700e+00      8.00000e+00   1594s
  2371     -1.59307e+01     -4.37700e+00      8.00000e+00   1595s
  2373     -1.30053e+01     -4.37700e+00      8.00000e+00   1596s
  2375     -1.08615e+01     -4.37700e+00      8.00000e+00   1598s
  2377     -1.08600e+01     -4.37700e+00      8.00000e+00   1599s
  2379     -1.24995e+01     -4.37700e+00      8.00000e+00   1600s
  2381     -1.43603e+01     -4.37700e+00      8.00000e+00   1602s
  2383     -1.40037e+01     -4.37700e+00      8.00000e+00   1603s
  2385     -1.24055e+01     -4.37700e+00      8.00000e+00   1604s
  2387     -1.10363e+01     -4.37700e+00      8.00000e+00   1606s
  2389     -1.18993e+01     -4.37700e+00      8.00000e+00   1607s
  2392     -1.56610e+01     -4.37700e+00      8.00000e+00   1609s
  2394     -1.65467e+01     -4.37700e+00      8.00000e+00   1610s
  2396     -1.50085e+01     -4.37700e+00      8.00000e+00   1612s
  2398     -1.24590e+01     -4.37700e+00      8.00000e+00   1613s
  2400     -1.13193e+01     -4.37700e+00      8.00000e+00   1614s
  2402     -1.05297e+01     -4.37700e+00      8.00000e+00   1616s
  2404     -1.12650e+01     -4.37700e+00      8.00000e+00   1617s
  2406     -1.27090e+01     -4.37700e+00      8.00000e+00   1618s
  2409     -1.26430e+01     -4.37700e+00      8.00000e+00   1620s
  2411     -1.18278e+01     -4.37700e+00      8.00000e+00   1621s
  2413     -1.13315e+01     -4.37700e+00      8.00000e+00   1623s
  2415     -1.24040e+01     -4.37700e+00      8.00000e+00   1624s
  2417     -1.40482e+01     -4.37700e+00      8.00000e+00   1625s
  2419     -1.56620e+01     -4.37700e+00      8.00000e+00   1627s
  2421     -1.50435e+01     -4.37700e+00      8.00000e+00   1628s
  2423     -1.25715e+01     -4.37700e+00      8.00000e+00   1630s
  2426     -1.08545e+01     -4.37700e+00      8.00000e+00   1631s
  2428     -1.13643e+01     -4.37700e+00      8.00000e+00   1633s
  2430     -1.25627e+01     -4.37700e+00      8.00000e+00   1634s
  2432     -1.25307e+01     -4.37700e+00      8.00000e+00   1635s
  2434     -1.23675e+01     -4.37700e+00      8.00000e+00   1637s
  2436     -1.16465e+01     -4.37700e+00      8.00000e+00   1638s
  2438     -1.12967e+01     -4.37700e+00      8.00000e+00   1639s
  2440     -1.32885e+01     -4.37700e+00      8.00000e+00   1641s
  2443     -1.57087e+01     -4.37700e+00      8.00000e+00   1642s
  2445     -1.50382e+01     -4.37700e+00      8.00000e+00   1644s
  2447     -1.34670e+01     -4.37700e+00      8.00000e+00   1645s
  2449     -1.16413e+01     -4.37700e+00      8.00000e+00   1646s
  2451     -1.10742e+01     -4.37700e+00      8.00000e+00   1648s
  2453     -1.13683e+01     -4.37700e+00      8.00000e+00   1649s
  2455     -1.20670e+01     -4.37700e+00      8.00000e+00   1651s
  2457     -1.20415e+01     -4.37700e+00      8.00000e+00   1652s
  2460     -1.13780e+01     -4.37700e+00      8.00000e+00   1654s
  2462     -1.15297e+01     -4.37700e+00      8.00000e+00   1655s
  2464     -1.18378e+01     -4.37700e+00      8.00000e+00   1656s
  2466     -1.42322e+01     -4.37700e+00      8.00000e+00   1658s
  2468     -1.50282e+01     -4.37700e+00      8.00000e+00   1659s
  2470     -1.50162e+01     -4.37700e+00      8.00000e+00   1661s
  2472     -1.34160e+01     -4.37700e+00      8.00000e+00   1662s
  2474     -1.16690e+01     -4.37700e+00      8.00000e+00   1663s
  2477     -1.09983e+01     -4.37700e+00      8.00000e+00   1665s
  2479     -1.15892e+01     -4.37700e+00      8.00000e+00   1666s
  2481     -1.20187e+01     -4.37700e+00      8.00000e+00   1668s
  2483     -1.20732e+01     -4.37700e+00      8.00000e+00   1669s
  2485     -1.07288e+01     -4.37700e+00      8.00000e+00   1670s
  2487     -1.10947e+01     -4.37700e+00      8.00000e+00   1672s
  2489     -1.24280e+01     -4.37700e+00      8.00000e+00   1673s
  2491     -1.37345e+01     -4.37700e+00      8.00000e+00   1675s
  2494     -1.52533e+01     -4.37700e+00      8.00000e+00   1676s
  2496     -1.39172e+01     -4.37700e+00      8.00000e+00   1677s
  2498     -1.21768e+01     -4.37700e+00      8.00000e+00   1678s

==================================================
Summary of results QAOA
--------------------------------------------------
Average of QAOA obj:          -4.38
STD of QAOA obj:              68.73

Gamma angles:                 0.26
Beta angles:                  3.46

Best QAOA obj:                8.00
Modified best QAOA obj:       8.00

QAOA total time:              1678.92s
QAOA circuit depth:           18
==================================================

==================================================
Summary of results of 0-S8
--------------------------------------------------
Number of vertices:           8
Number of edges:              22

Vertex num in largest comp:   8
Edge num in largest comp:     22

Pre-processing running time:  0.00
Total solver time:            1678.39
Running time:                 1682.56

Upper bound:                  12.00
Objective value:              8.00

Partition 0:                  1, 4, 5, 8          
Partition 1:                  2, 7                
Partition 2:                  3, 6                
==================================================
