==================================================
Instance parameters
--------------------------------------------------
Number of vertices:           8
Number of edges:              22
Number of partitions:         3

Density (%):                  79
Name of instance:             seed1_band_pen1.4
Is planar:                    False
==================================================

==================================================
Solver parameters
--------------------------------------------------
Method:                       R-QUBO
Peel:                         False
Decompose:                    False
Fold:                         False

QAOA Num Levels:              1
QAOA Scipy Optimizer:         brute
==================================================

  iter        avg-obj        best avg-obj       best-obj      time
     0     -1.28502e+01     -1.28502e+01      7.00000e+00      2s
     3     -1.27514e+01     -1.27514e+01      8.00000e+00      4s
     5     -1.35806e+01     -1.27514e+01      8.00000e+00      5s
     7     -1.22598e+01     -1.22598e+01      8.00000e+00      6s
     9     -1.29606e+01     -1.22598e+01      8.00000e+00      7s
    11     -1.33364e+01     -1.22598e+01      8.00000e+00      8s
    13     -1.29914e+01     -1.22598e+01      8.00000e+00      9s
    15     -1.28130e+01     -1.22598e+01      8.00000e+00     11s
    17     -1.30878e+01     -1.22598e+01      8.00000e+00     12s
    20     -1.31150e+01     -1.22598e+01      8.00000e+00     14s
    22     -1.28058e+01     -1.22598e+01      8.00000e+00     15s
    24     -1.34924e+01     -1.22598e+01      8.00000e+00     17s
    26     -1.31494e+01     -1.22598e+01      8.00000e+00     18s
    28     -1.27174e+01     -1.22598e+01      8.00000e+00     20s
    31     -1.29474e+01     -1.22598e+01      8.00000e+00     21s
    33     -1.30808e+01     -1.22598e+01      8.00000e+00     22s
    35     -1.29728e+01     -1.22598e+01      8.00000e+00     24s
    37     -1.27950e+01     -1.22598e+01      8.00000e+00     25s
    39     -1.31068e+01     -1.22598e+01      8.00000e+00     26s
    41     -1.28416e+01     -1.22598e+01      8.00000e+00     28s
    43     -1.28806e+01     -1.22598e+01      8.00000e+00     29s
    46     -1.27448e+01     -1.22034e+01      8.00000e+00     31s
    48     -1.24944e+01     -1.22034e+01      8.00000e+00     32s
    51     -8.34480e+00     -8.34480e+00      8.00000e+00     34s
    53     -1.76320e+00     -1.76320e+00      8.00000e+00     35s
    55     -2.58100e+00     -1.17240e+00      8.00000e+00     36s
    57     -7.18060e+00     -1.17240e+00      8.00000e+00     37s
    59     -1.06450e+01     -1.17240e+00      8.00000e+00     39s
    61     -1.24884e+01     -1.17240e+00      8.00000e+00     40s
    63     -1.36768e+01     -1.17240e+00      8.00000e+00     41s
    65     -1.79176e+01     -1.17240e+00      8.00000e+00     43s
    67     -2.41796e+01     -1.17240e+00      8.00000e+00     44s
    69     -2.92176e+01     -1.17240e+00      8.00000e+00     46s
    71     -2.94592e+01     -1.17240e+00      8.00000e+00     47s
    73     -2.17514e+01     -1.17240e+00      8.00000e+00     48s
    74     -1.58944e+01     -1.17240e+00      8.00000e+00     49s
    76     -5.19600e+00     -1.17240e+00      8.00000e+00     51s
    78     -1.42960e+00     -1.17240e+00      8.00000e+00     52s
    80     -3.50560e+00     -1.17240e+00      8.00000e+00     53s
    82     -8.36700e+00     -1.17240e+00      8.00000e+00     55s
    84     -1.10788e+01     -1.17240e+00      8.00000e+00     56s
    86     -1.21904e+01     -1.17240e+00      8.00000e+00     58s
    88     -1.37394e+01     -1.17240e+00      8.00000e+00     59s
    90     -1.91374e+01     -1.17240e+00      8.00000e+00     61s
    93     -2.88542e+01     -1.17240e+00      8.00000e+00     62s
    95     -2.92670e+01     -1.17240e+00      8.00000e+00     64s
    97     -2.34726e+01     -1.17240e+00      8.00000e+00     65s
    99     -1.38086e+01     -1.17240e+00      8.00000e+00     66s
   101     -9.76480e+00     -1.17240e+00      8.00000e+00     67s
   103     -6.75000e+00     -1.17240e+00      8.00000e+00     69s
   105     -9.18480e+00     -1.17240e+00      8.00000e+00     70s
   107     -1.29258e+01     -1.17240e+00      8.00000e+00     71s
   109     -1.37160e+01     -1.17240e+00      8.00000e+00     73s
   111     -1.34754e+01     -1.17240e+00      8.00000e+00     74s
   113     -1.31736e+01     -1.17240e+00      8.00000e+00     76s
   115     -1.97734e+01     -1.17240e+00      8.00000e+00     77s
   117     -2.72862e+01     -1.17240e+00      8.00000e+00     78s
   119     -3.14096e+01     -1.17240e+00      8.00000e+00     79s
   121     -2.83980e+01     -1.17240e+00      8.00000e+00     80s
   123     -2.01232e+01     -1.17240e+00      8.00000e+00     82s
   125     -1.11142e+01     -1.17240e+00      8.00000e+00     83s
   127     -6.66860e+00     -1.17240e+00      8.00000e+00     85s
   129     -8.30000e+00     -1.17240e+00      8.00000e+00     86s
   131     -1.16738e+01     -1.17240e+00      8.00000e+00     88s
   133     -1.32014e+01     -1.17240e+00      8.00000e+00     89s
   136     -1.27480e+01     -1.17240e+00      8.00000e+00     90s
   138     -1.47032e+01     -1.17240e+00      8.00000e+00     92s
   141     -2.57230e+01     -1.17240e+00      8.00000e+00     93s
   143     -3.02926e+01     -1.17240e+00      8.00000e+00     95s
   145     -3.04202e+01     -1.17240e+00      8.00000e+00     96s
   148     -1.64384e+01     -1.17240e+00      8.00000e+00     98s
   150     -1.26808e+01     -1.17240e+00      8.00000e+00     99s
   152     -1.43672e+01     -1.17240e+00      8.00000e+00    100s
   154     -1.66712e+01     -1.17240e+00      8.00000e+00    102s
   156     -1.82468e+01     -1.17240e+00      8.00000e+00    103s
   158     -1.60906e+01     -1.17240e+00      8.00000e+00    104s
   160     -1.36868e+01     -1.17240e+00      8.00000e+00    106s
   162     -1.23890e+01     -1.17240e+00      8.00000e+00    107s
   164     -1.48608e+01     -1.17240e+00      8.00000e+00    109s
   165     -1.69072e+01     -1.17240e+00      8.00000e+00    110s
   167     -1.96872e+01     -1.17240e+00      8.00000e+00    111s
   169     -2.02298e+01     -1.17240e+00      8.00000e+00    112s
   171     -1.65552e+01     -1.17240e+00      8.00000e+00    114s
   173     -1.40050e+01     -1.17240e+00      8.00000e+00    115s
   175     -1.31730e+01     -1.17240e+00      8.00000e+00    117s
   176     -1.39758e+01     -1.17240e+00      8.00000e+00    118s
   178     -1.62922e+01     -1.17240e+00      8.00000e+00    119s
   179     -1.80998e+01     -1.17240e+00      8.00000e+00    120s
   180     -1.80390e+01     -1.17240e+00      8.00000e+00    121s
   182     -1.69734e+01     -1.17240e+00      8.00000e+00    123s
   184     -1.43526e+01     -1.17240e+00      8.00000e+00    124s
   187     -1.31526e+01     -1.17240e+00      8.00000e+00    126s
   189     -1.60732e+01     -1.17240e+00      8.00000e+00    128s
   191     -1.99738e+01     -1.17240e+00      8.00000e+00    129s
   193     -1.98466e+01     -1.17240e+00      8.00000e+00    130s
   195     -1.78240e+01     -1.17240e+00      8.00000e+00    131s
   197     -1.39114e+01     -1.17240e+00      8.00000e+00    133s
   199     -1.26942e+01     -1.17240e+00      8.00000e+00    134s
   201     -1.53108e+01     -1.17240e+00      8.00000e+00    136s
   203     -2.03336e+01     -1.17240e+00      8.00000e+00    137s
   204     -2.03028e+01     -1.17240e+00      8.00000e+00    138s
   206     -2.13166e+01     -1.17240e+00      8.00000e+00    139s
   208     -1.70952e+01     -1.17240e+00      8.00000e+00    140s
   210     -1.30288e+01     -1.17240e+00      8.00000e+00    142s
   212     -1.32142e+01     -1.17240e+00      8.00000e+00    143s
   214     -1.41758e+01     -1.17240e+00      8.00000e+00    144s
   216     -1.59270e+01     -1.17240e+00      8.00000e+00    146s
   218     -1.55582e+01     -1.17240e+00      8.00000e+00    147s
   220     -1.33530e+01     -1.17240e+00      8.00000e+00    149s
   222     -1.14466e+01     -1.17240e+00      8.00000e+00    150s
   223     -1.10284e+01     -1.17240e+00      8.00000e+00    151s
   225     -1.40020e+01     -1.17240e+00      8.00000e+00    152s
   227     -1.89178e+01     -1.17240e+00      8.00000e+00    154s
   230     -2.09572e+01     -1.17240e+00      8.00000e+00    155s
   232     -1.81678e+01     -1.17240e+00      8.00000e+00    156s
   234     -1.41386e+01     -1.17240e+00      8.00000e+00    157s
   237     -1.37334e+01     -1.17240e+00      8.00000e+00    159s
   240     -1.63974e+01     -1.17240e+00      8.00000e+00    160s
   242     -1.58200e+01     -1.17240e+00      8.00000e+00    162s
   244     -1.38084e+01     -1.17240e+00      8.00000e+00    164s
   246     -1.16312e+01     -1.17240e+00      8.00000e+00    165s
   248     -1.15588e+01     -1.17240e+00      8.00000e+00    166s
   250     -1.28252e+01     -1.17240e+00      8.00000e+00    168s
   252     -1.58026e+01     -1.17240e+00      8.00000e+00    169s
   254     -1.89378e+01     -1.17240e+00      8.00000e+00    171s
   256     -1.90086e+01     -1.17240e+00      8.00000e+00    172s
   258     -1.63132e+01     -1.17240e+00      8.00000e+00    173s
   260     -1.36374e+01     -1.17240e+00      8.00000e+00    174s
   262     -1.29016e+01     -1.17240e+00      8.00000e+00    176s
   264     -1.48984e+01     -1.17240e+00      8.00000e+00    177s
   265     -1.46334e+01     -1.17240e+00      8.00000e+00    178s
   266     -1.57618e+01     -1.17240e+00      8.00000e+00    179s
   268     -1.61708e+01     -1.17240e+00      8.00000e+00    181s
   270     -1.43358e+01     -1.17240e+00      8.00000e+00    183s
   273     -1.24078e+01     -1.17240e+00      8.00000e+00    184s
   276     -1.54076e+01     -1.17240e+00      8.00000e+00    186s
   278     -1.81746e+01     -1.17240e+00      8.00000e+00    187s
   281     -1.84954e+01     -1.17240e+00      8.00000e+00    188s
   284     -1.37844e+01     -1.17240e+00      8.00000e+00    189s
   286     -1.26956e+01     -1.17240e+00      8.00000e+00    191s
   288     -1.38462e+01     -1.17240e+00      8.00000e+00    192s
   290     -1.54684e+01     -1.17240e+00      8.00000e+00    193s
   292     -1.63538e+01     -1.17240e+00      8.00000e+00    195s
   294     -1.44854e+01     -1.17240e+00      8.00000e+00    196s
   296     -1.32528e+01     -1.17240e+00      8.00000e+00    197s
   298     -1.19468e+01     -1.17240e+00      8.00000e+00    198s
   300     -1.28016e+01     -1.17240e+00      8.00000e+00    200s
   302     -1.38204e+01     -1.17240e+00      8.00000e+00    201s
   304     -1.61020e+01     -1.17240e+00      8.00000e+00    202s
   306     -1.57498e+01     -1.17240e+00      8.00000e+00    204s
   308     -1.44332e+01     -1.17240e+00      8.00000e+00    205s
   310     -1.37412e+01     -1.17240e+00      8.00000e+00    206s
   312     -1.27966e+01     -1.17240e+00      8.00000e+00    207s
   314     -1.39226e+01     -1.17240e+00      8.00000e+00    209s
   316     -1.54982e+01     -1.17240e+00      8.00000e+00    210s
   318     -1.60486e+01     -1.17240e+00      8.00000e+00    211s
   320     -1.49090e+01     -1.17240e+00      8.00000e+00    213s
   322     -1.37248e+01     -1.17240e+00      8.00000e+00    214s
   325     -1.29596e+01     -1.17240e+00      8.00000e+00    216s
   327     -1.40830e+01     -1.17240e+00      8.00000e+00    217s
   329     -1.54884e+01     -1.17240e+00      8.00000e+00    218s
   331     -1.58720e+01     -1.17240e+00      8.00000e+00    219s
   333     -1.47360e+01     -1.17240e+00      8.00000e+00    221s
   335     -1.32832e+01     -1.17240e+00      8.00000e+00    222s
   337     -1.30260e+01     -1.17240e+00      8.00000e+00    224s
   339     -1.39966e+01     -1.17240e+00      8.00000e+00    225s
   342     -1.55060e+01     -1.17240e+00      8.00000e+00    227s
   344     -1.49230e+01     -1.17240e+00      8.00000e+00    228s
   346     -1.41100e+01     -1.17240e+00      8.00000e+00    229s
   348     -1.26166e+01     -1.17240e+00      8.00000e+00    230s
   350     -1.28132e+01     -1.17240e+00      8.00000e+00    231s
   352     -1.29060e+01     -1.17240e+00      8.00000e+00    233s
   354     -1.41792e+01     -1.17240e+00      8.00000e+00    234s
   356     -1.54078e+01     -1.17240e+00      8.00000e+00    235s
   358     -1.47678e+01     -1.17240e+00      8.00000e+00    237s
   361     -1.34220e+01     -1.17240e+00      8.00000e+00    238s
   363     -1.34108e+01     -1.17240e+00      8.00000e+00    239s
   365     -1.43058e+01     -1.17240e+00      8.00000e+00    240s
   367     -1.48210e+01     -1.17240e+00      8.00000e+00    242s
   369     -1.51546e+01     -1.17240e+00      8.00000e+00    243s
   372     -1.33814e+01     -1.17240e+00      8.00000e+00    244s
   374     -1.33230e+01     -1.17240e+00      8.00000e+00    246s
   376     -1.34702e+01     -1.17240e+00      8.00000e+00    247s
   380     -1.42046e+01     -1.17240e+00      8.00000e+00    249s
   382     -1.44378e+01     -1.17240e+00      8.00000e+00    250s
   385     -1.32546e+01     -1.17240e+00      8.00000e+00    252s
   387     -1.26062e+01     -1.17240e+00      8.00000e+00    253s
   389     -1.43786e+01     -1.17240e+00      8.00000e+00    254s
   391     -1.53910e+01     -1.17240e+00      8.00000e+00    256s
   393     -1.50706e+01     -1.17240e+00      8.00000e+00    257s
   395     -1.49472e+01     -1.17240e+00      8.00000e+00    259s
   397     -1.36418e+01     -1.17240e+00      8.00000e+00    260s
   398     -1.29540e+01     -1.17240e+00      8.00000e+00    261s
   400     -1.29362e+01     -1.17240e+00      8.00000e+00    263s
   402     -1.26856e+01     -1.17240e+00      8.00000e+00    264s
   404     -1.41928e+01     -1.17240e+00      8.00000e+00    265s
   406     -1.45170e+01     -1.17240e+00      8.00000e+00    266s
   408     -1.39896e+01     -1.17240e+00      8.00000e+00    268s
   410     -1.38060e+01     -1.17240e+00      8.00000e+00    269s
   412     -1.23530e+01     -1.17240e+00      8.00000e+00    270s
   414     -1.36266e+01     -1.17240e+00      8.00000e+00    272s
   416     -1.34056e+01     -1.17240e+00      8.00000e+00    273s
   419     -1.41126e+01     -1.17240e+00      8.00000e+00    274s
   421     -1.37068e+01     -1.17240e+00      8.00000e+00    276s
   423     -1.37400e+01     -1.17240e+00      8.00000e+00    277s
   427     -1.33902e+01     -1.17240e+00      8.00000e+00    279s
   429     -1.48048e+01     -1.17240e+00      8.00000e+00    280s
   431     -1.46230e+01     -1.17240e+00      8.00000e+00    281s
   433     -1.32162e+01     -1.17240e+00      8.00000e+00    282s
   435     -1.30732e+01     -1.17240e+00      8.00000e+00    284s
   438     -1.31464e+01     -1.17240e+00      8.00000e+00    286s
   441     -1.41536e+01     -1.17240e+00      8.00000e+00    287s
   443     -1.42014e+01     -1.17240e+00      8.00000e+00    289s
   445     -1.39714e+01     -1.17240e+00      8.00000e+00    290s
   447     -1.33248e+01     -1.17240e+00      8.00000e+00    292s
   449     -1.31176e+01     -1.17240e+00      8.00000e+00    293s
   451     -1.29530e+01     -1.17240e+00      8.00000e+00    295s
   453     -1.36740e+01     -1.17240e+00      8.00000e+00    296s
   455     -1.40120e+01     -1.17240e+00      8.00000e+00    297s
   457     -1.36794e+01     -1.17240e+00      8.00000e+00    299s
   459     -1.37884e+01     -1.17240e+00      8.00000e+00    300s
   461     -1.27746e+01     -1.17240e+00      8.00000e+00    301s
   463     -1.32178e+01     -1.17240e+00      8.00000e+00    303s
   466     -1.35484e+01     -1.17240e+00      8.00000e+00    304s
   468     -1.40650e+01     -1.17240e+00      8.00000e+00    305s
   470     -1.27294e+01     -1.17240e+00      8.00000e+00    306s
   473     -1.24378e+01     -1.17240e+00      8.00000e+00    308s
   476     -1.32098e+01     -1.17240e+00      8.00000e+00    309s
   478     -1.32272e+01     -1.17240e+00      8.00000e+00    310s
   480     -1.39824e+01     -1.17240e+00      8.00000e+00    312s
   482     -1.37180e+01     -1.17240e+00      8.00000e+00    313s
   485     -1.37862e+01     -1.17240e+00      8.00000e+00    314s
   487     -1.28218e+01     -1.17240e+00      8.00000e+00    316s
   489     -1.35886e+01     -1.17240e+00      8.00000e+00    317s
   491     -1.38314e+01     -1.17240e+00      8.00000e+00    318s
   493     -1.37844e+01     -1.17240e+00      8.00000e+00    320s
   495     -1.35704e+01     -1.17240e+00      8.00000e+00    321s
   497     -1.36322e+01     -1.17240e+00      8.00000e+00    322s
   499     -1.29278e+01     -1.17240e+00      8.00000e+00    324s
   501     -1.28104e+01     -1.17240e+00      8.00000e+00    325s
   503     -1.35020e+01     -1.17240e+00      8.00000e+00    327s
   505     -1.33510e+01     -1.17240e+00      8.00000e+00    328s
   507     -1.28820e+01     -1.17240e+00      8.00000e+00    329s
   509     -1.37968e+01     -1.17240e+00      8.00000e+00    330s
   511     -1.26128e+01     -1.17240e+00      8.00000e+00    331s
   513     -1.31326e+01     -1.17240e+00      8.00000e+00    333s
   516     -1.33540e+01     -1.17240e+00      8.00000e+00    334s
   518     -1.40072e+01     -1.17240e+00      8.00000e+00    335s
   520     -1.30546e+01     -1.17240e+00      8.00000e+00    336s
   523     -1.34298e+01     -1.17240e+00      8.00000e+00    338s
   526     -1.31130e+01     -1.17240e+00      8.00000e+00    339s
   528     -1.33572e+01     -1.17240e+00      8.00000e+00    340s
   530     -1.33494e+01     -1.17240e+00      8.00000e+00    342s
   532     -1.26620e+01     -1.17240e+00      8.00000e+00    343s
   535     -1.30942e+01     -1.17240e+00      8.00000e+00    344s
   538     -1.29566e+01     -1.17240e+00      8.00000e+00    346s
   540     -1.31336e+01     -1.17240e+00      8.00000e+00    347s
   542     -1.29938e+01     -1.17240e+00      8.00000e+00    349s
   544     -1.33910e+01     -1.17240e+00      8.00000e+00    350s
   546     -1.36394e+01     -1.17240e+00      8.00000e+00    352s
   549     -1.28540e+01     -1.17240e+00      8.00000e+00    353s
   551     -1.38546e+01     -1.17240e+00      8.00000e+00    354s
   553     -1.32872e+01     -1.17240e+00      8.00000e+00    355s
   555     -1.38914e+01     -1.17240e+00      8.00000e+00    357s
   557     -1.39738e+01     -1.17240e+00      8.00000e+00    358s
   559     -1.32866e+01     -1.17240e+00      8.00000e+00    359s
   561     -1.34694e+01     -1.17240e+00      8.00000e+00    360s
   563     -1.27790e+01     -1.17240e+00      8.00000e+00    362s
   565     -1.26550e+01     -1.17240e+00      8.00000e+00    363s
   567     -1.30956e+01     -1.17240e+00      8.00000e+00    364s
   569     -1.32970e+01     -1.17240e+00      8.00000e+00    365s
   571     -1.31518e+01     -1.17240e+00      8.00000e+00    367s
   574     -1.27160e+01     -1.17240e+00      8.00000e+00    369s
   576     -1.28316e+01     -1.17240e+00      8.00000e+00    370s
   578     -1.27354e+01     -1.17240e+00      8.00000e+00    371s
   580     -1.30712e+01     -1.17240e+00      8.00000e+00    373s
   582     -1.32792e+01     -1.17240e+00      8.00000e+00    374s
   584     -1.36422e+01     -1.17240e+00      8.00000e+00    375s
   586     -1.36082e+01     -1.17240e+00      8.00000e+00    377s
   587     -1.29724e+01     -1.17240e+00      8.00000e+00    378s
   589     -1.30806e+01     -1.17240e+00      8.00000e+00    380s
   591     -1.27780e+01     -1.17240e+00      8.00000e+00    381s
   594     -1.35908e+01     -1.17240e+00      8.00000e+00    383s
   596     -1.33850e+01     -1.17240e+00      8.00000e+00    384s
   598     -1.36194e+01     -1.17240e+00      8.00000e+00    386s
   600     -1.29014e+01     -1.17240e+00      8.00000e+00    387s
   602     -1.28452e+01     -1.17240e+00      8.00000e+00    388s
   604     -1.27344e+01     -1.17240e+00      8.00000e+00    389s
   606     -1.31896e+01     -1.17240e+00      8.00000e+00    390s
   608     -1.32012e+01     -1.17240e+00      8.00000e+00    392s
   610     -1.31186e+01     -1.17240e+00      8.00000e+00    393s
   613     -1.27340e+01     -1.17240e+00      8.00000e+00    394s
   615     -1.32814e+01     -1.17240e+00      8.00000e+00    396s
   617     -1.29990e+01     -1.17240e+00      8.00000e+00    397s
   620     -1.22478e+01     -1.17240e+00      8.00000e+00    399s
   623     -1.30214e+01     -1.17240e+00      8.00000e+00    400s
   626     -1.34906e+01     -1.17240e+00      8.00000e+00    401s
   628     -1.25114e+01     -1.17240e+00      8.00000e+00    403s
   630     -1.25850e+01     -1.17240e+00      8.00000e+00    404s
   632     -1.32870e+01     -1.17240e+00      8.00000e+00    405s
   635     -1.33590e+01     -1.17240e+00      8.00000e+00    407s
   637     -1.34488e+01     -1.17240e+00      8.00000e+00    408s
   639     -1.30812e+01     -1.17240e+00      8.00000e+00    409s
   641     -1.30598e+01     -1.17240e+00      8.00000e+00    410s
   643     -1.31698e+01     -1.17240e+00      8.00000e+00    411s
   645     -1.32736e+01     -1.17240e+00      8.00000e+00    413s
   647     -1.33858e+01     -1.17240e+00      8.00000e+00    414s
   649     -1.34356e+01     -1.17240e+00      8.00000e+00    415s
   651     -1.28510e+01     -1.17240e+00      8.00000e+00    417s
   653     -1.28410e+01     -1.17240e+00      8.00000e+00    418s
   655     -1.30336e+01     -1.17240e+00      8.00000e+00    419s
   657     -1.30902e+01     -1.17240e+00      8.00000e+00    421s
   659     -1.29840e+01     -1.17240e+00      8.00000e+00    422s
   661     -1.24016e+01     -1.17240e+00      8.00000e+00    424s
   664     -1.34598e+01     -1.17240e+00      8.00000e+00    425s
   666     -1.31232e+01     -1.17240e+00      8.00000e+00    427s
   668     -1.31794e+01     -1.17240e+00      8.00000e+00    428s
   671     -1.32926e+01     -1.17240e+00      8.00000e+00    430s
   673     -1.32988e+01     -1.17240e+00      8.00000e+00    431s
   675     -1.31382e+01     -1.17240e+00      8.00000e+00    432s
   677     -1.27592e+01     -1.17240e+00      8.00000e+00    433s
   679     -1.33316e+01     -1.17240e+00      8.00000e+00    435s
   682     -1.29022e+01     -1.17240e+00      8.00000e+00    436s
   684     -1.32028e+01     -1.17240e+00      8.00000e+00    437s
   686     -1.28276e+01     -1.17240e+00      8.00000e+00    439s
   688     -1.28292e+01     -1.17240e+00      8.00000e+00    440s
   690     -1.34458e+01     -1.17240e+00      8.00000e+00    441s
   692     -1.32034e+01     -1.17240e+00      8.00000e+00    442s
   695     -1.32166e+01     -1.17240e+00      8.00000e+00    444s
   697     -1.26282e+01     -1.17240e+00      8.00000e+00    445s
   699     -1.29980e+01     -1.17240e+00      8.00000e+00    446s
   702     -1.32190e+01     -1.17240e+00      8.00000e+00    448s
   704     -1.38068e+01     -1.17240e+00      8.00000e+00    449s
   705     -1.21384e+01     -1.17240e+00      8.00000e+00    450s
   708     -1.30684e+01     -1.17240e+00      8.00000e+00    452s
   710     -1.33814e+01     -1.17240e+00      8.00000e+00    453s
   712     -1.27870e+01     -1.17240e+00      8.00000e+00    454s
   714     -1.33500e+01     -1.17240e+00      8.00000e+00    455s
   717     -1.25064e+01     -1.17240e+00      8.00000e+00    457s
   719     -1.26164e+01     -1.17240e+00      8.00000e+00    458s
   721     -1.27784e+01     -1.17240e+00      8.00000e+00    459s
   724     -1.32510e+01     -1.17240e+00      8.00000e+00    461s
   726     -1.26950e+01     -1.17240e+00      8.00000e+00    462s
   729     -1.29492e+01     -1.17240e+00      8.00000e+00    464s
   731     -1.27906e+01     -1.17240e+00      8.00000e+00    465s
   733     -1.26654e+01     -1.17240e+00      8.00000e+00    466s
   735     -1.29140e+01     -1.17240e+00      8.00000e+00    468s
   736     -1.26550e+01     -1.17240e+00      8.00000e+00    469s
   738     -1.31504e+01     -1.17240e+00      8.00000e+00    470s
   740     -1.29592e+01     -1.17240e+00      8.00000e+00    472s
   742     -1.26860e+01     -1.17240e+00      8.00000e+00    474s
   744     -1.28166e+01     -1.17240e+00      8.00000e+00    475s
   746     -1.29820e+01     -1.17240e+00      8.00000e+00    476s
   748     -1.31714e+01     -1.17240e+00      8.00000e+00    477s
   750     -1.27236e+01     -1.17240e+00      8.00000e+00    479s
   752     -1.26038e+01     -1.17240e+00      8.00000e+00    480s
   754     -1.10992e+01     -1.17240e+00      8.00000e+00    481s
   756     -1.09180e+01     -1.17240e+00      8.00000e+00    483s
   758     -1.12860e+01     -1.17240e+00      8.00000e+00    484s
   760     -1.27364e+01     -1.17240e+00      8.00000e+00    485s
   763     -1.39370e+01     -1.17240e+00      8.00000e+00    486s
   765     -1.19280e+01     -1.17240e+00      8.00000e+00    488s
   767     -1.08630e+01     -1.17240e+00      8.00000e+00    489s
   770     -1.17790e+01     -1.17240e+00      8.00000e+00    491s
   772     -1.24750e+01     -1.17240e+00      8.00000e+00    492s
   774     -1.30432e+01     -1.17240e+00      8.00000e+00    493s
   776     -1.19458e+01     -1.17240e+00      8.00000e+00    495s
   778     -1.23238e+01     -1.17240e+00      8.00000e+00    496s
   780     -1.06002e+01     -1.17240e+00      8.00000e+00    497s
   782     -1.09814e+01     -1.17240e+00      8.00000e+00    499s
   784     -1.17704e+01     -1.17240e+00      8.00000e+00    500s
   786     -1.27244e+01     -1.17240e+00      8.00000e+00    501s
   788     -1.29894e+01     -1.17240e+00      8.00000e+00    503s
   790     -1.19956e+01     -1.17240e+00      8.00000e+00    504s
   792     -1.09338e+01     -1.17240e+00      8.00000e+00    505s
   794     -1.07796e+01     -1.17240e+00      8.00000e+00    506s
   796     -1.18872e+01     -1.17240e+00      8.00000e+00    508s
   798     -1.28680e+01     -1.17240e+00      8.00000e+00    510s
   800     -1.32258e+01     -1.17240e+00      8.00000e+00    512s
   802     -1.19880e+01     -1.17240e+00      8.00000e+00    513s
   803     -1.23244e+01     -1.17240e+00      8.00000e+00    514s
   806     -1.13818e+01     -1.17240e+00      8.00000e+00    515s
   808     -1.07394e+01     -1.17240e+00      8.00000e+00    516s
   810     -1.19810e+01     -1.17240e+00      8.00000e+00    518s
   811     -1.32476e+01     -1.17240e+00      8.00000e+00    519s
   814     -1.22806e+01     -1.17240e+00      8.00000e+00    520s
   816     -1.13618e+01     -1.17240e+00      8.00000e+00    522s
   819     -1.12992e+01     -1.17240e+00      8.00000e+00    523s
   822     -1.21800e+01     -1.17240e+00      8.00000e+00    524s
   824     -1.26956e+01     -1.17240e+00      8.00000e+00    525s
   826     -1.27374e+01     -1.17240e+00      8.00000e+00    527s
   827     -1.30376e+01     -1.17240e+00      8.00000e+00    528s
   829     -1.14888e+01     -1.17240e+00      8.00000e+00    530s
   831     -1.06430e+01     -1.17240e+00      8.00000e+00    531s
   833     -1.08952e+01     -1.17240e+00      8.00000e+00    533s
   835     -1.28612e+01     -1.17240e+00      8.00000e+00    534s
   837     -1.29184e+01     -1.17240e+00      8.00000e+00    535s
   839     -1.24208e+01     -1.17240e+00      8.00000e+00    537s
   841     -1.07192e+01     -1.17240e+00      8.00000e+00    538s
   843     -1.07912e+01     -1.17240e+00      8.00000e+00    540s
   845     -1.10206e+01     -1.17240e+00      8.00000e+00    541s
   847     -1.26758e+01     -1.17240e+00      8.00000e+00    543s
   849     -1.34134e+01     -1.17240e+00      8.00000e+00    544s
   852     -1.34154e+01     -1.17240e+00      8.00000e+00    545s
   854     -1.31248e+01     -1.17240e+00      8.00000e+00    547s
   856     -1.41242e+01     -1.17240e+00      8.00000e+00    548s
   859     -1.34202e+01     -1.17240e+00      8.00000e+00    549s
   861     -1.36744e+01     -1.17240e+00      8.00000e+00    551s
   863     -1.29870e+01     -1.17240e+00      8.00000e+00    552s
   865     -1.36242e+01     -1.17240e+00      8.00000e+00    553s
   868     -1.38292e+01     -1.17240e+00      8.00000e+00    554s
   870     -1.37602e+01     -1.17240e+00      8.00000e+00    556s
   872     -1.30376e+01     -1.17240e+00      8.00000e+00    557s
   874     -1.31714e+01     -1.17240e+00      8.00000e+00    558s
   876     -1.31668e+01     -1.17240e+00      8.00000e+00    559s
   878     -1.34614e+01     -1.17240e+00      8.00000e+00    561s
   880     -1.36608e+01     -1.17240e+00      8.00000e+00    562s
   882     -1.33706e+01     -1.17240e+00      8.00000e+00    563s
   884     -1.39494e+01     -1.17240e+00      8.00000e+00    565s
   885     -1.23806e+01     -1.17240e+00      8.00000e+00    566s
   887     -1.29202e+01     -1.17240e+00      8.00000e+00    568s
   889     -1.35422e+01     -1.17240e+00      8.00000e+00    569s
   891     -1.34448e+01     -1.17240e+00      8.00000e+00    571s
   893     -1.36926e+01     -1.17240e+00      8.00000e+00    572s
   895     -1.35062e+01     -1.17240e+00      8.00000e+00    573s
   898     -1.34602e+01     -1.17240e+00      8.00000e+00    574s
   900     -1.31310e+01     -1.17240e+00      8.00000e+00    576s
   902     -1.36384e+01     -1.17240e+00      8.00000e+00    577s
   905     -1.37460e+01     -1.17240e+00      8.00000e+00    578s
   907     -1.45752e+01     -1.17240e+00      8.00000e+00    580s
   909     -1.35866e+01     -1.17240e+00      8.00000e+00    581s
   911     -1.32160e+01     -1.17240e+00      8.00000e+00    582s
   912     -1.29430e+01     -1.17240e+00      8.00000e+00    584s
   914     -1.32224e+01     -1.17240e+00      8.00000e+00    585s
   916     -1.35876e+01     -1.17240e+00      8.00000e+00    587s
   918     -1.28342e+01     -1.17240e+00      8.00000e+00    588s
   920     -1.38852e+01     -1.17240e+00      8.00000e+00    589s
   922     -1.29652e+01     -1.17240e+00      8.00000e+00    591s
   924     -1.26252e+01     -1.17240e+00      8.00000e+00    592s
   926     -1.34528e+01     -1.17240e+00      8.00000e+00    594s
   928     -1.35998e+01     -1.17240e+00      8.00000e+00    596s
   930     -1.37936e+01     -1.17240e+00      8.00000e+00    597s
   932     -1.37998e+01     -1.17240e+00      8.00000e+00    599s
   934     -1.36236e+01     -1.17240e+00      8.00000e+00    600s
   936     -1.33120e+01     -1.17240e+00      8.00000e+00    602s
   938     -1.25192e+01     -1.17240e+00      8.00000e+00    603s
   940     -1.35242e+01     -1.17240e+00      8.00000e+00    605s
   943     -1.40774e+01     -1.17240e+00      8.00000e+00    606s
   945     -1.38494e+01     -1.17240e+00      8.00000e+00    608s
   947     -1.32208e+01     -1.17240e+00      8.00000e+00    609s
   949     -1.30892e+01     -1.17240e+00      8.00000e+00    610s
   951     -1.27680e+01     -1.17240e+00      8.00000e+00    612s
   953     -1.41038e+01     -1.17240e+00      8.00000e+00    613s
   955     -1.25738e+01     -1.17240e+00      8.00000e+00    615s
   957     -1.29924e+01     -1.17240e+00      8.00000e+00    616s
   959     -1.28710e+01     -1.17240e+00      8.00000e+00    617s
   961     -1.32524e+01     -1.17240e+00      8.00000e+00    619s
   963     -1.33318e+01     -1.17240e+00      8.00000e+00    620s
   964     -1.34718e+01     -1.17240e+00      8.00000e+00    621s
   966     -1.24520e+01     -1.17240e+00      8.00000e+00    623s
   968     -1.31678e+01     -1.17240e+00      8.00000e+00    624s
   969     -1.31420e+01     -1.17240e+00      8.00000e+00    625s
   970     -1.30580e+01     -1.17240e+00      8.00000e+00    626s
   972     -1.29370e+01     -1.17240e+00      8.00000e+00    628s
   974     -1.30618e+01     -1.17240e+00      8.00000e+00    629s
   976     -1.26842e+01     -1.17240e+00      8.00000e+00    630s
   978     -1.37788e+01     -1.17240e+00      8.00000e+00    632s
   979     -1.26108e+01     -1.17240e+00      8.00000e+00    633s
   981     -1.28712e+01     -1.17240e+00      8.00000e+00    635s
   983     -1.32888e+01     -1.17240e+00      8.00000e+00    636s
   986     -1.32852e+01     -1.17240e+00      8.00000e+00    638s
   988     -1.29716e+01     -1.17240e+00      8.00000e+00    639s
   990     -1.28432e+01     -1.17240e+00      8.00000e+00    641s
   992     -1.32064e+01     -1.17240e+00      8.00000e+00    642s
   994     -1.40082e+01     -1.17240e+00      8.00000e+00    643s
   996     -1.30838e+01     -1.17240e+00      8.00000e+00    644s
   998     -1.28092e+01     -1.17240e+00      8.00000e+00    646s
  1000     -1.30174e+01     -1.17240e+00      8.00000e+00    647s
  1002     -1.25768e+01     -1.17240e+00      8.00000e+00    649s
  1004     -1.32176e+01     -1.17240e+00      8.00000e+00    650s
  1006     -1.26932e+01     -1.17240e+00      8.00000e+00    651s
  1008     -1.35746e+01     -1.17240e+00      8.00000e+00    652s
  1010     -1.29076e+01     -1.17240e+00      8.00000e+00    653s
  1012     -1.27766e+01     -1.17240e+00      8.00000e+00    655s
  1013     -1.35100e+01     -1.17240e+00      8.00000e+00    656s
  1015     -1.31938e+01     -1.17240e+00      8.00000e+00    658s
  1017     -1.29080e+01     -1.17240e+00      8.00000e+00    659s
  1019     -1.30612e+01     -1.17240e+00      8.00000e+00    660s
  1021     -1.27108e+01     -1.17240e+00      8.00000e+00    661s
  1023     -1.32658e+01     -1.17240e+00      8.00000e+00    663s
  1025     -1.26938e+01     -1.17240e+00      8.00000e+00    664s
  1027     -1.32270e+01     -1.17240e+00      8.00000e+00    665s
  1029     -1.31744e+01     -1.17240e+00      8.00000e+00    666s
  1032     -1.28538e+01     -1.17240e+00      8.00000e+00    668s
  1034     -1.31996e+01     -1.17240e+00      8.00000e+00    669s
  1036     -1.33848e+01     -1.17240e+00      8.00000e+00    670s
  1038     -1.29188e+01     -1.17240e+00      8.00000e+00    672s
  1041     -1.26386e+01     -1.17240e+00      8.00000e+00    673s
  1043     -1.35080e+01     -1.17240e+00      8.00000e+00    674s
  1045     -1.31168e+01     -1.17240e+00      8.00000e+00    675s
  1047     -1.30904e+01     -1.17240e+00      8.00000e+00    676s
  1049     -1.32374e+01     -1.17240e+00      8.00000e+00    678s
  1051     -1.20388e+01     -1.17240e+00      8.00000e+00    679s
  1053     -1.30046e+01     -1.17240e+00      8.00000e+00    681s
  1055     -1.34492e+01     -1.17240e+00      8.00000e+00    682s
  1057     -1.26516e+01     -1.17240e+00      8.00000e+00    684s
  1059     -1.30056e+01     -1.17240e+00      8.00000e+00    685s
  1061     -1.24896e+01     -1.17240e+00      8.00000e+00    687s
  1063     -1.24274e+01     -1.17240e+00      8.00000e+00    688s
  1065     -1.30392e+01     -1.17240e+00      8.00000e+00    689s
  1067     -1.27442e+01     -1.17240e+00      8.00000e+00    691s
  1070     -1.33112e+01     -1.17240e+00      8.00000e+00    692s
  1072     -1.30506e+01     -1.17240e+00      8.00000e+00    693s
  1074     -1.29012e+01     -1.17240e+00      8.00000e+00    695s
  1076     -1.26212e+01     -1.17240e+00      8.00000e+00    696s
  1078     -1.23662e+01     -1.17240e+00      8.00000e+00    697s
  1080     -1.28320e+01     -1.17240e+00      8.00000e+00    698s
  1082     -1.28102e+01     -1.17240e+00      8.00000e+00    699s
  1083     -1.32928e+01     -1.17240e+00      8.00000e+00    700s
  1085     -1.35706e+01     -1.17240e+00      8.00000e+00    702s
  1087     -1.26762e+01     -1.17240e+00      8.00000e+00    703s
  1089     -1.30454e+01     -1.17240e+00      8.00000e+00    705s
  1091     -1.32072e+01     -1.17240e+00      8.00000e+00    706s
  1094     -1.29314e+01     -1.17240e+00      8.00000e+00    708s
  1096     -1.28084e+01     -1.17240e+00      8.00000e+00    709s
  1098     -1.33812e+01     -1.17240e+00      8.00000e+00    710s
  1100     -1.26356e+01     -1.17240e+00      8.00000e+00    712s
  1102     -1.26752e+01     -1.17240e+00      8.00000e+00    713s
  1104     -1.26670e+01     -1.17240e+00      8.00000e+00    715s
  1106     -1.31660e+01     -1.17240e+00      8.00000e+00    716s
  1108     -1.28566e+01     -1.17240e+00      8.00000e+00    718s
  1110     -1.27766e+01     -1.17240e+00      8.00000e+00    720s
  1112     -1.34776e+01     -1.17240e+00      8.00000e+00    721s
  1114     -1.31334e+01     -1.17240e+00      8.00000e+00    723s
  1116     -1.31206e+01     -1.17240e+00      8.00000e+00    724s
  1118     -1.25144e+01     -1.17240e+00      8.00000e+00    725s
  1120     -1.29840e+01     -1.17240e+00      8.00000e+00    726s
  1123     -1.34578e+01     -1.17240e+00      8.00000e+00    728s
  1125     -1.31938e+01     -1.17240e+00      8.00000e+00    729s
  1127     -1.26806e+01     -1.17240e+00      8.00000e+00    731s
  1130     -1.29922e+01     -1.17240e+00      8.00000e+00    732s
  1131     -1.27374e+01     -1.17240e+00      8.00000e+00    733s
  1134     -1.31582e+01     -1.17240e+00      8.00000e+00    735s
  1137     -1.22948e+01     -1.17240e+00      8.00000e+00    736s
  1139     -1.32666e+01     -1.17240e+00      8.00000e+00    737s
  1141     -1.34862e+01     -1.17240e+00      8.00000e+00    738s
  1142     -1.28558e+01     -1.17240e+00      8.00000e+00    739s
  1144     -1.23834e+01     -1.17240e+00      8.00000e+00    742s
  1146     -1.29312e+01     -1.17240e+00      8.00000e+00    743s
  1148     -1.22626e+01     -1.17240e+00      8.00000e+00    745s
  1150     -1.32400e+01     -1.17240e+00      8.00000e+00    746s
  1152     -1.30936e+01     -1.17240e+00      8.00000e+00    748s
  1154     -1.28012e+01     -1.17240e+00      8.00000e+00    749s
  1156     -1.27392e+01     -1.17240e+00      8.00000e+00    750s
  1159     -1.30190e+01     -1.17240e+00      8.00000e+00    752s
  1161     -1.29186e+01     -1.17240e+00      8.00000e+00    753s
  1163     -1.31810e+01     -1.17240e+00      8.00000e+00    755s
  1165     -1.25518e+01     -1.17240e+00      8.00000e+00    757s
  1166     -1.22338e+01     -1.17240e+00      8.00000e+00    758s
  1168     -1.31254e+01     -1.17240e+00      8.00000e+00    759s
  1170     -1.30776e+01     -1.17240e+00      8.00000e+00    761s
  1172     -1.27182e+01     -1.17240e+00      8.00000e+00    762s
  1175     -1.29802e+01     -1.17240e+00      8.00000e+00    764s
  1177     -1.26234e+01     -1.17240e+00      8.00000e+00    765s
  1179     -1.24324e+01     -1.17240e+00      8.00000e+00    767s
  1181     -1.29984e+01     -1.17240e+00      8.00000e+00    768s
  1183     -1.31506e+01     -1.17240e+00      8.00000e+00    769s
  1185     -1.34128e+01     -1.17240e+00      8.00000e+00    770s
  1187     -1.25368e+01     -1.17240e+00      8.00000e+00    772s
  1189     -1.31944e+01     -1.17240e+00      8.00000e+00    773s
  1191     -1.28492e+01     -1.17240e+00      8.00000e+00    775s
  1193     -1.29148e+01     -1.17240e+00      8.00000e+00    776s
  1196     -1.36160e+01     -1.17240e+00      8.00000e+00    778s
  1198     -1.26652e+01     -1.17240e+00      8.00000e+00    779s
  1200     -1.31500e+01     -1.17240e+00      8.00000e+00    781s
  1202     -1.31824e+01     -1.17240e+00      8.00000e+00    782s
  1204     -1.26102e+01     -1.17240e+00      8.00000e+00    783s
  1206     -1.25874e+01     -1.17240e+00      8.00000e+00    785s
  1208     -1.24208e+01     -1.17240e+00      8.00000e+00    786s
  1210     -1.27466e+01     -1.17240e+00      8.00000e+00    787s
  1211     -1.30480e+01     -1.17240e+00      8.00000e+00    788s
  1214     -1.24964e+01     -1.17240e+00      8.00000e+00    790s
  1216     -1.30916e+01     -1.17240e+00      8.00000e+00    791s
  1218     -1.30954e+01     -1.17240e+00      8.00000e+00    793s
  1221     -1.28706e+01     -1.17240e+00      8.00000e+00    794s
  1223     -1.27874e+01     -1.17240e+00      8.00000e+00    795s
  1226     -1.26806e+01     -1.17240e+00      8.00000e+00    797s
  1228     -1.28692e+01     -1.17240e+00      8.00000e+00    798s
  1230     -1.31966e+01     -1.17240e+00      8.00000e+00    800s
  1232     -1.30992e+01     -1.17240e+00      8.00000e+00    801s
  1234     -1.25436e+01     -1.17240e+00      8.00000e+00    803s
  1236     -1.29616e+01     -1.17240e+00      8.00000e+00    804s
  1238     -1.29304e+01     -1.17240e+00      8.00000e+00    805s
  1240     -1.28036e+01     -1.17240e+00      8.00000e+00    807s
  1242     -1.26584e+01     -1.17240e+00      8.00000e+00    808s
  1244     -1.27702e+01     -1.17240e+00      8.00000e+00    810s
  1246     -1.28692e+01     -1.17240e+00      8.00000e+00    811s
  1248     -1.30690e+01     -1.17240e+00      8.00000e+00    812s
  1250     -1.32970e+01     -1.17240e+00      8.00000e+00    813s
  1252     -1.30728e+01     -1.17240e+00      8.00000e+00    815s
  1254     -1.27544e+01     -1.17240e+00      8.00000e+00    816s
  1256     -1.32060e+01     -1.17240e+00      8.00000e+00    817s
  1258     -1.31344e+01     -1.17240e+00      8.00000e+00    818s
  1260     -1.38742e+01     -1.17240e+00      8.00000e+00    820s
  1262     -1.30182e+01     -1.17240e+00      8.00000e+00    821s
  1264     -1.30256e+01     -1.17240e+00      8.00000e+00    823s
  1267     -1.32012e+01     -1.17240e+00      8.00000e+00    824s
  1269     -1.29134e+01     -1.17240e+00      8.00000e+00    825s
  1271     -1.31946e+01     -1.17240e+00      8.00000e+00    826s
  1273     -1.32068e+01     -1.17240e+00      8.00000e+00    827s
  1275     -1.34370e+01     -1.17240e+00      8.00000e+00    829s
  1278     -1.30556e+01     -1.17240e+00      8.00000e+00    831s
  1280     -1.30952e+01     -1.17240e+00      8.00000e+00    832s
  1282     -1.29694e+01     -1.17240e+00      8.00000e+00    834s
  1284     -1.34374e+01     -1.17240e+00      8.00000e+00    835s
  1286     -1.32940e+01     -1.17240e+00      8.00000e+00    836s
  1288     -1.33268e+01     -1.17240e+00      8.00000e+00    838s
  1290     -1.34750e+01     -1.17240e+00      8.00000e+00    839s
  1292     -1.30876e+01     -1.17240e+00      8.00000e+00    840s
  1294     -1.29354e+01     -1.17240e+00      8.00000e+00    842s
  1296     -1.28888e+01     -1.17240e+00      8.00000e+00    843s
  1298     -1.32160e+01     -1.17240e+00      8.00000e+00    844s
  1300     -1.28010e+01     -1.17240e+00      8.00000e+00    845s
  1303     -1.31664e+01     -1.17240e+00      8.00000e+00    847s
  1306     -1.25696e+01     -1.17240e+00      8.00000e+00    849s
  1308     -1.31448e+01     -1.17240e+00      8.00000e+00    850s
  1310     -1.27880e+01     -1.17240e+00      8.00000e+00    851s
  1312     -1.31434e+01     -1.17240e+00      8.00000e+00    852s
  1316     -1.32652e+01     -1.17240e+00      8.00000e+00    854s
  1318     -1.34614e+01     -1.17240e+00      8.00000e+00    855s
  1321     -1.28694e+01     -1.17240e+00      8.00000e+00    857s
  1323     -1.30546e+01     -1.17240e+00      8.00000e+00    858s
  1325     -1.26792e+01     -1.17240e+00      8.00000e+00    859s
  1327     -1.27042e+01     -1.17240e+00      8.00000e+00    860s
  1329     -1.31358e+01     -1.17240e+00      8.00000e+00    862s
  1331     -1.31122e+01     -1.17240e+00      8.00000e+00    864s
  1333     -1.29158e+01     -1.17240e+00      8.00000e+00    865s
  1335     -1.31746e+01     -1.17240e+00      8.00000e+00    866s
  1337     -1.32316e+01     -1.17240e+00      8.00000e+00    867s
  1339     -1.30378e+01     -1.17240e+00      8.00000e+00    869s
  1341     -1.27114e+01     -1.17240e+00      8.00000e+00    870s
  1343     -1.27948e+01     -1.17240e+00      8.00000e+00    872s
  1345     -1.25078e+01     -1.17240e+00      8.00000e+00    873s
  1347     -1.32266e+01     -1.17240e+00      8.00000e+00    875s
  1349     -1.33822e+01     -1.17240e+00      8.00000e+00    876s
  1351     -1.29622e+01     -1.17240e+00      8.00000e+00    878s
  1353     -1.30884e+01     -1.17240e+00      8.00000e+00    879s
  1355     -1.29716e+01     -1.17240e+00      8.00000e+00    881s
  1357     -1.36672e+01     -1.17240e+00      8.00000e+00    882s
  1360     -1.29322e+01     -1.17240e+00      8.00000e+00    883s
  1362     -1.30232e+01     -1.17240e+00      8.00000e+00    885s
  1364     -1.32498e+01     -1.17240e+00      8.00000e+00    886s
  1366     -1.30804e+01     -1.17240e+00      8.00000e+00    887s
  1368     -1.32058e+01     -1.17240e+00      8.00000e+00    889s
  1370     -1.27432e+01     -1.17240e+00      8.00000e+00    890s
  1372     -1.31018e+01     -1.17240e+00      8.00000e+00    891s
  1374     -1.37398e+01     -1.17240e+00      8.00000e+00    892s
  1376     -1.33532e+01     -1.17240e+00      8.00000e+00    894s
  1378     -1.28194e+01     -1.17240e+00      8.00000e+00    896s
  1380     -1.28508e+01     -1.17240e+00      8.00000e+00    898s
  1382     -1.23258e+01     -1.17240e+00      8.00000e+00    899s
  1384     -1.29692e+01     -1.17240e+00      8.00000e+00    901s
  1386     -1.26390e+01     -1.17240e+00      8.00000e+00    902s
  1389     -1.37932e+01     -1.17240e+00      8.00000e+00    904s
  1391     -1.34178e+01     -1.17240e+00      8.00000e+00    905s
  1393     -1.27142e+01     -1.17240e+00      8.00000e+00    906s
  1394     -1.31050e+01     -1.17240e+00      8.00000e+00    907s
  1396     -1.33104e+01     -1.17240e+00      8.00000e+00    909s
  1398     -1.36176e+01     -1.17240e+00      8.00000e+00    910s
  1400     -1.29416e+01     -1.17240e+00      8.00000e+00    911s
  1402     -1.22154e+01     -1.17240e+00      8.00000e+00    913s
  1403     -1.29570e+01     -1.17240e+00      8.00000e+00    914s
  1406     -1.25008e+01     -1.17240e+00      8.00000e+00    916s
  1408     -1.30920e+01     -1.17240e+00      8.00000e+00    917s
  1410     -1.28342e+01     -1.17240e+00      8.00000e+00    918s
  1412     -1.33544e+01     -1.17240e+00      8.00000e+00    920s
  1414     -1.29254e+01     -1.17240e+00      8.00000e+00    921s
  1417     -1.29902e+01     -1.17240e+00      8.00000e+00    923s
  1419     -1.25506e+01     -1.17240e+00      8.00000e+00    924s
  1421     -1.35632e+01     -1.17240e+00      8.00000e+00    926s
  1423     -1.34654e+01     -1.17240e+00      8.00000e+00    927s
  1425     -1.28762e+01     -1.17240e+00      8.00000e+00    929s
  1427     -1.28816e+01     -1.17240e+00      8.00000e+00    930s
  1429     -1.32438e+01     -1.17240e+00      8.00000e+00    931s
  1432     -1.29532e+01     -1.17240e+00      8.00000e+00    933s
  1434     -1.28126e+01     -1.17240e+00      8.00000e+00    934s
  1437     -1.30454e+01     -1.17240e+00      8.00000e+00    936s
  1438     -1.28328e+01     -1.17240e+00      8.00000e+00    937s
  1439     -1.29536e+01     -1.17240e+00      8.00000e+00    938s
  1441     -1.29644e+01     -1.17240e+00      8.00000e+00    939s
  1444     -1.32634e+01     -1.17240e+00      8.00000e+00    941s
  1446     -1.29424e+01     -1.17240e+00      8.00000e+00    942s
  1448     -1.30602e+01     -1.17240e+00      8.00000e+00    943s
  1451     -1.37024e+01     -1.17240e+00      8.00000e+00    945s
  1454     -1.26554e+01     -1.17240e+00      8.00000e+00    946s
  1456     -1.25668e+01     -1.17240e+00      8.00000e+00    947s
  1459     -1.21260e+01     -1.17240e+00      8.00000e+00    949s
  1461     -1.30104e+01     -1.17240e+00      8.00000e+00    950s
  1463     -1.24480e+01     -1.17240e+00      8.00000e+00    951s
  1465     -1.29508e+01     -1.17240e+00      8.00000e+00    953s
  1467     -1.27800e+01     -1.17240e+00      8.00000e+00    954s
  1469     -1.25158e+01     -1.17240e+00      8.00000e+00    956s
  1472     -1.31230e+01     -1.17240e+00      8.00000e+00    957s
  1474     -1.27316e+01     -1.17240e+00      8.00000e+00    959s
  1476     -1.30180e+01     -1.17240e+00      8.00000e+00    961s
  1478     -1.30824e+01     -1.17240e+00      8.00000e+00    962s
  1480     -1.24728e+01     -1.17240e+00      8.00000e+00    964s
  1482     -1.21736e+01     -1.17240e+00      8.00000e+00    965s
  1484     -1.30572e+01     -1.17240e+00      8.00000e+00    966s
  1486     -1.30394e+01     -1.17240e+00      8.00000e+00    968s
  1489     -1.28072e+01     -1.17240e+00      8.00000e+00    969s
  1491     -1.19458e+01     -1.17240e+00      8.00000e+00    971s
  1493     -1.23488e+01     -1.17240e+00      8.00000e+00    972s
  1495     -1.35980e+01     -1.17240e+00      8.00000e+00    973s
  1497     -1.27216e+01     -1.17240e+00      8.00000e+00    974s
  1499     -1.32668e+01     -1.17240e+00      8.00000e+00    975s
  1501     -1.31802e+01     -1.17240e+00      8.00000e+00    977s
  1503     -1.26438e+01     -1.17240e+00      8.00000e+00    978s
  1505     -1.21170e+01     -1.17240e+00      8.00000e+00    979s
  1507     -1.23100e+01     -1.17240e+00      8.00000e+00    980s
  1509     -1.24542e+01     -1.17240e+00      8.00000e+00    982s
  1511     -1.23782e+01     -1.17240e+00      8.00000e+00    984s
  1513     -1.30188e+01     -1.17240e+00      8.00000e+00    986s
  1515     -1.25166e+01     -1.17240e+00      8.00000e+00    987s
  1517     -1.23616e+01     -1.17240e+00      8.00000e+00    989s
  1520     -1.24372e+01     -1.17240e+00      8.00000e+00    990s
  1522     -1.22742e+01     -1.17240e+00      8.00000e+00    991s
  1524     -1.24472e+01     -1.17240e+00      8.00000e+00    993s
  1526     -1.30864e+01     -1.17240e+00      8.00000e+00    994s
  1528     -1.28488e+01     -1.17240e+00      8.00000e+00    995s
  1530     -1.18826e+01     -1.17240e+00      8.00000e+00    997s
  1532     -1.20714e+01     -1.17240e+00      8.00000e+00    998s
  1534     -1.27802e+01     -1.17240e+00      8.00000e+00    999s
  1536     -1.29156e+01     -1.17240e+00      8.00000e+00   1001s
  1538     -1.31650e+01     -1.17240e+00      8.00000e+00   1002s
  1541     -1.22512e+01     -1.17240e+00      8.00000e+00   1004s
  1543     -1.22412e+01     -1.17240e+00      8.00000e+00   1005s
  1545     -1.21012e+01     -1.17240e+00      8.00000e+00   1006s
  1547     -1.32650e+01     -1.17240e+00      8.00000e+00   1008s
  1549     -1.31094e+01     -1.17240e+00      8.00000e+00   1009s
  1551     -1.30814e+01     -1.17240e+00      8.00000e+00   1010s
  1553     -1.37094e+01     -1.17240e+00      8.00000e+00   1011s
  1555     -1.35276e+01     -1.17240e+00      8.00000e+00   1013s
  1557     -1.29776e+01     -1.17240e+00      8.00000e+00   1014s
  1559     -1.27988e+01     -1.17240e+00      8.00000e+00   1016s
  1561     -1.29298e+01     -1.17240e+00      8.00000e+00   1017s
  1562     -1.31514e+01     -1.17240e+00      8.00000e+00   1018s
  1564     -1.31056e+01     -1.17240e+00      8.00000e+00   1020s
  1566     -1.31726e+01     -1.17240e+00      8.00000e+00   1021s
  1568     -1.35226e+01     -1.17240e+00      8.00000e+00   1022s
  1570     -1.30318e+01     -1.17240e+00      8.00000e+00   1024s
  1571     -1.37162e+01     -1.17240e+00      8.00000e+00   1025s
  1572     -1.31876e+01     -1.17240e+00      8.00000e+00   1026s
  1574     -1.23158e+01     -1.17240e+00      8.00000e+00   1028s
  1577     -1.39250e+01     -1.17240e+00      8.00000e+00   1029s
  1580     -1.36718e+01     -1.17240e+00      8.00000e+00   1031s
  1581     -1.31234e+01     -1.17240e+00      8.00000e+00   1032s
  1583     -1.31488e+01     -1.17240e+00      8.00000e+00   1034s
  1585     -1.29126e+01     -1.17240e+00      8.00000e+00   1035s
  1587     -1.30546e+01     -1.17240e+00      8.00000e+00   1037s
  1589     -1.26790e+01     -1.17240e+00      8.00000e+00   1038s
  1591     -1.36262e+01     -1.17240e+00      8.00000e+00   1039s
  1593     -1.30566e+01     -1.17240e+00      8.00000e+00   1040s
  1595     -1.32228e+01     -1.17240e+00      8.00000e+00   1042s
  1597     -1.29256e+01     -1.17240e+00      8.00000e+00   1044s
  1599     -1.27804e+01     -1.17240e+00      8.00000e+00   1045s
  1601     -1.37112e+01     -1.17240e+00      8.00000e+00   1046s
  1603     -1.43006e+01     -1.17240e+00      8.00000e+00   1048s
  1605     -1.54208e+01     -1.17240e+00      8.00000e+00   1049s
  1607     -1.61604e+01     -1.17240e+00      8.00000e+00   1051s
  1609     -1.45806e+01     -1.17240e+00      8.00000e+00   1052s
  1611     -1.29822e+01     -1.17240e+00      8.00000e+00   1053s
  1613     -1.34602e+01     -1.17240e+00      8.00000e+00   1055s
  1615     -1.43980e+01     -1.17240e+00      8.00000e+00   1056s
  1617     -1.49840e+01     -1.17240e+00      8.00000e+00   1057s
  1619     -1.63314e+01     -1.17240e+00      8.00000e+00   1058s
  1622     -1.36574e+01     -1.17240e+00      8.00000e+00   1060s
  1623     -1.31492e+01     -1.17240e+00      8.00000e+00   1061s
  1625     -1.28756e+01     -1.17240e+00      8.00000e+00   1062s
  1627     -1.38282e+01     -1.17240e+00      8.00000e+00   1063s
  1629     -1.57600e+01     -1.17240e+00      8.00000e+00   1064s
  1631     -1.57582e+01     -1.17240e+00      8.00000e+00   1066s
  1633     -1.46328e+01     -1.17240e+00      8.00000e+00   1067s
  1635     -1.34090e+01     -1.17240e+00      8.00000e+00   1068s
  1637     -1.34740e+01     -1.17240e+00      8.00000e+00   1070s
  1639     -1.37924e+01     -1.17240e+00      8.00000e+00   1071s
  1641     -1.48088e+01     -1.17240e+00      8.00000e+00   1072s
  1643     -1.56922e+01     -1.17240e+00      8.00000e+00   1074s
  1645     -1.48864e+01     -1.17240e+00      8.00000e+00   1075s
  1647     -1.42182e+01     -1.17240e+00      8.00000e+00   1077s
  1649     -1.30100e+01     -1.17240e+00      8.00000e+00   1079s
  1651     -1.29698e+01     -1.17240e+00      8.00000e+00   1080s
  1653     -1.38630e+01     -1.17240e+00      8.00000e+00   1081s
  1655     -1.40682e+01     -1.17240e+00      8.00000e+00   1082s
  1657     -1.50472e+01     -1.17240e+00      8.00000e+00   1083s
  1659     -1.39216e+01     -1.17240e+00      8.00000e+00   1084s
  1661     -1.28220e+01     -1.17240e+00      8.00000e+00   1086s
  1664     -1.31898e+01     -1.17240e+00      8.00000e+00   1087s
  1666     -1.39682e+01     -1.17240e+00      8.00000e+00   1089s
  1668     -1.49370e+01     -1.17240e+00      8.00000e+00   1090s
  1671     -1.38822e+01     -1.17240e+00      8.00000e+00   1092s
  1673     -1.26320e+01     -1.17240e+00      8.00000e+00   1093s
  1675     -1.29332e+01     -1.17240e+00      8.00000e+00   1095s
  1677     -1.38010e+01     -1.17240e+00      8.00000e+00   1096s
  1679     -1.49562e+01     -1.17240e+00      8.00000e+00   1097s
  1681     -1.46816e+01     -1.17240e+00      8.00000e+00   1098s
  1683     -1.40516e+01     -1.17240e+00      8.00000e+00   1099s
  1685     -1.29388e+01     -1.17240e+00      8.00000e+00   1100s
  1687     -1.29250e+01     -1.17240e+00      8.00000e+00   1102s
  1689     -1.35084e+01     -1.17240e+00      8.00000e+00   1103s
  1691     -1.42764e+01     -1.17240e+00      8.00000e+00   1104s
  1693     -1.51762e+01     -1.17240e+00      8.00000e+00   1105s
  1695     -1.39944e+01     -1.17240e+00      8.00000e+00   1106s
  1697     -1.34468e+01     -1.17240e+00      8.00000e+00   1108s
  1699     -1.34488e+01     -1.17240e+00      8.00000e+00   1109s
  1701     -1.32404e+01     -1.17240e+00      8.00000e+00   1110s
  1703     -1.19812e+01     -1.17240e+00      8.00000e+00   1112s
  1705     -1.21438e+01     -1.17240e+00      8.00000e+00   1113s
  1708     -1.24846e+01     -1.17240e+00      8.00000e+00   1115s
  1710     -1.25316e+01     -1.17240e+00      8.00000e+00   1116s
  1713     -1.26194e+01     -1.17240e+00      8.00000e+00   1117s
  1715     -1.20002e+01     -1.17240e+00      8.00000e+00   1119s
  1716     -1.18124e+01     -1.17240e+00      8.00000e+00   1121s
  1718     -1.20074e+01     -1.17240e+00      8.00000e+00   1122s
  1720     -1.24980e+01     -1.17240e+00      8.00000e+00   1123s
  1722     -1.22678e+01     -1.17240e+00      8.00000e+00   1124s
  1724     -1.28582e+01     -1.17240e+00      8.00000e+00   1126s
  1726     -1.30608e+01     -1.17240e+00      8.00000e+00   1127s
  1728     -1.23924e+01     -1.17240e+00      8.00000e+00   1129s
  1730     -1.19812e+01     -1.17240e+00      8.00000e+00   1130s
  1732     -1.19680e+01     -1.17240e+00      8.00000e+00   1132s
  1734     -1.27110e+01     -1.17240e+00      8.00000e+00   1133s
  1736     -1.33304e+01     -1.17240e+00      8.00000e+00   1135s
  1738     -1.28208e+01     -1.17240e+00      8.00000e+00   1136s
  1740     -1.28976e+01     -1.17240e+00      8.00000e+00   1137s
  1742     -1.19926e+01     -1.17240e+00      8.00000e+00   1139s
  1744     -1.21036e+01     -1.17240e+00      8.00000e+00   1140s
  1746     -1.26354e+01     -1.17240e+00      8.00000e+00   1142s
  1748     -1.32242e+01     -1.17240e+00      8.00000e+00   1143s
  1749     -1.31810e+01     -1.17240e+00      8.00000e+00   1144s
  1751     -1.28402e+01     -1.17240e+00      8.00000e+00   1146s
  1753     -1.27024e+01     -1.17240e+00      8.00000e+00   1147s
  1755     -1.24688e+01     -1.17240e+00      8.00000e+00   1148s
  1757     -1.24662e+01     -1.17240e+00      8.00000e+00   1149s
  1760     -1.27524e+01     -1.17240e+00      8.00000e+00   1151s
  1763     -1.30260e+01     -1.17240e+00      8.00000e+00   1153s
  1765     -1.30258e+01     -1.17240e+00      8.00000e+00   1154s
  1767     -1.23538e+01     -1.17240e+00      8.00000e+00   1156s
  1769     -1.26914e+01     -1.17240e+00      8.00000e+00   1157s
  1771     -1.26168e+01     -1.17240e+00      8.00000e+00   1158s
  1773     -1.28926e+01     -1.17240e+00      8.00000e+00   1159s
  1775     -1.31158e+01     -1.17240e+00      8.00000e+00   1160s
  1777     -1.27480e+01     -1.17240e+00      8.00000e+00   1162s
  1779     -1.22772e+01     -1.17240e+00      8.00000e+00   1163s
  1781     -1.29864e+01     -1.17240e+00      8.00000e+00   1164s
  1783     -1.28722e+01     -1.17240e+00      8.00000e+00   1166s
  1785     -1.31476e+01     -1.17240e+00      8.00000e+00   1167s
  1787     -1.25564e+01     -1.17240e+00      8.00000e+00   1168s
  1789     -1.29262e+01     -1.17240e+00      8.00000e+00   1170s
  1791     -1.28908e+01     -1.17240e+00      8.00000e+00   1171s
  1793     -1.28896e+01     -1.17240e+00      8.00000e+00   1172s
  1796     -1.30818e+01     -1.17240e+00      8.00000e+00   1174s
  1798     -1.25240e+01     -1.17240e+00      8.00000e+00   1175s
  1800     -1.32302e+01     -1.17240e+00      8.00000e+00   1176s
  1802     -1.32524e+01     -1.17240e+00      8.00000e+00   1177s
  1804     -1.28940e+01     -1.17240e+00      8.00000e+00   1178s
  1807     -1.33736e+01     -1.17240e+00      8.00000e+00   1180s
  1809     -1.31598e+01     -1.17240e+00      8.00000e+00   1181s
  1811     -1.27426e+01     -1.17240e+00      8.00000e+00   1182s
  1813     -1.29350e+01     -1.17240e+00      8.00000e+00   1183s
  1815     -1.29376e+01     -1.17240e+00      8.00000e+00   1185s
  1817     -1.33144e+01     -1.17240e+00      8.00000e+00   1186s
  1819     -1.36028e+01     -1.17240e+00      8.00000e+00   1187s
  1821     -1.35776e+01     -1.17240e+00      8.00000e+00   1189s
  1823     -1.29674e+01     -1.17240e+00      8.00000e+00   1191s
  1825     -1.25924e+01     -1.17240e+00      8.00000e+00   1192s
  1827     -1.33234e+01     -1.17240e+00      8.00000e+00   1194s
  1829     -1.36504e+01     -1.17240e+00      8.00000e+00   1195s
  1831     -1.32978e+01     -1.17240e+00      8.00000e+00   1197s
  1833     -1.34814e+01     -1.17240e+00      8.00000e+00   1198s
  1835     -1.26698e+01     -1.17240e+00      8.00000e+00   1200s
  1837     -1.23380e+01     -1.17240e+00      8.00000e+00   1201s
  1840     -1.33094e+01     -1.17240e+00      8.00000e+00   1203s
  1842     -1.34990e+01     -1.17240e+00      8.00000e+00   1204s
  1845     -1.32940e+01     -1.17240e+00      8.00000e+00   1206s
  1847     -1.27532e+01     -1.17240e+00      8.00000e+00   1207s
  1849     -1.31232e+01     -1.17240e+00      8.00000e+00   1209s
  1852     -1.32210e+01     -1.17240e+00      8.00000e+00   1210s
  1854     -1.35258e+01     -1.17240e+00      8.00000e+00   1211s
  1856     -1.29372e+01     -1.17240e+00      8.00000e+00   1213s
  1858     -1.33816e+01     -1.17240e+00      8.00000e+00   1214s
  1860     -1.35512e+01     -1.17240e+00      8.00000e+00   1216s
  1862     -1.34734e+01     -1.17240e+00      8.00000e+00   1217s
  1864     -1.27708e+01     -1.17240e+00      8.00000e+00   1218s
  1866     -1.35088e+01     -1.17240e+00      8.00000e+00   1220s
  1868     -1.35582e+01     -1.17240e+00      8.00000e+00   1221s
  1870     -1.32142e+01     -1.17240e+00      8.00000e+00   1223s
  1872     -1.28438e+01     -1.17240e+00      8.00000e+00   1224s
  1874     -1.28676e+01     -1.17240e+00      8.00000e+00   1226s
  1876     -1.29452e+01     -1.17240e+00      8.00000e+00   1227s
  1878     -1.28400e+01     -1.17240e+00      8.00000e+00   1229s
  1880     -1.26238e+01     -1.17240e+00      8.00000e+00   1230s
  1881     -1.28850e+01     -1.17240e+00      8.00000e+00   1231s
  1883     -1.32662e+01     -1.17240e+00      8.00000e+00   1233s
  1885     -1.29932e+01     -1.17240e+00      8.00000e+00   1234s
  1888     -1.23410e+01     -1.17240e+00      8.00000e+00   1235s
  1890     -1.25234e+01     -1.17240e+00      8.00000e+00   1236s
  1892     -1.26716e+01     -1.17240e+00      8.00000e+00   1238s
  1895     -1.33248e+01     -1.17240e+00      8.00000e+00   1239s
  1897     -1.30004e+01     -1.17240e+00      8.00000e+00   1240s
  1899     -1.37988e+01     -1.17240e+00      8.00000e+00   1242s
  1901     -1.30592e+01     -1.17240e+00      8.00000e+00   1243s
  1903     -1.30266e+01     -1.17240e+00      8.00000e+00   1245s
  1905     -1.35424e+01     -1.17240e+00      8.00000e+00   1246s
  1907     -1.30754e+01     -1.17240e+00      8.00000e+00   1247s
  1909     -1.27612e+01     -1.17240e+00      8.00000e+00   1249s
  1910     -1.27032e+01     -1.17240e+00      8.00000e+00   1250s
  1912     -1.29292e+01     -1.17240e+00      8.00000e+00   1252s
  1914     -1.25376e+01     -1.17240e+00      8.00000e+00   1253s
  1916     -1.33874e+01     -1.17240e+00      8.00000e+00   1255s
  1918     -1.38862e+01     -1.17240e+00      8.00000e+00   1256s
  1920     -1.29754e+01     -1.17240e+00      8.00000e+00   1257s
  1922     -1.29754e+01     -1.17240e+00      8.00000e+00   1258s
  1924     -1.36240e+01     -1.17240e+00      8.00000e+00   1260s
  1926     -1.32398e+01     -1.17240e+00      8.00000e+00   1262s
  1928     -1.31128e+01     -1.17240e+00      8.00000e+00   1263s
  1930     -1.30060e+01     -1.17240e+00      8.00000e+00   1264s
  1932     -1.29258e+01     -1.17240e+00      8.00000e+00   1266s
  1934     -1.31364e+01     -1.17240e+00      8.00000e+00   1267s
  1935     -1.22274e+01     -1.17240e+00      8.00000e+00   1268s
  1937     -1.36338e+01     -1.17240e+00      8.00000e+00   1269s
  1939     -1.28384e+01     -1.17240e+00      8.00000e+00   1270s
  1941     -1.29376e+01     -1.17240e+00      8.00000e+00   1272s
  1944     -1.32890e+01     -1.17240e+00      8.00000e+00   1273s
  1946     -1.35880e+01     -1.17240e+00      8.00000e+00   1274s
  1948     -1.28648e+01     -1.17240e+00      8.00000e+00   1276s
  1950     -1.29562e+01     -1.17240e+00      8.00000e+00   1277s
  1952     -1.29282e+01     -1.17240e+00      8.00000e+00   1278s
  1954     -1.28842e+01     -1.17240e+00      8.00000e+00   1280s
  1957     -1.31924e+01     -1.17240e+00      8.00000e+00   1282s
  1959     -1.33166e+01     -1.17240e+00      8.00000e+00   1283s
  1961     -1.29022e+01     -1.17240e+00      8.00000e+00   1285s
  1963     -1.30294e+01     -1.17240e+00      8.00000e+00   1286s
  1965     -1.27530e+01     -1.17240e+00      8.00000e+00   1287s
  1967     -1.34900e+01     -1.17240e+00      8.00000e+00   1289s
  1969     -1.35206e+01     -1.17240e+00      8.00000e+00   1290s
  1971     -1.29384e+01     -1.17240e+00      8.00000e+00   1292s
  1973     -1.30632e+01     -1.17240e+00      8.00000e+00   1293s
  1975     -1.24816e+01     -1.17240e+00      8.00000e+00   1294s
  1978     -1.39298e+01     -1.17240e+00      8.00000e+00   1296s
  1980     -1.31892e+01     -1.17240e+00      8.00000e+00   1297s
  1981     -1.36758e+01     -1.17240e+00      8.00000e+00   1298s
  1984     -1.29970e+01     -1.17240e+00      8.00000e+00   1300s
  1986     -1.30572e+01     -1.17240e+00      8.00000e+00   1301s
  1988     -1.31910e+01     -1.17240e+00      8.00000e+00   1303s
  1990     -1.35032e+01     -1.17240e+00      8.00000e+00   1304s
  1993     -1.36236e+01     -1.17240e+00      8.00000e+00   1306s
  1995     -1.34870e+01     -1.17240e+00      8.00000e+00   1307s
  1997     -1.34344e+01     -1.17240e+00      8.00000e+00   1308s
  1999     -1.34450e+01     -1.17240e+00      8.00000e+00   1310s
  2001     -1.24724e+01     -1.17240e+00      8.00000e+00   1311s
  2003     -1.29784e+01     -1.17240e+00      8.00000e+00   1313s
  2005     -1.36242e+01     -1.17240e+00      8.00000e+00   1314s
  2007     -1.36178e+01     -1.17240e+00      8.00000e+00   1316s
  2009     -1.34738e+01     -1.17240e+00      8.00000e+00   1317s
  2011     -1.27784e+01     -1.17240e+00      8.00000e+00   1319s
  2013     -1.28368e+01     -1.17240e+00      8.00000e+00   1320s
  2014     -1.27164e+01     -1.17240e+00      8.00000e+00   1321s
  2016     -1.34148e+01     -1.17240e+00      8.00000e+00   1322s
  2018     -1.33080e+01     -1.17240e+00      8.00000e+00   1323s
  2021     -1.29688e+01     -1.17240e+00      8.00000e+00   1325s
  2024     -1.28220e+01     -1.17240e+00      8.00000e+00   1327s
  2026     -1.28822e+01     -1.17240e+00      8.00000e+00   1328s
  2029     -1.37964e+01     -1.17240e+00      8.00000e+00   1330s
  2031     -1.37400e+01     -1.17240e+00      8.00000e+00   1331s
  2033     -1.27926e+01     -1.17240e+00      8.00000e+00   1332s
  2036     -1.29038e+01     -1.17240e+00      8.00000e+00   1334s
  2038     -1.32152e+01     -1.17240e+00      8.00000e+00   1335s
  2040     -1.30230e+01     -1.17240e+00      8.00000e+00   1337s
  2042     -1.32660e+01     -1.17240e+00      8.00000e+00   1338s
  2044     -1.39058e+01     -1.17240e+00      8.00000e+00   1340s
  2046     -1.28828e+01     -1.17240e+00      8.00000e+00   1341s
  2048     -1.29318e+01     -1.17240e+00      8.00000e+00   1342s
  2050     -1.28494e+01     -1.17240e+00      8.00000e+00   1344s
  2051     -1.32028e+01     -1.17240e+00      8.00000e+00   1345s
  2053     -1.33646e+01     -1.17240e+00      8.00000e+00   1346s
  2055     -1.45376e+01     -1.17240e+00      8.00000e+00   1348s
  2057     -1.46248e+01     -1.17240e+00      8.00000e+00   1349s
  2058     -1.36676e+01     -1.17240e+00      8.00000e+00   1350s
  2060     -1.35482e+01     -1.17240e+00      8.00000e+00   1351s
  2062     -1.38092e+01     -1.17240e+00      8.00000e+00   1353s
  2064     -1.38210e+01     -1.17240e+00      8.00000e+00   1354s
  2066     -1.34168e+01     -1.17240e+00      8.00000e+00   1355s
  2068     -1.36288e+01     -1.17240e+00      8.00000e+00   1356s
  2070     -1.42782e+01     -1.17240e+00      8.00000e+00   1357s
  2073     -1.33478e+01     -1.17240e+00      8.00000e+00   1359s
  2075     -1.33152e+01     -1.17240e+00      8.00000e+00   1360s
  2077     -1.30410e+01     -1.17240e+00      8.00000e+00   1362s
  2080     -1.41484e+01     -1.17240e+00      8.00000e+00   1364s
  2082     -1.49418e+01     -1.17240e+00      8.00000e+00   1365s
  2084     -1.34540e+01     -1.17240e+00      8.00000e+00   1367s
  2086     -1.29298e+01     -1.17240e+00      8.00000e+00   1368s
  2088     -1.23910e+01     -1.17240e+00      8.00000e+00   1369s
  2090     -1.41466e+01     -1.17240e+00      8.00000e+00   1370s
  2091     -1.43714e+01     -1.17240e+00      8.00000e+00   1372s
  2093     -1.41698e+01     -1.17240e+00      8.00000e+00   1373s
  2095     -1.35494e+01     -1.17240e+00      8.00000e+00   1375s
  2097     -1.30134e+01     -1.17240e+00      8.00000e+00   1376s
  2099     -1.33710e+01     -1.17240e+00      8.00000e+00   1377s
  2101     -1.30654e+01     -1.17240e+00      8.00000e+00   1378s
  2102     -1.37816e+01     -1.17240e+00      8.00000e+00   1380s
  2104     -1.39528e+01     -1.17240e+00      8.00000e+00   1381s
  2106     -1.48764e+01     -1.17240e+00      8.00000e+00   1382s
  2107     -1.47532e+01     -1.17240e+00      8.00000e+00   1384s
  2109     -1.42904e+01     -1.17240e+00      8.00000e+00   1385s
  2111     -1.29216e+01     -1.17240e+00      8.00000e+00   1386s
  2113     -1.24750e+01     -1.17240e+00      8.00000e+00   1387s
  2115     -1.39070e+01     -1.17240e+00      8.00000e+00   1389s
  2118     -1.44778e+01     -1.17240e+00      8.00000e+00   1390s
  2120     -1.49608e+01     -1.17240e+00      8.00000e+00   1391s
  2122     -1.33368e+01     -1.17240e+00      8.00000e+00   1392s
  2124     -1.29634e+01     -1.17240e+00      8.00000e+00   1394s
  2126     -1.22064e+01     -1.17240e+00      8.00000e+00   1395s
  2128     -1.38082e+01     -1.17240e+00      8.00000e+00   1396s
  2130     -1.53664e+01     -1.17240e+00      8.00000e+00   1397s
  2132     -1.50952e+01     -1.17240e+00      8.00000e+00   1399s
  2134     -1.41830e+01     -1.17240e+00      8.00000e+00   1400s
  2136     -1.31704e+01     -1.17240e+00      8.00000e+00   1401s
  2138     -1.29072e+01     -1.17240e+00      8.00000e+00   1403s
  2140     -1.39064e+01     -1.17240e+00      8.00000e+00   1405s
  2142     -1.45662e+01     -1.17240e+00      8.00000e+00   1406s
  2145     -1.47344e+01     -1.17240e+00      8.00000e+00   1408s
  2147     -1.36182e+01     -1.17240e+00      8.00000e+00   1409s
  2149     -1.31716e+01     -1.17240e+00      8.00000e+00   1411s
  2151     -1.31574e+01     -1.17240e+00      8.00000e+00   1413s
  2153     -1.28792e+01     -1.17240e+00      8.00000e+00   1414s
  2155     -1.48862e+01     -1.17240e+00      8.00000e+00   1415s
  2157     -1.58524e+01     -1.17240e+00      8.00000e+00   1416s
  2158     -1.53322e+01     -1.17240e+00      8.00000e+00   1417s
  2160     -1.41690e+01     -1.17240e+00      8.00000e+00   1418s
  2162     -1.21518e+01     -1.17240e+00      8.00000e+00   1420s
  2164     -1.35094e+01     -1.17240e+00      8.00000e+00   1422s
  2167     -1.49736e+01     -1.17240e+00      8.00000e+00   1423s
  2169     -1.59478e+01     -1.17240e+00      8.00000e+00   1425s
  2171     -1.54434e+01     -1.17240e+00      8.00000e+00   1426s
  2173     -1.38444e+01     -1.17240e+00      8.00000e+00   1428s
  2175     -1.29130e+01     -1.17240e+00      8.00000e+00   1429s
  2176     -1.24218e+01     -1.17240e+00      8.00000e+00   1430s
  2178     -1.37012e+01     -1.17240e+00      8.00000e+00   1432s
  2180     -1.54214e+01     -1.17240e+00      8.00000e+00   1433s
  2182     -1.58646e+01     -1.17240e+00      8.00000e+00   1435s
  2184     -1.46136e+01     -1.17240e+00      8.00000e+00   1437s
  2185     -1.35320e+01     -1.17240e+00      8.00000e+00   1438s
  2187     -1.29316e+01     -1.17240e+00      8.00000e+00   1439s
  2189     -1.31584e+01     -1.17240e+00      8.00000e+00   1440s
  2191     -1.52310e+01     -1.17240e+00      8.00000e+00   1442s
  2193     -1.60398e+01     -1.17240e+00      8.00000e+00   1443s
  2195     -1.53106e+01     -1.17240e+00      8.00000e+00   1445s
  2197     -1.40394e+01     -1.17240e+00      8.00000e+00   1446s
  2199     -1.36522e+01     -1.17240e+00      8.00000e+00   1448s
  2201     -1.22804e+01     -1.17240e+00      8.00000e+00   1449s
  2203     -1.37298e+01     -1.17240e+00      8.00000e+00   1451s
  2205     -1.56914e+01     -1.17240e+00      8.00000e+00   1452s
  2207     -1.61918e+01     -1.17240e+00      8.00000e+00   1453s
  2209     -1.56534e+01     -1.17240e+00      8.00000e+00   1455s
  2211     -1.40768e+01     -1.17240e+00      8.00000e+00   1457s
  2213     -1.29532e+01     -1.17240e+00      8.00000e+00   1458s
  2215     -1.38844e+01     -1.17240e+00      8.00000e+00   1459s
  2217     -1.56786e+01     -1.17240e+00      8.00000e+00   1461s
  2219     -1.75610e+01     -1.17240e+00      8.00000e+00   1462s
  2221     -1.64930e+01     -1.17240e+00      8.00000e+00   1464s
  2222     -1.53656e+01     -1.17240e+00      8.00000e+00   1465s
  2224     -1.32228e+01     -1.17240e+00      8.00000e+00   1466s
  2226     -1.27170e+01     -1.17240e+00      8.00000e+00   1468s
  2228     -1.39080e+01     -1.17240e+00      8.00000e+00   1469s
  2229     -1.52870e+01     -1.17240e+00      8.00000e+00   1470s
  2231     -1.63632e+01     -1.17240e+00      8.00000e+00   1472s
  2233     -1.56298e+01     -1.17240e+00      8.00000e+00   1473s
  2235     -1.41064e+01     -1.17240e+00      8.00000e+00   1475s
  2237     -1.26356e+01     -1.17240e+00      8.00000e+00   1476s
  2239     -1.33526e+01     -1.17240e+00      8.00000e+00   1477s
  2241     -1.49030e+01     -1.17240e+00      8.00000e+00   1478s
  2243     -1.65418e+01     -1.17240e+00      8.00000e+00   1480s
  2245     -1.72400e+01     -1.17240e+00      8.00000e+00   1481s
  2248     -1.38536e+01     -1.17240e+00      8.00000e+00   1482s
  2250     -1.25072e+01     -1.17240e+00      8.00000e+00   1484s
  2252     -1.25096e+01     -1.17240e+00      8.00000e+00   1486s
  2254     -1.43566e+01     -1.17240e+00      8.00000e+00   1487s
  2256     -1.71576e+01     -1.17240e+00      8.00000e+00   1488s
  2259     -1.71586e+01     -1.17240e+00      8.00000e+00   1490s
  2261     -1.42148e+01     -1.17240e+00      8.00000e+00   1491s
  2263     -1.26402e+01     -1.17240e+00      8.00000e+00   1492s
  2265     -1.40028e+01     -1.17240e+00      8.00000e+00   1494s
  2267     -1.73388e+01     -1.17240e+00      8.00000e+00   1495s
  2269     -1.89784e+01     -1.17240e+00      8.00000e+00   1496s
  2271     -1.84954e+01     -1.17240e+00      8.00000e+00   1497s
  2273     -1.50650e+01     -1.17240e+00      8.00000e+00   1499s
  2275     -1.25820e+01     -1.17240e+00      8.00000e+00   1500s
  2277     -1.24138e+01     -1.17240e+00      8.00000e+00   1502s
  2280     -1.72062e+01     -1.17240e+00      8.00000e+00   1504s
  2282     -1.77540e+01     -1.17240e+00      8.00000e+00   1505s
  2284     -1.62400e+01     -1.17240e+00      8.00000e+00   1507s
  2286     -1.32876e+01     -1.17240e+00      8.00000e+00   1508s
  2288     -1.28474e+01     -1.17240e+00      8.00000e+00   1510s
  2290     -1.46290e+01     -1.17240e+00      8.00000e+00   1511s
  2292     -1.78708e+01     -1.17240e+00      8.00000e+00   1512s
  2294     -1.89456e+01     -1.17240e+00      8.00000e+00   1513s
  2296     -1.73922e+01     -1.17240e+00      8.00000e+00   1515s
  2298     -1.40634e+01     -1.17240e+00      8.00000e+00   1516s
  2300     -1.35140e+01     -1.17240e+00      8.00000e+00   1517s
  2302     -1.15278e+01     -1.17240e+00      8.00000e+00   1518s
  2304     -1.39406e+01     -1.17240e+00      8.00000e+00   1520s
  2306     -1.72414e+01     -1.17240e+00      8.00000e+00   1521s
  2308     -1.77728e+01     -1.17240e+00      8.00000e+00   1523s
  2310     -1.59186e+01     -1.17240e+00      8.00000e+00   1525s
  2312     -1.32790e+01     -1.17240e+00      8.00000e+00   1526s
  2314     -1.34958e+01     -1.17240e+00      8.00000e+00   1528s
  2316     -1.68446e+01     -1.17240e+00      8.00000e+00   1529s
  2318     -2.04068e+01     -1.17240e+00      8.00000e+00   1531s
  2320     -2.22164e+01     -1.17240e+00      8.00000e+00   1532s
  2322     -1.94230e+01     -1.17240e+00      8.00000e+00   1534s
  2324     -1.36256e+01     -1.17240e+00      8.00000e+00   1535s
  2325     -1.22254e+01     -1.17240e+00      8.00000e+00   1536s
  2327     -1.13492e+01     -1.17240e+00      8.00000e+00   1537s
  2330     -1.62068e+01     -1.17240e+00      8.00000e+00   1539s
  2332     -1.89578e+01     -1.17240e+00      8.00000e+00   1540s
  2334     -1.66144e+01     -1.17240e+00      8.00000e+00   1542s
  2336     -1.36856e+01     -1.17240e+00      8.00000e+00   1543s
  2338     -1.27144e+01     -1.17240e+00      8.00000e+00   1545s
  2340     -1.54814e+01     -1.17240e+00      8.00000e+00   1547s
  2342     -1.99644e+01     -1.17240e+00      8.00000e+00   1549s
  2344     -2.18784e+01     -1.17240e+00      8.00000e+00   1550s
  2346     -1.94998e+01     -1.17240e+00      8.00000e+00   1552s
  2348     -1.47910e+01     -1.17240e+00      8.00000e+00   1554s
  2349     -1.28844e+01     -1.17240e+00      8.00000e+00   1556s
  2351     -1.18136e+01     -1.17240e+00      8.00000e+00   1558s
  2353     -1.35924e+01     -1.17240e+00      8.00000e+00   1559s
  2355     -1.68884e+01     -1.17240e+00      8.00000e+00   1561s
  2357     -1.88154e+01     -1.17240e+00      8.00000e+00   1562s
  2359     -1.78620e+01     -1.17240e+00      8.00000e+00   1563s
  2361     -1.46986e+01     -1.17240e+00      8.00000e+00   1564s
  2363     -1.30372e+01     -1.17240e+00      8.00000e+00   1566s
  2366     -1.90450e+01     -1.17240e+00      8.00000e+00   1567s
  2369     -2.35384e+01     -1.17240e+00      8.00000e+00   1568s
  2372     -1.94336e+01     -1.17240e+00      8.00000e+00   1570s
  2374     -1.37388e+01     -1.17240e+00      8.00000e+00   1571s
  2376     -1.18108e+01     -1.17240e+00      8.00000e+00   1572s
  2378     -1.44162e+01     -1.17240e+00      8.00000e+00   1574s
  2381     -1.87352e+01     -1.17240e+00      8.00000e+00   1576s
  2383     -1.83992e+01     -1.17240e+00      8.00000e+00   1577s
  2385     -1.47288e+01     -1.17240e+00      8.00000e+00   1578s
  2387     -1.25586e+01     -1.17240e+00      8.00000e+00   1580s
  2389     -1.51186e+01     -1.17240e+00      8.00000e+00   1581s
  2392     -2.20064e+01     -1.17240e+00      8.00000e+00   1583s
  2394     -2.35680e+01     -1.17240e+00      8.00000e+00   1584s
  2395     -2.25472e+01     -1.17240e+00      8.00000e+00   1585s
  2397     -1.77878e+01     -1.17240e+00      8.00000e+00   1586s
  2399     -1.25810e+01     -1.17240e+00      8.00000e+00   1588s
  2401     -1.38906e+01     -1.17240e+00      8.00000e+00   1589s
  2403     -1.70008e+01     -1.17240e+00      8.00000e+00   1590s
  2405     -1.99296e+01     -1.17240e+00      8.00000e+00   1592s
  2408     -1.84512e+01     -1.17240e+00      8.00000e+00   1594s
  2410     -1.52124e+01     -1.17240e+00      8.00000e+00   1595s
  2412     -1.30836e+01     -1.17240e+00      8.00000e+00   1597s
  2414     -1.44890e+01     -1.17240e+00      8.00000e+00   1598s
  2416     -1.80322e+01     -1.17240e+00      8.00000e+00   1599s
  2419     -1.99224e+01     -1.17240e+00      8.00000e+00   1600s
  2421     -1.77090e+01     -1.17240e+00      8.00000e+00   1602s
  2423     -1.39144e+01     -1.17240e+00      8.00000e+00   1603s
  2425     -1.34286e+01     -1.17240e+00      8.00000e+00   1605s
  2427     -1.56674e+01     -1.17240e+00      8.00000e+00   1606s
  2429     -1.94380e+01     -1.17240e+00      8.00000e+00   1608s
  2431     -2.02096e+01     -1.17240e+00      8.00000e+00   1609s
  2433     -1.78382e+01     -1.17240e+00      8.00000e+00   1611s
  2436     -1.29556e+01     -1.17240e+00      8.00000e+00   1613s
  2438     -1.37448e+01     -1.17240e+00      8.00000e+00   1614s
  2440     -1.72552e+01     -1.17240e+00      8.00000e+00   1616s
  2442     -1.93396e+01     -1.17240e+00      8.00000e+00   1617s
  2445     -1.80126e+01     -1.17240e+00      8.00000e+00   1619s
  2447     -1.48024e+01     -1.17240e+00      8.00000e+00   1620s
  2449     -1.29454e+01     -1.17240e+00      8.00000e+00   1621s
  2451     -1.44152e+01     -1.17240e+00      8.00000e+00   1623s
  2453     -2.00320e+01     -1.17240e+00      8.00000e+00   1624s
  2455     -2.12262e+01     -1.17240e+00      8.00000e+00   1625s
  2458     -1.85592e+01     -1.17240e+00      8.00000e+00   1627s
  2461     -1.35526e+01     -1.17240e+00      8.00000e+00   1628s
  2464     -1.43700e+01     -1.17240e+00      8.00000e+00   1630s
  2466     -1.73802e+01     -1.17240e+00      8.00000e+00   1631s
  2468     -1.87458e+01     -1.17240e+00      8.00000e+00   1632s
  2471     -1.46376e+01     -1.17240e+00      8.00000e+00   1634s
  2473     -1.21120e+01     -1.17240e+00      8.00000e+00   1635s
  2475     -1.36156e+01     -1.17240e+00      8.00000e+00   1637s
  2478     -2.04186e+01     -1.17240e+00      8.00000e+00   1638s
  2480     -2.21824e+01     -1.17240e+00      8.00000e+00   1639s
  2482     -2.02512e+01     -1.17240e+00      8.00000e+00   1640s
  2484     -1.60236e+01     -1.17240e+00      8.00000e+00   1642s
  2486     -1.25648e+01     -1.17240e+00      8.00000e+00   1644s
  2488     -1.36528e+01     -1.17240e+00      8.00000e+00   1646s
  2490     -1.69874e+01     -1.17240e+00      8.00000e+00   1647s
  2492     -1.89316e+01     -1.17240e+00      8.00000e+00   1648s
  2494     -1.66476e+01     -1.17240e+00      8.00000e+00   1650s
  2496     -1.37848e+01     -1.17240e+00      8.00000e+00   1651s
  2498     -1.23380e+01     -1.17240e+00      8.00000e+00   1652s

==================================================
Summary of results QAOA
--------------------------------------------------
Average of QAOA obj:          -1.17
STD of QAOA obj:              102.71

Gamma angles:                 0.13
Beta angles:                  0.51

Best QAOA obj:                8.00
Modified best QAOA obj:       8.00

QAOA total time:              1653.07s
QAOA circuit depth:           26
==================================================

==================================================
Summary of results of 0-S8
--------------------------------------------------
Number of vertices:           8
Number of edges:              22

Vertex num in largest comp:   8
Edge num in largest comp:     22

Pre-processing running time:  0.00
Total solver time:            1652.26
Running time:                 1658.04

Upper bound:                  12.00
Objective value:              8.00

Partition 0:                  1, 4                
Partition 1:                  2, 7                
Partition 2:                  3, 5, 6, 8          
==================================================
