==================================================
Instance parameters
--------------------------------------------------
Number of vertices:           7
Number of edges:              20
Number of partitions:         4

Density (%):                  95
Name of instance:             seed1_band_pen1.0
Is planar:                    False
==================================================

==================================================
Solver parameters
--------------------------------------------------
Method:                       R-QUBO
Peel:                         False
Decompose:                    False
Fold:                         False

QAOA Num Levels:              1
QAOA Scipy Optimizer:         brute
==================================================

  iter        avg-obj        best avg-obj       best-obj      time
     0     -2.54300e+01     -2.54300e+01      6.00000e+00      1s
     3     -2.55670e+01     -2.54300e+01      7.00000e+00      3s
     6     -2.60330e+01     -2.50320e+01      7.00000e+00      4s
     9     -2.59240e+01     -2.50320e+01      7.00000e+00      5s
    12     -2.63920e+01     -2.50320e+01      7.00000e+00      7s
    14     -2.53690e+01     -2.50320e+01      7.00000e+00      8s
    17     -2.53610e+01     -2.48390e+01      7.00000e+00      9s
    20     -2.61700e+01     -2.48390e+01      7.00000e+00     11s
    23     -2.60000e+01     -2.48390e+01      7.00000e+00     12s
    26     -2.57810e+01     -2.48390e+01      7.00000e+00     13s
    29     -2.55360e+01     -2.48390e+01      7.00000e+00     14s
    32     -2.60940e+01     -2.48390e+01      7.00000e+00     16s
    35     -2.55300e+01     -2.48390e+01      7.00000e+00     17s
    38     -2.47750e+01     -2.47750e+01      7.00000e+00     18s
    41     -2.59000e+01     -2.47750e+01      7.00000e+00     20s
    44     -2.54290e+01     -2.47750e+01      7.00000e+00     21s
    47     -2.58230e+01     -2.47750e+01      7.00000e+00     22s
    50     -2.50580e+01     -2.47750e+01      7.00000e+00     24s
    53     -6.27100e+00     -6.27100e+00      7.00000e+00     25s
    56     -7.73700e+00     -5.30400e+00      7.00000e+00     27s
    59     -1.55390e+01     -5.30400e+00      7.00000e+00     28s
    62     -2.48310e+01     -5.30400e+00      7.00000e+00     29s
    64     -3.56340e+01     -5.30400e+00      7.00000e+00     30s
    67     -5.55260e+01     -5.30400e+00      7.00000e+00     32s
    70     -6.15420e+01     -5.30400e+00      7.00000e+00     33s
    73     -4.02990e+01     -5.30400e+00      7.00000e+00     34s
    75     -2.10810e+01     -5.30400e+00      7.00000e+00     35s
    78     -5.42900e+00     -5.30400e+00      7.00000e+00     36s
    81     -9.21700e+00     -5.27500e+00      7.00000e+00     38s
    84     -1.76750e+01     -5.27500e+00      7.00000e+00     39s
    87     -2.72550e+01     -5.27500e+00      7.00000e+00     40s
    90     -4.58100e+01     -5.27500e+00      7.00000e+00     42s
    93     -6.17870e+01     -5.27500e+00      7.00000e+00     43s
    96     -5.46130e+01     -5.27500e+00      7.00000e+00     44s
    99     -2.57260e+01     -5.27500e+00      7.00000e+00     46s
   101     -2.17280e+01     -5.27500e+00      7.00000e+00     47s
   103     -1.82920e+01     -5.27500e+00      7.00000e+00     48s
   106     -1.82170e+01     -5.27500e+00      7.00000e+00     49s
   109     -1.87340e+01     -5.27500e+00      7.00000e+00     50s
   112     -2.44340e+01     -5.27500e+00      7.00000e+00     52s
   115     -4.34760e+01     -5.27500e+00      7.00000e+00     53s
   118     -5.52860e+01     -5.27500e+00      7.00000e+00     54s
   121     -4.87020e+01     -5.27500e+00      7.00000e+00     56s
   124     -2.86130e+01     -5.27500e+00      7.00000e+00     57s
   127     -1.87100e+01     -5.27500e+00      7.00000e+00     59s
   130     -1.87000e+01     -5.27500e+00      7.00000e+00     60s
   133     -1.82210e+01     -5.27500e+00      7.00000e+00     61s
   135     -2.00090e+01     -5.27500e+00      7.00000e+00     62s
   138     -3.22960e+01     -5.27500e+00      7.00000e+00     64s
   141     -5.20880e+01     -5.27500e+00      7.00000e+00     65s
   144     -5.49100e+01     -5.27500e+00      7.00000e+00     66s
   147     -3.75820e+01     -5.27500e+00      7.00000e+00     68s
   150     -2.55920e+01     -5.27500e+00      7.00000e+00     69s
   153     -2.98380e+01     -5.27500e+00      7.00000e+00     70s
   156     -3.27910e+01     -5.27500e+00      7.00000e+00     72s
   159     -2.65470e+01     -5.27500e+00      7.00000e+00     73s
   162     -2.49780e+01     -5.27500e+00      7.00000e+00     74s
   165     -3.61280e+01     -5.27500e+00      7.00000e+00     76s
   167     -4.03760e+01     -5.27500e+00      7.00000e+00     77s
   170     -3.60460e+01     -5.27500e+00      7.00000e+00     78s
   173     -2.82810e+01     -5.27500e+00      7.00000e+00     79s
   176     -2.70200e+01     -5.27500e+00      7.00000e+00     81s
   178     -3.18720e+01     -5.27500e+00      7.00000e+00     82s
   181     -3.17180e+01     -5.27500e+00      7.00000e+00     83s
   184     -2.47410e+01     -5.27500e+00      7.00000e+00     85s
   187     -2.58820e+01     -5.27500e+00      7.00000e+00     86s
   190     -3.55060e+01     -5.27500e+00      7.00000e+00     87s
   193     -4.01950e+01     -5.27500e+00      7.00000e+00     89s
   195     -3.51200e+01     -5.27500e+00      7.00000e+00     90s
   198     -2.57640e+01     -5.27500e+00      7.00000e+00     91s
   200     -2.61580e+01     -5.27500e+00      7.00000e+00     92s
   203     -3.02130e+01     -5.27500e+00      7.00000e+00     93s
   206     -3.43290e+01     -5.27500e+00      7.00000e+00     95s
   209     -2.98440e+01     -5.27500e+00      7.00000e+00     96s
   212     -2.61650e+01     -5.27500e+00      7.00000e+00     97s
   215     -2.96610e+01     -5.27500e+00      7.00000e+00     99s
   218     -3.42740e+01     -5.27500e+00      7.00000e+00    100s
   221     -3.24860e+01     -5.27500e+00      7.00000e+00    102s
   224     -2.60400e+01     -5.27500e+00      7.00000e+00    103s
   227     -2.90500e+01     -5.27500e+00      7.00000e+00    105s
   229     -3.27270e+01     -5.27500e+00      7.00000e+00    106s
   232     -3.22390e+01     -5.27500e+00      7.00000e+00    107s
   234     -2.88700e+01     -5.27500e+00      7.00000e+00    108s
   237     -2.51640e+01     -5.27500e+00      7.00000e+00    109s
   240     -3.17220e+01     -5.27500e+00      7.00000e+00    111s
   243     -3.52510e+01     -5.27500e+00      7.00000e+00    112s
   245     -3.22020e+01     -5.27500e+00      7.00000e+00    113s
   248     -2.64360e+01     -5.27500e+00      7.00000e+00    114s
   251     -2.70340e+01     -5.27500e+00      7.00000e+00    116s
   254     -3.15420e+01     -5.27500e+00      7.00000e+00    117s
   257     -3.24190e+01     -5.27500e+00      7.00000e+00    118s
   260     -2.83440e+01     -5.27500e+00      7.00000e+00    120s
   263     -2.52930e+01     -5.27500e+00      7.00000e+00    121s
   266     -3.00750e+01     -5.27500e+00      7.00000e+00    123s
   269     -3.42070e+01     -5.27500e+00      7.00000e+00    124s
   272     -2.93100e+01     -5.27500e+00      7.00000e+00    126s
   274     -2.55300e+01     -5.27500e+00      7.00000e+00    127s
   277     -2.84180e+01     -5.27500e+00      7.00000e+00    128s
   280     -3.33460e+01     -5.27500e+00      7.00000e+00    129s
   282     -3.24990e+01     -5.27500e+00      7.00000e+00    130s
   285     -2.80080e+01     -5.27500e+00      7.00000e+00    132s
   288     -2.67810e+01     -5.27500e+00      7.00000e+00    133s
   291     -2.99450e+01     -5.27500e+00      7.00000e+00    135s
   294     -3.24140e+01     -5.27500e+00      7.00000e+00    136s
   297     -2.84060e+01     -5.27500e+00      7.00000e+00    137s
   300     -2.54250e+01     -5.27500e+00      7.00000e+00    139s
   303     -3.01070e+01     -5.27500e+00      7.00000e+00    140s
   305     -3.12360e+01     -5.27500e+00      7.00000e+00    141s
   308     -3.08070e+01     -5.27500e+00      7.00000e+00    142s
   310     -2.73350e+01     -5.27500e+00      7.00000e+00    143s
   313     -2.56320e+01     -5.27500e+00      7.00000e+00    145s
   316     -2.97180e+01     -5.27500e+00      7.00000e+00    146s
   319     -3.12050e+01     -5.27500e+00      7.00000e+00    148s
   322     -2.79090e+01     -5.27500e+00      7.00000e+00    149s
   325     -2.53780e+01     -5.27500e+00      7.00000e+00    150s
   328     -2.99120e+01     -5.27500e+00      7.00000e+00    152s
   331     -3.28910e+01     -5.27500e+00      7.00000e+00    153s
   333     -3.05320e+01     -5.27500e+00      7.00000e+00    154s
   335     -2.70540e+01     -5.27500e+00      7.00000e+00    155s
   338     -2.55610e+01     -5.27500e+00      7.00000e+00    157s
   341     -3.01030e+01     -5.27500e+00      7.00000e+00    158s
   343     -3.11810e+01     -5.27500e+00      7.00000e+00    159s
   345     -3.00130e+01     -5.27500e+00      7.00000e+00    160s
   347     -2.65290e+01     -5.27500e+00      7.00000e+00    161s
   349     -2.54530e+01     -5.27500e+00      7.00000e+00    162s
   352     -2.65050e+01     -5.27500e+00      7.00000e+00    164s
   355     -2.95000e+01     -5.27500e+00      7.00000e+00    165s
   358     -2.95830e+01     -5.27500e+00      7.00000e+00    167s
   361     -2.71310e+01     -5.27500e+00      7.00000e+00    168s
   363     -2.53670e+01     -5.27500e+00      7.00000e+00    169s
   366     -2.89610e+01     -5.27500e+00      7.00000e+00    170s
   369     -2.91820e+01     -5.27500e+00      7.00000e+00    171s
   372     -2.70130e+01     -5.27500e+00      7.00000e+00    173s
   375     -2.54550e+01     -5.27500e+00      7.00000e+00    174s
   378     -2.79730e+01     -5.27500e+00      7.00000e+00    176s
   381     -3.01560e+01     -5.27500e+00      7.00000e+00    177s
   383     -2.84950e+01     -5.27500e+00      7.00000e+00    178s
   386     -2.64780e+01     -5.27500e+00      7.00000e+00    180s
   389     -2.62300e+01     -5.27500e+00      7.00000e+00    181s
   392     -2.87840e+01     -5.27500e+00      7.00000e+00    182s
   394     -2.89100e+01     -5.27500e+00      7.00000e+00    183s
   397     -2.59760e+01     -5.27500e+00      7.00000e+00    185s
   399     -2.55770e+01     -5.27500e+00      7.00000e+00    186s
   401     -2.65440e+01     -5.27500e+00      7.00000e+00    187s
   404     -2.78540e+01     -5.27500e+00      7.00000e+00    188s
   407     -2.82310e+01     -5.27500e+00      7.00000e+00    189s
   409     -2.71880e+01     -5.27500e+00      7.00000e+00    191s
   412     -2.59660e+01     -5.27500e+00      7.00000e+00    192s
   414     -2.65770e+01     -5.27500e+00      7.00000e+00    193s
   416     -2.66780e+01     -5.27500e+00      7.00000e+00    194s
   418     -2.71590e+01     -5.27500e+00      7.00000e+00    195s
   421     -2.74040e+01     -5.27500e+00      7.00000e+00    196s
   423     -2.61710e+01     -5.27500e+00      7.00000e+00    197s
   425     -2.63810e+01     -5.27500e+00      7.00000e+00    198s
   428     -2.80740e+01     -5.27500e+00      7.00000e+00    200s
   430     -2.82850e+01     -5.27500e+00      7.00000e+00    201s
   433     -2.76120e+01     -5.27500e+00      7.00000e+00    202s
   436     -2.53310e+01     -5.27500e+00      7.00000e+00    203s
   438     -2.58120e+01     -5.27500e+00      7.00000e+00    204s
   441     -2.72570e+01     -5.27500e+00      7.00000e+00    206s
   443     -2.82000e+01     -5.27500e+00      7.00000e+00    207s
   446     -2.65720e+01     -5.27500e+00      7.00000e+00    208s
   449     -2.56250e+01     -5.27500e+00      7.00000e+00    209s
   452     -2.63870e+01     -5.27500e+00      7.00000e+00    211s
   455     -2.66450e+01     -5.27500e+00      7.00000e+00    212s
   458     -2.67390e+01     -5.27500e+00      7.00000e+00    214s
   461     -2.59890e+01     -5.27500e+00      7.00000e+00    215s
   464     -2.62810e+01     -5.27500e+00      7.00000e+00    216s
   466     -2.65250e+01     -5.27500e+00      7.00000e+00    217s
   468     -2.63420e+01     -5.27500e+00      7.00000e+00    218s
   471     -2.68920e+01     -5.27500e+00      7.00000e+00    220s
   474     -2.59260e+01     -5.27500e+00      7.00000e+00    221s
   476     -2.61940e+01     -5.27500e+00      7.00000e+00    222s
   479     -2.66100e+01     -5.27500e+00      7.00000e+00    223s
   482     -2.76390e+01     -5.27500e+00      7.00000e+00    225s
   485     -2.60190e+01     -5.27500e+00      7.00000e+00    226s
   488     -2.65130e+01     -5.27500e+00      7.00000e+00    228s
   491     -2.63540e+01     -5.27500e+00      7.00000e+00    229s
   494     -2.67900e+01     -5.27500e+00      7.00000e+00    230s
   497     -2.60550e+01     -5.27500e+00      7.00000e+00    232s
   499     -2.58010e+01     -5.27500e+00      7.00000e+00    233s
   502     -2.55220e+01     -5.27500e+00      7.00000e+00    234s
   505     -2.59570e+01     -5.27500e+00      7.00000e+00    236s
   508     -2.57770e+01     -5.27500e+00      7.00000e+00    237s
   511     -2.53550e+01     -5.27500e+00      7.00000e+00    238s
   514     -2.54830e+01     -5.27500e+00      7.00000e+00    240s
   517     -2.57030e+01     -5.27500e+00      7.00000e+00    241s
   519     -2.66380e+01     -5.27500e+00      7.00000e+00    242s
   521     -2.57670e+01     -5.27500e+00      7.00000e+00    243s
   524     -2.54590e+01     -5.27500e+00      7.00000e+00    245s
   527     -2.60870e+01     -5.27500e+00      7.00000e+00    246s
   530     -2.61000e+01     -5.27500e+00      7.00000e+00    247s
   533     -2.61290e+01     -5.27500e+00      7.00000e+00    249s
   536     -2.55580e+01     -5.27500e+00      7.00000e+00    250s
   539     -2.52810e+01     -5.27500e+00      7.00000e+00    252s
   541     -2.51700e+01     -5.27500e+00      7.00000e+00    253s
   543     -2.69330e+01     -5.27500e+00      7.00000e+00    254s
   546     -2.63500e+01     -5.27500e+00      7.00000e+00    255s
   549     -2.65140e+01     -5.27500e+00      7.00000e+00    256s
   551     -2.56000e+01     -5.27500e+00      7.00000e+00    257s
   553     -2.62060e+01     -5.27500e+00      7.00000e+00    258s
   555     -2.50490e+01     -5.27500e+00      7.00000e+00    259s
   558     -2.60180e+01     -5.27500e+00      7.00000e+00    261s
   561     -2.56570e+01     -5.27500e+00      7.00000e+00    262s
   564     -2.64640e+01     -5.27500e+00      7.00000e+00    263s
   567     -2.58160e+01     -5.27500e+00      7.00000e+00    265s
   570     -2.61550e+01     -5.27500e+00      7.00000e+00    266s
   572     -2.58940e+01     -5.27500e+00      7.00000e+00    267s
   575     -2.67250e+01     -5.27500e+00      7.00000e+00    269s
   578     -2.57960e+01     -5.27500e+00      7.00000e+00    270s
   581     -2.53620e+01     -5.27500e+00      7.00000e+00    271s
   583     -2.60320e+01     -5.27500e+00      7.00000e+00    272s
   585     -2.59030e+01     -5.27500e+00      7.00000e+00    273s
   587     -2.63210e+01     -5.27500e+00      7.00000e+00    275s
   590     -2.61040e+01     -5.27500e+00      7.00000e+00    276s
   593     -2.46560e+01     -5.27500e+00      7.00000e+00    277s
   596     -2.56340e+01     -5.27500e+00      7.00000e+00    278s
   599     -2.65640e+01     -5.27500e+00      7.00000e+00    280s
   602     -2.51860e+01     -5.27500e+00      7.00000e+00    281s
   605     -2.59060e+01     -5.27500e+00      7.00000e+00    283s
   608     -2.54460e+01     -5.27500e+00      7.00000e+00    284s
   610     -2.54450e+01     -5.27500e+00      7.00000e+00    285s
   612     -2.49030e+01     -5.27500e+00      7.00000e+00    286s
   615     -2.50360e+01     -5.27500e+00      7.00000e+00    287s
   617     -2.58510e+01     -5.27500e+00      7.00000e+00    289s
   620     -2.58570e+01     -5.27500e+00      7.00000e+00    290s
   623     -2.60800e+01     -5.27500e+00      7.00000e+00    291s
   626     -2.61470e+01     -5.27500e+00      7.00000e+00    293s
   629     -2.59830e+01     -5.27500e+00      7.00000e+00    294s
   632     -2.66680e+01     -5.27500e+00      7.00000e+00    296s
   635     -2.64510e+01     -5.27500e+00      7.00000e+00    297s
   638     -2.59180e+01     -5.27500e+00      7.00000e+00    298s
   641     -2.67310e+01     -5.27500e+00      7.00000e+00    300s
   644     -2.57170e+01     -5.27500e+00      7.00000e+00    301s
   647     -2.54190e+01     -5.27500e+00      7.00000e+00    302s
   649     -2.46510e+01     -5.27500e+00      7.00000e+00    304s
   652     -2.61040e+01     -5.27500e+00      7.00000e+00    305s
   655     -2.60640e+01     -5.27500e+00      7.00000e+00    306s
   658     -2.71480e+01     -5.27500e+00      7.00000e+00    308s
   661     -2.51930e+01     -5.27500e+00      7.00000e+00    309s
   663     -2.54180e+01     -5.27500e+00      7.00000e+00    310s
   666     -2.54260e+01     -5.27500e+00      7.00000e+00    311s
   668     -2.64080e+01     -5.27500e+00      7.00000e+00    312s
   670     -2.57980e+01     -5.27500e+00      7.00000e+00    313s
   672     -2.55250e+01     -5.27500e+00      7.00000e+00    314s
   675     -2.55290e+01     -5.27500e+00      7.00000e+00    316s
   678     -2.54340e+01     -5.27500e+00      7.00000e+00    317s
   681     -2.58450e+01     -5.27500e+00      7.00000e+00    319s
   684     -2.54300e+01     -5.27500e+00      7.00000e+00    320s
   686     -2.62970e+01     -5.27500e+00      7.00000e+00    321s
   689     -2.71830e+01     -5.27500e+00      7.00000e+00    323s
   691     -2.53940e+01     -5.27500e+00      7.00000e+00    324s
   694     -2.57340e+01     -5.27500e+00      7.00000e+00    325s
   697     -2.57760e+01     -5.27500e+00      7.00000e+00    326s
   700     -2.55560e+01     -5.27500e+00      7.00000e+00    328s
   703     -2.50480e+01     -5.27500e+00      7.00000e+00    329s
   705     -2.58010e+01     -5.27500e+00      7.00000e+00    330s
   708     -2.56030e+01     -5.27500e+00      7.00000e+00    332s
   711     -2.61460e+01     -5.27500e+00      7.00000e+00    333s
   714     -2.67630e+01     -5.27500e+00      7.00000e+00    335s
   717     -2.58750e+01     -5.27500e+00      7.00000e+00    336s
   720     -2.55140e+01     -5.27500e+00      7.00000e+00    337s
   723     -2.57270e+01     -5.27500e+00      7.00000e+00    339s
   726     -2.57420e+01     -5.27500e+00      7.00000e+00    340s
   729     -2.66230e+01     -5.27500e+00      7.00000e+00    341s
   731     -2.62140e+01     -5.27500e+00      7.00000e+00    342s
   734     -2.67760e+01     -5.27500e+00      7.00000e+00    344s
   737     -2.64800e+01     -5.27500e+00      7.00000e+00    345s
   740     -2.58380e+01     -5.27500e+00      7.00000e+00    347s
   743     -2.69310e+01     -5.27500e+00      7.00000e+00    348s
   746     -2.58260e+01     -5.27500e+00      7.00000e+00    349s
   749     -2.43860e+01     -5.27500e+00      7.00000e+00    351s
   752     -2.57340e+01     -5.27500e+00      7.00000e+00    352s
   754     -2.56170e+01     -5.27500e+00      7.00000e+00    353s
   757     -2.57170e+01     -5.27500e+00      7.00000e+00    355s
   760     -2.51600e+01     -5.27500e+00      7.00000e+00    356s
   763     -2.53470e+01     -5.27500e+00      7.00000e+00    357s
   766     -2.61750e+01     -5.27500e+00      7.00000e+00    359s
   769     -2.62420e+01     -5.27500e+00      7.00000e+00    360s
   772     -2.58070e+01     -5.27500e+00      7.00000e+00    362s
   775     -2.65190e+01     -5.27500e+00      7.00000e+00    363s
   778     -2.59730e+01     -5.27500e+00      7.00000e+00    364s
   781     -2.63930e+01     -5.27500e+00      7.00000e+00    365s
   784     -2.48940e+01     -5.27500e+00      7.00000e+00    366s
   787     -2.66730e+01     -5.27500e+00      7.00000e+00    367s
   790     -2.60670e+01     -5.27500e+00      7.00000e+00    369s
   793     -2.51440e+01     -5.27500e+00      7.00000e+00    370s
   795     -2.55310e+01     -5.27500e+00      7.00000e+00    371s
   798     -2.58320e+01     -5.27500e+00      7.00000e+00    372s
   800     -2.59390e+01     -5.27500e+00      7.00000e+00    373s
   803     -2.56800e+01     -5.27500e+00      7.00000e+00    375s
   806     -2.54720e+01     -5.27500e+00      7.00000e+00    376s
   809     -2.51990e+01     -5.27500e+00      7.00000e+00    377s
   811     -2.60240e+01     -5.27500e+00      7.00000e+00    378s
   814     -2.59440e+01     -5.27500e+00      7.00000e+00    380s
   817     -2.46930e+01     -5.27500e+00      7.00000e+00    381s
   820     -2.56660e+01     -5.27500e+00      7.00000e+00    382s
   823     -2.53900e+01     -5.27500e+00      7.00000e+00    384s
   826     -2.56100e+01     -5.27500e+00      7.00000e+00    385s
   828     -2.56350e+01     -5.27500e+00      7.00000e+00    386s
   831     -2.52990e+01     -5.27500e+00      7.00000e+00    388s
   834     -2.61310e+01     -5.27500e+00      7.00000e+00    389s
   837     -2.62560e+01     -5.27500e+00      7.00000e+00    391s
   839     -2.61940e+01     -5.27500e+00      7.00000e+00    392s
   841     -2.65240e+01     -5.27500e+00      7.00000e+00    393s
   844     -2.53560e+01     -5.27500e+00      7.00000e+00    394s
   846     -2.55010e+01     -5.27500e+00      7.00000e+00    395s
   849     -2.64200e+01     -5.27500e+00      7.00000e+00    396s
   851     -2.62290e+01     -5.27500e+00      7.00000e+00    397s
   853     -2.66480e+01     -5.27500e+00      7.00000e+00    398s
   855     -2.56820e+01     -5.27500e+00      7.00000e+00    399s
   858     -2.53370e+01     -5.27500e+00      7.00000e+00    401s
   861     -2.62420e+01     -5.27500e+00      7.00000e+00    402s
   863     -2.53640e+01     -5.27500e+00      7.00000e+00    403s
   866     -2.47880e+01     -5.27500e+00      7.00000e+00    404s
   868     -2.52260e+01     -5.27500e+00      7.00000e+00    405s
   870     -2.51790e+01     -5.27500e+00      7.00000e+00    406s
   873     -2.47200e+01     -5.27500e+00      7.00000e+00    408s
   875     -2.59440e+01     -5.27500e+00      7.00000e+00    409s
   877     -2.57840e+01     -5.27500e+00      7.00000e+00    410s
   880     -2.61750e+01     -5.27500e+00      7.00000e+00    411s
   882     -2.60900e+01     -5.27500e+00      7.00000e+00    412s
   884     -2.52560e+01     -5.27500e+00      7.00000e+00    413s
   887     -2.57360e+01     -5.27500e+00      7.00000e+00    415s
   890     -2.59650e+01     -5.27500e+00      7.00000e+00    416s
   893     -2.51600e+01     -5.27500e+00      7.00000e+00    417s
   896     -2.57700e+01     -5.27500e+00      7.00000e+00    419s
   898     -2.60390e+01     -5.27500e+00      7.00000e+00    420s
   900     -2.64010e+01     -5.27500e+00      7.00000e+00    421s
   903     -2.47870e+01     -5.27500e+00      7.00000e+00    422s
   906     -2.53560e+01     -5.27500e+00      7.00000e+00    424s
   908     -2.55550e+01     -5.27500e+00      7.00000e+00    425s
   910     -2.52030e+01     -5.27500e+00      7.00000e+00    426s
   913     -2.62330e+01     -5.27500e+00      7.00000e+00    427s
   915     -2.49780e+01     -5.27500e+00      7.00000e+00    428s
   918     -2.42760e+01     -5.27500e+00      7.00000e+00    430s
   921     -2.45130e+01     -5.27500e+00      7.00000e+00    431s
   923     -2.54890e+01     -5.27500e+00      7.00000e+00    432s
   925     -2.47720e+01     -5.27500e+00      7.00000e+00    433s
   928     -2.61630e+01     -5.27500e+00      7.00000e+00    434s
   930     -2.50500e+01     -5.27500e+00      7.00000e+00    436s
   932     -2.57620e+01     -5.27500e+00      7.00000e+00    437s
   934     -2.62590e+01     -5.27500e+00      7.00000e+00    438s
   936     -2.63330e+01     -5.27500e+00      7.00000e+00    439s
   939     -2.57890e+01     -5.27500e+00      7.00000e+00    440s
   941     -2.59390e+01     -5.27500e+00      7.00000e+00    441s
   943     -2.59760e+01     -5.27500e+00      7.00000e+00    442s
   946     -2.58590e+01     -5.27500e+00      7.00000e+00    443s
   948     -2.64610e+01     -5.27500e+00      7.00000e+00    445s
   950     -2.54310e+01     -5.27500e+00      7.00000e+00    446s
   953     -2.54040e+01     -5.27500e+00      7.00000e+00    447s
   955     -2.50070e+01     -5.27500e+00      7.00000e+00    448s
   957     -2.49180e+01     -5.27500e+00      7.00000e+00    449s
   959     -2.47210e+01     -5.27500e+00      7.00000e+00    450s
   962     -2.58400e+01     -5.27500e+00      7.00000e+00    451s
   965     -2.61980e+01     -5.27500e+00      7.00000e+00    453s
   967     -2.49820e+01     -5.27500e+00      7.00000e+00    454s
   970     -2.51890e+01     -5.27500e+00      7.00000e+00    455s
   973     -2.49740e+01     -5.27500e+00      7.00000e+00    457s
   976     -2.56090e+01     -5.27500e+00      7.00000e+00    458s
   979     -2.51370e+01     -5.27500e+00      7.00000e+00    460s
   981     -2.51490e+01     -5.27500e+00      7.00000e+00    461s
   984     -2.59540e+01     -5.27500e+00      7.00000e+00    462s
   987     -2.49940e+01     -5.27500e+00      7.00000e+00    464s
   989     -2.52240e+01     -5.27500e+00      7.00000e+00    465s
   992     -2.55620e+01     -5.27500e+00      7.00000e+00    466s
   995     -2.54210e+01     -5.27500e+00      7.00000e+00    467s
   997     -2.48680e+01     -5.27500e+00      7.00000e+00    469s
  1000     -2.62220e+01     -5.27500e+00      7.00000e+00    470s
  1003     -2.50530e+01     -5.27500e+00      7.00000e+00    471s
  1005     -2.53950e+01     -5.27500e+00      7.00000e+00    472s
  1008     -2.60570e+01     -5.27500e+00      7.00000e+00    474s
  1010     -2.61890e+01     -5.27500e+00      7.00000e+00    475s
  1012     -2.58760e+01     -5.27500e+00      7.00000e+00    476s
  1015     -2.59650e+01     -5.27500e+00      7.00000e+00    477s
  1017     -2.54460e+01     -5.27500e+00      7.00000e+00    478s
  1019     -2.53130e+01     -5.27500e+00      7.00000e+00    479s
  1022     -2.59000e+01     -5.27500e+00      7.00000e+00    481s
  1025     -2.65000e+01     -5.27500e+00      7.00000e+00    482s
  1028     -2.54330e+01     -5.27500e+00      7.00000e+00    484s
  1031     -2.46710e+01     -5.27500e+00      7.00000e+00    485s
  1034     -2.74970e+01     -5.27500e+00      7.00000e+00    486s
  1036     -2.58780e+01     -5.27500e+00      7.00000e+00    487s
  1039     -2.56720e+01     -5.27500e+00      7.00000e+00    489s
  1042     -2.51030e+01     -5.27500e+00      7.00000e+00    490s
  1045     -2.61970e+01     -5.27500e+00      7.00000e+00    492s
  1048     -2.56930e+01     -5.27500e+00      7.00000e+00    493s
  1051     -2.56170e+01     -5.27500e+00      7.00000e+00    495s
  1053     -2.52800e+01     -5.27500e+00      7.00000e+00    496s
  1056     -2.58040e+01     -5.27500e+00      7.00000e+00    497s
  1059     -2.67230e+01     -5.27500e+00      7.00000e+00    499s
  1062     -2.68130e+01     -5.27500e+00      7.00000e+00    500s
  1065     -2.64640e+01     -5.27500e+00      7.00000e+00    502s
  1067     -2.66110e+01     -5.27500e+00      7.00000e+00    503s
  1070     -2.60380e+01     -5.27500e+00      7.00000e+00    504s
  1073     -2.55100e+01     -5.27500e+00      7.00000e+00    505s
  1076     -2.55030e+01     -5.27500e+00      7.00000e+00    507s
  1079     -2.67940e+01     -5.27500e+00      7.00000e+00    508s
  1082     -2.57350e+01     -5.27500e+00      7.00000e+00    509s
  1084     -2.57630e+01     -5.27500e+00      7.00000e+00    511s
  1087     -2.60550e+01     -5.27500e+00      7.00000e+00    512s
  1090     -2.52030e+01     -5.27500e+00      7.00000e+00    513s
  1093     -2.64610e+01     -5.27500e+00      7.00000e+00    515s
  1096     -2.61200e+01     -5.27500e+00      7.00000e+00    516s
  1099     -2.59220e+01     -5.27500e+00      7.00000e+00    518s
  1102     -2.55180e+01     -5.27500e+00      7.00000e+00    519s
  1104     -2.53690e+01     -5.27500e+00      7.00000e+00    520s
  1107     -2.57640e+01     -5.27500e+00      7.00000e+00    521s
  1110     -2.67230e+01     -5.27500e+00      7.00000e+00    523s
  1112     -2.52280e+01     -5.27500e+00      7.00000e+00    524s
  1114     -2.62260e+01     -5.27500e+00      7.00000e+00    525s
  1117     -2.62350e+01     -5.27500e+00      7.00000e+00    526s
  1120     -2.66130e+01     -5.27500e+00      7.00000e+00    528s
  1123     -2.67780e+01     -5.27500e+00      7.00000e+00    529s
  1126     -2.61740e+01     -5.27500e+00      7.00000e+00    530s
  1129     -2.70120e+01     -5.27500e+00      7.00000e+00    532s
  1132     -2.58060e+01     -5.27500e+00      7.00000e+00    533s
  1135     -2.54370e+01     -5.27500e+00      7.00000e+00    535s
  1138     -2.60290e+01     -5.27500e+00      7.00000e+00    536s
  1141     -2.54340e+01     -5.27500e+00      7.00000e+00    537s
  1144     -2.59430e+01     -5.27500e+00      7.00000e+00    539s
  1147     -2.66520e+01     -5.27500e+00      7.00000e+00    540s
  1150     -2.48190e+01     -5.27500e+00      7.00000e+00    542s
  1153     -2.61550e+01     -5.27500e+00      7.00000e+00    543s
  1155     -2.60930e+01     -5.27500e+00      7.00000e+00    544s
  1158     -2.53700e+01     -5.27500e+00      7.00000e+00    545s
  1160     -2.46480e+01     -5.27500e+00      7.00000e+00    546s
  1163     -2.59850e+01     -5.27500e+00      7.00000e+00    548s
  1166     -2.52480e+01     -5.27500e+00      7.00000e+00    549s
  1169     -2.52470e+01     -5.27500e+00      7.00000e+00    550s
  1172     -2.54700e+01     -5.27500e+00      7.00000e+00    551s
  1175     -2.56110e+01     -5.27500e+00      7.00000e+00    553s
  1178     -2.51140e+01     -5.27500e+00      7.00000e+00    554s
  1181     -2.42470e+01     -5.27500e+00      7.00000e+00    556s
  1184     -2.67360e+01     -5.27500e+00      7.00000e+00    557s
  1187     -2.55920e+01     -5.27500e+00      7.00000e+00    558s
  1189     -2.55100e+01     -5.27500e+00      7.00000e+00    559s
  1192     -2.52890e+01     -5.27500e+00      7.00000e+00    561s
  1195     -2.54570e+01     -5.27500e+00      7.00000e+00    562s
  1198     -2.54590e+01     -5.27500e+00      7.00000e+00    564s
  1201     -2.60290e+01     -5.27500e+00      7.00000e+00    565s
  1204     -2.52690e+01     -5.27500e+00      7.00000e+00    566s
  1207     -2.57840e+01     -5.27500e+00      7.00000e+00    568s
  1209     -2.60980e+01     -5.27500e+00      7.00000e+00    569s
  1212     -2.64850e+01     -5.27500e+00      7.00000e+00    570s
  1215     -2.59970e+01     -5.27500e+00      7.00000e+00    572s
  1218     -2.61620e+01     -5.27500e+00      7.00000e+00    573s
  1221     -2.51920e+01     -5.27500e+00      7.00000e+00    574s
  1224     -2.59390e+01     -5.27500e+00      7.00000e+00    575s
  1227     -2.56260e+01     -5.27500e+00      7.00000e+00    577s
  1230     -2.55470e+01     -5.27500e+00      7.00000e+00    578s
  1233     -2.50650e+01     -5.27500e+00      7.00000e+00    580s
  1236     -2.45850e+01     -5.27500e+00      7.00000e+00    581s
  1238     -2.47410e+01     -5.27500e+00      7.00000e+00    582s
  1241     -2.53760e+01     -5.27500e+00      7.00000e+00    584s
  1244     -2.54570e+01     -5.27500e+00      7.00000e+00    585s
  1247     -2.55450e+01     -5.27500e+00      7.00000e+00    586s
  1250     -2.56740e+01     -5.27500e+00      7.00000e+00    588s
  1253     -2.65190e+01     -5.27500e+00      7.00000e+00    589s
  1256     -2.56930e+01     -5.27500e+00      7.00000e+00    590s
  1259     -2.51720e+01     -5.27500e+00      7.00000e+00    592s
  1262     -2.62590e+01     -5.27500e+00      7.00000e+00    593s
  1265     -2.67470e+01     -5.27500e+00      7.00000e+00    594s
  1267     -2.53040e+01     -5.27500e+00      7.00000e+00    595s
  1269     -2.67890e+01     -5.27500e+00      7.00000e+00    596s
  1271     -2.57500e+01     -5.27500e+00      7.00000e+00    597s
  1273     -2.56600e+01     -5.27500e+00      7.00000e+00    598s
  1276     -2.56290e+01     -5.27500e+00      7.00000e+00    600s
  1278     -2.52340e+01     -5.27500e+00      7.00000e+00    601s
  1281     -2.65010e+01     -5.27500e+00      7.00000e+00    602s
  1284     -2.58260e+01     -5.27500e+00      7.00000e+00    603s
  1287     -2.57840e+01     -5.27500e+00      7.00000e+00    605s
  1290     -2.51860e+01     -5.27500e+00      7.00000e+00    606s
  1293     -2.58780e+01     -5.27500e+00      7.00000e+00    607s
  1295     -2.56590e+01     -5.27500e+00      7.00000e+00    609s
  1297     -2.54300e+01     -5.27500e+00      7.00000e+00    610s
  1300     -2.47560e+01     -5.27500e+00      7.00000e+00    611s
  1303     -2.52550e+01     -5.27500e+00      7.00000e+00    612s
  1306     -2.49270e+01     -5.27500e+00      7.00000e+00    614s
  1308     -2.49530e+01     -5.27500e+00      7.00000e+00    615s
  1311     -2.56470e+01     -5.27500e+00      7.00000e+00    616s
  1314     -2.55120e+01     -5.27500e+00      7.00000e+00    617s
  1316     -2.52640e+01     -5.27500e+00      7.00000e+00    619s
  1319     -2.64760e+01     -5.27500e+00      7.00000e+00    620s
  1322     -2.59860e+01     -5.27500e+00      7.00000e+00    621s
  1324     -2.52460e+01     -5.27500e+00      7.00000e+00    622s
  1327     -2.54760e+01     -5.27500e+00      7.00000e+00    624s
  1330     -2.55260e+01     -5.27500e+00      7.00000e+00    625s
  1333     -2.56560e+01     -5.27500e+00      7.00000e+00    626s
  1336     -2.56370e+01     -5.27500e+00      7.00000e+00    628s
  1338     -2.61200e+01     -5.27500e+00      7.00000e+00    629s
  1341     -2.60450e+01     -5.27500e+00      7.00000e+00    630s
  1344     -2.52770e+01     -5.27500e+00      7.00000e+00    631s
  1347     -2.64430e+01     -5.27500e+00      7.00000e+00    633s
  1350     -2.55490e+01     -5.27500e+00      7.00000e+00    634s
  1353     -2.57820e+01     -5.27500e+00      7.00000e+00    636s
  1355     -2.67300e+01     -5.27500e+00      7.00000e+00    637s
  1358     -2.62370e+01     -5.27500e+00      7.00000e+00    638s
  1361     -2.54560e+01     -5.27500e+00      7.00000e+00    640s
  1363     -2.56000e+01     -5.27500e+00      7.00000e+00    641s
  1366     -2.67200e+01     -5.27500e+00      7.00000e+00    642s
  1369     -2.55360e+01     -5.27500e+00      7.00000e+00    643s
  1372     -2.51720e+01     -5.27500e+00      7.00000e+00    645s
  1375     -2.66170e+01     -5.27500e+00      7.00000e+00    646s
  1378     -2.60480e+01     -5.27500e+00      7.00000e+00    647s
  1381     -2.66530e+01     -5.27500e+00      7.00000e+00    649s
  1383     -2.46240e+01     -5.27500e+00      7.00000e+00    650s
  1386     -2.62980e+01     -5.27500e+00      7.00000e+00    651s
  1389     -2.58810e+01     -5.27500e+00      7.00000e+00    652s
  1392     -2.62070e+01     -5.27500e+00      7.00000e+00    654s
  1395     -2.64910e+01     -5.27500e+00      7.00000e+00    655s
  1398     -2.53910e+01     -5.27500e+00      7.00000e+00    657s
  1401     -2.63950e+01     -5.27500e+00      7.00000e+00    658s
  1404     -2.69420e+01     -5.27500e+00      7.00000e+00    659s
  1407     -2.62910e+01     -5.27500e+00      7.00000e+00    661s
  1410     -2.54130e+01     -5.27500e+00      7.00000e+00    662s
  1413     -2.48820e+01     -5.27500e+00      7.00000e+00    664s
  1415     -2.50390e+01     -5.27500e+00      7.00000e+00    665s
  1418     -2.59290e+01     -5.27500e+00      7.00000e+00    666s
  1421     -2.62060e+01     -5.27500e+00      7.00000e+00    667s
  1424     -2.59620e+01     -5.27500e+00      7.00000e+00    669s
  1427     -2.60870e+01     -5.27500e+00      7.00000e+00    670s
  1429     -2.57670e+01     -5.27500e+00      7.00000e+00    671s
  1432     -2.63260e+01     -5.27500e+00      7.00000e+00    672s
  1435     -2.62360e+01     -5.27500e+00      7.00000e+00    674s
  1438     -2.57590e+01     -5.27500e+00      7.00000e+00    675s
  1441     -2.71880e+01     -5.27500e+00      7.00000e+00    677s
  1444     -2.61970e+01     -5.27500e+00      7.00000e+00    678s
  1447     -2.56680e+01     -5.27500e+00      7.00000e+00    679s
  1450     -2.56080e+01     -5.27500e+00      7.00000e+00    681s
  1453     -2.64820e+01     -5.27500e+00      7.00000e+00    682s
  1456     -2.47810e+01     -5.27500e+00      7.00000e+00    684s
  1459     -2.51980e+01     -5.27500e+00      7.00000e+00    685s
  1461     -2.59740e+01     -5.27500e+00      7.00000e+00    686s
  1464     -2.59460e+01     -5.27500e+00      7.00000e+00    687s
  1467     -2.63150e+01     -5.27500e+00      7.00000e+00    689s
  1470     -2.47290e+01     -5.27500e+00      7.00000e+00    690s
  1472     -2.46730e+01     -5.27500e+00      7.00000e+00    691s
  1475     -2.51890e+01     -5.27500e+00      7.00000e+00    692s
  1478     -2.62240e+01     -5.27500e+00      7.00000e+00    694s
  1481     -2.68670e+01     -5.27500e+00      7.00000e+00    695s
  1484     -2.62140e+01     -5.27500e+00      7.00000e+00    696s
  1487     -2.61710e+01     -5.27500e+00      7.00000e+00    698s
  1490     -2.61730e+01     -5.27500e+00      7.00000e+00    699s
  1493     -2.43040e+01     -5.27500e+00      7.00000e+00    701s
  1496     -2.59530e+01     -5.27500e+00      7.00000e+00    702s
  1499     -2.53540e+01     -5.27500e+00      7.00000e+00    703s
  1502     -2.54470e+01     -5.27500e+00      7.00000e+00    705s
  1505     -2.46810e+01     -5.27500e+00      7.00000e+00    706s
  1508     -2.51900e+01     -5.27500e+00      7.00000e+00    708s
  1511     -2.52180e+01     -5.27500e+00      7.00000e+00    709s
  1514     -2.59500e+01     -5.27500e+00      7.00000e+00    710s
  1517     -2.55870e+01     -5.27500e+00      7.00000e+00    712s
  1520     -2.48580e+01     -5.27500e+00      7.00000e+00    713s
  1523     -2.48280e+01     -5.27500e+00      7.00000e+00    715s
  1526     -2.59900e+01     -5.27500e+00      7.00000e+00    716s
  1529     -2.55630e+01     -5.27500e+00      7.00000e+00    717s
  1532     -2.44560e+01     -5.27500e+00      7.00000e+00    719s
  1535     -2.49930e+01     -5.27500e+00      7.00000e+00    720s
  1538     -2.63900e+01     -5.27500e+00      7.00000e+00    721s
  1541     -2.53110e+01     -5.27500e+00      7.00000e+00    723s
  1543     -2.48100e+01     -5.27500e+00      7.00000e+00    724s
  1546     -2.62320e+01     -5.27500e+00      7.00000e+00    725s
  1549     -2.60110e+01     -5.27500e+00      7.00000e+00    727s
  1552     -2.63260e+01     -5.27500e+00      7.00000e+00    728s
  1555     -2.53690e+01     -5.27500e+00      7.00000e+00    729s
  1558     -2.55620e+01     -5.27500e+00      7.00000e+00    731s
  1560     -2.49480e+01     -5.27500e+00      7.00000e+00    732s
  1562     -2.55610e+01     -5.27500e+00      7.00000e+00    733s
  1565     -2.48180e+01     -5.27500e+00      7.00000e+00    734s
  1568     -2.58410e+01     -5.27500e+00      7.00000e+00    735s
  1571     -2.58580e+01     -5.27500e+00      7.00000e+00    737s
  1574     -2.59710e+01     -5.27500e+00      7.00000e+00    738s
  1577     -2.62260e+01     -5.27500e+00      7.00000e+00    739s
  1580     -2.48160e+01     -5.27500e+00      7.00000e+00    741s
  1583     -2.55990e+01     -5.27500e+00      7.00000e+00    742s
  1586     -2.63410e+01     -5.27500e+00      7.00000e+00    744s
  1589     -2.58680e+01     -5.27500e+00      7.00000e+00    745s
  1592     -2.57970e+01     -5.27500e+00      7.00000e+00    746s
  1595     -2.59370e+01     -5.27500e+00      7.00000e+00    748s
  1598     -2.56980e+01     -5.27500e+00      7.00000e+00    749s
  1601     -2.53360e+01     -5.27500e+00      7.00000e+00    750s
  1604     -2.65870e+01     -5.27500e+00      7.00000e+00    752s
  1606     -2.61690e+01     -5.27500e+00      7.00000e+00    753s
  1609     -2.56000e+01     -5.27500e+00      7.00000e+00    754s
  1612     -2.60250e+01     -5.27500e+00      7.00000e+00    755s
  1615     -2.61600e+01     -5.27500e+00      7.00000e+00    757s
  1618     -2.57760e+01     -5.27500e+00      7.00000e+00    758s
  1620     -2.59080e+01     -5.27500e+00      7.00000e+00    759s
  1623     -2.57050e+01     -5.27500e+00      7.00000e+00    761s
  1626     -2.58970e+01     -5.27500e+00      7.00000e+00    762s
  1628     -2.65890e+01     -5.27500e+00      7.00000e+00    763s
  1630     -2.60460e+01     -5.27500e+00      7.00000e+00    764s
  1632     -2.49510e+01     -5.27500e+00      7.00000e+00    765s
  1634     -2.61070e+01     -5.27500e+00      7.00000e+00    766s
  1636     -2.60010e+01     -5.27500e+00      7.00000e+00    767s
  1638     -2.57510e+01     -5.27500e+00      7.00000e+00    768s
  1641     -2.50480e+01     -5.27500e+00      7.00000e+00    770s
  1643     -2.54870e+01     -5.27500e+00      7.00000e+00    771s
  1646     -2.54190e+01     -5.27500e+00      7.00000e+00    772s
  1649     -2.50150e+01     -5.27500e+00      7.00000e+00    774s
  1651     -2.59540e+01     -5.27500e+00      7.00000e+00    775s
  1654     -2.50570e+01     -5.27500e+00      7.00000e+00    776s
  1657     -2.63510e+01     -5.27500e+00      7.00000e+00    777s
  1659     -2.59160e+01     -5.27500e+00      7.00000e+00    778s
  1662     -2.50160e+01     -5.27500e+00      7.00000e+00    780s
  1665     -2.57650e+01     -5.27500e+00      7.00000e+00    781s
  1667     -2.58420e+01     -5.27500e+00      7.00000e+00    782s
  1670     -2.58190e+01     -5.27500e+00      7.00000e+00    784s
  1673     -2.60050e+01     -5.27500e+00      7.00000e+00    785s
  1676     -2.45550e+01     -5.27500e+00      7.00000e+00    786s
  1679     -2.44280e+01     -5.27500e+00      7.00000e+00    788s
  1682     -2.53080e+01     -5.27500e+00      7.00000e+00    789s
  1685     -2.57280e+01     -5.27500e+00      7.00000e+00    791s
  1687     -2.57350e+01     -5.27500e+00      7.00000e+00    792s
  1689     -2.51330e+01     -5.27500e+00      7.00000e+00    793s
  1692     -2.57340e+01     -5.27500e+00      7.00000e+00    794s
  1694     -2.57220e+01     -5.27500e+00      7.00000e+00    795s
  1696     -2.52250e+01     -5.27500e+00      7.00000e+00    796s
  1699     -2.57280e+01     -5.27500e+00      7.00000e+00    797s
  1702     -2.57960e+01     -5.27500e+00      7.00000e+00    799s
  1705     -2.68130e+01     -5.27500e+00      7.00000e+00    800s
  1708     -2.53950e+01     -5.27500e+00      7.00000e+00    802s
  1710     -2.57210e+01     -5.27500e+00      7.00000e+00    803s
  1713     -2.56020e+01     -5.27500e+00      7.00000e+00    804s
  1716     -2.53350e+01     -5.27500e+00      7.00000e+00    805s
  1719     -2.59140e+01     -5.27500e+00      7.00000e+00    807s
  1722     -2.61780e+01     -5.27500e+00      7.00000e+00    808s
  1724     -2.56500e+01     -5.27500e+00      7.00000e+00    809s
  1727     -2.60330e+01     -5.27500e+00      7.00000e+00    811s
  1729     -2.56450e+01     -5.27500e+00      7.00000e+00    812s
  1731     -2.66940e+01     -5.27500e+00      7.00000e+00    813s
  1734     -2.61480e+01     -5.27500e+00      7.00000e+00    814s
  1737     -2.57680e+01     -5.27500e+00      7.00000e+00    815s
  1740     -2.56050e+01     -5.27500e+00      7.00000e+00    817s
  1743     -2.63040e+01     -5.27500e+00      7.00000e+00    818s
  1746     -2.57360e+01     -5.27500e+00      7.00000e+00    819s
  1749     -2.53620e+01     -5.27500e+00      7.00000e+00    821s
  1752     -2.56890e+01     -5.27500e+00      7.00000e+00    822s
  1754     -2.60170e+01     -5.27500e+00      7.00000e+00    824s
  1756     -2.62990e+01     -5.27500e+00      7.00000e+00    825s
  1759     -2.61060e+01     -5.27500e+00      7.00000e+00    826s
  1761     -2.53150e+01     -5.27500e+00      7.00000e+00    827s
  1763     -2.56630e+01     -5.27500e+00      7.00000e+00    828s
  1765     -2.56150e+01     -5.27500e+00      7.00000e+00    829s
  1768     -2.65170e+01     -5.27500e+00      7.00000e+00    830s
  1770     -2.60290e+01     -5.27500e+00      7.00000e+00    831s
  1773     -2.69530e+01     -5.27500e+00      7.00000e+00    833s
  1775     -2.60390e+01     -5.27500e+00      7.00000e+00    834s
  1778     -2.51960e+01     -5.27500e+00      7.00000e+00    835s
  1781     -2.67870e+01     -5.27500e+00      7.00000e+00    836s
  1784     -2.53030e+01     -5.27500e+00      7.00000e+00    838s
  1787     -2.57320e+01     -5.27500e+00      7.00000e+00    839s
  1790     -2.60350e+01     -5.27500e+00      7.00000e+00    841s
  1793     -2.56020e+01     -5.27500e+00      7.00000e+00    842s
  1796     -2.62250e+01     -5.27500e+00      7.00000e+00    843s
  1799     -2.53580e+01     -5.27500e+00      7.00000e+00    845s
  1802     -2.51650e+01     -5.27500e+00      7.00000e+00    846s
  1805     -2.58270e+01     -5.27500e+00      7.00000e+00    848s
  1808     -2.64410e+01     -5.27500e+00      7.00000e+00    849s
  1811     -2.53060e+01     -5.27500e+00      7.00000e+00    850s
  1814     -2.50620e+01     -5.27500e+00      7.00000e+00    852s
  1816     -2.58640e+01     -5.27500e+00      7.00000e+00    853s
  1819     -2.60380e+01     -5.27500e+00      7.00000e+00    854s
  1822     -2.66090e+01     -5.27500e+00      7.00000e+00    856s
  1825     -2.59950e+01     -5.27500e+00      7.00000e+00    857s
  1828     -2.73800e+01     -5.27500e+00      7.00000e+00    859s
  1830     -2.63440e+01     -5.27500e+00      7.00000e+00    860s
  1833     -2.63910e+01     -5.27500e+00      7.00000e+00    861s
  1836     -2.55080e+01     -5.27500e+00      7.00000e+00    863s
  1839     -2.57770e+01     -5.27500e+00      7.00000e+00    864s
  1842     -2.56620e+01     -5.27500e+00      7.00000e+00    865s
  1844     -2.57800e+01     -5.27500e+00      7.00000e+00    866s
  1846     -2.58710e+01     -5.27500e+00      7.00000e+00    867s
  1849     -2.66540e+01     -5.27500e+00      7.00000e+00    869s
  1851     -2.47070e+01     -5.27500e+00      7.00000e+00    870s
  1854     -2.55410e+01     -5.27500e+00      7.00000e+00    871s
  1857     -2.56940e+01     -5.27500e+00      7.00000e+00    873s
  1859     -2.60970e+01     -5.27500e+00      7.00000e+00    874s
  1862     -2.54660e+01     -5.27500e+00      7.00000e+00    875s
  1865     -2.57040e+01     -5.27500e+00      7.00000e+00    877s
  1868     -2.59610e+01     -5.27500e+00      7.00000e+00    878s
  1871     -2.56690e+01     -5.27500e+00      7.00000e+00    879s
  1874     -2.51700e+01     -5.27500e+00      7.00000e+00    881s
  1877     -2.51590e+01     -5.27500e+00      7.00000e+00    882s
  1880     -2.60650e+01     -5.27500e+00      7.00000e+00    883s
  1883     -2.62800e+01     -5.27500e+00      7.00000e+00    885s
  1885     -2.67600e+01     -5.27500e+00      7.00000e+00    886s
  1888     -2.58680e+01     -5.27500e+00      7.00000e+00    887s
  1890     -2.56480e+01     -5.27500e+00      7.00000e+00    888s
  1893     -2.57530e+01     -5.27500e+00      7.00000e+00    890s
  1895     -2.63040e+01     -5.27500e+00      7.00000e+00    891s
  1898     -2.53040e+01     -5.27500e+00      7.00000e+00    892s
  1901     -2.53660e+01     -5.27500e+00      7.00000e+00    894s
  1904     -2.58320e+01     -5.27500e+00      7.00000e+00    895s
  1907     -2.55790e+01     -5.27500e+00      7.00000e+00    896s
  1910     -2.52380e+01     -5.27500e+00      7.00000e+00    898s
  1912     -2.63720e+01     -5.27500e+00      7.00000e+00    899s
  1915     -2.68280e+01     -5.27500e+00      7.00000e+00    900s
  1918     -2.57540e+01     -5.27500e+00      7.00000e+00    902s
  1921     -2.55380e+01     -5.27500e+00      7.00000e+00    903s
  1924     -2.56180e+01     -5.27500e+00      7.00000e+00    904s
  1927     -2.55400e+01     -5.27500e+00      7.00000e+00    906s
  1930     -2.57700e+01     -5.27500e+00      7.00000e+00    907s
  1933     -2.63590e+01     -5.27500e+00      7.00000e+00    909s
  1936     -2.47710e+01     -5.27500e+00      7.00000e+00    910s
  1939     -2.54280e+01     -5.27500e+00      7.00000e+00    911s
  1942     -2.61480e+01     -5.27500e+00      7.00000e+00    913s
  1945     -2.59910e+01     -5.27500e+00      7.00000e+00    914s
  1948     -2.54020e+01     -5.27500e+00      7.00000e+00    915s
  1951     -2.61940e+01     -5.27500e+00      7.00000e+00    917s
  1954     -2.58520e+01     -5.27500e+00      7.00000e+00    918s
  1957     -2.59950e+01     -5.27500e+00      7.00000e+00    920s
  1960     -2.55510e+01     -5.27500e+00      7.00000e+00    921s
  1963     -2.57020e+01     -5.27500e+00      7.00000e+00    923s
  1965     -2.50580e+01     -5.27500e+00      7.00000e+00    924s
  1968     -2.62290e+01     -5.27500e+00      7.00000e+00    925s
  1971     -2.54400e+01     -5.27500e+00      7.00000e+00    926s
  1974     -2.57750e+01     -5.27500e+00      7.00000e+00    928s
  1977     -2.59830e+01     -5.27500e+00      7.00000e+00    929s
  1980     -2.50500e+01     -5.27500e+00      7.00000e+00    931s
  1983     -2.60940e+01     -5.27500e+00      7.00000e+00    932s
  1985     -2.65830e+01     -5.27500e+00      7.00000e+00    933s
  1987     -2.58360e+01     -5.27500e+00      7.00000e+00    934s
  1989     -2.54920e+01     -5.27500e+00      7.00000e+00    935s
  1991     -2.55820e+01     -5.27500e+00      7.00000e+00    936s
  1993     -2.68980e+01     -5.27500e+00      7.00000e+00    937s
  1996     -2.61940e+01     -5.27500e+00      7.00000e+00    939s
  1999     -2.54720e+01     -5.27500e+00      7.00000e+00    940s
  2002     -2.70590e+01     -5.27500e+00      7.00000e+00    941s
  2005     -2.69140e+01     -5.27500e+00      7.00000e+00    943s
  2008     -2.70640e+01     -5.27500e+00      7.00000e+00    944s
  2011     -2.54390e+01     -5.27500e+00      7.00000e+00    946s
  2013     -2.50560e+01     -5.27500e+00      7.00000e+00    947s
  2016     -2.54240e+01     -5.27500e+00      7.00000e+00    948s
  2019     -2.69760e+01     -5.27500e+00      7.00000e+00    950s
  2022     -2.61290e+01     -5.27500e+00      7.00000e+00    951s
  2025     -2.63640e+01     -5.27500e+00      7.00000e+00    952s
  2028     -2.64050e+01     -5.27500e+00      7.00000e+00    954s
  2031     -2.74560e+01     -5.27500e+00      7.00000e+00    955s
  2034     -2.65530e+01     -5.27500e+00      7.00000e+00    957s
  2037     -2.58520e+01     -5.27500e+00      7.00000e+00    958s
  2039     -2.65640e+01     -5.27500e+00      7.00000e+00    959s
  2041     -2.60820e+01     -5.27500e+00      7.00000e+00    960s
  2044     -2.70600e+01     -5.27500e+00      7.00000e+00    961s
  2047     -2.56220e+01     -5.27500e+00      7.00000e+00    963s
  2050     -2.57510e+01     -5.27500e+00      7.00000e+00    964s
  2053     -2.72030e+01     -5.27500e+00      7.00000e+00    965s
  2056     -2.82080e+01     -5.27500e+00      7.00000e+00    967s
  2059     -2.68410e+01     -5.27500e+00      7.00000e+00    968s
  2062     -2.51000e+01     -5.27500e+00      7.00000e+00    970s
  2065     -2.67380e+01     -5.27500e+00      7.00000e+00    971s
  2068     -2.83780e+01     -5.27500e+00      7.00000e+00    973s
  2071     -2.75750e+01     -5.27500e+00      7.00000e+00    974s
  2074     -2.64300e+01     -5.27500e+00      7.00000e+00    975s
  2077     -2.61870e+01     -5.27500e+00      7.00000e+00    977s
  2080     -2.92800e+01     -5.27500e+00      7.00000e+00    978s
  2083     -2.70270e+01     -5.27500e+00      7.00000e+00    980s
  2085     -2.52230e+01     -5.27500e+00      7.00000e+00    981s
  2088     -2.50890e+01     -5.27500e+00      7.00000e+00    982s
  2090     -2.67100e+01     -5.27500e+00      7.00000e+00    983s
  2093     -2.87320e+01     -5.27500e+00      7.00000e+00    985s
  2096     -2.66850e+01     -5.27500e+00      7.00000e+00    986s
  2099     -2.61870e+01     -5.27500e+00      7.00000e+00    987s
  2102     -2.61520e+01     -5.27500e+00      7.00000e+00    989s
  2104     -2.79790e+01     -5.27500e+00      7.00000e+00    990s
  2106     -3.10400e+01     -5.27500e+00      7.00000e+00    991s
  2109     -2.71770e+01     -5.27500e+00      7.00000e+00    992s
  2112     -2.70320e+01     -5.27500e+00      7.00000e+00    994s
  2114     -2.67560e+01     -5.27500e+00      7.00000e+00    995s
  2117     -3.01370e+01     -5.27500e+00      7.00000e+00    996s
  2120     -3.11070e+01     -5.27500e+00      7.00000e+00    997s
  2122     -2.71760e+01     -5.27500e+00      7.00000e+00    998s
  2124     -2.59820e+01     -5.27500e+00      7.00000e+00   1000s
  2127     -2.75920e+01     -5.27500e+00      7.00000e+00   1001s
  2129     -2.99650e+01     -5.27500e+00      7.00000e+00   1002s
  2132     -3.00650e+01     -5.27500e+00      7.00000e+00   1004s
  2134     -2.72600e+01     -5.27500e+00      7.00000e+00   1005s
  2137     -2.58220e+01     -5.27500e+00      7.00000e+00   1006s
  2139     -2.67520e+01     -5.27500e+00      7.00000e+00   1007s
  2142     -3.08030e+01     -5.27500e+00      7.00000e+00   1008s
  2145     -2.82130e+01     -5.27500e+00      7.00000e+00   1010s
  2148     -2.60720e+01     -5.27500e+00      7.00000e+00   1011s
  2151     -2.57270e+01     -5.27500e+00      7.00000e+00   1013s
  2154     -2.92620e+01     -5.27500e+00      7.00000e+00   1014s
  2157     -3.17410e+01     -5.27500e+00      7.00000e+00   1015s
  2160     -2.77520e+01     -5.27500e+00      7.00000e+00   1017s
  2163     -2.61830e+01     -5.27500e+00      7.00000e+00   1018s
  2166     -3.03130e+01     -5.27500e+00      7.00000e+00   1019s
  2169     -3.17770e+01     -5.27500e+00      7.00000e+00   1021s
  2172     -2.74480e+01     -5.27500e+00      7.00000e+00   1022s
  2175     -2.52590e+01     -5.27500e+00      7.00000e+00   1023s
  2178     -2.87790e+01     -5.27500e+00      7.00000e+00   1025s
  2181     -3.22400e+01     -5.27500e+00      7.00000e+00   1026s
  2184     -2.84060e+01     -5.27500e+00      7.00000e+00   1028s
  2187     -2.60930e+01     -5.27500e+00      7.00000e+00   1029s
  2190     -2.80710e+01     -5.27500e+00      7.00000e+00   1030s
  2193     -3.20800e+01     -5.27500e+00      7.00000e+00   1032s
  2195     -3.01740e+01     -5.27500e+00      7.00000e+00   1033s
  2198     -2.57990e+01     -5.27500e+00      7.00000e+00   1034s
  2201     -2.61180e+01     -5.27500e+00      7.00000e+00   1036s
  2204     -2.99840e+01     -5.27500e+00      7.00000e+00   1037s
  2206     -3.23510e+01     -5.27500e+00      7.00000e+00   1038s
  2209     -2.86120e+01     -5.27500e+00      7.00000e+00   1039s
  2212     -2.49780e+01     -5.27500e+00      7.00000e+00   1041s
  2215     -2.80000e+01     -5.27500e+00      7.00000e+00   1042s
  2218     -3.30850e+01     -5.27500e+00      7.00000e+00   1044s
  2220     -3.12550e+01     -5.27500e+00      7.00000e+00   1045s
  2223     -2.62620e+01     -5.27500e+00      7.00000e+00   1046s
  2226     -2.69630e+01     -5.27500e+00      7.00000e+00   1048s
  2229     -3.20760e+01     -5.27500e+00      7.00000e+00   1049s
  2232     -2.99620e+01     -5.27500e+00      7.00000e+00   1051s
  2234     -2.78510e+01     -5.27500e+00      7.00000e+00   1052s
  2237     -2.52900e+01     -5.27500e+00      7.00000e+00   1053s
  2240     -3.02860e+01     -5.27500e+00      7.00000e+00   1055s
  2243     -3.36850e+01     -5.27500e+00      7.00000e+00   1056s
  2246     -2.95400e+01     -5.27500e+00      7.00000e+00   1057s
  2249     -2.48630e+01     -5.27500e+00      7.00000e+00   1059s
  2251     -2.62000e+01     -5.27500e+00      7.00000e+00   1060s
  2254     -3.14600e+01     -5.27500e+00      7.00000e+00   1061s
  2257     -3.54940e+01     -5.27500e+00      7.00000e+00   1063s
  2260     -2.92390e+01     -5.27500e+00      7.00000e+00   1064s
  2263     -2.55290e+01     -5.27500e+00      7.00000e+00   1065s
  2266     -3.12700e+01     -5.27500e+00      7.00000e+00   1067s
  2268     -3.36310e+01     -5.27500e+00      7.00000e+00   1068s
  2270     -3.34540e+01     -5.27500e+00      7.00000e+00   1069s
  2273     -2.75860e+01     -5.27500e+00      7.00000e+00   1070s
  2276     -2.68830e+01     -5.27500e+00      7.00000e+00   1072s
  2279     -3.35770e+01     -5.27500e+00      7.00000e+00   1073s
  2282     -3.44170e+01     -5.27500e+00      7.00000e+00   1075s
  2284     -3.05700e+01     -5.27500e+00      7.00000e+00   1076s
  2287     -2.72320e+01     -5.27500e+00      7.00000e+00   1077s
  2290     -3.05330e+01     -5.27500e+00      7.00000e+00   1078s
  2293     -3.37230e+01     -5.27500e+00      7.00000e+00   1080s
  2296     -2.99920e+01     -5.27500e+00      7.00000e+00   1081s
  2298     -2.57460e+01     -5.27500e+00      7.00000e+00   1082s
  2301     -2.59650e+01     -5.27500e+00      7.00000e+00   1084s
  2304     -3.53400e+01     -5.27500e+00      7.00000e+00   1085s
  2307     -4.03780e+01     -5.27500e+00      7.00000e+00   1086s
  2309     -3.61080e+01     -5.27500e+00      7.00000e+00   1087s
  2312     -2.58660e+01     -5.27500e+00      7.00000e+00   1089s
  2315     -2.61680e+01     -5.27500e+00      7.00000e+00   1090s
  2318     -3.18930e+01     -5.27500e+00      7.00000e+00   1092s
  2321     -3.06850e+01     -5.27500e+00      7.00000e+00   1093s
  2324     -2.56670e+01     -5.27500e+00      7.00000e+00   1094s
  2327     -3.01850e+01     -5.27500e+00      7.00000e+00   1096s
  2330     -4.02330e+01     -5.27500e+00      7.00000e+00   1097s
  2333     -3.69700e+01     -5.27500e+00      7.00000e+00   1099s
  2336     -2.76560e+01     -5.27500e+00      7.00000e+00   1100s
  2339     -2.54360e+01     -5.27500e+00      7.00000e+00   1102s
  2342     -3.04540e+01     -5.27500e+00      7.00000e+00   1103s
  2345     -3.18060e+01     -5.27500e+00      7.00000e+00   1105s
  2348     -2.62350e+01     -5.27500e+00      7.00000e+00   1106s
  2351     -3.17460e+01     -5.27500e+00      7.00000e+00   1107s
  2354     -5.12770e+01     -5.27500e+00      7.00000e+00   1109s
  2357     -5.45930e+01     -5.27500e+00      7.00000e+00   1110s
  2360     -3.92320e+01     -5.27500e+00      7.00000e+00   1112s
  2363     -2.23550e+01     -5.27500e+00      7.00000e+00   1113s
  2366     -1.84780e+01     -5.27500e+00      7.00000e+00   1114s
  2369     -1.77990e+01     -5.27500e+00      7.00000e+00   1116s
  2371     -1.74750e+01     -5.27500e+00      7.00000e+00   1117s
  2374     -2.36400e+01     -5.27500e+00      7.00000e+00   1118s
  2377     -3.98900e+01     -5.27500e+00      7.00000e+00   1119s
  2380     -5.64980e+01     -5.27500e+00      7.00000e+00   1121s
  2383     -4.91630e+01     -5.27500e+00      7.00000e+00   1122s
  2386     -3.06610e+01     -5.27500e+00      7.00000e+00   1124s
  2388     -2.14900e+01     -5.27500e+00      7.00000e+00   1125s
  2390     -1.89780e+01     -5.27500e+00      7.00000e+00   1126s
  2393     -1.92390e+01     -5.27500e+00      7.00000e+00   1127s
  2396     -1.85550e+01     -5.27500e+00      7.00000e+00   1129s
  2399     -2.53110e+01     -5.27500e+00      7.00000e+00   1130s
  2402     -4.47300e+01     -5.27500e+00      7.00000e+00   1132s
  2405     -6.30970e+01     -5.27500e+00      7.00000e+00   1133s
  2408     -5.22720e+01     -5.27500e+00      7.00000e+00   1134s
  2410     -3.85710e+01     -5.27500e+00      7.00000e+00   1135s
  2413     -2.27450e+01     -5.27500e+00      7.00000e+00   1136s
  2416     -1.43480e+01     -5.27500e+00      7.00000e+00   1138s
  2419     -7.02500e+00     -5.27500e+00      7.00000e+00   1139s
  2422     -8.74500e+00     -5.27500e+00      7.00000e+00   1141s
  2425     -3.03950e+01     -5.27500e+00      7.00000e+00   1142s
  2428     -5.61360e+01     -5.27500e+00      7.00000e+00   1143s
  2431     -6.05920e+01     -5.27500e+00      7.00000e+00   1145s
  2434     -4.20870e+01     -5.27500e+00      7.00000e+00   1146s
  2437     -2.46780e+01     -5.27500e+00      7.00000e+00   1147s
  2439     -1.79670e+01     -5.27500e+00      7.00000e+00   1149s
  2442     -1.06970e+01     -5.27500e+00      7.00000e+00   1150s
  2445     -5.42500e+00     -5.27500e+00      7.00000e+00   1151s
  2447     -1.11570e+01     -5.27500e+00      7.00000e+00   1152s
  2450     -2.53420e+01     -5.27500e+00      7.00000e+00   1153s
  2453     -2.55030e+01     -5.27500e+00      7.00000e+00   1155s
  2456     -2.60210e+01     -5.27500e+00      7.00000e+00   1156s
  2459     -2.63450e+01     -5.27500e+00      7.00000e+00   1158s
  2462     -2.62460e+01     -5.27500e+00      7.00000e+00   1159s
  2465     -2.55560e+01     -5.27500e+00      7.00000e+00   1160s
  2468     -2.63120e+01     -5.27500e+00      7.00000e+00   1162s
  2471     -2.63240e+01     -5.27500e+00      7.00000e+00   1163s
  2474     -2.56830e+01     -5.27500e+00      7.00000e+00   1165s
  2476     -2.57950e+01     -5.27500e+00      7.00000e+00   1166s
  2479     -2.55760e+01     -5.27500e+00      7.00000e+00   1167s
  2482     -2.55520e+01     -5.27500e+00      7.00000e+00   1169s
  2485     -2.54280e+01     -5.27500e+00      7.00000e+00   1170s
  2487     -2.60140e+01     -5.27500e+00      7.00000e+00   1171s
  2490     -2.64470e+01     -5.27500e+00      7.00000e+00   1173s
  2492     -2.61090e+01     -5.27500e+00      7.00000e+00   1174s
  2495     -2.62420e+01     -5.27500e+00      7.00000e+00   1175s
  2498     -2.56040e+01     -5.27500e+00      7.00000e+00   1176s

==================================================
Summary of results QAOA
--------------------------------------------------
Avg of QAOA obj (BQO obj):    1.42
Avg of QAOA obj (penalty):    -6.70
Avg of constraint violation:  0.97

Avg of QAOA obj:              -5.28
STD of QAOA obj:              5.13
Avg of QAOA obj (feasible):   2.01
STD of QAOA obj (feasible):   0.60

Gamma angles:                 0.13
Beta angles:                  3.72

Best QAOA obj:                7.00
Modified best QAOA obj:       7.00
Best QAOA obj (feasible):     7.00

QAOA total time:              1176.86s
QAOA circuit depth:           42
==================================================

==================================================
Summary of results of 0-S7
--------------------------------------------------
Number of vertices:           7
Number of edges:              20

Vertex num in largest comp:   7
Edge num in largest comp:     20

Pre-processing running time:  0.00
Total solver time:            1176.45
Running time:                 1180.04

Upper bound:                  11.00
Objective value:              7.00

Partition 0:                  1, 5                
Partition 1:                  2                   
Partition 2:                  3, 4, 6, 7          
Partition 3:                                      
==================================================
