==================================================
Instance parameters
--------------------------------------------------
Number of vertices:           7
Number of edges:              20
Number of partitions:         4

Density (%):                  95
Name of instance:             seed1_band_pen_1.2
Is planar:                    False
==================================================

==================================================
Solver parameters
--------------------------------------------------
Method:                       QUBO
Peel:                         False
Decompose:                    False
Fold:                         False

QAOA Num Levels:              1
QAOA Scipy Optimizer:         brute
==================================================

  iter        avg-obj        best avg-obj       best-obj      time
     0     -2.03957e+01     -2.03957e+01      1.60000e+00      2s
     2     -2.07087e+01     -2.01675e+01      1.80000e+00      4s
     4     -2.02125e+01     -2.01675e+01      5.00000e+00      5s
     6     -2.04594e+01     -2.01675e+01      5.00000e+00      7s
     8     -2.03804e+01     -2.01675e+01      5.00000e+00      9s
    10     -1.99095e+01     -1.99095e+01      5.00000e+00     11s
    12     -2.01607e+01     -1.99095e+01      5.00000e+00     13s
    14     -2.05823e+01     -1.99095e+01      5.00000e+00     14s
    16     -2.01752e+01     -1.99095e+01      5.00000e+00     16s
    18     -2.02438e+01     -1.99095e+01      5.00000e+00     18s
    20     -2.07295e+01     -1.99095e+01      5.00000e+00     20s
    21     -2.04410e+01     -1.99095e+01      5.00000e+00     21s
    23     -2.03186e+01     -1.99095e+01      5.00000e+00     23s
    25     -2.06043e+01     -1.99095e+01      5.00000e+00     25s
    27     -2.10838e+01     -1.99095e+01      5.00000e+00     27s
    29     -2.05410e+01     -1.99095e+01      5.00000e+00     29s
    31     -2.01794e+01     -1.99095e+01      5.00000e+00     31s
    33     -1.97121e+01     -1.97121e+01      5.00000e+00     32s
    35     -2.05830e+01     -1.97121e+01      5.00000e+00     34s
    37     -2.03815e+01     -1.97121e+01      5.00000e+00     36s
    39     -2.09933e+01     -1.97121e+01      5.00000e+00     38s
    41     -2.00961e+01     -1.97121e+01      5.00000e+00     40s
    43     -2.10190e+01     -1.97121e+01      5.00000e+00     42s
    44     -1.97771e+01     -1.97121e+01      5.00000e+00     43s
    46     -2.08622e+01     -1.97121e+01      5.00000e+00     45s
    48     -2.03384e+01     -1.97121e+01      5.00000e+00     46s
    50     -2.08686e+01     -1.97121e+01      5.00000e+00     48s
    52     -8.91920e+00     -8.91920e+00      5.00000e+00     50s
    54     -6.04000e+00     -6.04000e+00      5.50000e+00     52s
    55     -7.40870e+00     -6.04000e+00      5.50000e+00     53s
    57     -1.29237e+01     -6.04000e+00      5.50000e+00     55s
    59     -1.60842e+01     -6.04000e+00      5.50000e+00     57s
    60     -1.72144e+01     -6.04000e+00      5.50000e+00     58s
    61     -1.92318e+01     -6.04000e+00      5.50000e+00     59s
    62     -2.03024e+01     -6.04000e+00      5.50000e+00     60s
    64     -2.63286e+01     -6.04000e+00      5.50000e+00     62s
    65     -3.00910e+01     -6.04000e+00      5.50000e+00     64s
    67     -4.15936e+01     -6.04000e+00      5.50000e+00     65s
    69     -4.83489e+01     -6.04000e+00      5.50000e+00     68s
    71     -4.44718e+01     -6.04000e+00      5.50000e+00     69s
    72     -3.97898e+01     -6.04000e+00      5.50000e+00     70s
    73     -3.24488e+01     -6.04000e+00      5.50000e+00     72s
    75     -1.68539e+01     -6.04000e+00      5.50000e+00     73s
    77     -7.41540e+00     -6.04000e+00      5.50000e+00     75s
    79     -6.99730e+00     -6.04000e+00      5.50000e+00     77s
    80     -9.20680e+00     -6.04000e+00      5.50000e+00     79s
    81     -1.17981e+01     -6.04000e+00      5.50000e+00     80s
    83     -1.55119e+01     -6.04000e+00      5.50000e+00     82s
    85     -1.84738e+01     -6.04000e+00      5.50000e+00     84s
    87     -2.12465e+01     -6.04000e+00      5.50000e+00     85s
    89     -2.82250e+01     -6.04000e+00      5.50000e+00     87s
    90     -3.35146e+01     -6.04000e+00      5.50000e+00     88s
    91     -3.85795e+01     -6.04000e+00      5.50000e+00     89s
    93     -4.70167e+01     -6.04000e+00      5.50000e+00     91s
    95     -4.75160e+01     -6.04000e+00      5.50000e+00     93s
    97     -3.60639e+01     -6.04000e+00      5.50000e+00     95s
    99     -2.07141e+01     -6.04000e+00      5.50000e+00     97s
   100     -2.12540e+01     -6.04000e+00      5.50000e+00     98s
   101     -1.29983e+01     -6.04000e+00      5.50000e+00     99s
   103     -6.40540e+00     -6.04000e+00      5.50000e+00    101s
   105     -8.88600e+00     -6.04000e+00      5.50000e+00    103s
   107     -1.41291e+01     -6.04000e+00      5.50000e+00    105s
   109     -1.61152e+01     -6.04000e+00      5.50000e+00    107s
   111     -1.73879e+01     -6.04000e+00      5.50000e+00    109s
   113     -2.34394e+01     -6.04000e+00      5.50000e+00    111s
   115     -3.81685e+01     -6.04000e+00      5.50000e+00    113s
   117     -5.37881e+01     -6.04000e+00      5.50000e+00    115s
   119     -6.14691e+01     -6.04000e+00      5.50000e+00    117s
   121     -5.48367e+01     -6.04000e+00      5.50000e+00    119s
   122     -4.63160e+01     -6.04000e+00      5.50000e+00    120s
   124     -2.50283e+01     -6.04000e+00      5.50000e+00    122s
   126     -9.80480e+00     -6.04000e+00      5.50000e+00    124s
   128     -6.11750e+00     -6.04000e+00      6.00000e+00    126s
   129     -7.66120e+00     -6.04000e+00      6.00000e+00    127s
   131     -1.30523e+01     -6.04000e+00      6.00000e+00    128s
   133     -1.63874e+01     -6.04000e+00      6.00000e+00    130s
   135     -1.71383e+01     -6.04000e+00      6.00000e+00    132s
   137     -2.14922e+01     -6.04000e+00      6.00000e+00    134s
   138     -2.67434e+01     -6.04000e+00      6.00000e+00    135s
   139     -3.38589e+01     -6.04000e+00      6.00000e+00    136s
   140     -4.19726e+01     -6.04000e+00      6.00000e+00    137s
   142     -5.60923e+01     -6.04000e+00      6.00000e+00    139s
   144     -5.94487e+01     -6.04000e+00      6.00000e+00    141s
   146     -4.98792e+01     -6.04000e+00      6.00000e+00    143s
   148     -3.05643e+01     -6.04000e+00      6.00000e+00    145s
   150     -2.08474e+01     -6.04000e+00      6.00000e+00    147s
   152     -1.39507e+01     -6.04000e+00      6.00000e+00    149s
   154     -1.47335e+01     -6.04000e+00      6.00000e+00    151s
   156     -1.59896e+01     -6.04000e+00      6.00000e+00    153s
   158     -1.61034e+01     -6.04000e+00      6.00000e+00    155s
   160     -1.60785e+01     -6.04000e+00      7.00000e+00    157s
   161     -1.71912e+01     -6.04000e+00      7.00000e+00    158s
   163     -2.40990e+01     -6.04000e+00      7.00000e+00    160s
   165     -3.74384e+01     -6.04000e+00      7.00000e+00    162s
   167     -4.94013e+01     -6.04000e+00      7.00000e+00    164s
   169     -5.24524e+01     -6.04000e+00      7.00000e+00    166s
   171     -4.48771e+01     -6.04000e+00      7.00000e+00    168s
   173     -3.04169e+01     -6.04000e+00      7.00000e+00    169s
   175     -1.70757e+01     -6.04000e+00      7.00000e+00    171s
   177     -1.33953e+01     -6.04000e+00      7.00000e+00    173s
   179     -1.46966e+01     -6.04000e+00      7.00000e+00    175s
   181     -1.67191e+01     -6.04000e+00      7.00000e+00    177s
   183     -1.65230e+01     -6.04000e+00      7.00000e+00    179s
   185     -1.64620e+01     -6.04000e+00      7.00000e+00    181s
   187     -2.16764e+01     -6.04000e+00      7.00000e+00    183s
   188     -2.67170e+01     -6.04000e+00      7.00000e+00    184s
   190     -4.09760e+01     -6.04000e+00      7.00000e+00    186s
   192     -5.14633e+01     -6.04000e+00      7.00000e+00    188s
   193     -5.35777e+01     -6.04000e+00      7.00000e+00    189s
   195     -4.73571e+01     -6.04000e+00      7.00000e+00    191s
   197     -3.34833e+01     -6.04000e+00      7.00000e+00    193s
   199     -2.01206e+01     -6.04000e+00      7.00000e+00    195s
   201     -2.01910e+01     -6.04000e+00      7.00000e+00    197s
   203     -2.31189e+01     -6.04000e+00      7.00000e+00    199s
   204     -2.34147e+01     -6.04000e+00      7.00000e+00    200s
   206     -2.34553e+01     -6.04000e+00      7.00000e+00    202s
   208     -1.86699e+01     -6.04000e+00      7.00000e+00    203s
   210     -1.66282e+01     -6.04000e+00      7.00000e+00    205s
   212     -1.94589e+01     -6.04000e+00      7.00000e+00    207s
   214     -2.96561e+01     -6.04000e+00      7.00000e+00    209s
   216     -3.85343e+01     -6.04000e+00      7.00000e+00    211s
   218     -4.23556e+01     -6.04000e+00      7.00000e+00    213s
   220     -3.72856e+01     -6.04000e+00      7.00000e+00    215s
   222     -2.72851e+01     -6.04000e+00      7.00000e+00    217s
   223     -2.36451e+01     -6.04000e+00      7.00000e+00    218s
   225     -2.03145e+01     -6.04000e+00      7.00000e+00    220s
   227     -2.17583e+01     -6.04000e+00      7.00000e+00    221s
   229     -2.35024e+01     -6.04000e+00      7.00000e+00    223s
   231     -2.31484e+01     -6.04000e+00      7.00000e+00    225s
   233     -1.82596e+01     -6.04000e+00      7.00000e+00    227s
   235     -1.71850e+01     -6.04000e+00      7.00000e+00    229s
   237     -2.09619e+01     -6.04000e+00      7.00000e+00    231s
   239     -3.12801e+01     -6.04000e+00      7.00000e+00    233s
   241     -4.03082e+01     -6.04000e+00      7.00000e+00    235s
   242     -4.35994e+01     -6.04000e+00      7.00000e+00    236s
   243     -4.11835e+01     -6.04000e+00      7.00000e+00    237s
   245     -3.54308e+01     -6.04000e+00      7.00000e+00    239s
   246     -2.99716e+01     -6.04000e+00      7.00000e+00    240s
   247     -2.57197e+01     -6.04000e+00      7.00000e+00    241s
   249     -1.97194e+01     -6.04000e+00      7.00000e+00    243s
   251     -2.20755e+01     -6.04000e+00      7.00000e+00    245s
   253     -2.63113e+01     -6.04000e+00      7.00000e+00    246s
   255     -2.65713e+01     -6.04000e+00      7.00000e+00    248s
   257     -2.29301e+01     -6.04000e+00      7.00000e+00    250s
   259     -1.92500e+01     -6.04000e+00      7.00000e+00    252s
   261     -1.78154e+01     -6.04000e+00      7.00000e+00    254s
   263     -2.28675e+01     -6.04000e+00      7.00000e+00    256s
   265     -2.95071e+01     -6.04000e+00      7.00000e+00    258s
   267     -3.32368e+01     -6.04000e+00      7.00000e+00    260s
   269     -3.17043e+01     -6.04000e+00      7.00000e+00    262s
   271     -2.57072e+01     -6.04000e+00      7.00000e+00    264s
   272     -2.27390e+01     -6.04000e+00      7.00000e+00    265s
   274     -2.01125e+01     -6.04000e+00      7.00000e+00    267s
   275     -2.07008e+01     -6.04000e+00      7.00000e+00    268s
   276     -2.31319e+01     -6.04000e+00      7.00000e+00    269s
   278     -2.66590e+01     -6.04000e+00      7.00000e+00    271s
   280     -2.57758e+01     -6.04000e+00      7.00000e+00    273s
   281     -2.49411e+01     -6.04000e+00      7.00000e+00    274s
   283     -1.97560e+01     -6.04000e+00      7.00000e+00    276s
   285     -1.77639e+01     -6.04000e+00      7.00000e+00    278s
   287     -2.09070e+01     -6.04000e+00      7.00000e+00    280s
   289     -2.75228e+01     -6.04000e+00      7.00000e+00    281s
   291     -3.37256e+01     -6.04000e+00      7.00000e+00    283s
   293     -3.20468e+01     -6.04000e+00      7.00000e+00    285s
   295     -2.72809e+01     -6.04000e+00      7.00000e+00    287s
   297     -2.15810e+01     -6.04000e+00      7.00000e+00    289s
   299     -2.02649e+01     -6.04000e+00      7.00000e+00    291s
   301     -2.27675e+01     -6.04000e+00      7.00000e+00    293s
   303     -2.52468e+01     -6.04000e+00      7.00000e+00    295s
   305     -2.58280e+01     -6.04000e+00      7.00000e+00    297s
   307     -2.29656e+01     -6.04000e+00      7.00000e+00    299s
   309     -1.99822e+01     -6.04000e+00      7.00000e+00    301s
   311     -1.86067e+01     -6.04000e+00      7.00000e+00    303s
   313     -2.16890e+01     -6.04000e+00      7.00000e+00    305s
   315     -2.57278e+01     -6.04000e+00      7.00000e+00    307s
   317     -2.83433e+01     -6.04000e+00      7.00000e+00    309s
   319     -2.53370e+01     -6.04000e+00      7.00000e+00    311s
   321     -2.18215e+01     -6.04000e+00      7.00000e+00    312s
   323     -1.95047e+01     -6.04000e+00      7.00000e+00    314s
   325     -2.07134e+01     -6.04000e+00      7.00000e+00    316s
   326     -2.30644e+01     -6.04000e+00      7.00000e+00    317s
   328     -2.62319e+01     -6.04000e+00      7.00000e+00    319s
   330     -2.55989e+01     -6.04000e+00      7.00000e+00    321s
   332     -2.22497e+01     -6.04000e+00      7.00000e+00    323s
   334     -1.86649e+01     -6.04000e+00      7.00000e+00    325s
   336     -1.90747e+01     -6.04000e+00      7.00000e+00    327s
   338     -2.36652e+01     -6.04000e+00      7.00000e+00    329s
   339     -2.49218e+01     -6.04000e+00      7.00000e+00    330s
   341     -2.71454e+01     -6.04000e+00      7.00000e+00    332s
   343     -2.60951e+01     -6.04000e+00      7.00000e+00    333s
   345     -2.20162e+01     -6.04000e+00      7.00000e+00    335s
   347     -1.98698e+01     -6.04000e+00      7.00000e+00    337s
   349     -2.02882e+01     -6.04000e+00      7.00000e+00    339s
   351     -2.13473e+01     -6.04000e+00      7.00000e+00    341s
   353     -2.54650e+01     -6.04000e+00      7.00000e+00    343s
   355     -2.46642e+01     -6.04000e+00      7.00000e+00    345s
   357     -2.35946e+01     -6.04000e+00      7.00000e+00    347s
   359     -1.96225e+01     -6.04000e+00      7.00000e+00    349s
   361     -1.95521e+01     -6.04000e+00      7.00000e+00    351s
   362     -1.99853e+01     -6.04000e+00      7.00000e+00    352s
   364     -2.36589e+01     -6.04000e+00      7.00000e+00    354s
   365     -2.49546e+01     -6.04000e+00      7.00000e+00    355s
   367     -2.64148e+01     -6.04000e+00      7.00000e+00    357s
   369     -2.42165e+01     -6.04000e+00      7.00000e+00    359s
   371     -2.07528e+01     -6.04000e+00      7.00000e+00    361s
   373     -1.93066e+01     -6.04000e+00      7.00000e+00    363s
   375     -2.08360e+01     -6.04000e+00      7.00000e+00    365s
   377     -2.50934e+01     -6.04000e+00      7.00000e+00    367s
   378     -2.59493e+01     -6.04000e+00      7.00000e+00    368s
   380     -2.49694e+01     -6.04000e+00      7.00000e+00    370s
   382     -2.23718e+01     -6.04000e+00      7.00000e+00    372s
   384     -1.95032e+01     -6.04000e+00      7.00000e+00    373s
   386     -1.99457e+01     -6.04000e+00      7.00000e+00    375s
   388     -2.23222e+01     -6.04000e+00      7.00000e+00    377s
   390     -2.56073e+01     -6.04000e+00      7.00000e+00    379s
   392     -2.56728e+01     -6.04000e+00      7.00000e+00    381s
   394     -2.31114e+01     -6.04000e+00      7.00000e+00    383s
   396     -1.97694e+01     -6.04000e+00      7.00000e+00    385s
   398     -1.95517e+01     -6.04000e+00      7.00000e+00    387s
   400     -2.10999e+01     -6.04000e+00      7.00000e+00    389s
   402     -2.21187e+01     -6.04000e+00      7.00000e+00    391s
   404     -2.30023e+01     -6.04000e+00      7.00000e+00    393s
   406     -2.15915e+01     -6.04000e+00      7.00000e+00    394s
   408     -1.96941e+01     -6.04000e+00      7.00000e+00    396s
   410     -1.85389e+01     -6.04000e+00      7.00000e+00    398s
   412     -1.96521e+01     -6.04000e+00      7.00000e+00    400s
   414     -2.29271e+01     -6.04000e+00      7.00000e+00    402s
   416     -2.56536e+01     -6.04000e+00      7.00000e+00    404s
   418     -2.58275e+01     -6.04000e+00      7.00000e+00    406s
   420     -2.34078e+01     -6.04000e+00      7.00000e+00    408s
   422     -2.14211e+01     -6.04000e+00      7.00000e+00    410s
   424     -2.06979e+01     -6.04000e+00      7.00000e+00    412s
   426     -2.22049e+01     -6.04000e+00      7.00000e+00    414s
   427     -2.23851e+01     -6.04000e+00      7.00000e+00    415s
   428     -2.26274e+01     -6.04000e+00      7.00000e+00    416s
   430     -2.27693e+01     -6.04000e+00      7.00000e+00    418s
   431     -2.12427e+01     -6.04000e+00      7.00000e+00    419s
   432     -1.98436e+01     -6.04000e+00      7.00000e+00    420s
   434     -1.87593e+01     -6.04000e+00      7.00000e+00    422s
   435     -1.92836e+01     -6.04000e+00      7.00000e+00    423s
   437     -2.07138e+01     -6.04000e+00      7.00000e+00    425s
   438     -2.25549e+01     -6.04000e+00      7.00000e+00    426s
   439     -2.44094e+01     -6.04000e+00      7.00000e+00    427s
   440     -2.59860e+01     -6.04000e+00      7.00000e+00    428s
   442     -2.62439e+01     -6.04000e+00      7.00000e+00    430s
   443     -2.54274e+01     -6.04000e+00      7.00000e+00    431s
   444     -2.39664e+01     -6.04000e+00      7.00000e+00    432s
   446     -2.14938e+01     -6.04000e+00      7.00000e+00    434s
   447     -2.06490e+01     -6.04000e+00      7.00000e+00    435s
   449     -2.08322e+01     -6.04000e+00      7.00000e+00    437s
   450     -2.05249e+01     -6.04000e+00      7.00000e+00    438s
   452     -1.91364e+01     -6.04000e+00      7.00000e+00    440s
   454     -1.96699e+01     -6.04000e+00      7.00000e+00    442s
   456     -1.83246e+01     -6.04000e+00      7.00000e+00    444s
   458     -1.77003e+01     -6.04000e+00      7.00000e+00    445s
   460     -1.75703e+01     -6.04000e+00      7.00000e+00    447s
   462     -2.03392e+01     -6.04000e+00      7.00000e+00    449s
   464     -2.28792e+01     -6.04000e+00      7.00000e+00    451s
   466     -2.61511e+01     -6.04000e+00      7.00000e+00    453s
   468     -2.76048e+01     -6.04000e+00      7.00000e+00    455s
   469     -2.69801e+01     -6.04000e+00      7.00000e+00    456s
   470     -2.66306e+01     -6.04000e+00      7.00000e+00    457s
   472     -2.32205e+01     -6.04000e+00      7.00000e+00    459s
   473     -2.20631e+01     -6.04000e+00      7.00000e+00    460s
   474     -2.11409e+01     -6.04000e+00      7.00000e+00    461s
   476     -1.95561e+01     -6.04000e+00      7.00000e+00    463s
   478     -1.91486e+01     -6.04000e+00      7.00000e+00    465s
   479     -1.94323e+01     -6.04000e+00      7.00000e+00    466s
   480     -1.89274e+01     -6.04000e+00      7.00000e+00    467s
   481     -1.80956e+01     -6.04000e+00      7.00000e+00    468s
   482     -1.81083e+01     -6.04000e+00      7.00000e+00    469s
   483     -1.74313e+01     -6.04000e+00      7.00000e+00    470s
   485     -1.86862e+01     -6.04000e+00      7.00000e+00    472s
   487     -2.07428e+01     -6.04000e+00      7.00000e+00    474s
   488     -2.25565e+01     -6.04000e+00      7.00000e+00    475s
   489     -2.45962e+01     -6.04000e+00      7.00000e+00    476s
   491     -2.65542e+01     -6.04000e+00      7.00000e+00    478s
   493     -2.70236e+01     -6.04000e+00      7.00000e+00    480s
   495     -2.47327e+01     -6.04000e+00      7.00000e+00    482s
   497     -2.24066e+01     -6.04000e+00      7.00000e+00    484s
   499     -2.11776e+01     -6.04000e+00      7.00000e+00    486s
   501     -1.87694e+01     -6.04000e+00      7.00000e+00    488s
   503     -1.79123e+01     -6.04000e+00      7.00000e+00    490s
   505     -1.73791e+01     -6.04000e+00      7.00000e+00    492s
   507     -1.75515e+01     -6.04000e+00      7.00000e+00    493s
   509     -1.74739e+01     -6.04000e+00      7.00000e+00    495s
   511     -1.94955e+01     -6.04000e+00      7.00000e+00    497s
   513     -2.16665e+01     -6.04000e+00      7.00000e+00    499s
   515     -2.45412e+01     -6.04000e+00      7.00000e+00    501s
   517     -2.72748e+01     -6.04000e+00      7.00000e+00    503s
   519     -2.78202e+01     -6.04000e+00      7.00000e+00    505s
   520     -2.67368e+01     -6.04000e+00      7.00000e+00    506s
   521     -2.57586e+01     -6.04000e+00      7.00000e+00    507s
   522     -2.40031e+01     -6.04000e+00      7.00000e+00    508s
   524     -2.08573e+01     -6.04000e+00      7.00000e+00    510s
   526     -1.83726e+01     -6.04000e+00      7.00000e+00    512s
   528     -1.79037e+01     -6.04000e+00      7.00000e+00    514s
   530     -1.73061e+01     -6.04000e+00      7.00000e+00    516s
   532     -1.75160e+01     -6.04000e+00      7.00000e+00    517s
   534     -1.84665e+01     -6.04000e+00      7.00000e+00    519s
   536     -1.99585e+01     -6.04000e+00      7.00000e+00    521s
   538     -2.24229e+01     -6.04000e+00      7.00000e+00    523s
   540     -2.57972e+01     -6.04000e+00      7.00000e+00    525s
   542     -2.76704e+01     -6.04000e+00      7.00000e+00    527s
   543     -2.71243e+01     -6.04000e+00      7.00000e+00    528s
   545     -2.65158e+01     -6.04000e+00      7.00000e+00    530s
   547     -2.34737e+01     -6.04000e+00      7.00000e+00    532s
   549     -2.04500e+01     -6.04000e+00      7.00000e+00    534s
   551     -1.90100e+01     -6.04000e+00      7.00000e+00    535s
   553     -1.81567e+01     -6.04000e+00      7.00000e+00    537s
   555     -1.79060e+01     -6.04000e+00      7.00000e+00    539s
   557     -1.82478e+01     -6.04000e+00      7.00000e+00    541s
   559     -1.87460e+01     -6.04000e+00      7.00000e+00    543s
   560     -1.93186e+01     -6.04000e+00      7.00000e+00    544s
   561     -2.02765e+01     -6.04000e+00      7.00000e+00    545s
   563     -2.12680e+01     -6.04000e+00      7.00000e+00    547s
   565     -2.26783e+01     -6.04000e+00      7.00000e+00    549s
   566     -2.39293e+01     -6.04000e+00      7.00000e+00    550s
   567     -2.51116e+01     -6.04000e+00      7.00000e+00    551s
   569     -2.46945e+01     -6.04000e+00      7.00000e+00    553s
   571     -2.43780e+01     -6.04000e+00      7.00000e+00    555s
   573     -2.24472e+01     -6.04000e+00      7.00000e+00    557s
   574     -2.12183e+01     -6.04000e+00      7.00000e+00    558s
   576     -1.88724e+01     -6.04000e+00      7.00000e+00    560s
   578     -1.77574e+01     -6.04000e+00      7.00000e+00    562s
   579     -1.71045e+01     -6.04000e+00      7.00000e+00    563s
   581     -1.74881e+01     -6.04000e+00      7.00000e+00    565s
   583     -1.83938e+01     -6.04000e+00      7.00000e+00    567s
   585     -1.96737e+01     -6.04000e+00      7.00000e+00    569s
   587     -2.05939e+01     -6.04000e+00      7.00000e+00    571s
   588     -2.08843e+01     -6.04000e+00      7.00000e+00    572s
   590     -2.32667e+01     -6.04000e+00      7.00000e+00    574s
   592     -2.52465e+01     -6.04000e+00      7.00000e+00    576s
   594     -2.51576e+01     -6.04000e+00      7.00000e+00    578s
   596     -2.44062e+01     -6.04000e+00      7.00000e+00    580s
   598     -2.21401e+01     -6.04000e+00      7.00000e+00    582s
   600     -2.02375e+01     -6.04000e+00      7.00000e+00    584s
   602     -1.92161e+01     -6.04000e+00      7.00000e+00    586s
   604     -1.93578e+01     -6.04000e+00      7.00000e+00    587s
   606     -1.90101e+01     -6.04000e+00      7.00000e+00    589s
   608     -1.88725e+01     -6.04000e+00      7.00000e+00    591s
   610     -1.96907e+01     -6.04000e+00      7.00000e+00    593s
   612     -2.03326e+01     -6.04000e+00      7.00000e+00    595s
   614     -2.08055e+01     -6.04000e+00      7.00000e+00    597s
   616     -2.20518e+01     -6.04000e+00      7.00000e+00    599s
   617     -2.21939e+01     -6.04000e+00      7.00000e+00    600s
   618     -2.20119e+01     -6.04000e+00      7.00000e+00    601s
   619     -2.24291e+01     -6.04000e+00      7.00000e+00    602s
   620     -2.21159e+01     -6.04000e+00      7.00000e+00    603s
   621     -2.24072e+01     -6.04000e+00      7.00000e+00    604s
   622     -2.18901e+01     -6.04000e+00      7.00000e+00    605s
   623     -2.14574e+01     -6.04000e+00      7.00000e+00    606s
   624     -2.06336e+01     -6.04000e+00      7.00000e+00    607s
   625     -2.01660e+01     -6.04000e+00      7.00000e+00    608s
   626     -1.98903e+01     -6.04000e+00      7.00000e+00    609s
   628     -1.88962e+01     -6.04000e+00      7.00000e+00    611s
   629     -1.93820e+01     -6.04000e+00      7.00000e+00    612s
   630     -1.94525e+01     -6.04000e+00      7.00000e+00    613s
   631     -1.92970e+01     -6.04000e+00      7.00000e+00    614s
   632     -1.97453e+01     -6.04000e+00      7.00000e+00    615s
   633     -1.93652e+01     -6.04000e+00      7.00000e+00    616s
   634     -2.07270e+01     -6.04000e+00      7.00000e+00    617s
   635     -2.04793e+01     -6.04000e+00      7.00000e+00    618s
   636     -2.00926e+01     -6.04000e+00      7.00000e+00    619s
   638     -2.03794e+01     -6.04000e+00      7.00000e+00    621s
   639     -2.09129e+01     -6.04000e+00      7.00000e+00    622s
   640     -2.14271e+01     -6.04000e+00      7.00000e+00    623s
   641     -2.22920e+01     -6.04000e+00      7.00000e+00    625s
   643     -2.24681e+01     -6.04000e+00      7.00000e+00    627s
   644     -2.27527e+01     -6.04000e+00      7.00000e+00    628s
   645     -2.26947e+01     -6.04000e+00      7.00000e+00    629s
   646     -2.11799e+01     -6.04000e+00      7.00000e+00    630s
   647     -2.17673e+01     -6.04000e+00      7.00000e+00    631s
   649     -2.05971e+01     -6.04000e+00      7.00000e+00    633s
   650     -2.06235e+01     -6.04000e+00      7.00000e+00    634s
   651     -2.03113e+01     -6.04000e+00      7.00000e+00    635s
   653     -2.03664e+01     -6.04000e+00      7.00000e+00    637s
   655     -2.04565e+01     -6.04000e+00      7.00000e+00    639s
   656     -1.97061e+01     -6.04000e+00      7.00000e+00    640s
   657     -2.00268e+01     -6.04000e+00      7.00000e+00    641s
   658     -2.02682e+01     -6.04000e+00      7.00000e+00    642s
   659     -2.05749e+01     -6.04000e+00      7.00000e+00    643s
   661     -2.03205e+01     -6.04000e+00      7.00000e+00    645s
   662     -2.06496e+01     -6.04000e+00      7.00000e+00    646s
   663     -2.12308e+01     -6.04000e+00      7.00000e+00    647s
   665     -2.12889e+01     -6.04000e+00      7.00000e+00    649s
   667     -2.09481e+01     -6.04000e+00      7.00000e+00    651s
   669     -2.15352e+01     -6.04000e+00      7.00000e+00    653s
   671     -2.18735e+01     -6.04000e+00      7.00000e+00    655s
   673     -2.07622e+01     -6.04000e+00      7.00000e+00    656s
   675     -1.99846e+01     -6.04000e+00      7.00000e+00    658s
   677     -2.09251e+01     -6.04000e+00      7.00000e+00    660s
   679     -2.03460e+01     -6.04000e+00      7.00000e+00    662s
   681     -2.03341e+01     -6.04000e+00      7.00000e+00    664s
   683     -2.08541e+01     -6.04000e+00      7.00000e+00    666s
   685     -2.03808e+01     -6.04000e+00      7.00000e+00    668s
   687     -2.07821e+01     -6.04000e+00      7.00000e+00    670s
   689     -2.05768e+01     -6.04000e+00      7.00000e+00    672s
   691     -2.07116e+01     -6.04000e+00      7.00000e+00    674s
   693     -2.09342e+01     -6.04000e+00      7.00000e+00    676s
   694     -2.08456e+01     -6.04000e+00      7.00000e+00    677s
   695     -2.08796e+01     -6.04000e+00      7.00000e+00    678s
   697     -2.00678e+01     -6.04000e+00      7.00000e+00    680s
   699     -2.01245e+01     -6.04000e+00      7.00000e+00    682s
   701     -2.03167e+01     -6.04000e+00      7.00000e+00    684s
   703     -1.97046e+01     -6.04000e+00      7.00000e+00    685s
   705     -2.04856e+01     -6.04000e+00      7.00000e+00    687s
   707     -2.10673e+01     -6.04000e+00      7.00000e+00    689s
   709     -2.10070e+01     -6.04000e+00      7.00000e+00    691s
   711     -2.05696e+01     -6.04000e+00      7.00000e+00    693s
   713     -2.02955e+01     -6.04000e+00      7.00000e+00    695s
   715     -2.05891e+01     -6.04000e+00      7.00000e+00    697s
   717     -2.05612e+01     -6.04000e+00      7.00000e+00    699s
   719     -2.05249e+01     -6.04000e+00      7.00000e+00    701s
   720     -2.05953e+01     -6.04000e+00      7.00000e+00    702s
   721     -2.05688e+01     -6.04000e+00      7.00000e+00    703s
   723     -2.12193e+01     -6.04000e+00      7.00000e+00    705s
   724     -2.08380e+01     -6.04000e+00      7.00000e+00    706s
   726     -2.07868e+01     -6.04000e+00      7.00000e+00    708s
   728     -2.06238e+01     -6.04000e+00      7.00000e+00    709s
   729     -2.08016e+01     -6.04000e+00      7.00000e+00    710s
   731     -2.01730e+01     -6.04000e+00      7.00000e+00    712s
   733     -2.07652e+01     -6.04000e+00      7.00000e+00    714s
   735     -2.01726e+01     -6.04000e+00      7.00000e+00    716s
   737     -2.06031e+01     -6.04000e+00      7.00000e+00    718s
   739     -2.05378e+01     -6.04000e+00      7.00000e+00    720s
   740     -2.06170e+01     -6.04000e+00      7.00000e+00    721s
   742     -2.03852e+01     -6.04000e+00      7.00000e+00    723s
   744     -2.00680e+01     -6.04000e+00      7.00000e+00    725s
   745     -2.04971e+01     -6.04000e+00      7.00000e+00    726s
   747     -2.05202e+01     -6.04000e+00      7.00000e+00    728s
   749     -2.05427e+01     -6.04000e+00      7.00000e+00    730s
   751     -2.03839e+01     -6.04000e+00      7.00000e+00    732s
   753     -2.06306e+01     -6.04000e+00      7.00000e+00    734s
   755     -2.02731e+01     -6.04000e+00      7.00000e+00    736s
   757     -2.04785e+01     -6.04000e+00      7.00000e+00    738s
   759     -2.03335e+01     -6.04000e+00      7.00000e+00    740s
   761     -2.06121e+01     -6.04000e+00      7.00000e+00    742s
   763     -2.02969e+01     -6.04000e+00      7.00000e+00    744s
   765     -1.98852e+01     -6.04000e+00      7.00000e+00    746s
   767     -1.99944e+01     -6.04000e+00      7.00000e+00    748s
   769     -2.03127e+01     -6.04000e+00      7.00000e+00    750s
   771     -2.11697e+01     -6.04000e+00      7.00000e+00    752s
   773     -2.01987e+01     -6.04000e+00      7.00000e+00    754s
   775     -2.03748e+01     -6.04000e+00      7.00000e+00    755s
   776     -2.03190e+01     -6.04000e+00      7.00000e+00    757s
   778     -2.02694e+01     -6.04000e+00      7.00000e+00    758s
   780     -2.07749e+01     -6.04000e+00      7.00000e+00    760s
   781     -2.05616e+01     -6.04000e+00      7.00000e+00    761s
   783     -2.06586e+01     -6.04000e+00      7.00000e+00    763s
   785     -2.07153e+01     -6.04000e+00      7.00000e+00    765s
   787     -2.08180e+01     -6.04000e+00      7.00000e+00    767s
   789     -2.01973e+01     -6.04000e+00      7.00000e+00    769s
   791     -2.02493e+01     -6.04000e+00      7.00000e+00    771s
   793     -2.06268e+01     -6.04000e+00      7.00000e+00    773s
   795     -2.03826e+01     -6.04000e+00      7.00000e+00    775s
   797     -2.00812e+01     -6.04000e+00      7.00000e+00    777s
   799     -2.08046e+01     -6.04000e+00      7.00000e+00    779s
   801     -2.06133e+01     -6.04000e+00      7.00000e+00    781s
   803     -2.13317e+01     -6.04000e+00      7.00000e+00    783s
   805     -2.06504e+01     -6.04000e+00      7.00000e+00    785s
   807     -2.07775e+01     -6.04000e+00      7.00000e+00    787s
   809     -2.02847e+01     -6.04000e+00      7.00000e+00    789s
   811     -2.04167e+01     -6.04000e+00      7.00000e+00    790s
   813     -2.02467e+01     -6.04000e+00      7.00000e+00    792s
   814     -2.06484e+01     -6.04000e+00      7.00000e+00    793s
   816     -2.05510e+01     -6.04000e+00      7.00000e+00    795s
   818     -2.01796e+01     -6.04000e+00      7.00000e+00    797s
   819     -2.08638e+01     -6.04000e+00      7.00000e+00    798s
   821     -2.08248e+01     -6.04000e+00      7.00000e+00    800s
   823     -2.03581e+01     -6.04000e+00      7.00000e+00    802s
   825     -2.02966e+01     -6.04000e+00      7.00000e+00    804s
   827     -1.99894e+01     -6.04000e+00      7.00000e+00    806s
   829     -2.06893e+01     -6.04000e+00      7.00000e+00    808s
   831     -2.04527e+01     -6.04000e+00      7.00000e+00    810s
   832     -2.04012e+01     -6.04000e+00      7.00000e+00    811s
   834     -2.02582e+01     -6.04000e+00      7.00000e+00    813s
   836     -2.07343e+01     -6.04000e+00      7.00000e+00    815s
   838     -2.06889e+01     -6.04000e+00      7.00000e+00    817s
   840     -2.03287e+01     -6.04000e+00      7.00000e+00    819s
   842     -2.06718e+01     -6.04000e+00      7.00000e+00    821s
   844     -2.01372e+01     -6.04000e+00      7.00000e+00    823s
   846     -2.09050e+01     -6.04000e+00      7.00000e+00    825s
   848     -2.02857e+01     -6.04000e+00      7.00000e+00    827s
   850     -2.08398e+01     -6.04000e+00      7.00000e+00    828s
   852     -2.01083e+01     -6.04000e+00      7.00000e+00    830s
   853     -1.99486e+01     -6.04000e+00      7.00000e+00    831s
   855     -2.06345e+01     -6.04000e+00      7.00000e+00    833s
   857     -2.05722e+01     -6.04000e+00      7.00000e+00    835s
   859     -2.06701e+01     -6.04000e+00      7.00000e+00    837s
   861     -2.05715e+01     -6.04000e+00      7.00000e+00    839s
   863     -2.02906e+01     -6.04000e+00      7.00000e+00    841s
   865     -1.96518e+01     -6.04000e+00      7.00000e+00    843s
   867     -2.04006e+01     -6.04000e+00      7.00000e+00    845s
   869     -2.03555e+01     -6.04000e+00      7.00000e+00    847s
   871     -2.06307e+01     -6.04000e+00      7.00000e+00    849s
   873     -2.00679e+01     -6.04000e+00      7.00000e+00    851s
   875     -2.02994e+01     -6.04000e+00      7.00000e+00    853s
   876     -2.01275e+01     -6.04000e+00      7.00000e+00    854s
   877     -2.05801e+01     -6.04000e+00      7.00000e+00    855s
   879     -2.02350e+01     -6.04000e+00      7.00000e+00    857s
   881     -2.04921e+01     -6.04000e+00      7.00000e+00    859s
   883     -2.07331e+01     -6.04000e+00      7.00000e+00    861s
   885     -2.06587e+01     -6.04000e+00      7.00000e+00    863s
   887     -2.09131e+01     -6.04000e+00      7.00000e+00    865s
   889     -2.05268e+01     -6.04000e+00      7.00000e+00    866s
   890     -2.05926e+01     -6.04000e+00      7.00000e+00    867s
   892     -1.99937e+01     -6.04000e+00      7.00000e+00    869s
   894     -2.10932e+01     -6.04000e+00      7.00000e+00    871s
   896     -2.09359e+01     -6.04000e+00      7.00000e+00    873s
   898     -2.03205e+01     -6.04000e+00      7.00000e+00    875s
   900     -2.09766e+01     -6.04000e+00      7.00000e+00    877s
   902     -2.01929e+01     -6.04000e+00      7.00000e+00    879s
   904     -2.07919e+01     -6.04000e+00      7.00000e+00    881s
   906     -2.05063e+01     -6.04000e+00      7.00000e+00    883s
   907     -2.08572e+01     -6.04000e+00      7.00000e+00    884s
   909     -2.09383e+01     -6.04000e+00      7.00000e+00    886s
   911     -2.09847e+01     -6.04000e+00      7.00000e+00    888s
   912     -2.07263e+01     -6.04000e+00      7.00000e+00    889s
   914     -2.06728e+01     -6.04000e+00      7.00000e+00    891s
   916     -2.02745e+01     -6.04000e+00      7.00000e+00    893s
   918     -2.07841e+01     -6.04000e+00      7.00000e+00    895s
   920     -2.04421e+01     -6.04000e+00      7.00000e+00    897s
   922     -2.07991e+01     -6.04000e+00      7.00000e+00    898s
   924     -2.08321e+01     -6.04000e+00      7.00000e+00    900s
   926     -2.02109e+01     -6.04000e+00      7.00000e+00    902s
   927     -2.13618e+01     -6.04000e+00      7.00000e+00    903s
   929     -2.07695e+01     -6.04000e+00      7.00000e+00    905s
   931     -2.12614e+01     -6.04000e+00      7.00000e+00    907s
   933     -2.02639e+01     -6.04000e+00      7.00000e+00    909s
   934     -2.04667e+01     -6.04000e+00      7.00000e+00    910s
   936     -2.06328e+01     -6.04000e+00      7.00000e+00    912s
   937     -1.97499e+01     -6.04000e+00      7.00000e+00    913s
   938     -1.99288e+01     -6.04000e+00      7.00000e+00    914s
   939     -2.07675e+01     -6.04000e+00      7.00000e+00    915s
   941     -2.13653e+01     -6.04000e+00      7.00000e+00    917s
   943     -2.08124e+01     -6.04000e+00      7.00000e+00    919s
   945     -2.09444e+01     -6.04000e+00      7.00000e+00    921s
   947     -2.05683e+01     -6.04000e+00      7.00000e+00    923s
   949     -2.02111e+01     -6.04000e+00      7.00000e+00    925s
   951     -1.97729e+01     -6.04000e+00      7.00000e+00    927s
   953     -2.01372e+01     -6.04000e+00      7.00000e+00    929s
   955     -2.04002e+01     -6.04000e+00      7.00000e+00    930s
   957     -2.02027e+01     -6.04000e+00      7.00000e+00    932s
   959     -2.04819e+01     -6.04000e+00      7.00000e+00    934s
   961     -2.05196e+01     -6.04000e+00      7.00000e+00    936s
   963     -2.01287e+01     -6.04000e+00      7.00000e+00    938s
   965     -2.03888e+01     -6.04000e+00      7.00000e+00    940s
   967     -2.05039e+01     -6.04000e+00      7.00000e+00    942s
   969     -2.02525e+01     -6.04000e+00      7.00000e+00    944s
   971     -1.98189e+01     -6.04000e+00      7.00000e+00    946s
   973     -2.08280e+01     -6.04000e+00      7.00000e+00    948s
   975     -2.01252e+01     -6.04000e+00      7.00000e+00    950s
   976     -2.05146e+01     -6.04000e+00      7.00000e+00    951s
   977     -2.01445e+01     -6.04000e+00      7.00000e+00    952s
   979     -2.01649e+01     -6.04000e+00      7.00000e+00    954s
   981     -2.05611e+01     -6.04000e+00      7.00000e+00    956s
   982     -2.01637e+01     -6.04000e+00      7.00000e+00    957s
   984     -2.05468e+01     -6.04000e+00      7.00000e+00    959s
   985     -2.02878e+01     -6.04000e+00      7.00000e+00    960s
   986     -2.04937e+01     -6.04000e+00      7.00000e+00    961s
   987     -2.07956e+01     -6.04000e+00      7.00000e+00    962s
   989     -2.02278e+01     -6.04000e+00      7.00000e+00    964s
   991     -2.05400e+01     -6.04000e+00      7.00000e+00    965s
   993     -2.07691e+01     -6.04000e+00      7.00000e+00    967s
   995     -2.11488e+01     -6.04000e+00      7.00000e+00    969s
   997     -2.06789e+01     -6.04000e+00      7.00000e+00    971s
   999     -2.06271e+01     -6.04000e+00      7.00000e+00    973s
  1001     -2.03141e+01     -6.04000e+00      7.00000e+00    975s
  1003     -2.01451e+01     -6.04000e+00      7.00000e+00    977s
  1005     -1.97926e+01     -6.04000e+00      7.00000e+00    979s
  1007     -1.89182e+01     -6.04000e+00      7.00000e+00    981s
  1009     -1.91466e+01     -6.04000e+00      7.00000e+00    983s
  1010     -2.06019e+01     -6.04000e+00      7.00000e+00    984s
  1011     -1.97516e+01     -6.04000e+00      7.00000e+00    985s
  1013     -2.11732e+01     -6.04000e+00      7.00000e+00    986s
  1015     -1.97886e+01     -6.04000e+00      7.00000e+00    988s
  1017     -1.94062e+01     -6.04000e+00      7.00000e+00    990s
  1019     -2.00435e+01     -6.04000e+00      7.00000e+00    992s
  1020     -1.91326e+01     -6.04000e+00      7.00000e+00    993s
  1021     -1.92380e+01     -6.04000e+00      7.00000e+00    994s
  1023     -2.00345e+01     -6.04000e+00      7.00000e+00    996s
  1025     -2.07723e+01     -6.04000e+00      7.00000e+00    998s
  1027     -2.01095e+01     -6.04000e+00      7.00000e+00   1000s
  1029     -1.92966e+01     -6.04000e+00      7.00000e+00   1002s
  1031     -1.90575e+01     -6.04000e+00      7.00000e+00   1004s
  1033     -2.01080e+01     -6.04000e+00      7.00000e+00   1006s
  1035     -2.06705e+01     -6.04000e+00      7.00000e+00   1007s
  1037     -2.03292e+01     -6.04000e+00      7.00000e+00   1009s
  1038     -2.07681e+01     -6.04000e+00      7.00000e+00   1010s
  1040     -1.95727e+01     -6.04000e+00      7.00000e+00   1012s
  1041     -1.96224e+01     -6.04000e+00      7.00000e+00   1013s
  1043     -1.84788e+01     -6.04000e+00      7.00000e+00   1015s
  1045     -1.96584e+01     -6.04000e+00      7.00000e+00   1017s
  1047     -1.97345e+01     -6.04000e+00      7.00000e+00   1019s
  1049     -2.06850e+01     -6.04000e+00      7.00000e+00   1021s
  1051     -1.99426e+01     -6.04000e+00      7.00000e+00   1023s
  1053     -1.97300e+01     -6.04000e+00      7.00000e+00   1025s
  1055     -1.87944e+01     -6.04000e+00      7.00000e+00   1027s
  1057     -1.87554e+01     -6.04000e+00      7.00000e+00   1029s
  1059     -1.89530e+01     -6.04000e+00      7.00000e+00   1031s
  1061     -2.05187e+01     -6.04000e+00      7.00000e+00   1032s
  1063     -2.07383e+01     -6.04000e+00      7.00000e+00   1034s
  1065     -1.91664e+01     -6.04000e+00      7.00000e+00   1036s
  1067     -1.89550e+01     -6.04000e+00      7.00000e+00   1038s
  1069     -1.86560e+01     -6.04000e+00      7.00000e+00   1040s
  1071     -1.91291e+01     -6.04000e+00      7.00000e+00   1042s
  1073     -1.96717e+01     -6.04000e+00      7.00000e+00   1044s
  1074     -2.01944e+01     -6.04000e+00      7.00000e+00   1045s
  1076     -2.02875e+01     -6.04000e+00      7.00000e+00   1047s
  1078     -1.90642e+01     -6.04000e+00      7.00000e+00   1049s
  1080     -1.86195e+01     -6.04000e+00      7.00000e+00   1051s
  1082     -1.80923e+01     -6.04000e+00      7.00000e+00   1053s
  1083     -1.92087e+01     -6.04000e+00      7.00000e+00   1054s
  1085     -2.02797e+01     -6.04000e+00      7.00000e+00   1056s
  1087     -2.05201e+01     -6.04000e+00      7.00000e+00   1058s
  1089     -1.99206e+01     -6.04000e+00      7.00000e+00   1060s
  1091     -1.89659e+01     -6.04000e+00      7.00000e+00   1062s
  1093     -1.83283e+01     -6.04000e+00      7.00000e+00   1064s
  1095     -1.89004e+01     -6.04000e+00      7.00000e+00   1066s
  1097     -2.04864e+01     -6.04000e+00      7.00000e+00   1067s
  1099     -2.07893e+01     -6.04000e+00      7.00000e+00   1069s
  1101     -2.03843e+01     -6.04000e+00      7.00000e+00   1071s
  1103     -1.93818e+01     -6.04000e+00      7.00000e+00   1073s
  1105     -1.88194e+01     -6.04000e+00      7.00000e+00   1075s
  1107     -1.97919e+01     -6.04000e+00      7.00000e+00   1077s
  1109     -2.02871e+01     -6.04000e+00      7.00000e+00   1079s
  1110     -2.06852e+01     -6.04000e+00      7.00000e+00   1080s
  1112     -2.05567e+01     -6.04000e+00      7.00000e+00   1082s
  1114     -2.02691e+01     -6.04000e+00      7.00000e+00   1084s
  1116     -1.96828e+01     -6.04000e+00      7.00000e+00   1086s
  1118     -1.92874e+01     -6.04000e+00      7.00000e+00   1088s
  1120     -1.91796e+01     -6.04000e+00      7.00000e+00   1090s
  1121     -1.94322e+01     -6.04000e+00      7.00000e+00   1091s
  1123     -2.01802e+01     -6.04000e+00      7.00000e+00   1093s
  1125     -2.08624e+01     -6.04000e+00      7.00000e+00   1094s
  1127     -2.06029e+01     -6.04000e+00      7.00000e+00   1096s
  1129     -1.93157e+01     -6.04000e+00      7.00000e+00   1098s
  1130     -1.95538e+01     -6.04000e+00      7.00000e+00   1099s
  1132     -1.88195e+01     -6.04000e+00      7.00000e+00   1101s
  1133     -2.00272e+01     -6.04000e+00      7.00000e+00   1102s
  1135     -1.99233e+01     -6.04000e+00      7.00000e+00   1104s
  1137     -2.07086e+01     -6.04000e+00      7.00000e+00   1106s
  1139     -2.04769e+01     -6.04000e+00      7.00000e+00   1108s
  1141     -1.96285e+01     -6.04000e+00      7.00000e+00   1110s
  1143     -1.88529e+01     -6.04000e+00      7.00000e+00   1112s
  1144     -1.90218e+01     -6.04000e+00      7.00000e+00   1113s
  1146     -1.95737e+01     -6.04000e+00      7.00000e+00   1115s
  1148     -1.99266e+01     -6.04000e+00      7.00000e+00   1117s
  1150     -2.08248e+01     -6.04000e+00      7.00000e+00   1119s
  1152     -1.98591e+01     -6.04000e+00      7.00000e+00   1121s
  1153     -1.99618e+01     -6.04000e+00      7.00000e+00   1122s
  1155     -1.98106e+01     -6.04000e+00      7.00000e+00   1124s
  1157     -1.97817e+01     -6.04000e+00      7.00000e+00   1126s
  1159     -2.06551e+01     -6.04000e+00      7.00000e+00   1128s
  1161     -2.01921e+01     -6.04000e+00      7.00000e+00   1129s
  1163     -2.02944e+01     -6.04000e+00      7.00000e+00   1131s
  1165     -2.07307e+01     -6.04000e+00      7.00000e+00   1133s
  1167     -2.02074e+01     -6.04000e+00      7.00000e+00   1135s
  1169     -2.06861e+01     -6.04000e+00      7.00000e+00   1137s
  1171     -2.06777e+01     -6.04000e+00      7.00000e+00   1139s
  1173     -2.06528e+01     -6.04000e+00      7.00000e+00   1141s
  1174     -2.06122e+01     -6.04000e+00      7.00000e+00   1142s
  1176     -2.02004e+01     -6.04000e+00      7.00000e+00   1144s
  1177     -2.12089e+01     -6.04000e+00      7.00000e+00   1145s
  1179     -1.97857e+01     -6.04000e+00      7.00000e+00   1147s
  1181     -1.95613e+01     -6.04000e+00      7.00000e+00   1149s
  1183     -2.06781e+01     -6.04000e+00      7.00000e+00   1151s
  1184     -1.95906e+01     -6.04000e+00      7.00000e+00   1152s
  1186     -2.06877e+01     -6.04000e+00      7.00000e+00   1154s
  1188     -1.99014e+01     -6.04000e+00      7.00000e+00   1156s
  1190     -2.00451e+01     -6.04000e+00      7.00000e+00   1158s
  1191     -2.03410e+01     -6.04000e+00      7.00000e+00   1159s
  1193     -2.00033e+01     -6.04000e+00      7.00000e+00   1161s
  1195     -2.06471e+01     -6.04000e+00      7.00000e+00   1163s
  1197     -2.05424e+01     -6.04000e+00      7.00000e+00   1165s
  1199     -2.06729e+01     -6.04000e+00      7.00000e+00   1167s
  1201     -2.03532e+01     -6.04000e+00      7.00000e+00   1169s
  1202     -2.04500e+01     -6.04000e+00      7.00000e+00   1170s
  1203     -2.03240e+01     -6.04000e+00      7.00000e+00   1171s
  1205     -2.08002e+01     -6.04000e+00      7.00000e+00   1173s
  1206     -2.11788e+01     -6.04000e+00      7.00000e+00   1174s
  1207     -2.07432e+01     -6.04000e+00      7.00000e+00   1175s
  1209     -2.06256e+01     -6.04000e+00      7.00000e+00   1177s
  1211     -1.99946e+01     -6.04000e+00      7.00000e+00   1179s
  1212     -2.01785e+01     -6.04000e+00      7.00000e+00   1180s
  1213     -2.04638e+01     -6.04000e+00      7.00000e+00   1181s
  1214     -2.01252e+01     -6.04000e+00      7.00000e+00   1182s
  1216     -2.01348e+01     -6.04000e+00      7.00000e+00   1184s
  1218     -1.99428e+01     -6.04000e+00      7.00000e+00   1186s
  1220     -2.06124e+01     -6.04000e+00      7.00000e+00   1187s
  1222     -1.99710e+01     -6.04000e+00      7.00000e+00   1189s
  1223     -2.02420e+01     -6.04000e+00      7.00000e+00   1190s
  1225     -2.03648e+01     -6.04000e+00      7.00000e+00   1192s
  1226     -2.08538e+01     -6.04000e+00      7.00000e+00   1193s
  1228     -2.01106e+01     -6.04000e+00      7.00000e+00   1195s
  1230     -2.04238e+01     -6.04000e+00      7.00000e+00   1197s
  1232     -2.05803e+01     -6.04000e+00      7.00000e+00   1199s
  1233     -2.08669e+01     -6.04000e+00      7.00000e+00   1200s
  1235     -2.05636e+01     -6.04000e+00      7.00000e+00   1202s
  1237     -2.03878e+01     -6.04000e+00      7.00000e+00   1204s
  1238     -2.02839e+01     -6.04000e+00      7.00000e+00   1205s
  1239     -2.14214e+01     -6.04000e+00      7.00000e+00   1206s
  1241     -2.09201e+01     -6.04000e+00      7.00000e+00   1208s
  1243     -2.08518e+01     -6.04000e+00      7.00000e+00   1210s
  1244     -2.08274e+01     -6.04000e+00      7.00000e+00   1211s
  1245     -2.04741e+01     -6.04000e+00      7.00000e+00   1212s
  1247     -2.05368e+01     -6.04000e+00      7.00000e+00   1214s
  1249     -2.05507e+01     -6.04000e+00      7.00000e+00   1216s
  1251     -2.08515e+01     -6.04000e+00      7.00000e+00   1218s
  1253     -2.01317e+01     -6.04000e+00      7.00000e+00   1220s
  1255     -2.01328e+01     -6.04000e+00      7.00000e+00   1222s
  1257     -2.11999e+01     -6.04000e+00      7.00000e+00   1224s
  1259     -2.09030e+01     -6.04000e+00      7.00000e+00   1226s
  1261     -2.02114e+01     -6.04000e+00      7.00000e+00   1228s
  1263     -2.08793e+01     -6.04000e+00      7.00000e+00   1229s
  1264     -2.04735e+01     -6.04000e+00      7.00000e+00   1230s
  1266     -2.04036e+01     -6.04000e+00      7.00000e+00   1232s
  1268     -2.10262e+01     -6.04000e+00      7.00000e+00   1234s
  1270     -2.10128e+01     -6.04000e+00      7.00000e+00   1236s
  1271     -2.05612e+01     -6.04000e+00      7.00000e+00   1237s
  1273     -1.99249e+01     -6.04000e+00      7.00000e+00   1239s
  1275     -2.06438e+01     -6.04000e+00      7.00000e+00   1241s
  1277     -2.02275e+01     -6.04000e+00      7.00000e+00   1243s
  1279     -2.01869e+01     -6.04000e+00      7.00000e+00   1245s
  1281     -2.05682e+01     -6.04000e+00      7.00000e+00   1247s
  1282     -2.09290e+01     -6.04000e+00      7.00000e+00   1248s
  1284     -2.03245e+01     -6.04000e+00      7.00000e+00   1250s
  1286     -2.04474e+01     -6.04000e+00      7.00000e+00   1252s
  1288     -2.04173e+01     -6.04000e+00      7.00000e+00   1254s
  1290     -2.09966e+01     -6.04000e+00      7.00000e+00   1256s
  1292     -2.00366e+01     -6.04000e+00      7.00000e+00   1258s
  1293     -2.09236e+01     -6.04000e+00      7.00000e+00   1259s
  1294     -2.07951e+01     -6.04000e+00      7.00000e+00   1260s
  1296     -2.08882e+01     -6.04000e+00      7.00000e+00   1262s
  1298     -2.03518e+01     -6.04000e+00      7.00000e+00   1264s
  1300     -2.11102e+01     -6.04000e+00      7.00000e+00   1265s
  1302     -2.01434e+01     -6.04000e+00      7.00000e+00   1267s
  1303     -1.96977e+01     -6.04000e+00      7.00000e+00   1268s
  1305     -2.05575e+01     -6.04000e+00      7.00000e+00   1270s
  1307     -2.00689e+01     -6.04000e+00      7.00000e+00   1272s
  1309     -2.11072e+01     -6.04000e+00      7.00000e+00   1274s
  1311     -2.02714e+01     -6.04000e+00      7.00000e+00   1276s
  1313     -2.03058e+01     -6.04000e+00      7.00000e+00   1278s
  1315     -2.04452e+01     -6.04000e+00      7.00000e+00   1280s
  1317     -2.03697e+01     -6.04000e+00      7.00000e+00   1282s
  1319     -2.08123e+01     -6.04000e+00      7.00000e+00   1284s
  1321     -2.03106e+01     -6.04000e+00      7.00000e+00   1286s
  1323     -2.08098e+01     -6.04000e+00      7.00000e+00   1288s
  1325     -2.06971e+01     -6.04000e+00      7.00000e+00   1289s
  1327     -2.05978e+01     -6.04000e+00      7.00000e+00   1291s
  1328     -2.06882e+01     -6.04000e+00      7.00000e+00   1292s
  1330     -2.05020e+01     -6.04000e+00      7.00000e+00   1294s
  1332     -2.02545e+01     -6.04000e+00      7.00000e+00   1296s
  1334     -2.05287e+01     -6.04000e+00      7.00000e+00   1298s
  1336     -2.04311e+01     -6.04000e+00      7.00000e+00   1300s
  1338     -1.99761e+01     -6.04000e+00      7.00000e+00   1302s
  1340     -2.04962e+01     -6.04000e+00      7.00000e+00   1304s
  1342     -2.10367e+01     -6.04000e+00      7.00000e+00   1306s
  1344     -2.00392e+01     -6.04000e+00      7.00000e+00   1308s
  1346     -2.03746e+01     -6.04000e+00      7.00000e+00   1310s
  1348     -2.07818e+01     -6.04000e+00      7.00000e+00   1312s
  1350     -2.04335e+01     -6.04000e+00      7.00000e+00   1314s
  1352     -2.09623e+01     -6.04000e+00      7.00000e+00   1316s
  1354     -2.00134e+01     -6.04000e+00      7.00000e+00   1318s
  1356     -2.02734e+01     -6.04000e+00      7.00000e+00   1319s
  1357     -2.01921e+01     -6.04000e+00      7.00000e+00   1320s
  1359     -2.02779e+01     -6.04000e+00      7.00000e+00   1322s
  1361     -2.06897e+01     -6.04000e+00      7.00000e+00   1324s
  1363     -2.04108e+01     -6.04000e+00      7.00000e+00   1326s
  1365     -2.08535e+01     -6.04000e+00      7.00000e+00   1328s
  1367     -1.99188e+01     -6.04000e+00      7.00000e+00   1330s
  1368     -1.95365e+01     -6.04000e+00      7.00000e+00   1331s
  1369     -2.05802e+01     -6.04000e+00      7.00000e+00   1332s
  1371     -2.08596e+01     -6.04000e+00      7.00000e+00   1334s
  1373     -1.97138e+01     -6.04000e+00      7.00000e+00   1336s
  1375     -2.03544e+01     -6.04000e+00      7.00000e+00   1338s
  1376     -2.06771e+01     -6.04000e+00      7.00000e+00   1339s
  1378     -1.97986e+01     -6.04000e+00      7.00000e+00   1341s
  1380     -2.08337e+01     -6.04000e+00      7.00000e+00   1343s
  1382     -1.99614e+01     -6.04000e+00      7.00000e+00   1345s
  1384     -2.01760e+01     -6.04000e+00      7.00000e+00   1347s
  1386     -1.97769e+01     -6.04000e+00      7.00000e+00   1349s
  1388     -1.98178e+01     -6.04000e+00      7.00000e+00   1351s
  1390     -2.08204e+01     -6.04000e+00      7.00000e+00   1352s
  1392     -2.03817e+01     -6.04000e+00      7.00000e+00   1354s
  1394     -2.04374e+01     -6.04000e+00      7.00000e+00   1356s
  1395     -2.01307e+01     -6.04000e+00      7.00000e+00   1357s
  1397     -1.96240e+01     -6.04000e+00      7.00000e+00   1359s
  1399     -2.02699e+01     -6.04000e+00      7.00000e+00   1361s
  1401     -2.08585e+01     -6.04000e+00      7.00000e+00   1363s
  1403     -2.07390e+01     -6.04000e+00      7.00000e+00   1365s
  1405     -2.04613e+01     -6.04000e+00      7.00000e+00   1367s
  1407     -2.11468e+01     -6.04000e+00      7.00000e+00   1369s
  1409     -1.99204e+01     -6.04000e+00      7.00000e+00   1371s
  1410     -2.01155e+01     -6.04000e+00      7.00000e+00   1372s
  1412     -2.07367e+01     -6.04000e+00      7.00000e+00   1374s
  1413     -1.95997e+01     -6.04000e+00      7.00000e+00   1375s
  1414     -2.03759e+01     -6.04000e+00      7.00000e+00   1376s
  1416     -2.10434e+01     -6.04000e+00      7.00000e+00   1378s
  1417     -1.97856e+01     -6.04000e+00      7.00000e+00   1379s
  1418     -2.07698e+01     -6.04000e+00      7.00000e+00   1380s
  1419     -2.00603e+01     -6.04000e+00      7.00000e+00   1381s
  1421     -2.07501e+01     -6.04000e+00      7.00000e+00   1383s
  1423     -2.10337e+01     -6.04000e+00      7.00000e+00   1385s
  1425     -2.15904e+01     -6.04000e+00      7.00000e+00   1387s
  1426     -2.05123e+01     -6.04000e+00      7.00000e+00   1388s
  1427     -2.05977e+01     -6.04000e+00      7.00000e+00   1389s
  1429     -2.05874e+01     -6.04000e+00      7.00000e+00   1391s
  1431     -2.07737e+01     -6.04000e+00      7.00000e+00   1393s
  1433     -2.17281e+01     -6.04000e+00      7.00000e+00   1395s
  1435     -2.05835e+01     -6.04000e+00      7.00000e+00   1397s
  1437     -2.03206e+01     -6.04000e+00      7.00000e+00   1398s
  1439     -2.05332e+01     -6.04000e+00      7.00000e+00   1400s
  1441     -2.07232e+01     -6.04000e+00      7.00000e+00   1402s
  1443     -2.06361e+01     -6.04000e+00      7.00000e+00   1404s
  1445     -2.05083e+01     -6.04000e+00      7.00000e+00   1406s
  1447     -2.04983e+01     -6.04000e+00      7.00000e+00   1408s
  1449     -2.10991e+01     -6.04000e+00      7.00000e+00   1410s
  1451     -2.06179e+01     -6.04000e+00      7.00000e+00   1412s
  1453     -2.06225e+01     -6.04000e+00      7.00000e+00   1414s
  1455     -2.06126e+01     -6.04000e+00      7.00000e+00   1416s
  1457     -2.03370e+01     -6.04000e+00      7.00000e+00   1418s
  1459     -2.02616e+01     -6.04000e+00      7.00000e+00   1420s
  1461     -2.05434e+01     -6.04000e+00      7.00000e+00   1421s
  1463     -2.02027e+01     -6.04000e+00      7.00000e+00   1423s
  1465     -2.07011e+01     -6.04000e+00      7.00000e+00   1425s
  1467     -2.03818e+01     -6.04000e+00      7.00000e+00   1427s
  1469     -2.06670e+01     -6.04000e+00      7.00000e+00   1429s
  1471     -2.04590e+01     -6.04000e+00      7.00000e+00   1431s
  1473     -2.01820e+01     -6.04000e+00      7.00000e+00   1433s
  1475     -2.04459e+01     -6.04000e+00      7.00000e+00   1435s
  1477     -2.09500e+01     -6.04000e+00      7.00000e+00   1437s
  1479     -2.05859e+01     -6.04000e+00      7.00000e+00   1439s
  1481     -2.06374e+01     -6.04000e+00      7.00000e+00   1441s
  1483     -2.03309e+01     -6.04000e+00      7.00000e+00   1443s
  1484     -2.03715e+01     -6.04000e+00      7.00000e+00   1444s
  1485     -2.11903e+01     -6.04000e+00      7.00000e+00   1445s
  1486     -2.06016e+01     -6.04000e+00      7.00000e+00   1446s
  1487     -2.06013e+01     -6.04000e+00      7.00000e+00   1447s
  1488     -2.05417e+01     -6.04000e+00      7.00000e+00   1448s
  1490     -2.08706e+01     -6.04000e+00      7.00000e+00   1450s
  1492     -2.02599e+01     -6.04000e+00      7.00000e+00   1452s
  1493     -2.13141e+01     -6.04000e+00      7.00000e+00   1453s
  1495     -2.05073e+01     -6.04000e+00      7.00000e+00   1455s
  1497     -2.08507e+01     -6.04000e+00      7.00000e+00   1457s
  1499     -2.04462e+01     -6.04000e+00      7.00000e+00   1459s
  1501     -2.06692e+01     -6.04000e+00      7.00000e+00   1461s
  1503     -2.06612e+01     -6.04000e+00      7.00000e+00   1463s
  1505     -2.09388e+01     -6.04000e+00      7.00000e+00   1464s
  1507     -2.12967e+01     -6.04000e+00      7.00000e+00   1466s
  1509     -2.01747e+01     -6.04000e+00      7.00000e+00   1468s
  1511     -2.05502e+01     -6.04000e+00      7.00000e+00   1470s
  1512     -2.06456e+01     -6.04000e+00      7.00000e+00   1471s
  1514     -2.09101e+01     -6.04000e+00      7.00000e+00   1473s
  1516     -2.14873e+01     -6.04000e+00      7.00000e+00   1475s
  1518     -2.03308e+01     -6.04000e+00      7.00000e+00   1477s
  1520     -2.05903e+01     -6.04000e+00      7.00000e+00   1479s
  1522     -2.07226e+01     -6.04000e+00      7.00000e+00   1481s
  1524     -2.07124e+01     -6.04000e+00      7.00000e+00   1483s
  1526     -2.06204e+01     -6.04000e+00      7.00000e+00   1484s
  1528     -2.09732e+01     -6.04000e+00      7.00000e+00   1486s
  1530     -2.07946e+01     -6.04000e+00      7.00000e+00   1488s
  1532     -2.02602e+01     -6.04000e+00      7.00000e+00   1490s
  1533     -2.03468e+01     -6.04000e+00      7.00000e+00   1491s
  1535     -2.08537e+01     -6.04000e+00      7.00000e+00   1493s
  1537     -2.00382e+01     -6.04000e+00      7.00000e+00   1495s
  1539     -2.02637e+01     -6.04000e+00      7.00000e+00   1497s
  1540     -2.08931e+01     -6.04000e+00      7.00000e+00   1498s
  1542     -2.09410e+01     -6.04000e+00      7.00000e+00   1500s
  1543     -2.10792e+01     -6.04000e+00      7.00000e+00   1501s
  1544     -2.09935e+01     -6.04000e+00      7.00000e+00   1502s
  1545     -2.05736e+01     -6.04000e+00      7.00000e+00   1503s
  1547     -2.04895e+01     -6.04000e+00      7.00000e+00   1505s
  1549     -2.05066e+01     -6.04000e+00      7.00000e+00   1507s
  1550     -2.01073e+01     -6.04000e+00      7.00000e+00   1508s
  1552     -2.06102e+01     -6.04000e+00      7.00000e+00   1510s
  1554     -2.11941e+01     -6.04000e+00      7.00000e+00   1512s
  1555     -2.06301e+01     -6.04000e+00      7.00000e+00   1513s
  1557     -2.07596e+01     -6.04000e+00      7.00000e+00   1515s
  1559     -2.15023e+01     -6.04000e+00      7.00000e+00   1517s
  1561     -2.05566e+01     -6.04000e+00      7.00000e+00   1519s
  1563     -2.03859e+01     -6.04000e+00      7.00000e+00   1521s
  1565     -2.04344e+01     -6.04000e+00      7.00000e+00   1523s
  1567     -2.13212e+01     -6.04000e+00      7.00000e+00   1525s
  1569     -2.09483e+01     -6.04000e+00      7.00000e+00   1527s
  1571     -2.08117e+01     -6.04000e+00      7.00000e+00   1528s
  1573     -2.02601e+01     -6.04000e+00      7.00000e+00   1530s
  1575     -2.05496e+01     -6.04000e+00      7.00000e+00   1532s
  1577     -2.04213e+01     -6.04000e+00      7.00000e+00   1534s
  1578     -2.13065e+01     -6.04000e+00      7.00000e+00   1535s
  1580     -2.12610e+01     -6.04000e+00      7.00000e+00   1537s
  1582     -2.10224e+01     -6.04000e+00      7.00000e+00   1539s
  1583     -2.15312e+01     -6.04000e+00      7.00000e+00   1540s
  1585     -2.08110e+01     -6.04000e+00      7.00000e+00   1542s
  1587     -2.01956e+01     -6.04000e+00      7.00000e+00   1544s
  1588     -2.10763e+01     -6.04000e+00      7.00000e+00   1545s
  1589     -2.07449e+01     -6.04000e+00      7.00000e+00   1546s
  1591     -2.03335e+01     -6.04000e+00      7.00000e+00   1548s
  1593     -2.09459e+01     -6.04000e+00      7.00000e+00   1550s
  1595     -2.07572e+01     -6.04000e+00      7.00000e+00   1552s
  1597     -2.05271e+01     -6.04000e+00      7.00000e+00   1554s
  1599     -2.01170e+01     -6.04000e+00      7.00000e+00   1556s
  1601     -2.05168e+01     -6.04000e+00      7.00000e+00   1558s
  1603     -2.03495e+01     -6.04000e+00      7.00000e+00   1559s
  1605     -2.03375e+01     -6.04000e+00      7.00000e+00   1561s
  1607     -2.08827e+01     -6.04000e+00      7.00000e+00   1563s
  1609     -2.03861e+01     -6.04000e+00      7.00000e+00   1565s
  1611     -2.03260e+01     -6.04000e+00      7.00000e+00   1567s
  1613     -2.04864e+01     -6.04000e+00      7.00000e+00   1569s
  1615     -2.14247e+01     -6.04000e+00      7.00000e+00   1571s
  1617     -2.11702e+01     -6.04000e+00      7.00000e+00   1573s
  1618     -2.09557e+01     -6.04000e+00      7.00000e+00   1574s
  1620     -2.08102e+01     -6.04000e+00      7.00000e+00   1576s
  1621     -2.10408e+01     -6.04000e+00      7.00000e+00   1577s
  1623     -2.04756e+01     -6.04000e+00      7.00000e+00   1579s
  1624     -2.06674e+01     -6.04000e+00      7.00000e+00   1580s
  1626     -2.06000e+01     -6.04000e+00      7.00000e+00   1582s
  1628     -2.03640e+01     -6.04000e+00      7.00000e+00   1584s
  1630     -2.08982e+01     -6.04000e+00      7.00000e+00   1586s
  1632     -2.06915e+01     -6.04000e+00      7.00000e+00   1588s
  1633     -2.11349e+01     -6.04000e+00      7.00000e+00   1589s
  1634     -2.06706e+01     -6.04000e+00      7.00000e+00   1590s
  1636     -2.05215e+01     -6.04000e+00      7.00000e+00   1592s
  1637     -2.08272e+01     -6.04000e+00      7.00000e+00   1593s
  1638     -2.01222e+01     -6.04000e+00      7.00000e+00   1594s
  1639     -2.10862e+01     -6.04000e+00      7.00000e+00   1595s
  1640     -2.04866e+01     -6.04000e+00      7.00000e+00   1596s
  1641     -2.05870e+01     -6.04000e+00      7.00000e+00   1597s
  1642     -2.05901e+01     -6.04000e+00      7.00000e+00   1598s
  1644     -2.15040e+01     -6.04000e+00      7.00000e+00   1600s
  1646     -2.02745e+01     -6.04000e+00      7.00000e+00   1602s
  1648     -2.03742e+01     -6.04000e+00      7.00000e+00   1604s
  1650     -2.07633e+01     -6.04000e+00      7.00000e+00   1605s
  1652     -2.04041e+01     -6.04000e+00      7.00000e+00   1607s
  1654     -2.01412e+01     -6.04000e+00      7.00000e+00   1609s
  1656     -2.05349e+01     -6.04000e+00      7.00000e+00   1611s
  1657     -2.04673e+01     -6.04000e+00      7.00000e+00   1612s
  1659     -2.05680e+01     -6.04000e+00      7.00000e+00   1614s
  1661     -2.09060e+01     -6.04000e+00      7.00000e+00   1616s
  1663     -2.11226e+01     -6.04000e+00      7.00000e+00   1618s
  1665     -2.09244e+01     -6.04000e+00      7.00000e+00   1620s
  1667     -2.01118e+01     -6.04000e+00      7.00000e+00   1622s
  1669     -2.07759e+01     -6.04000e+00      7.00000e+00   1624s
  1671     -2.08896e+01     -6.04000e+00      7.00000e+00   1625s
  1673     -2.06015e+01     -6.04000e+00      7.00000e+00   1627s
  1675     -2.07319e+01     -6.04000e+00      7.00000e+00   1629s
  1676     -2.04408e+01     -6.04000e+00      7.00000e+00   1630s
  1677     -2.08288e+01     -6.04000e+00      7.00000e+00   1631s
  1678     -2.03777e+01     -6.04000e+00      7.00000e+00   1632s
  1679     -2.02078e+01     -6.04000e+00      7.00000e+00   1633s
  1680     -2.01608e+01     -6.04000e+00      7.00000e+00   1635s
  1681     -2.05005e+01     -6.04000e+00      7.00000e+00   1636s
  1683     -2.05241e+01     -6.04000e+00      7.00000e+00   1637s
  1684     -2.02950e+01     -6.04000e+00      7.00000e+00   1638s
  1686     -2.01066e+01     -6.04000e+00      7.00000e+00   1640s
  1688     -2.04475e+01     -6.04000e+00      7.00000e+00   1642s
  1690     -2.04726e+01     -6.04000e+00      7.00000e+00   1644s
  1692     -2.12756e+01     -6.04000e+00      7.00000e+00   1646s
  1694     -2.04211e+01     -6.04000e+00      7.00000e+00   1648s
  1695     -2.09112e+01     -6.04000e+00      7.00000e+00   1649s
  1697     -2.07626e+01     -6.04000e+00      7.00000e+00   1651s
  1699     -2.07105e+01     -6.04000e+00      7.00000e+00   1653s
  1701     -2.04690e+01     -6.04000e+00      7.00000e+00   1655s
  1703     -2.00397e+01     -6.04000e+00      7.00000e+00   1656s
  1705     -2.10696e+01     -6.04000e+00      7.00000e+00   1658s
  1707     -2.02279e+01     -6.04000e+00      7.00000e+00   1660s
  1708     -2.05726e+01     -6.04000e+00      7.00000e+00   1661s
  1709     -2.05378e+01     -6.04000e+00      7.00000e+00   1662s
  1710     -1.98357e+01     -6.04000e+00      7.00000e+00   1663s
  1712     -1.98713e+01     -6.04000e+00      7.00000e+00   1665s
  1714     -2.05089e+01     -6.04000e+00      7.00000e+00   1667s
  1715     -2.07749e+01     -6.04000e+00      7.00000e+00   1668s
  1716     -2.06288e+01     -6.04000e+00      7.00000e+00   1669s
  1717     -2.10345e+01     -6.04000e+00      7.00000e+00   1670s
  1719     -2.09452e+01     -6.04000e+00      7.00000e+00   1672s
  1720     -2.11433e+01     -6.04000e+00      7.00000e+00   1673s
  1722     -2.16099e+01     -6.04000e+00      7.00000e+00   1675s
  1724     -2.00256e+01     -6.04000e+00      7.00000e+00   1677s
  1725     -2.09259e+01     -6.04000e+00      7.00000e+00   1678s
  1726     -2.05302e+01     -6.04000e+00      7.00000e+00   1680s
  1728     -2.06546e+01     -6.04000e+00      7.00000e+00   1682s
  1729     -2.08434e+01     -6.04000e+00      7.00000e+00   1683s
  1730     -2.06167e+01     -6.04000e+00      7.00000e+00   1684s
  1731     -2.03206e+01     -6.04000e+00      7.00000e+00   1685s
  1732     -2.08192e+01     -6.04000e+00      7.00000e+00   1686s
  1733     -2.00816e+01     -6.04000e+00      7.00000e+00   1687s
  1734     -2.02417e+01     -6.04000e+00      7.00000e+00   1688s
  1735     -2.06081e+01     -6.04000e+00      7.00000e+00   1689s
  1736     -2.00114e+01     -6.04000e+00      7.00000e+00   1690s
  1737     -1.97326e+01     -6.04000e+00      7.00000e+00   1691s
  1738     -2.05723e+01     -6.04000e+00      7.00000e+00   1692s
  1739     -2.03380e+01     -6.04000e+00      7.00000e+00   1693s
  1740     -2.03783e+01     -6.04000e+00      7.00000e+00   1694s
  1741     -2.05882e+01     -6.04000e+00      7.00000e+00   1695s
  1742     -2.03033e+01     -6.04000e+00      7.00000e+00   1696s
  1743     -2.08753e+01     -6.04000e+00      7.00000e+00   1697s
  1744     -2.09208e+01     -6.04000e+00      7.00000e+00   1698s
  1745     -2.04276e+01     -6.04000e+00      7.00000e+00   1699s
  1747     -2.02965e+01     -6.04000e+00      7.00000e+00   1701s
  1748     -2.09360e+01     -6.04000e+00      7.00000e+00   1702s
  1749     -2.06585e+01     -6.04000e+00      7.00000e+00   1703s
  1750     -2.05818e+01     -6.04000e+00      7.00000e+00   1704s
  1751     -2.13496e+01     -6.04000e+00      7.00000e+00   1705s
  1753     -2.02352e+01     -6.04000e+00      7.00000e+00   1707s
  1754     -2.10136e+01     -6.04000e+00      7.00000e+00   1708s
  1756     -2.09246e+01     -6.04000e+00      7.00000e+00   1710s
  1758     -2.06045e+01     -6.04000e+00      7.00000e+00   1712s
  1760     -2.04208e+01     -6.04000e+00      7.00000e+00   1714s
  1762     -2.04628e+01     -6.04000e+00      7.00000e+00   1716s
  1764     -2.06059e+01     -6.04000e+00      7.00000e+00   1718s
  1766     -2.06634e+01     -6.04000e+00      7.00000e+00   1720s
  1768     -2.06595e+01     -6.04000e+00      7.00000e+00   1722s
  1770     -2.08710e+01     -6.04000e+00      7.00000e+00   1724s
  1771     -2.08075e+01     -6.04000e+00      7.00000e+00   1725s
  1773     -2.06252e+01     -6.04000e+00      7.00000e+00   1727s
  1775     -2.07939e+01     -6.04000e+00      7.00000e+00   1728s
  1777     -2.07160e+01     -6.04000e+00      7.00000e+00   1730s
  1779     -2.06735e+01     -6.04000e+00      7.00000e+00   1732s
  1781     -2.07469e+01     -6.04000e+00      7.00000e+00   1734s
  1783     -2.04200e+01     -6.04000e+00      7.00000e+00   1736s
  1785     -2.01392e+01     -6.04000e+00      7.00000e+00   1738s
  1787     -2.06815e+01     -6.04000e+00      7.00000e+00   1740s
  1789     -2.04888e+01     -6.04000e+00      7.00000e+00   1742s
  1790     -2.04072e+01     -6.04000e+00      7.00000e+00   1743s
  1791     -2.03995e+01     -6.04000e+00      7.00000e+00   1744s
  1793     -2.00356e+01     -6.04000e+00      7.00000e+00   1746s
  1794     -2.06706e+01     -6.04000e+00      7.00000e+00   1747s
  1795     -2.06477e+01     -6.04000e+00      7.00000e+00   1748s
  1796     -2.08621e+01     -6.04000e+00      7.00000e+00   1749s
  1797     -2.07326e+01     -6.04000e+00      7.00000e+00   1750s
  1798     -2.09237e+01     -6.04000e+00      7.00000e+00   1751s
  1799     -2.04518e+01     -6.04000e+00      7.00000e+00   1752s
  1800     -2.04800e+01     -6.04000e+00      7.00000e+00   1753s
  1801     -2.06618e+01     -6.04000e+00      7.00000e+00   1754s
  1802     -2.08729e+01     -6.04000e+00      7.00000e+00   1755s
  1803     -2.01309e+01     -6.04000e+00      7.00000e+00   1756s
  1805     -2.09538e+01     -6.04000e+00      7.00000e+00   1758s
  1807     -2.15909e+01     -6.04000e+00      7.00000e+00   1760s
  1809     -2.07281e+01     -6.04000e+00      7.00000e+00   1762s
  1811     -2.10252e+01     -6.04000e+00      7.00000e+00   1764s
  1813     -2.04575e+01     -6.04000e+00      7.00000e+00   1766s
  1815     -2.02930e+01     -6.04000e+00      7.00000e+00   1768s
  1817     -2.03295e+01     -6.04000e+00      7.00000e+00   1769s
  1819     -2.04825e+01     -6.04000e+00      7.00000e+00   1771s
  1820     -2.09326e+01     -6.04000e+00      7.00000e+00   1772s
  1821     -2.08436e+01     -6.04000e+00      7.00000e+00   1773s
  1822     -2.07011e+01     -6.04000e+00      7.00000e+00   1774s
  1824     -2.06562e+01     -6.04000e+00      7.00000e+00   1776s
  1826     -2.01597e+01     -6.04000e+00      7.00000e+00   1778s
  1828     -1.99749e+01     -6.04000e+00      7.00000e+00   1780s
  1830     -2.10794e+01     -6.04000e+00      7.00000e+00   1782s
  1832     -2.07304e+01     -6.04000e+00      7.00000e+00   1784s
  1834     -2.13786e+01     -6.04000e+00      7.00000e+00   1786s
  1836     -2.08315e+01     -6.04000e+00      7.00000e+00   1788s
  1838     -1.97060e+01     -6.04000e+00      7.00000e+00   1790s
  1840     -2.02142e+01     -6.04000e+00      7.00000e+00   1792s
  1842     -2.03935e+01     -6.04000e+00      7.00000e+00   1794s
  1844     -2.10868e+01     -6.04000e+00      7.00000e+00   1795s
  1845     -2.05059e+01     -6.04000e+00      7.00000e+00   1796s
  1847     -2.15109e+01     -6.04000e+00      7.00000e+00   1798s
  1849     -2.06276e+01     -6.04000e+00      7.00000e+00   1800s
  1850     -2.10679e+01     -6.04000e+00      7.00000e+00   1802s
  1851     -2.04139e+01     -6.04000e+00      7.00000e+00   1803s
  1853     -2.10544e+01     -6.04000e+00      7.00000e+00   1805s
  1854     -2.05829e+01     -6.04000e+00      7.00000e+00   1806s
  1855     -2.13959e+01     -6.04000e+00      7.00000e+00   1807s
  1856     -2.09368e+01     -6.04000e+00      7.00000e+00   1808s
  1857     -2.18364e+01     -6.04000e+00      7.00000e+00   1809s
  1858     -2.10617e+01     -6.04000e+00      7.00000e+00   1810s
  1859     -2.13928e+01     -6.04000e+00      7.00000e+00   1811s
  1860     -2.12766e+01     -6.04000e+00      7.00000e+00   1812s
  1861     -2.07773e+01     -6.04000e+00      7.00000e+00   1813s
  1863     -1.99948e+01     -6.04000e+00      7.00000e+00   1815s
  1864     -1.99287e+01     -6.04000e+00      7.00000e+00   1816s
  1866     -1.94990e+01     -6.04000e+00      7.00000e+00   1818s
  1868     -1.97326e+01     -6.04000e+00      7.00000e+00   1820s
  1870     -2.10513e+01     -6.04000e+00      7.00000e+00   1822s
  1872     -2.06766e+01     -6.04000e+00      7.00000e+00   1824s
  1874     -2.06790e+01     -6.04000e+00      7.00000e+00   1826s
  1876     -2.07075e+01     -6.04000e+00      7.00000e+00   1828s
  1878     -1.99747e+01     -6.04000e+00      7.00000e+00   1829s
  1880     -2.14031e+01     -6.04000e+00      7.00000e+00   1831s
  1882     -2.12517e+01     -6.04000e+00      7.00000e+00   1833s
  1884     -2.12119e+01     -6.04000e+00      7.00000e+00   1835s
  1886     -2.08279e+01     -6.04000e+00      7.00000e+00   1837s
  1888     -1.96480e+01     -6.04000e+00      7.00000e+00   1839s
  1890     -1.93669e+01     -6.04000e+00      7.00000e+00   1841s
  1892     -2.00796e+01     -6.04000e+00      7.00000e+00   1843s
  1894     -1.98571e+01     -6.04000e+00      7.00000e+00   1845s
  1896     -2.09980e+01     -6.04000e+00      7.00000e+00   1847s
  1898     -2.11032e+01     -6.04000e+00      7.00000e+00   1849s
  1900     -2.04743e+01     -6.04000e+00      7.00000e+00   1850s
  1902     -2.10483e+01     -6.04000e+00      7.00000e+00   1852s
  1903     -2.09303e+01     -6.04000e+00      7.00000e+00   1853s
  1905     -2.15127e+01     -6.04000e+00      7.00000e+00   1855s
  1907     -2.27351e+01     -6.04000e+00      7.00000e+00   1857s
  1909     -2.25795e+01     -6.04000e+00      7.00000e+00   1859s
  1911     -2.07085e+01     -6.04000e+00      7.00000e+00   1861s
  1913     -2.01369e+01     -6.04000e+00      7.00000e+00   1863s
  1915     -1.98185e+01     -6.04000e+00      7.00000e+00   1865s
  1917     -1.95609e+01     -6.04000e+00      7.00000e+00   1867s
  1919     -2.01994e+01     -6.04000e+00      7.00000e+00   1868s
  1921     -2.05420e+01     -6.04000e+00      7.00000e+00   1870s
  1923     -2.05292e+01     -6.04000e+00      7.00000e+00   1872s
  1925     -2.03276e+01     -6.04000e+00      7.00000e+00   1874s
  1927     -2.08713e+01     -6.04000e+00      7.00000e+00   1876s
  1929     -2.15244e+01     -6.04000e+00      7.00000e+00   1878s
  1931     -2.27774e+01     -6.04000e+00      7.00000e+00   1880s
  1933     -2.23393e+01     -6.04000e+00      7.00000e+00   1882s
  1935     -2.16345e+01     -6.04000e+00      7.00000e+00   1884s
  1937     -1.97031e+01     -6.04000e+00      7.00000e+00   1886s
  1939     -1.92158e+01     -6.04000e+00      7.00000e+00   1888s
  1940     -1.98969e+01     -6.04000e+00      7.00000e+00   1889s
  1942     -2.00643e+01     -6.04000e+00      7.00000e+00   1891s
  1944     -2.02353e+01     -6.04000e+00      7.00000e+00   1892s
  1946     -2.04848e+01     -6.04000e+00      7.00000e+00   1894s
  1948     -2.10044e+01     -6.04000e+00      7.00000e+00   1896s
  1950     -2.09754e+01     -6.04000e+00      7.00000e+00   1898s
  1952     -2.14229e+01     -6.04000e+00      7.00000e+00   1900s
  1954     -2.19967e+01     -6.04000e+00      7.00000e+00   1902s
  1956     -2.34662e+01     -6.04000e+00      7.00000e+00   1904s
  1958     -2.30749e+01     -6.04000e+00      7.00000e+00   1906s
  1960     -2.18440e+01     -6.04000e+00      7.00000e+00   1908s
  1962     -2.05739e+01     -6.04000e+00      7.00000e+00   1910s
  1964     -2.01802e+01     -6.04000e+00      7.00000e+00   1912s
  1966     -1.97361e+01     -6.04000e+00      7.00000e+00   1914s
  1967     -1.98960e+01     -6.04000e+00      7.00000e+00   1915s
  1968     -2.03595e+01     -6.04000e+00      7.00000e+00   1916s
  1969     -1.97885e+01     -6.04000e+00      7.00000e+00   1917s
  1971     -1.97721e+01     -6.04000e+00      7.00000e+00   1919s
  1973     -1.99224e+01     -6.04000e+00      7.00000e+00   1920s
  1975     -2.08564e+01     -6.04000e+00      7.00000e+00   1922s
  1976     -2.11800e+01     -6.04000e+00      7.00000e+00   1923s
  1978     -2.26512e+01     -6.04000e+00      7.00000e+00   1925s
  1980     -2.26266e+01     -6.04000e+00      7.00000e+00   1927s
  1982     -2.27994e+01     -6.04000e+00      7.00000e+00   1929s
  1984     -2.16501e+01     -6.04000e+00      7.00000e+00   1931s
  1985     -2.15030e+01     -6.04000e+00      7.00000e+00   1932s
  1986     -2.07756e+01     -6.04000e+00      7.00000e+00   1933s
  1988     -2.03227e+01     -6.04000e+00      7.00000e+00   1935s
  1989     -2.01104e+01     -6.04000e+00      7.00000e+00   1936s
  1990     -1.95635e+01     -6.04000e+00      7.00000e+00   1937s
  1991     -1.97765e+01     -6.04000e+00      7.00000e+00   1938s
  1992     -2.01718e+01     -6.04000e+00      7.00000e+00   1939s
  1993     -2.02948e+01     -6.04000e+00      7.00000e+00   1940s
  1995     -2.02356e+01     -6.04000e+00      7.00000e+00   1942s
  1997     -2.00124e+01     -6.04000e+00      7.00000e+00   1944s
  1999     -2.04023e+01     -6.04000e+00      7.00000e+00   1946s
  2001     -2.03834e+01     -6.04000e+00      7.00000e+00   1948s
  2003     -2.21979e+01     -6.04000e+00      7.00000e+00   1950s
  2005     -2.23558e+01     -6.04000e+00      7.00000e+00   1952s
  2007     -2.32123e+01     -6.04000e+00      7.00000e+00   1953s
  2009     -2.17993e+01     -6.04000e+00      7.00000e+00   1955s
  2011     -2.15978e+01     -6.04000e+00      7.00000e+00   1957s
  2013     -2.00008e+01     -6.04000e+00      7.00000e+00   1959s
  2015     -2.08756e+01     -6.04000e+00      7.00000e+00   1961s
  2017     -2.16587e+01     -6.04000e+00      7.00000e+00   1963s
  2019     -2.21265e+01     -6.04000e+00      7.00000e+00   1965s
  2021     -2.17286e+01     -6.04000e+00      7.00000e+00   1967s
  2023     -2.08632e+01     -6.04000e+00      7.00000e+00   1969s
  2025     -2.11883e+01     -6.04000e+00      7.00000e+00   1971s
  2027     -2.17067e+01     -6.04000e+00      7.00000e+00   1972s
  2029     -2.29689e+01     -6.04000e+00      7.00000e+00   1974s
  2031     -2.37745e+01     -6.04000e+00      7.00000e+00   1976s
  2032     -2.28646e+01     -6.04000e+00      7.00000e+00   1977s
  2034     -2.12765e+01     -6.04000e+00      7.00000e+00   1979s
  2036     -2.05260e+01     -6.04000e+00      7.00000e+00   1981s
  2038     -2.06065e+01     -6.04000e+00      7.00000e+00   1983s
  2040     -2.08337e+01     -6.04000e+00      7.00000e+00   1985s
  2042     -2.20047e+01     -6.04000e+00      7.00000e+00   1987s
  2044     -2.16179e+01     -6.04000e+00      7.00000e+00   1989s
  2046     -2.07871e+01     -6.04000e+00      7.00000e+00   1991s
  2048     -2.03054e+01     -6.04000e+00      7.00000e+00   1993s
  2050     -2.05506e+01     -6.04000e+00      7.00000e+00   1994s
  2051     -1.94706e+01     -6.04000e+00      7.00000e+00   1995s
  2053     -2.16062e+01     -6.04000e+00      7.00000e+00   1997s
  2054     -2.22165e+01     -6.04000e+00      7.00000e+00   1998s
  2055     -2.28837e+01     -6.04000e+00      7.00000e+00   1999s
  2057     -2.32318e+01     -6.04000e+00      7.00000e+00   2001s
  2059     -2.24387e+01     -6.04000e+00      7.00000e+00   2003s
  2061     -2.10718e+01     -6.04000e+00      7.00000e+00   2005s
  2063     -2.05300e+01     -6.04000e+00      7.00000e+00   2007s
  2065     -2.25849e+01     -6.04000e+00      7.00000e+00   2009s
  2066     -2.28415e+01     -6.04000e+00      7.00000e+00   2010s
  2067     -2.44887e+01     -6.04000e+00      7.00000e+00   2011s
  2068     -2.47007e+01     -6.04000e+00      7.00000e+00   2012s
  2069     -2.51274e+01     -6.04000e+00      7.00000e+00   2013s
  2070     -2.46428e+01     -6.04000e+00      7.00000e+00   2014s
  2071     -2.31783e+01     -6.04000e+00      7.00000e+00   2015s
  2073     -2.12349e+01     -6.04000e+00      7.00000e+00   2017s
  2075     -2.07825e+01     -6.04000e+00      7.00000e+00   2019s
  2076     -1.99693e+01     -6.04000e+00      7.00000e+00   2020s
  2077     -2.09446e+01     -6.04000e+00      7.00000e+00   2021s
  2078     -2.18121e+01     -6.04000e+00      7.00000e+00   2022s
  2079     -2.27300e+01     -6.04000e+00      7.00000e+00   2023s
  2080     -2.31012e+01     -6.04000e+00      7.00000e+00   2024s
  2081     -2.33170e+01     -6.04000e+00      7.00000e+00   2025s
  2082     -2.30656e+01     -6.04000e+00      7.00000e+00   2026s
  2083     -2.27996e+01     -6.04000e+00      7.00000e+00   2027s
  2085     -2.13124e+01     -6.04000e+00      7.00000e+00   2029s
  2086     -2.08537e+01     -6.04000e+00      7.00000e+00   2030s
  2087     -2.03397e+01     -6.04000e+00      7.00000e+00   2031s
  2089     -2.14185e+01     -6.04000e+00      7.00000e+00   2033s
  2090     -2.26706e+01     -6.04000e+00      7.00000e+00   2034s
  2091     -2.38136e+01     -6.04000e+00      7.00000e+00   2036s
  2092     -2.48848e+01     -6.04000e+00      7.00000e+00   2037s
  2093     -2.52552e+01     -6.04000e+00      7.00000e+00   2038s
  2095     -2.41042e+01     -6.04000e+00      7.00000e+00   2040s
  2096     -2.38457e+01     -6.04000e+00      7.00000e+00   2041s
  2097     -2.21804e+01     -6.04000e+00      7.00000e+00   2042s
  2099     -2.01444e+01     -6.04000e+00      7.00000e+00   2044s
  2101     -2.02770e+01     -6.04000e+00      7.00000e+00   2046s
  2102     -2.04072e+01     -6.04000e+00      7.00000e+00   2047s
  2104     -2.20849e+01     -6.04000e+00      7.00000e+00   2049s
  2105     -2.30016e+01     -6.04000e+00      7.00000e+00   2050s
  2107     -2.39403e+01     -6.04000e+00      7.00000e+00   2052s
  2108     -2.37176e+01     -6.04000e+00      7.00000e+00   2053s
  2110     -2.16655e+01     -6.04000e+00      7.00000e+00   2055s
  2111     -2.11728e+01     -6.04000e+00      7.00000e+00   2056s
  2112     -2.03146e+01     -6.04000e+00      7.00000e+00   2057s
  2113     -2.01882e+01     -6.04000e+00      7.00000e+00   2058s
  2114     -2.11104e+01     -6.04000e+00      7.00000e+00   2059s
  2115     -2.27909e+01     -6.04000e+00      7.00000e+00   2060s
  2116     -2.39552e+01     -6.04000e+00      7.00000e+00   2061s
  2117     -2.53324e+01     -6.04000e+00      7.00000e+00   2062s
  2118     -2.60493e+01     -6.04000e+00      7.00000e+00   2063s
  2119     -2.57323e+01     -6.04000e+00      7.00000e+00   2064s
  2120     -2.50729e+01     -6.04000e+00      7.00000e+00   2065s
  2122     -2.31379e+01     -6.04000e+00      7.00000e+00   2067s
  2123     -2.19289e+01     -6.04000e+00      7.00000e+00   2068s
  2124     -2.10998e+01     -6.04000e+00      7.00000e+00   2069s
  2125     -2.02768e+01     -6.04000e+00      7.00000e+00   2070s
  2126     -1.98884e+01     -6.04000e+00      7.00000e+00   2071s
  2127     -2.04144e+01     -6.04000e+00      7.00000e+00   2072s
  2128     -2.19254e+01     -6.04000e+00      7.00000e+00   2073s
  2129     -2.32392e+01     -6.04000e+00      7.00000e+00   2074s
  2130     -2.32933e+01     -6.04000e+00      7.00000e+00   2075s
  2131     -2.32659e+01     -6.04000e+00      7.00000e+00   2076s
  2132     -2.35366e+01     -6.04000e+00      7.00000e+00   2077s
  2133     -2.27767e+01     -6.04000e+00      7.00000e+00   2078s
  2134     -2.22552e+01     -6.04000e+00      7.00000e+00   2079s
  2135     -2.13128e+01     -6.04000e+00      7.00000e+00   2080s
  2136     -2.10743e+01     -6.04000e+00      7.00000e+00   2081s
  2138     -2.10827e+01     -6.04000e+00      7.00000e+00   2083s
  2139     -2.22837e+01     -6.04000e+00      7.00000e+00   2084s
  2141     -2.35265e+01     -6.04000e+00      7.00000e+00   2086s
  2142     -2.54263e+01     -6.04000e+00      7.00000e+00   2087s
  2143     -2.59214e+01     -6.04000e+00      7.00000e+00   2088s
  2144     -2.55452e+01     -6.04000e+00      7.00000e+00   2089s
  2145     -2.49456e+01     -6.04000e+00      7.00000e+00   2090s
  2146     -2.39619e+01     -6.04000e+00      7.00000e+00   2091s
  2147     -2.28193e+01     -6.04000e+00      7.00000e+00   2092s
  2149     -2.02856e+01     -6.04000e+00      7.00000e+00   2094s
  2151     -1.97526e+01     -6.04000e+00      7.00000e+00   2096s
  2152     -2.13451e+01     -6.04000e+00      7.00000e+00   2097s
  2153     -2.23291e+01     -6.04000e+00      7.00000e+00   2098s
  2154     -2.39135e+01     -6.04000e+00      7.00000e+00   2100s
  2155     -2.43932e+01     -6.04000e+00      7.00000e+00   2101s
  2157     -2.45820e+01     -6.04000e+00      7.00000e+00   2103s
  2158     -2.45105e+01     -6.04000e+00      7.00000e+00   2104s
  2160     -2.25006e+01     -6.04000e+00      7.00000e+00   2106s
  2161     -2.12290e+01     -6.04000e+00      7.00000e+00   2107s
  2163     -2.05131e+01     -6.04000e+00      7.00000e+00   2109s
  2164     -2.09551e+01     -6.04000e+00      7.00000e+00   2110s
  2165     -2.25536e+01     -6.04000e+00      7.00000e+00   2111s
  2166     -2.37166e+01     -6.04000e+00      7.00000e+00   2112s
  2167     -2.44546e+01     -6.04000e+00      7.00000e+00   2113s
  2168     -2.66340e+01     -6.04000e+00      7.00000e+00   2114s
  2170     -2.55759e+01     -6.04000e+00      7.00000e+00   2116s
  2171     -2.38843e+01     -6.04000e+00      7.00000e+00   2117s
  2173     -2.16666e+01     -6.04000e+00      7.00000e+00   2119s
  2174     -2.05689e+01     -6.04000e+00      7.00000e+00   2120s
  2176     -2.06581e+01     -6.04000e+00      7.00000e+00   2122s
  2178     -2.21094e+01     -6.04000e+00      7.00000e+00   2124s
  2180     -2.40119e+01     -6.04000e+00      7.00000e+00   2126s
  2182     -2.44900e+01     -6.04000e+00      7.00000e+00   2128s
  2184     -2.30206e+01     -6.04000e+00      7.00000e+00   2130s
  2186     -2.06571e+01     -6.04000e+00      7.00000e+00   2131s
  2188     -2.04843e+01     -6.04000e+00      7.00000e+00   2133s
  2190     -2.27923e+01     -6.04000e+00      7.00000e+00   2135s
  2191     -2.44797e+01     -6.04000e+00      7.00000e+00   2136s
  2193     -2.53652e+01     -6.04000e+00      7.00000e+00   2138s
  2194     -2.61478e+01     -6.04000e+00      7.00000e+00   2139s
  2196     -2.32728e+01     -6.04000e+00      7.00000e+00   2141s
  2197     -2.24625e+01     -6.04000e+00      7.00000e+00   2142s
  2198     -2.12958e+01     -6.04000e+00      7.00000e+00   2143s
  2199     -2.07519e+01     -6.04000e+00      7.00000e+00   2144s
  2200     -2.08500e+01     -6.04000e+00      7.00000e+00   2145s
  2201     -2.01838e+01     -6.04000e+00      7.00000e+00   2146s
  2203     -2.18698e+01     -6.04000e+00      7.00000e+00   2149s
  2205     -2.57183e+01     -6.04000e+00      7.00000e+00   2150s
  2207     -2.59809e+01     -6.04000e+00      7.00000e+00   2152s
  2209     -2.45820e+01     -6.04000e+00      7.00000e+00   2154s
  2211     -2.15254e+01     -6.04000e+00      7.00000e+00   2156s
  2212     -2.05675e+01     -6.04000e+00      7.00000e+00   2157s
  2213     -2.09418e+01     -6.04000e+00      7.00000e+00   2158s
  2214     -2.22185e+01     -6.04000e+00      7.00000e+00   2159s
  2215     -2.41349e+01     -6.04000e+00      7.00000e+00   2160s
  2216     -2.59564e+01     -6.04000e+00      7.00000e+00   2162s
  2217     -2.74453e+01     -6.04000e+00      7.00000e+00   2163s
  2218     -2.91695e+01     -6.04000e+00      7.00000e+00   2164s
  2219     -2.93369e+01     -6.04000e+00      7.00000e+00   2165s
  2221     -2.65505e+01     -6.04000e+00      7.00000e+00   2167s
  2222     -2.45347e+01     -6.04000e+00      7.00000e+00   2168s
  2224     -2.09840e+01     -6.04000e+00      7.00000e+00   2170s
  2225     -2.03869e+01     -6.04000e+00      7.00000e+00   2171s
  2226     -1.95292e+01     -6.04000e+00      7.00000e+00   2172s
  2227     -2.12646e+01     -6.04000e+00      7.00000e+00   2173s
  2229     -2.50541e+01     -6.04000e+00      7.00000e+00   2175s
  2230     -2.62202e+01     -6.04000e+00      7.00000e+00   2176s
  2232     -2.57219e+01     -6.04000e+00      7.00000e+00   2178s
  2233     -2.54755e+01     -6.04000e+00      7.00000e+00   2179s
  2234     -2.32804e+01     -6.04000e+00      7.00000e+00   2180s
  2236     -2.10854e+01     -6.04000e+00      7.00000e+00   2182s
  2237     -2.01403e+01     -6.04000e+00      7.00000e+00   2183s
  2238     -2.19405e+01     -6.04000e+00      7.00000e+00   2184s
  2239     -2.32637e+01     -6.04000e+00      7.00000e+00   2185s
  2240     -2.52644e+01     -6.04000e+00      7.00000e+00   2186s
  2241     -2.74631e+01     -6.04000e+00      7.00000e+00   2187s
  2243     -2.99147e+01     -6.04000e+00      7.00000e+00   2189s
  2244     -2.95860e+01     -6.04000e+00      7.00000e+00   2190s
  2245     -2.69861e+01     -6.04000e+00      7.00000e+00   2191s
  2246     -2.59511e+01     -6.04000e+00      7.00000e+00   2192s
  2248     -2.18504e+01     -6.04000e+00      7.00000e+00   2194s
  2249     -2.04911e+01     -6.04000e+00      7.00000e+00   2195s
  2250     -2.05500e+01     -6.04000e+00      7.00000e+00   2196s
  2251     -1.91557e+01     -6.04000e+00      7.00000e+00   2197s
  2253     -1.88834e+01     -6.04000e+00      7.00000e+00   2199s
  2255     -2.29086e+01     -6.04000e+00      7.00000e+00   2201s
  2257     -2.45761e+01     -6.04000e+00      7.00000e+00   2203s
  2259     -2.28115e+01     -6.04000e+00      7.00000e+00   2205s
  2261     -2.03908e+01     -6.04000e+00      7.00000e+00   2207s
  2263     -2.11817e+01     -6.04000e+00      7.00000e+00   2209s
  2265     -2.65127e+01     -6.04000e+00      7.00000e+00   2211s
  2267     -3.18090e+01     -6.04000e+00      7.00000e+00   2213s
  2269     -3.40781e+01     -6.04000e+00      7.00000e+00   2215s
  2271     -3.11419e+01     -6.04000e+00      7.00000e+00   2216s
  2273     -2.41506e+01     -6.04000e+00      7.00000e+00   2218s
  2275     -1.96377e+01     -6.04000e+00      7.00000e+00   2220s
  2277     -1.95867e+01     -6.04000e+00      7.00000e+00   2222s
  2279     -2.24394e+01     -6.04000e+00      7.00000e+00   2224s
  2281     -2.45999e+01     -6.04000e+00      7.00000e+00   2226s
  2283     -2.38337e+01     -6.04000e+00      7.00000e+00   2228s
  2285     -2.11717e+01     -6.04000e+00      7.00000e+00   2230s
  2286     -1.97290e+01     -6.04000e+00      7.00000e+00   2231s
  2288     -2.14761e+01     -6.04000e+00      7.00000e+00   2233s
  2290     -2.72985e+01     -6.04000e+00      7.00000e+00   2235s
  2291     -3.01342e+01     -6.04000e+00      7.00000e+00   2236s
  2293     -3.38227e+01     -6.04000e+00      7.00000e+00   2238s
  2295     -3.10783e+01     -6.04000e+00      7.00000e+00   2240s
  2297     -2.56313e+01     -6.04000e+00      7.00000e+00   2242s
  2299     -2.05919e+01     -6.04000e+00      7.00000e+00   2244s
  2301     -1.86631e+01     -6.04000e+00      7.00000e+00   2246s
  2303     -1.95438e+01     -6.04000e+00      7.00000e+00   2248s
  2305     -2.25706e+01     -6.04000e+00      7.00000e+00   2250s
  2307     -2.41201e+01     -6.04000e+00      7.00000e+00   2251s
  2309     -2.23266e+01     -6.04000e+00      7.00000e+00   2253s
  2311     -1.99014e+01     -6.04000e+00      7.00000e+00   2255s
  2313     -2.19044e+01     -6.04000e+00      7.00000e+00   2257s
  2315     -2.88881e+01     -6.04000e+00      7.00000e+00   2259s
  2316     -3.29440e+01     -6.04000e+00      7.00000e+00   2260s
  2318     -3.77881e+01     -6.04000e+00      7.00000e+00   2262s
  2320     -3.71319e+01     -6.04000e+00      7.00000e+00   2264s
  2321     -3.36237e+01     -6.04000e+00      7.00000e+00   2265s
  2323     -2.58295e+01     -6.04000e+00      7.00000e+00   2267s
  2325     -1.97654e+01     -6.04000e+00      7.00000e+00   2269s
  2327     -1.94901e+01     -6.04000e+00      7.00000e+00   2271s
  2328     -2.03496e+01     -6.04000e+00      7.00000e+00   2272s
  2330     -2.29382e+01     -6.04000e+00      7.00000e+00   2274s
  2332     -2.37982e+01     -6.04000e+00      7.00000e+00   2276s
  2334     -2.12040e+01     -6.04000e+00      7.00000e+00   2278s
  2336     -2.00361e+01     -6.04000e+00      7.00000e+00   2280s
  2338     -2.32946e+01     -6.04000e+00      7.00000e+00   2281s
  2340     -3.06280e+01     -6.04000e+00      7.00000e+00   2283s
  2342     -3.78675e+01     -6.04000e+00      7.00000e+00   2285s
  2344     -3.92724e+01     -6.04000e+00      7.00000e+00   2287s
  2345     -3.61700e+01     -6.04000e+00      7.00000e+00   2288s
  2346     -3.25454e+01     -6.04000e+00      7.00000e+00   2289s
  2347     -2.74726e+01     -6.04000e+00      7.00000e+00   2290s
  2349     -2.00932e+01     -6.04000e+00      7.00000e+00   2292s
  2350     -2.07035e+01     -6.04000e+00      7.00000e+00   2293s
  2352     -2.04041e+01     -6.04000e+00      7.00000e+00   2295s
  2353     -2.26484e+01     -6.04000e+00      7.00000e+00   2296s
  2355     -2.69938e+01     -6.04000e+00      7.00000e+00   2298s
  2357     -2.74100e+01     -6.04000e+00      7.00000e+00   2300s
  2359     -2.26536e+01     -6.04000e+00      7.00000e+00   2302s
  2361     -1.99469e+01     -6.04000e+00      7.00000e+00   2304s
  2363     -2.19846e+01     -6.04000e+00      7.00000e+00   2306s
  2365     -3.19363e+01     -6.04000e+00      7.00000e+00   2308s
  2367     -4.05610e+01     -6.04000e+00      7.00000e+00   2310s
  2369     -4.29919e+01     -6.04000e+00      7.00000e+00   2312s
  2371     -3.68728e+01     -6.04000e+00      7.00000e+00   2314s
  2372     -3.12220e+01     -6.04000e+00      7.00000e+00   2315s
  2373     -2.56292e+01     -6.04000e+00      7.00000e+00   2316s
  2375     -1.97405e+01     -6.04000e+00      7.00000e+00   2317s
  2377     -2.16264e+01     -6.04000e+00      7.00000e+00   2319s
  2379     -2.58069e+01     -6.04000e+00      7.00000e+00   2321s
  2381     -2.75189e+01     -6.04000e+00      7.00000e+00   2323s
  2383     -2.35372e+01     -6.04000e+00      7.00000e+00   2325s
  2384     -2.15568e+01     -6.04000e+00      7.00000e+00   2326s
  2385     -2.05172e+01     -6.04000e+00      7.00000e+00   2327s
  2386     -1.94681e+01     -6.04000e+00      7.00000e+00   2328s
  2388     -2.46642e+01     -6.04000e+00      7.00000e+00   2330s
  2389     -2.91765e+01     -6.04000e+00      7.00000e+00   2331s
  2390     -3.41915e+01     -6.04000e+00      7.00000e+00   2332s
  2392     -4.26105e+01     -6.04000e+00      7.00000e+00   2334s
  2394     -4.21030e+01     -6.04000e+00      7.00000e+00   2336s
  2396     -3.28865e+01     -6.04000e+00      7.00000e+00   2338s
  2398     -2.36200e+01     -6.04000e+00      7.00000e+00   2340s
  2400     -2.08907e+01     -6.04000e+00      7.00000e+00   2342s
  2402     -2.06508e+01     -6.04000e+00      7.00000e+00   2344s
  2404     -2.43238e+01     -6.04000e+00      7.00000e+00   2345s
  2406     -2.64829e+01     -6.04000e+00      7.00000e+00   2347s
  2407     -2.59687e+01     -6.04000e+00      7.00000e+00   2348s
  2409     -2.22851e+01     -6.04000e+00      7.00000e+00   2350s
  2411     -1.91205e+01     -6.04000e+00      7.00000e+00   2352s
  2413     -2.21635e+01     -6.04000e+00      7.00000e+00   2354s
  2415     -3.22391e+01     -6.04000e+00      7.00000e+00   2356s
  2417     -4.08009e+01     -6.04000e+00      7.00000e+00   2358s
  2419     -4.11874e+01     -6.04000e+00      7.00000e+00   2360s
  2421     -3.54472e+01     -6.04000e+00      7.00000e+00   2362s
  2423     -2.49008e+01     -6.04000e+00      7.00000e+00   2364s
  2425     -2.06107e+01     -6.04000e+00      7.00000e+00   2366s
  2426     -2.01100e+01     -6.04000e+00      7.00000e+00   2367s
  2427     -2.14850e+01     -6.04000e+00      7.00000e+00   2368s
  2429     -2.55984e+01     -6.04000e+00      7.00000e+00   2370s
  2431     -2.59754e+01     -6.04000e+00      7.00000e+00   2372s
  2433     -2.21939e+01     -6.04000e+00      7.00000e+00   2373s
  2434     -2.06704e+01     -6.04000e+00      7.00000e+00   2374s
  2435     -1.90675e+01     -6.04000e+00      7.00000e+00   2375s
  2436     -1.94210e+01     -6.04000e+00      7.00000e+00   2377s
  2437     -2.17851e+01     -6.04000e+00      7.00000e+00   2378s
  2438     -2.43539e+01     -6.04000e+00      7.00000e+00   2379s
  2440     -3.41571e+01     -6.04000e+00      7.00000e+00   2380s
  2442     -4.21409e+01     -6.04000e+00      7.00000e+00   2382s
  2444     -4.07260e+01     -6.04000e+00      7.00000e+00   2384s
  2445     -3.78460e+01     -6.04000e+00      7.00000e+00   2385s
  2447     -2.75232e+01     -6.04000e+00      7.00000e+00   2387s
  2449     -2.06729e+01     -6.04000e+00      7.00000e+00   2389s
  2451     -1.83016e+01     -6.04000e+00      7.00000e+00   2391s
  2453     -2.00966e+01     -6.04000e+00      7.00000e+00   2393s
  2455     -2.20037e+01     -6.04000e+00      7.00000e+00   2395s
  2457     -2.37166e+01     -6.04000e+00      7.00000e+00   2397s
  2459     -2.06875e+01     -6.04000e+00      7.00000e+00   2399s
  2461     -1.95693e+01     -6.04000e+00      7.00000e+00   2401s
  2463     -2.23007e+01     -6.04000e+00      7.00000e+00   2403s
  2464     -2.61323e+01     -6.04000e+00      7.00000e+00   2404s
  2465     -2.97263e+01     -6.04000e+00      7.00000e+00   2405s
  2467     -3.71687e+01     -6.04000e+00      7.00000e+00   2406s
  2469     -3.94214e+01     -6.04000e+00      7.00000e+00   2408s
  2471     -3.39923e+01     -6.04000e+00      7.00000e+00   2410s
  2473     -2.58614e+01     -6.04000e+00      7.00000e+00   2412s
  2474     -2.20918e+01     -6.04000e+00      7.00000e+00   2413s
  2475     -2.02773e+01     -6.04000e+00      7.00000e+00   2414s
  2476     -1.82495e+01     -6.04000e+00      7.00000e+00   2415s
  2478     -1.95580e+01     -6.04000e+00      7.00000e+00   2417s
  2480     -2.28523e+01     -6.04000e+00      7.00000e+00   2419s
  2482     -2.25194e+01     -6.04000e+00      7.00000e+00   2421s
  2484     -2.04045e+01     -6.04000e+00      7.00000e+00   2423s
  2486     -1.99982e+01     -6.04000e+00      7.00000e+00   2425s
  2488     -2.45129e+01     -6.04000e+00      7.00000e+00   2427s
  2490     -3.20651e+01     -6.04000e+00      7.00000e+00   2429s
  2492     -4.00998e+01     -6.04000e+00      7.00000e+00   2431s
  2494     -3.85067e+01     -6.04000e+00      7.00000e+00   2433s
  2496     -3.19206e+01     -6.04000e+00      7.00000e+00   2435s
  2498     -2.31314e+01     -6.04000e+00      7.00000e+00   2437s

==================================================
Summary of results QAOA
--------------------------------------------------
Avg of QAOA obj (BQO obj):    0.78
Avg of QAOA obj (penalty):    -6.82
Avg of constraint violation:  3.31

Avg of QAOA obj:              -6.04
STD of QAOA obj:              3.71
Avg of QAOA obj (feasible):   2.93
STD of QAOA obj (feasible):   0.64

Gamma angles:                 0.13
Beta angles:                  0.51

Best QAOA obj:                7.00
Modified best QAOA obj:       7.00
Best QAOA obj (feasible):     7.00

QAOA total time:              2437.53s
QAOA circuit depth:           19
==================================================

==================================================
Summary of results of 0-S7
--------------------------------------------------
Number of vertices:           7
Number of edges:              20

Vertex num in largest comp:   7
Edge num in largest comp:     20

Pre-processing running time:  0.00
Total solver time:            2436.54
Running time:                 2439.93

Upper bound:                  11.00
Objective value:              7.00

Partition 0:                  1, 5                
Partition 1:                                      
Partition 2:                  2                   
Partition 3:                  3, 4, 6, 7          
==================================================
