==================================================
Instance parameters
--------------------------------------------------
Number of vertices:           5
Number of edges:              10
Number of partitions:         4

Density (%):                  100
Name of instance:             seed1_band_pen1.0
Is planar:                    False
==================================================

==================================================
Solver parameters
--------------------------------------------------
Method:                       R-QUBO
Peel:                         False
Decompose:                    False
Fold:                         False

QAOA Num Levels:              1
QAOA Scipy Optimizer:         brute
==================================================

  iter        avg-obj        best avg-obj       best-obj      time
     0     -1.19380e+01     -1.19380e+01      5.00000e+00      2s
     3     -1.23150e+01     -1.15520e+01      7.00000e+00      3s
     7     -1.21840e+01     -1.15520e+01      7.00000e+00      4s
    11     -1.12490e+01     -1.12490e+01      7.00000e+00      5s
    14     -1.17080e+01     -1.12490e+01      7.00000e+00      6s
    18     -1.11110e+01     -1.11110e+01      7.00000e+00      7s
    22     -1.16080e+01     -1.11110e+01      7.00000e+00      8s
    26     -1.22690e+01     -1.08890e+01      7.00000e+00      9s
    29     -1.18330e+01     -1.08890e+01      7.00000e+00     11s
    32     -1.19310e+01     -1.08890e+01      7.00000e+00     12s
    36     -1.15960e+01     -1.08890e+01      7.00000e+00     13s
    39     -1.18910e+01     -1.08890e+01      7.00000e+00     14s
    43     -1.20580e+01     -1.08890e+01      7.00000e+00     15s
    46     -1.21410e+01     -1.08890e+01      7.00000e+00     16s
    49     -1.16610e+01     -1.08890e+01      7.00000e+00     18s
    52     -1.63100e+00     -1.63100e+00      7.00000e+00     19s
    55      1.15600e+00      1.45000e+00      7.00000e+00     20s
    59     -3.47200e+00      1.45000e+00      7.00000e+00     21s
    63     -1.63230e+01      1.45000e+00      7.00000e+00     22s
    69     -4.51230e+01      1.45000e+00      7.00000e+00     24s
    72     -3.20030e+01      1.45000e+00      7.00000e+00     25s
    76     -3.52500e+00      1.45000e+00      7.00000e+00     26s
    79      1.21400e+00      1.45000e+00      7.00000e+00     27s
    83     -3.25100e+00      1.45000e+00      7.00000e+00     28s
    87     -1.31970e+01      1.45000e+00      7.00000e+00     30s
    90     -3.10660e+01      1.45000e+00      7.00000e+00     31s
    94     -4.40800e+01      1.45000e+00      7.00000e+00     32s
    98     -1.85620e+01      1.45000e+00      7.00000e+00     33s
   101     -7.09300e+00      1.45000e+00      7.00000e+00     35s
   104     -1.52600e+00      1.45000e+00      7.00000e+00     36s
   109     -2.08900e+00      1.45000e+00      7.00000e+00     37s
   112     -1.09230e+01      1.45000e+00      7.00000e+00     38s
   115     -3.25260e+01      1.45000e+00      7.00000e+00     39s
   119     -4.71640e+01      1.45000e+00      7.00000e+00     40s
   123     -2.18590e+01      1.45000e+00      7.00000e+00     41s
   126     -4.93900e+00      1.45000e+00      7.00000e+00     43s
   129     -1.14200e+00      1.45000e+00      7.00000e+00     44s
   133     -2.16600e+00      1.45000e+00      7.00000e+00     45s
   137     -1.41380e+01      1.45000e+00      7.00000e+00     46s
   140     -3.54340e+01      1.45000e+00      7.00000e+00     47s
   145     -4.10350e+01      1.45000e+00      7.00000e+00     49s
   150     -1.21060e+01      1.45000e+00      7.00000e+00     50s
   153     -1.05720e+01      1.45000e+00      7.00000e+00     51s
   156     -9.36200e+00      1.45000e+00      7.00000e+00     52s
   159     -4.90900e+00      1.45000e+00      7.00000e+00     53s
   163     -1.52500e+01      1.45000e+00      7.00000e+00     54s
   168     -2.91100e+01      1.45000e+00      7.00000e+00     56s
   171     -2.03090e+01      1.45000e+00      7.00000e+00     57s
   175     -1.13890e+01      1.45000e+00      7.00000e+00     58s
   179     -1.07160e+01      1.45000e+00      7.00000e+00     59s
   183     -5.02900e+00      1.45000e+00      7.00000e+00     61s
   186     -9.41600e+00      1.45000e+00      7.00000e+00     62s
   190     -2.72220e+01      1.45000e+00      7.00000e+00     63s
   195     -2.28530e+01      1.45000e+00      7.00000e+00     64s
   199     -1.19810e+01      1.45000e+00      7.00000e+00     65s
   202     -1.52790e+01      1.45000e+00      7.00000e+00     67s
   206     -1.78840e+01      1.45000e+00      7.00000e+00     68s
   210     -1.08200e+01      1.45000e+00      7.00000e+00     69s
   213     -1.35360e+01      1.45000e+00      7.00000e+00     70s
   216     -1.74080e+01      1.45000e+00      7.00000e+00     71s
   220     -1.45460e+01      1.45000e+00      7.00000e+00     73s
   222     -1.13550e+01      1.45000e+00      7.00000e+00     74s
   226     -1.40550e+01      1.45000e+00      7.00000e+00     75s
   231     -1.45310e+01      1.45000e+00      7.00000e+00     76s
   234     -1.01380e+01      1.45000e+00      7.00000e+00     77s
   238     -1.36590e+01      1.45000e+00      7.00000e+00     78s
   243     -1.79070e+01      1.45000e+00      7.00000e+00     79s
   246     -1.16140e+01      1.45000e+00      7.00000e+00     81s
   249     -1.19050e+01      1.45000e+00      7.00000e+00     82s
   252     -1.38960e+01      1.45000e+00      7.00000e+00     83s
   255     -1.62180e+01      1.45000e+00      7.00000e+00     84s
   258     -1.51820e+01      1.45000e+00      7.00000e+00     85s
   261     -1.20880e+01      1.45000e+00      7.00000e+00     86s
   265     -1.41160e+01      1.45000e+00      7.00000e+00     88s
   270     -1.43090e+01      1.45000e+00      7.00000e+00     89s
   274     -1.12950e+01      1.45000e+00      7.00000e+00     90s
   277     -1.44530e+01      1.45000e+00      7.00000e+00     91s
   280     -1.59520e+01      1.45000e+00      7.00000e+00     92s
   284     -1.25520e+01      1.45000e+00      7.00000e+00     93s
   287     -1.26000e+01      1.45000e+00      7.00000e+00     95s
   290     -1.45610e+01      1.45000e+00      7.00000e+00     96s
   293     -1.54940e+01      1.45000e+00      7.00000e+00     97s
   297     -1.26000e+01      1.45000e+00      7.00000e+00     98s
   301     -1.21920e+01      1.45000e+00      7.00000e+00    100s
   304     -1.43650e+01      1.45000e+00      7.00000e+00    101s
   308     -1.46040e+01      1.45000e+00      7.00000e+00    102s
   311     -1.21940e+01      1.45000e+00      7.00000e+00    103s
   315     -1.35720e+01      1.45000e+00      7.00000e+00    104s
   319     -1.55310e+01      1.45000e+00      7.00000e+00    106s
   322     -1.36170e+01      1.45000e+00      7.00000e+00    107s
   325     -1.26120e+01      1.45000e+00      7.00000e+00    108s
   328     -1.35950e+01      1.45000e+00      7.00000e+00    109s
   331     -1.46060e+01      1.45000e+00      7.00000e+00    110s
   335     -1.22420e+01      1.45000e+00      7.00000e+00    112s
   338     -1.24460e+01      1.45000e+00      7.00000e+00    113s
   341     -1.43730e+01      1.45000e+00      7.00000e+00    114s
   346     -1.38470e+01      1.45000e+00      7.00000e+00    115s
   350     -1.18870e+01      1.45000e+00      7.00000e+00    116s
   353     -1.41760e+01      1.45000e+00      7.00000e+00    118s
   356     -1.44480e+01      1.45000e+00      7.00000e+00    119s
   360     -1.32330e+01      1.45000e+00      7.00000e+00    120s
   363     -1.21450e+01      1.45000e+00      7.00000e+00    121s
   366     -1.34560e+01      1.45000e+00      7.00000e+00    122s
   369     -1.46670e+01      1.45000e+00      7.00000e+00    123s
   372     -1.29280e+01      1.45000e+00      7.00000e+00    124s
   375     -1.19190e+01      1.45000e+00      7.00000e+00    126s
   378     -1.29720e+01      1.45000e+00      7.00000e+00    127s
   382     -1.30920e+01      1.45000e+00      7.00000e+00    128s
   386     -1.24890e+01      1.45000e+00      7.00000e+00    129s
   389     -1.24850e+01      1.45000e+00      7.00000e+00    130s
   393     -1.42080e+01      1.45000e+00      7.00000e+00    131s
   396     -1.26740e+01      1.45000e+00      7.00000e+00    133s
   399     -1.15130e+01      1.45000e+00      7.00000e+00    134s
   402     -1.24480e+01      1.45000e+00      7.00000e+00    135s
   405     -1.49140e+01      1.45000e+00      7.00000e+00    136s
   408     -1.40400e+01      1.45000e+00      7.00000e+00    137s
   411     -1.18800e+01      1.45000e+00      7.00000e+00    139s
   413     -1.28250e+01      1.45000e+00      7.00000e+00    140s
   416     -1.37000e+01      1.45000e+00      7.00000e+00    141s
   420     -1.39190e+01      1.45000e+00      7.00000e+00    142s
   423     -1.22110e+01      1.45000e+00      7.00000e+00    143s
   426     -1.20040e+01      1.45000e+00      7.00000e+00    144s
   430     -1.48290e+01      1.45000e+00      7.00000e+00    146s
   433     -1.28770e+01      1.45000e+00      7.00000e+00    147s
   437     -1.22420e+01      1.45000e+00      7.00000e+00    148s
   440     -1.32910e+01      1.45000e+00      7.00000e+00    150s
   443     -1.40440e+01      1.45000e+00      7.00000e+00    151s
   446     -1.39550e+01      1.45000e+00      7.00000e+00    152s
   449     -1.18380e+01      1.45000e+00      7.00000e+00    153s
   452     -1.23440e+01      1.45000e+00      7.00000e+00    154s
   457     -1.38360e+01      1.45000e+00      7.00000e+00    156s
   462     -1.16730e+01      1.45000e+00      7.00000e+00    157s
   465     -1.29330e+01      1.45000e+00      7.00000e+00    159s
   469     -1.43120e+01      1.45000e+00      7.00000e+00    160s
   472     -1.27780e+01      1.45000e+00      7.00000e+00    161s
   475     -1.21390e+01      1.45000e+00      7.00000e+00    162s
   478     -1.27950e+01      1.45000e+00      7.00000e+00    164s
   481     -1.43870e+01      1.45000e+00      7.00000e+00    165s
   485     -1.23690e+01      1.45000e+00      7.00000e+00    166s
   487     -1.16910e+01      1.45000e+00      7.00000e+00    167s
   492     -1.44940e+01      1.45000e+00      7.00000e+00    168s
   496     -1.34020e+01      1.45000e+00      7.00000e+00    170s
   500     -1.20290e+01      1.45000e+00      7.00000e+00    171s
   503     -1.29490e+01      1.45000e+00      7.00000e+00    172s
   506     -1.29620e+01      1.45000e+00      7.00000e+00    173s
   509     -1.38070e+01      1.45000e+00      7.00000e+00    174s
   512     -1.15900e+01      1.45000e+00      7.00000e+00    176s
   515     -1.19070e+01      1.45000e+00      7.00000e+00    177s
   518     -1.31990e+01      1.45000e+00      7.00000e+00    178s
   521     -1.26070e+01      1.45000e+00      7.00000e+00    179s
   524     -1.22870e+01      1.45000e+00      7.00000e+00    180s
   528     -1.28180e+01      1.45000e+00      7.00000e+00    181s
   532     -1.22070e+01      1.45000e+00      7.00000e+00    182s
   535     -1.20360e+01      1.45000e+00      7.00000e+00    183s
   539     -1.35520e+01      1.45000e+00      7.00000e+00    185s
   543     -1.40000e+01      1.45000e+00      7.00000e+00    186s
   546     -1.34650e+01      1.45000e+00      7.00000e+00    187s
   549     -1.16730e+01      1.45000e+00      7.00000e+00    188s
   552     -1.21130e+01      1.45000e+00      7.00000e+00    190s
   555     -1.35830e+01      1.45000e+00      7.00000e+00    191s
   559     -1.30390e+01      1.45000e+00      7.00000e+00    192s
   562     -1.18100e+01      1.45000e+00      7.00000e+00    193s
   566     -1.23380e+01      1.45000e+00      7.00000e+00    194s
   569     -1.36620e+01      1.45000e+00      7.00000e+00    195s
   572     -1.18560e+01      1.45000e+00      7.00000e+00    197s
   575     -1.19110e+01      1.45000e+00      7.00000e+00    198s
   578     -1.21810e+01      1.45000e+00      7.00000e+00    199s
   581     -1.29280e+01      1.45000e+00      7.00000e+00    200s
   584     -1.28830e+01      1.45000e+00      7.00000e+00    201s
   588     -1.19700e+01      1.45000e+00      7.00000e+00    202s
   591     -1.33550e+01      1.45000e+00      7.00000e+00    204s
   594     -1.31230e+01      1.45000e+00      7.00000e+00    205s
   597     -1.18480e+01      1.45000e+00      7.00000e+00    206s
   602     -1.21290e+01      1.45000e+00      7.00000e+00    207s
   605     -1.18060e+01      1.45000e+00      7.00000e+00    208s
   609     -1.22050e+01      1.45000e+00      7.00000e+00    209s
   612     -1.16410e+01      1.45000e+00      7.00000e+00    210s
   615     -1.24300e+01      1.45000e+00      7.00000e+00    212s
   618     -1.19680e+01      1.45000e+00      7.00000e+00    213s
   621     -1.26500e+01      1.45000e+00      7.00000e+00    214s
   624     -1.18170e+01      1.45000e+00      7.00000e+00    215s
   626     -1.13700e+01      1.45000e+00      7.00000e+00    217s
   629     -1.25970e+01      1.45000e+00      7.00000e+00    218s
   632     -1.21700e+01      1.45000e+00      7.00000e+00    219s
   636     -1.23110e+01      1.45000e+00      7.00000e+00    220s
   640     -1.21750e+01      1.45000e+00      7.00000e+00    221s
   643     -1.27670e+01      1.45000e+00      7.00000e+00    222s
   647     -1.15270e+01      1.45000e+00      7.00000e+00    224s
   651     -1.25110e+01      1.45000e+00      7.00000e+00    225s
   654     -1.16500e+01      1.45000e+00      7.00000e+00    226s
   657     -1.18710e+01      1.45000e+00      7.00000e+00    227s
   660     -1.19660e+01      1.45000e+00      7.00000e+00    228s
   662     -1.15790e+01      1.45000e+00      7.00000e+00    229s
   666     -1.17040e+01      1.45000e+00      7.00000e+00    231s
   669     -1.21530e+01      1.45000e+00      7.00000e+00    232s
   673     -1.20690e+01      1.45000e+00      7.00000e+00    233s
   678     -1.21030e+01      1.45000e+00      7.00000e+00    234s
   681     -1.10710e+01      1.45000e+00      7.00000e+00    235s
   685     -1.25200e+01      1.45000e+00      7.00000e+00    237s
   689     -1.19240e+01      1.45000e+00      7.00000e+00    238s
   692     -1.16120e+01      1.45000e+00      7.00000e+00    239s
   696     -1.21650e+01      1.45000e+00      7.00000e+00    240s
   699     -1.18330e+01      1.45000e+00      7.00000e+00    241s
   702     -1.19230e+01      1.45000e+00      7.00000e+00    243s
   705     -1.13100e+01      1.45000e+00      7.00000e+00    244s
   708     -1.19760e+01      1.45000e+00      7.00000e+00    245s
   712     -1.24090e+01      1.45000e+00      7.00000e+00    246s
   716     -1.19040e+01      1.45000e+00      7.00000e+00    248s
   719     -1.15070e+01      1.45000e+00      7.00000e+00    249s
   722     -1.22040e+01      1.45000e+00      7.00000e+00    250s
   726     -1.18350e+01      1.45000e+00      7.00000e+00    251s
   728     -1.23480e+01      1.45000e+00      7.00000e+00    252s
   731     -1.13660e+01      1.45000e+00      7.00000e+00    253s
   734     -1.19280e+01      1.45000e+00      7.00000e+00    254s
   737     -1.15340e+01      1.45000e+00      7.00000e+00    256s
   740     -1.14450e+01      1.45000e+00      7.00000e+00    257s
   743     -1.08190e+01      1.45000e+00      7.00000e+00    258s
   747     -1.19810e+01      1.45000e+00      7.00000e+00    259s
   752     -1.21900e+01      1.45000e+00      7.00000e+00    261s
   755     -1.14560e+01      1.45000e+00      7.00000e+00    262s
   759     -1.20130e+01      1.45000e+00      7.00000e+00    263s
   762     -1.19450e+01      1.45000e+00      7.00000e+00    264s
   766     -1.19000e+01      1.45000e+00      7.00000e+00    265s
   769     -1.11430e+01      1.45000e+00      7.00000e+00    267s
   772     -1.15990e+01      1.45000e+00      7.00000e+00    268s
   775     -1.21540e+01      1.45000e+00      7.00000e+00    269s
   778     -1.18110e+01      1.45000e+00      7.00000e+00    270s
   781     -1.11000e+01      1.45000e+00      7.00000e+00    272s
   784     -1.19840e+01      1.45000e+00      7.00000e+00    273s
   788     -1.25930e+01      1.45000e+00      7.00000e+00    274s
   792     -1.14950e+01      1.45000e+00      7.00000e+00    275s
   795     -1.16430e+01      1.45000e+00      7.00000e+00    276s
   798     -1.23220e+01      1.45000e+00      7.00000e+00    277s
   801     -1.25120e+01      1.45000e+00      7.00000e+00    278s
   804     -1.14710e+01      1.45000e+00      7.00000e+00    279s
   807     -1.13730e+01      1.45000e+00      7.00000e+00    281s
   811     -1.22550e+01      1.45000e+00      7.00000e+00    282s
   814     -1.21620e+01      1.45000e+00      7.00000e+00    283s
   817     -1.16820e+01      1.45000e+00      7.00000e+00    284s
   820     -1.10010e+01      1.45000e+00      7.00000e+00    286s
   824     -1.16220e+01      1.45000e+00      7.00000e+00    287s
   828     -1.11830e+01      1.45000e+00      7.00000e+00    288s
   831     -1.14270e+01      1.45000e+00      7.00000e+00    289s
   834     -1.20890e+01      1.45000e+00      7.00000e+00    290s
   838     -1.16360e+01      1.45000e+00      7.00000e+00    292s
   842     -1.24060e+01      1.45000e+00      7.00000e+00    293s
   846     -1.20850e+01      1.45000e+00      7.00000e+00    294s
   849     -1.21570e+01      1.45000e+00      7.00000e+00    296s
   852     -1.20280e+01      1.45000e+00      7.00000e+00    297s
   855     -1.07760e+01      1.45000e+00      7.00000e+00    298s
   858     -1.17650e+01      1.45000e+00      7.00000e+00    299s
   862     -1.26260e+01      1.45000e+00      7.00000e+00    300s
   865     -1.20800e+01      1.45000e+00      7.00000e+00    302s
   868     -1.13810e+01      1.45000e+00      7.00000e+00    303s
   872     -1.20210e+01      1.45000e+00      7.00000e+00    304s
   875     -1.22840e+01      1.45000e+00      7.00000e+00    306s
   878     -1.19090e+01      1.45000e+00      7.00000e+00    307s
   881     -1.13880e+01      1.45000e+00      7.00000e+00    308s
   884     -1.13280e+01      1.45000e+00      7.00000e+00    309s
   887     -1.18370e+01      1.45000e+00      7.00000e+00    310s
   890     -1.18500e+01      1.45000e+00      7.00000e+00    312s
   893     -1.10220e+01      1.45000e+00      7.00000e+00    313s
   897     -1.21310e+01      1.45000e+00      7.00000e+00    314s
   900     -1.15690e+01      1.45000e+00      7.00000e+00    315s
   903     -1.21010e+01      1.45000e+00      7.00000e+00    316s
   907     -1.19790e+01      1.45000e+00      7.00000e+00    317s
   910     -1.12450e+01      1.45000e+00      7.00000e+00    318s
   913     -1.15560e+01      1.45000e+00      7.00000e+00    320s
   916     -1.13310e+01      1.45000e+00      7.00000e+00    321s
   919     -1.08310e+01      1.45000e+00      7.00000e+00    322s
   922     -1.13670e+01      1.45000e+00      7.00000e+00    323s
   925     -1.18450e+01      1.45000e+00      7.00000e+00    325s
   928     -1.16760e+01      1.45000e+00      7.00000e+00    326s
   933     -1.15020e+01      1.45000e+00      7.00000e+00    327s
   936     -1.21170e+01      1.45000e+00      7.00000e+00    328s
   940     -1.12990e+01      1.45000e+00      7.00000e+00    329s
   944     -1.12910e+01      1.45000e+00      7.00000e+00    331s
   947     -1.21740e+01      1.45000e+00      7.00000e+00    332s
   950     -1.22260e+01      1.45000e+00      7.00000e+00    333s
   953     -1.12340e+01      1.45000e+00      7.00000e+00    334s
   956     -1.20550e+01      1.45000e+00      7.00000e+00    335s
   959     -1.23650e+01      1.45000e+00      7.00000e+00    337s
   962     -1.20350e+01      1.45000e+00      7.00000e+00    338s
   965     -1.24360e+01      1.45000e+00      7.00000e+00    339s
   970     -1.22790e+01      1.45000e+00      7.00000e+00    340s
   973     -1.20250e+01      1.45000e+00      7.00000e+00    341s
   977     -1.16800e+01      1.45000e+00      7.00000e+00    343s
   980     -1.21340e+01      1.45000e+00      7.00000e+00    344s
   984     -1.15400e+01      1.45000e+00      7.00000e+00    345s
   987     -1.20760e+01      1.45000e+00      7.00000e+00    347s
   991     -1.26780e+01      1.45000e+00      7.00000e+00    348s
   994     -1.12240e+01      1.45000e+00      7.00000e+00    349s
   997     -1.22150e+01      1.45000e+00      7.00000e+00    351s
  1000     -1.21760e+01      1.45000e+00      7.00000e+00    352s
  1003     -1.22780e+01      1.45000e+00      7.00000e+00    353s
  1008     -1.17520e+01      1.45000e+00      7.00000e+00    355s
  1011     -1.17580e+01      1.45000e+00      7.00000e+00    356s
  1014     -1.18570e+01      1.45000e+00      7.00000e+00    357s
  1017     -1.23230e+01      1.45000e+00      7.00000e+00    358s
  1020     -1.18810e+01      1.45000e+00      7.00000e+00    359s
  1023     -1.18070e+01      1.45000e+00      7.00000e+00    360s
  1026     -1.22720e+01      1.45000e+00      7.00000e+00    361s
  1029     -1.25310e+01      1.45000e+00      7.00000e+00    363s
  1032     -1.14790e+01      1.45000e+00      7.00000e+00    364s
  1035     -1.22660e+01      1.45000e+00      7.00000e+00    365s
  1038     -1.22540e+01      1.45000e+00      7.00000e+00    366s
  1042     -1.25920e+01      1.45000e+00      7.00000e+00    367s
  1045     -1.13900e+01      1.45000e+00      7.00000e+00    368s
  1048     -1.21680e+01      1.45000e+00      7.00000e+00    370s
  1051     -1.20260e+01      1.45000e+00      7.00000e+00    371s
  1054     -1.23220e+01      1.45000e+00      7.00000e+00    372s
  1057     -1.23020e+01      1.45000e+00      7.00000e+00    373s
  1060     -1.12480e+01      1.45000e+00      7.00000e+00    375s
  1063     -1.17920e+01      1.45000e+00      7.00000e+00    376s
  1066     -1.20100e+01      1.45000e+00      7.00000e+00    377s
  1069     -1.19710e+01      1.45000e+00      7.00000e+00    378s
  1074     -1.15930e+01      1.45000e+00      7.00000e+00    380s
  1077     -1.23570e+01      1.45000e+00      7.00000e+00    381s
  1080     -1.22520e+01      1.45000e+00      7.00000e+00    382s
  1084     -1.17890e+01      1.45000e+00      7.00000e+00    383s
  1087     -1.23520e+01      1.45000e+00      7.00000e+00    384s
  1090     -1.17830e+01      1.45000e+00      7.00000e+00    386s
  1093     -1.21620e+01      1.45000e+00      7.00000e+00    387s
  1096     -1.21390e+01      1.45000e+00      7.00000e+00    388s
  1099     -1.23360e+01      1.45000e+00      7.00000e+00    389s
  1101     -1.22520e+01      1.45000e+00      7.00000e+00    390s
  1105     -1.25700e+01      1.45000e+00      7.00000e+00    392s
  1110     -1.17590e+01      1.45000e+00      7.00000e+00    393s
  1113     -1.21400e+01      1.45000e+00      7.00000e+00    394s
  1116     -1.21080e+01      1.45000e+00      7.00000e+00    395s
  1119     -1.23920e+01      1.45000e+00      7.00000e+00    397s
  1122     -1.16470e+01      1.45000e+00      7.00000e+00    398s
  1125     -1.19440e+01      1.45000e+00      7.00000e+00    399s
  1128     -1.29990e+01      1.45000e+00      7.00000e+00    400s
  1131     -1.23830e+01      1.45000e+00      7.00000e+00    402s
  1134     -1.24390e+01      1.45000e+00      7.00000e+00    403s
  1137     -1.27350e+01      1.45000e+00      7.00000e+00    404s
  1141     -1.23570e+01      1.45000e+00      7.00000e+00    405s
  1145     -1.23700e+01      1.45000e+00      7.00000e+00    406s
  1148     -1.19190e+01      1.45000e+00      7.00000e+00    407s
  1151     -1.18360e+01      1.45000e+00      7.00000e+00    408s
  1155     -1.16760e+01      1.45000e+00      7.00000e+00    409s
  1158     -1.19450e+01      1.45000e+00      7.00000e+00    411s
  1162     -1.24300e+01      1.45000e+00      7.00000e+00    412s
  1165     -1.16830e+01      1.45000e+00      7.00000e+00    413s
  1169     -1.27140e+01      1.45000e+00      7.00000e+00    414s
  1172     -1.23550e+01      1.45000e+00      7.00000e+00    415s
  1175     -1.15940e+01      1.45000e+00      7.00000e+00    416s
  1179     -1.17660e+01      1.45000e+00      7.00000e+00    418s
  1182     -1.16150e+01      1.45000e+00      7.00000e+00    419s
  1186     -1.24690e+01      1.45000e+00      7.00000e+00    420s
  1189     -1.18450e+01      1.45000e+00      7.00000e+00    421s
  1193     -1.21640e+01      1.45000e+00      7.00000e+00    422s
  1197     -1.29850e+01      1.45000e+00      7.00000e+00    423s
  1200     -1.23450e+01      1.45000e+00      7.00000e+00    425s
  1203     -1.25410e+01      1.45000e+00      7.00000e+00    426s
  1207     -1.19640e+01      1.45000e+00      7.00000e+00    427s
  1210     -1.19880e+01      1.45000e+00      7.00000e+00    428s
  1213     -1.20150e+01      1.45000e+00      7.00000e+00    429s
  1216     -1.19960e+01      1.45000e+00      7.00000e+00    430s
  1219     -1.13590e+01      1.45000e+00      7.00000e+00    431s
  1223     -1.22190e+01      1.45000e+00      7.00000e+00    432s
  1227     -1.24190e+01      1.45000e+00      7.00000e+00    434s
  1230     -1.23760e+01      1.45000e+00      7.00000e+00    435s
  1234     -1.21590e+01      1.45000e+00      7.00000e+00    436s
  1237     -1.20640e+01      1.45000e+00      7.00000e+00    438s
  1240     -1.17780e+01      1.45000e+00      7.00000e+00    439s
  1244     -1.15540e+01      1.45000e+00      7.00000e+00    440s
  1247     -1.20050e+01      1.45000e+00      7.00000e+00    441s
  1250     -1.15360e+01      1.45000e+00      7.00000e+00    443s
  1253     -1.17600e+01      1.45000e+00      7.00000e+00    444s
  1256     -1.15960e+01      1.45000e+00      7.00000e+00    445s
  1261     -1.22570e+01      1.45000e+00      7.00000e+00    446s
  1264     -1.20540e+01      1.45000e+00      7.00000e+00    447s
  1267     -1.13780e+01      1.45000e+00      7.00000e+00    448s
  1271     -1.23690e+01      1.45000e+00      7.00000e+00    450s
  1274     -1.16780e+01      1.45000e+00      7.00000e+00    451s
  1277     -1.14230e+01      1.45000e+00      7.00000e+00    452s
  1280     -1.16070e+01      1.45000e+00      7.00000e+00    453s
  1284     -1.16180e+01      1.45000e+00      7.00000e+00    455s
  1287     -1.18570e+01      1.45000e+00      7.00000e+00    456s
  1289     -1.22500e+01      1.45000e+00      7.00000e+00    457s
  1292     -1.19730e+01      1.45000e+00      7.00000e+00    458s
  1297     -1.21110e+01      1.45000e+00      7.00000e+00    459s
  1301     -1.23050e+01      1.45000e+00      7.00000e+00    460s
  1304     -1.19470e+01      1.45000e+00      7.00000e+00    461s
  1307     -1.19290e+01      1.45000e+00      7.00000e+00    462s
  1310     -1.19810e+01      1.45000e+00      7.00000e+00    464s
  1313     -1.15810e+01      1.45000e+00      7.00000e+00    465s
  1316     -1.17220e+01      1.45000e+00      7.00000e+00    466s
  1319     -1.20350e+01      1.45000e+00      7.00000e+00    467s
  1321     -1.23650e+01      1.45000e+00      7.00000e+00    468s
  1324     -1.19280e+01      1.45000e+00      7.00000e+00    469s
  1327     -1.21260e+01      1.45000e+00      7.00000e+00    471s
  1331     -1.24020e+01      1.45000e+00      7.00000e+00    472s
  1335     -1.17460e+01      1.45000e+00      7.00000e+00    473s
  1338     -1.20330e+01      1.45000e+00      7.00000e+00    474s
  1342     -1.17000e+01      1.45000e+00      7.00000e+00    475s
  1346     -1.18120e+01      1.45000e+00      7.00000e+00    476s
  1349     -1.22500e+01      1.45000e+00      7.00000e+00    478s
  1352     -1.22340e+01      1.45000e+00      7.00000e+00    479s
  1355     -1.27490e+01      1.45000e+00      7.00000e+00    480s
  1359     -1.22890e+01      1.45000e+00      7.00000e+00    481s
  1361     -1.30240e+01      1.45000e+00      7.00000e+00    482s
  1364     -1.17450e+01      1.45000e+00      7.00000e+00    483s
  1366     -1.25810e+01      1.45000e+00      7.00000e+00    484s
  1370     -1.29110e+01      1.45000e+00      7.00000e+00    485s
  1373     -1.21410e+01      1.45000e+00      7.00000e+00    487s
  1376     -1.20770e+01      1.45000e+00      7.00000e+00    488s
  1379     -1.20540e+01      1.45000e+00      7.00000e+00    489s
  1382     -1.17880e+01      1.45000e+00      7.00000e+00    490s
  1385     -1.22260e+01      1.45000e+00      7.00000e+00    491s
  1387     -1.21080e+01      1.45000e+00      7.00000e+00    492s
  1390     -1.19460e+01      1.45000e+00      7.00000e+00    493s
  1393     -1.23650e+01      1.45000e+00      7.00000e+00    494s
  1396     -1.29350e+01      1.45000e+00      7.00000e+00    496s
  1399     -1.24860e+01      1.45000e+00      7.00000e+00    497s
  1403     -1.22840e+01      1.45000e+00      7.00000e+00    498s
  1407     -1.27890e+01      1.45000e+00      7.00000e+00    499s
  1410     -1.18260e+01      1.45000e+00      7.00000e+00    501s
  1413     -1.20510e+01      1.45000e+00      7.00000e+00    502s
  1416     -1.19060e+01      1.45000e+00      7.00000e+00    503s
  1419     -1.13360e+01      1.45000e+00      7.00000e+00    504s
  1422     -1.26770e+01      1.45000e+00      7.00000e+00    505s
  1425     -1.23350e+01      1.45000e+00      7.00000e+00    506s
  1428     -1.22650e+01      1.45000e+00      7.00000e+00    507s
  1431     -1.23320e+01      1.45000e+00      7.00000e+00    509s
  1434     -1.20460e+01      1.45000e+00      7.00000e+00    510s
  1437     -1.15790e+01      1.45000e+00      7.00000e+00    511s
  1441     -1.21590e+01      1.45000e+00      7.00000e+00    512s
  1443     -1.22540e+01      1.45000e+00      7.00000e+00    513s
  1447     -1.18920e+01      1.45000e+00      7.00000e+00    514s
  1450     -1.09950e+01      1.45000e+00      7.00000e+00    515s
  1453     -1.17470e+01      1.45000e+00      7.00000e+00    516s
  1457     -1.27290e+01      1.45000e+00      7.00000e+00    517s
  1460     -1.16550e+01      1.45000e+00      7.00000e+00    518s
  1463     -1.17610e+01      1.45000e+00      7.00000e+00    520s
  1466     -1.22390e+01      1.45000e+00      7.00000e+00    521s
  1469     -1.12890e+01      1.45000e+00      7.00000e+00    522s
  1472     -1.22470e+01      1.45000e+00      7.00000e+00    523s
  1476     -1.20220e+01      1.45000e+00      7.00000e+00    525s
  1479     -1.22400e+01      1.45000e+00      7.00000e+00    526s
  1483     -1.27330e+01      1.45000e+00      7.00000e+00    527s
  1486     -1.19160e+01      1.45000e+00      7.00000e+00    528s
  1489     -1.21730e+01      1.45000e+00      7.00000e+00    529s
  1492     -1.27070e+01      1.45000e+00      7.00000e+00    531s
  1495     -1.22700e+01      1.45000e+00      7.00000e+00    532s
  1498     -1.23770e+01      1.45000e+00      7.00000e+00    533s
  1501     -1.15820e+01      1.45000e+00      7.00000e+00    534s
  1504     -1.20140e+01      1.45000e+00      7.00000e+00    535s
  1508     -1.18290e+01      1.45000e+00      7.00000e+00    537s
  1512     -1.22280e+01      1.45000e+00      7.00000e+00    538s
  1515     -1.22200e+01      1.45000e+00      7.00000e+00    539s
  1519     -1.17670e+01      1.45000e+00      7.00000e+00    540s
  1522     -1.13020e+01      1.45000e+00      7.00000e+00    542s
  1525     -1.14860e+01      1.45000e+00      7.00000e+00    543s
  1528     -1.25550e+01      1.45000e+00      7.00000e+00    544s
  1531     -1.27790e+01      1.45000e+00      7.00000e+00    545s
  1534     -1.17760e+01      1.45000e+00      7.00000e+00    546s
  1537     -1.18900e+01      1.45000e+00      7.00000e+00    548s
  1540     -1.25980e+01      1.45000e+00      7.00000e+00    549s
  1543     -1.19190e+01      1.45000e+00      7.00000e+00    550s
  1547     -1.24180e+01      1.45000e+00      7.00000e+00    551s
  1550     -1.21770e+01      1.45000e+00      7.00000e+00    553s
  1554     -1.18270e+01      1.45000e+00      7.00000e+00    554s
  1557     -1.11270e+01      1.45000e+00      7.00000e+00    555s
  1560     -1.17240e+01      1.45000e+00      7.00000e+00    556s
  1563     -1.24350e+01      1.45000e+00      7.00000e+00    558s
  1567     -1.15180e+01      1.45000e+00      7.00000e+00    559s
  1569     -1.15730e+01      1.45000e+00      7.00000e+00    560s
  1573     -1.16790e+01      1.45000e+00      7.00000e+00    561s
  1576     -1.17880e+01      1.45000e+00      7.00000e+00    562s
  1579     -1.15930e+01      1.45000e+00      7.00000e+00    563s
  1584     -1.17010e+01      1.45000e+00      7.00000e+00    565s
  1588     -1.19450e+01      1.45000e+00      7.00000e+00    566s
  1591     -1.11380e+01      1.45000e+00      7.00000e+00    567s
  1595     -1.14000e+01      1.45000e+00      7.00000e+00    568s
  1598     -1.17630e+01      1.45000e+00      7.00000e+00    569s
  1601     -1.16630e+01      1.45000e+00      7.00000e+00    571s
  1604     -1.25520e+01      1.45000e+00      7.00000e+00    572s
  1608     -1.15870e+01      1.45000e+00      7.00000e+00    573s
  1611     -1.19300e+01      1.45000e+00      7.00000e+00    575s
  1614     -1.17210e+01      1.45000e+00      7.00000e+00    576s
  1618     -1.15570e+01      1.45000e+00      7.00000e+00    577s
  1623     -1.16540e+01      1.45000e+00      7.00000e+00    579s
  1626     -1.23510e+01      1.45000e+00      7.00000e+00    580s
  1629     -1.20840e+01      1.45000e+00      7.00000e+00    581s
  1632     -1.13130e+01      1.45000e+00      7.00000e+00    582s
  1635     -1.19300e+01      1.45000e+00      7.00000e+00    584s
  1638     -1.16330e+01      1.45000e+00      7.00000e+00    585s
  1641     -1.14680e+01      1.45000e+00      7.00000e+00    586s
  1644     -1.23610e+01      1.45000e+00      7.00000e+00    587s
  1647     -1.22030e+01      1.45000e+00      7.00000e+00    588s
  1650     -1.19940e+01      1.45000e+00      7.00000e+00    589s
  1654     -1.18730e+01      1.45000e+00      7.00000e+00    591s
  1659     -1.15240e+01      1.45000e+00      7.00000e+00    592s
  1663     -1.18660e+01      1.45000e+00      7.00000e+00    593s
  1666     -1.15070e+01      1.45000e+00      7.00000e+00    594s
  1669     -1.10860e+01      1.45000e+00      7.00000e+00    596s
  1673     -1.18920e+01      1.45000e+00      7.00000e+00    597s
  1676     -1.19540e+01      1.45000e+00      7.00000e+00    598s
  1679     -1.05590e+01      1.45000e+00      7.00000e+00    599s
  1682     -1.10730e+01      1.45000e+00      7.00000e+00    600s
  1685     -1.13810e+01      1.45000e+00      7.00000e+00    601s
  1688     -1.18510e+01      1.45000e+00      7.00000e+00    603s
  1691     -1.12030e+01      1.45000e+00      7.00000e+00    604s
  1696     -1.16750e+01      1.45000e+00      7.00000e+00    605s
  1699     -1.27300e+01      1.45000e+00      7.00000e+00    606s
  1702     -1.12300e+01      1.45000e+00      7.00000e+00    607s
  1706     -1.21910e+01      1.45000e+00      7.00000e+00    609s
  1709     -1.18840e+01      1.45000e+00      7.00000e+00    610s
  1712     -1.18480e+01      1.45000e+00      7.00000e+00    611s
  1714     -1.23810e+01      1.45000e+00      7.00000e+00    612s
  1717     -1.13010e+01      1.45000e+00      7.00000e+00    613s
  1720     -1.19090e+01      1.45000e+00      7.00000e+00    615s
  1723     -1.18280e+01      1.45000e+00      7.00000e+00    616s
  1726     -1.13140e+01      1.45000e+00      7.00000e+00    617s
  1730     -1.14670e+01      1.45000e+00      7.00000e+00    618s
  1734     -1.15000e+01      1.45000e+00      7.00000e+00    619s
  1737     -1.23000e+01      1.45000e+00      7.00000e+00    621s
  1740     -1.25380e+01      1.45000e+00      7.00000e+00    622s
  1743     -1.16690e+01      1.45000e+00      7.00000e+00    623s
  1747     -1.19960e+01      1.45000e+00      7.00000e+00    625s
  1750     -1.16480e+01      1.45000e+00      7.00000e+00    626s
  1753     -1.11840e+01      1.45000e+00      7.00000e+00    627s
  1756     -1.10720e+01      1.45000e+00      7.00000e+00    628s
  1759     -1.14860e+01      1.45000e+00      7.00000e+00    630s
  1762     -1.22670e+01      1.45000e+00      7.00000e+00    631s
  1766     -1.14210e+01      1.45000e+00      7.00000e+00    632s
  1770     -1.18870e+01      1.45000e+00      7.00000e+00    633s
  1773     -1.23230e+01      1.45000e+00      7.00000e+00    634s
  1776     -1.19830e+01      1.45000e+00      7.00000e+00    636s
  1779     -1.15080e+01      1.45000e+00      7.00000e+00    637s
  1782     -1.20100e+01      1.45000e+00      7.00000e+00    638s
  1785     -1.11790e+01      1.45000e+00      7.00000e+00    639s
  1787     -1.16190e+01      1.45000e+00      7.00000e+00    640s
  1790     -1.23380e+01      1.45000e+00      7.00000e+00    642s
  1794     -1.16420e+01      1.45000e+00      7.00000e+00    643s
  1798     -1.18050e+01      1.45000e+00      7.00000e+00    644s
  1802     -1.18430e+01      1.45000e+00      7.00000e+00    646s
  1805     -1.12300e+01      1.45000e+00      7.00000e+00    647s
  1808     -1.15050e+01      1.45000e+00      7.00000e+00    648s
  1812     -1.15940e+01      1.45000e+00      7.00000e+00    649s
  1815     -1.19860e+01      1.45000e+00      7.00000e+00    650s
  1818     -1.19680e+01      1.45000e+00      7.00000e+00    651s
  1820     -1.18690e+01      1.45000e+00      7.00000e+00    652s
  1823     -1.19660e+01      1.45000e+00      7.00000e+00    654s
  1826     -1.19780e+01      1.45000e+00      7.00000e+00    655s
  1829     -1.19900e+01      1.45000e+00      7.00000e+00    656s
  1831     -1.19990e+01      1.45000e+00      7.00000e+00    658s
  1834     -1.23130e+01      1.45000e+00      7.00000e+00    659s
  1838     -1.19290e+01      1.45000e+00      7.00000e+00    660s
  1841     -1.18960e+01      1.45000e+00      7.00000e+00    661s
  1843     -1.18700e+01      1.45000e+00      7.00000e+00    662s
  1846     -1.21260e+01      1.45000e+00      7.00000e+00    663s
  1849     -1.21720e+01      1.45000e+00      7.00000e+00    664s
  1852     -1.27490e+01      1.45000e+00      7.00000e+00    666s
  1855     -1.29380e+01      1.45000e+00      7.00000e+00    667s
  1858     -1.23500e+01      1.45000e+00      7.00000e+00    668s
  1860     -1.23800e+01      1.45000e+00      7.00000e+00    669s
  1863     -1.24640e+01      1.45000e+00      7.00000e+00    670s
  1866     -1.18180e+01      1.45000e+00      7.00000e+00    671s
  1870     -1.25200e+01      1.45000e+00      7.00000e+00    673s
  1873     -1.19970e+01      1.45000e+00      7.00000e+00    674s
  1877     -1.26500e+01      1.45000e+00      7.00000e+00    675s
  1880     -1.28950e+01      1.45000e+00      7.00000e+00    676s
  1883     -1.29740e+01      1.45000e+00      7.00000e+00    677s
  1886     -1.24600e+01      1.45000e+00      7.00000e+00    679s
  1888     -1.20010e+01      1.45000e+00      7.00000e+00    680s
  1891     -1.24570e+01      1.45000e+00      7.00000e+00    681s
  1894     -1.21360e+01      1.45000e+00      7.00000e+00    682s
  1897     -1.22970e+01      1.45000e+00      7.00000e+00    683s
  1900     -1.11920e+01      1.45000e+00      7.00000e+00    684s
  1904     -1.25250e+01      1.45000e+00      7.00000e+00    685s
  1907     -1.24700e+01      1.45000e+00      7.00000e+00    687s
  1910     -1.21760e+01      1.45000e+00      7.00000e+00    688s
  1913     -1.27410e+01      1.45000e+00      7.00000e+00    689s
  1916     -1.28030e+01      1.45000e+00      7.00000e+00    690s
  1918     -1.31630e+01      1.45000e+00      7.00000e+00    691s
  1921     -1.23650e+01      1.45000e+00      7.00000e+00    693s
  1924     -1.23020e+01      1.45000e+00      7.00000e+00    694s
  1927     -1.19270e+01      1.45000e+00      7.00000e+00    695s
  1931     -1.27960e+01      1.45000e+00      7.00000e+00    696s
  1935     -1.20440e+01      1.45000e+00      7.00000e+00    697s
  1939     -1.23320e+01      1.45000e+00      7.00000e+00    699s
  1942     -1.32680e+01      1.45000e+00      7.00000e+00    700s
  1946     -1.22910e+01      1.45000e+00      7.00000e+00    701s
  1949     -1.16610e+01      1.45000e+00      7.00000e+00    703s
  1951     -1.24850e+01      1.45000e+00      7.00000e+00    704s
  1954     -1.26460e+01      1.45000e+00      7.00000e+00    705s
  1957     -1.30980e+01      1.45000e+00      7.00000e+00    706s
  1960     -1.27160e+01      1.45000e+00      7.00000e+00    707s
  1963     -1.21540e+01      1.45000e+00      7.00000e+00    708s
  1966     -1.27600e+01      1.45000e+00      7.00000e+00    709s
  1969     -1.26290e+01      1.45000e+00      7.00000e+00    710s
  1974     -1.24140e+01      1.45000e+00      7.00000e+00    712s
  1976     -1.30730e+01      1.45000e+00      7.00000e+00    713s
  1979     -1.28200e+01      1.45000e+00      7.00000e+00    714s
  1982     -1.26240e+01      1.45000e+00      7.00000e+00    715s
  1986     -1.26510e+01      1.45000e+00      7.00000e+00    717s
  1989     -1.21120e+01      1.45000e+00      7.00000e+00    718s
  1992     -1.31310e+01      1.45000e+00      7.00000e+00    719s
  1995     -1.33980e+01      1.45000e+00      7.00000e+00    720s
  1998     -1.22520e+01      1.45000e+00      7.00000e+00    722s
  2001     -1.19050e+01      1.45000e+00      7.00000e+00    723s
  2004     -1.38430e+01      1.45000e+00      7.00000e+00    724s
  2008     -1.42310e+01      1.45000e+00      7.00000e+00    725s
  2011     -1.30430e+01      1.45000e+00      7.00000e+00    726s
  2014     -1.31660e+01      1.45000e+00      7.00000e+00    727s
  2018     -1.46780e+01      1.45000e+00      7.00000e+00    729s
  2021     -1.26980e+01      1.45000e+00      7.00000e+00    730s
  2024     -1.26830e+01      1.45000e+00      7.00000e+00    732s
  2027     -1.20530e+01      1.45000e+00      7.00000e+00    733s
  2030     -1.41260e+01      1.45000e+00      7.00000e+00    734s
  2033     -1.33850e+01      1.45000e+00      7.00000e+00    736s
  2036     -1.21300e+01      1.45000e+00      7.00000e+00    737s
  2041     -1.39960e+01      1.45000e+00      7.00000e+00    738s
  2044     -1.41150e+01      1.45000e+00      7.00000e+00    739s
  2047     -1.28770e+01      1.45000e+00      7.00000e+00    741s
  2050     -1.21670e+01      1.45000e+00      7.00000e+00    742s
  2053     -1.29740e+01      1.45000e+00      7.00000e+00    743s
  2056     -1.49140e+01      1.45000e+00      7.00000e+00    744s
  2059     -1.38850e+01      1.45000e+00      7.00000e+00    745s
  2062     -1.27670e+01      1.45000e+00      7.00000e+00    746s
  2065     -1.29190e+01      1.45000e+00      7.00000e+00    748s
  2067     -1.40810e+01      1.45000e+00      7.00000e+00    749s
  2070     -1.40860e+01      1.45000e+00      7.00000e+00    750s
  2072     -1.29380e+01      1.45000e+00      7.00000e+00    751s
  2074     -1.23040e+01      1.45000e+00      7.00000e+00    752s
  2079     -1.44730e+01      1.45000e+00      7.00000e+00    753s
  2082     -1.40800e+01      1.45000e+00      7.00000e+00    754s
  2085     -1.24930e+01      1.45000e+00      7.00000e+00    756s
  2088     -1.24920e+01      1.45000e+00      7.00000e+00    757s
  2091     -1.36990e+01      1.45000e+00      7.00000e+00    758s
  2095     -1.39190e+01      1.45000e+00      7.00000e+00    760s
  2098     -1.28240e+01      1.45000e+00      7.00000e+00    761s
  2101     -1.24360e+01      1.45000e+00      7.00000e+00    762s
  2104     -1.30490e+01      1.45000e+00      7.00000e+00    763s
  2107     -1.38800e+01      1.45000e+00      7.00000e+00    765s
  2110     -1.28360e+01      1.45000e+00      7.00000e+00    766s
  2114     -1.19430e+01      1.45000e+00      7.00000e+00    767s
  2117     -1.49610e+01      1.45000e+00      7.00000e+00    768s
  2120     -1.45450e+01      1.45000e+00      7.00000e+00    769s
  2123     -1.30410e+01      1.45000e+00      7.00000e+00    770s
  2126     -1.24350e+01      1.45000e+00      7.00000e+00    772s
  2129     -1.38270e+01      1.45000e+00      7.00000e+00    773s
  2133     -1.34700e+01      1.45000e+00      7.00000e+00    774s
  2136     -1.12870e+01      1.45000e+00      7.00000e+00    775s
  2139     -1.29330e+01      1.45000e+00      7.00000e+00    776s
  2142     -1.53680e+01      1.45000e+00      7.00000e+00    777s
  2146     -1.36390e+01      1.45000e+00      7.00000e+00    779s
  2150     -1.14000e+01      1.45000e+00      7.00000e+00    780s
  2154     -1.45820e+01      1.45000e+00      7.00000e+00    781s
  2158     -1.37600e+01      1.45000e+00      7.00000e+00    782s
  2161     -1.27200e+01      1.45000e+00      7.00000e+00    783s
  2164     -1.24320e+01      1.45000e+00      7.00000e+00    785s
  2167     -1.48970e+01      1.45000e+00      7.00000e+00    786s
  2170     -1.36990e+01      1.45000e+00      7.00000e+00    787s
  2173     -1.29480e+01      1.45000e+00      7.00000e+00    788s
  2176     -1.22970e+01      1.45000e+00      7.00000e+00    789s
  2180     -1.69280e+01      1.45000e+00      7.00000e+00    791s
  2183     -1.39810e+01      1.45000e+00      7.00000e+00    792s
  2187     -1.22260e+01      1.45000e+00      7.00000e+00    793s
  2191     -1.46520e+01      1.45000e+00      7.00000e+00    794s
  2195     -1.38810e+01      1.45000e+00      7.00000e+00    795s
  2199     -1.21690e+01      1.45000e+00      7.00000e+00    797s
  2202     -1.20050e+01      1.45000e+00      7.00000e+00    798s
  2205     -1.51160e+01      1.45000e+00      7.00000e+00    799s
  2208     -1.51330e+01      1.45000e+00      7.00000e+00    800s
  2211     -1.31110e+01      1.45000e+00      7.00000e+00    802s
  2214     -1.26160e+01      1.45000e+00      7.00000e+00    803s
  2217     -1.51680e+01      1.45000e+00      7.00000e+00    804s
  2220     -1.66820e+01      1.45000e+00      7.00000e+00    805s
  2224     -1.30290e+01      1.45000e+00      7.00000e+00    806s
  2227     -1.21130e+01      1.45000e+00      7.00000e+00    808s
  2231     -1.62270e+01      1.45000e+00      7.00000e+00    809s
  2234     -1.40130e+01      1.45000e+00      7.00000e+00    810s
  2237     -1.25760e+01      1.45000e+00      7.00000e+00    811s
  2240     -1.40250e+01      1.45000e+00      7.00000e+00    812s
  2243     -1.65740e+01      1.45000e+00      7.00000e+00    813s
  2246     -1.49820e+01      1.45000e+00      7.00000e+00    815s
  2249     -1.23010e+01      1.45000e+00      7.00000e+00    816s
  2252     -1.09600e+01      1.45000e+00      7.00000e+00    817s
  2255     -1.59380e+01      1.45000e+00      7.00000e+00    818s
  2260     -1.60390e+01      1.45000e+00      7.00000e+00    819s
  2263     -1.09270e+01      1.45000e+00      7.00000e+00    820s
  2265     -1.07810e+01      1.45000e+00      7.00000e+00    821s
  2268     -1.60890e+01      1.45000e+00      7.00000e+00    822s
  2272     -1.67520e+01      1.45000e+00      7.00000e+00    824s
  2275     -1.11360e+01      1.45000e+00      7.00000e+00    825s
  2278     -1.23140e+01      1.45000e+00      7.00000e+00    826s
  2281     -1.84070e+01      1.45000e+00      7.00000e+00    827s
  2285     -1.52960e+01      1.45000e+00      7.00000e+00    828s
  2289     -1.04480e+01      1.45000e+00      7.00000e+00    829s
  2292     -1.37370e+01      1.45000e+00      7.00000e+00    830s
  2296     -1.64760e+01      1.45000e+00      7.00000e+00    832s
  2300     -1.17150e+01      1.45000e+00      7.00000e+00    833s
  2302     -1.55150e+01      1.45000e+00      7.00000e+00    834s
  2305     -2.49940e+01      1.45000e+00      7.00000e+00    835s
  2308     -2.80390e+01      1.45000e+00      7.00000e+00    836s
  2312     -1.32190e+01      1.45000e+00      7.00000e+00    837s
  2315     -5.52700e+00      1.45000e+00      7.00000e+00    839s
  2317     -6.83700e+00      1.45000e+00      7.00000e+00    840s
  2321     -1.20330e+01      1.45000e+00      7.00000e+00    841s
  2324     -1.18930e+01      1.45000e+00      7.00000e+00    842s
  2327     -1.73610e+01      1.45000e+00      7.00000e+00    843s
  2330     -2.71320e+01      1.45000e+00      7.00000e+00    844s
  2335     -2.00350e+01      1.45000e+00      7.00000e+00    845s
  2338     -7.56100e+00      1.45000e+00      7.00000e+00    846s
  2342     -7.84900e+00      1.45000e+00      7.00000e+00    848s
  2347     -1.21740e+01      1.45000e+00      7.00000e+00    849s
  2350     -1.19550e+01      1.45000e+00      7.00000e+00    850s
  2354     -4.10600e+01      1.45000e+00      7.00000e+00    851s
  2357     -4.47890e+01      1.45000e+00      7.00000e+00    852s
  2360     -2.78940e+01      1.45000e+00      7.00000e+00    854s
  2363     -8.00300e+00      1.45000e+00      7.00000e+00    855s
  2366     -1.83300e+00      1.45000e+00      7.00000e+00    856s
  2369     -1.40800e+00      1.45000e+00      7.00000e+00    857s
  2373     -5.15000e+00      1.45000e+00      7.00000e+00    858s
  2377     -3.02840e+01      1.45000e+00      7.00000e+00    859s
  2380     -4.63990e+01      1.45000e+00      7.00000e+00    860s
  2384     -3.12300e+01      1.45000e+00      7.00000e+00    862s
  2388     -5.31400e+00      1.45000e+00      7.00000e+00    863s
  2391     -1.59600e+00      1.45000e+00      7.00000e+00    864s
  2395     -1.19200e+00      1.45000e+00      7.00000e+00    865s
  2399     -1.23140e+01      1.45000e+00      7.00000e+00    866s
  2402     -2.67790e+01      1.45000e+00      7.00000e+00    868s
  2406     -4.45420e+01      1.45000e+00      7.00000e+00    869s
  2410     -2.45440e+01      1.45000e+00      7.00000e+00    870s
  2414     -6.94900e+00      1.45000e+00      7.00000e+00    871s
  2419      5.21000e-01      1.45000e+00      7.00000e+00    872s
  2424     -8.95600e+00      1.45000e+00      7.00000e+00    874s
  2428     -3.81790e+01      1.45000e+00      7.00000e+00    875s
  2433     -3.49910e+01      1.45000e+00      7.00000e+00    876s
  2436     -1.56350e+01      1.45000e+00      7.00000e+00    877s
  2439     -4.54800e+00      1.45000e+00      7.00000e+00    878s
  2443     -9.30000e-02      1.45000e+00      7.00000e+00    880s
  2447     -1.61000e+00      1.45000e+00      7.00000e+00    881s
  2450     -1.23130e+01      1.45000e+00      7.00000e+00    882s
  2453     -1.15980e+01      1.45000e+00      7.00000e+00    883s
  2456     -1.18340e+01      1.45000e+00      7.00000e+00    884s
  2460     -1.20540e+01      1.45000e+00      7.00000e+00    886s
  2463     -1.21440e+01      1.45000e+00      7.00000e+00    887s
  2466     -1.20690e+01      1.45000e+00      7.00000e+00    888s
  2469     -1.16000e+01      1.45000e+00      7.00000e+00    889s
  2472     -1.16320e+01      1.45000e+00      7.00000e+00    890s
  2475     -1.22680e+01      1.45000e+00      7.00000e+00    891s
  2478     -1.14930e+01      1.45000e+00      7.00000e+00    892s
  2482     -1.13050e+01      1.45000e+00      7.00000e+00    894s
  2485     -1.21780e+01      1.45000e+00      7.00000e+00    895s
  2488     -1.23290e+01      1.45000e+00      7.00000e+00    896s
  2491     -1.25950e+01      1.45000e+00      7.00000e+00    897s
  2495     -1.23780e+01      1.45000e+00      7.00000e+00    898s
  2498     -1.26290e+01      1.45000e+00      7.00000e+00    900s

==================================================
Summary of results QAOA
--------------------------------------------------
Average of QAOA obj:          1.45
STD of QAOA obj:              111.18

Gamma angles:                 0.13
Beta angles:                  0.51

Best QAOA obj:                7.00
Modified best QAOA obj:       7.00

QAOA total time:              900.02s
QAOA circuit depth:           26
==================================================

==================================================
Summary of results of 0-S5
--------------------------------------------------
Number of vertices:           5
Number of edges:              10

Vertex num in largest comp:   5
Edge num in largest comp:     10

Pre-processing running time:  0.00
Total solver time:            899.76
Running time:                 904.60

Upper bound:                  7.00
Objective value:              7.00

Partition 0:                  1, 4, 5             
Partition 1:                  2                   
Partition 2:                  3                   
Partition 3:                                      
==================================================
