==================================================
Instance parameters
--------------------------------------------------
Number of vertices:           5
Number of edges:              10
Number of partitions:         4

Density (%):                  100
Name of instance:             seed1_band_pen1.4
Is planar:                    False
==================================================

==================================================
Solver parameters
--------------------------------------------------
Method:                       R-QUBO
Peel:                         False
Decompose:                    False
Fold:                         False

QAOA Num Levels:              1
QAOA Scipy Optimizer:         brute
==================================================

  iter        avg-obj        best avg-obj       best-obj      time
     0     -1.74426e+01     -1.74426e+01      5.00000e+00      1s
     3     -1.73772e+01     -1.66478e+01      7.00000e+00      3s
     6     -1.71152e+01     -1.64944e+01      7.00000e+00      4s
     9     -1.69688e+01     -1.60720e+01      7.00000e+00      5s
    12     -1.61716e+01     -1.60720e+01      7.00000e+00      6s
    15     -1.56942e+01     -1.56942e+01      7.00000e+00      7s
    18     -1.64396e+01     -1.56942e+01      7.00000e+00      9s
    21     -1.70150e+01     -1.56942e+01      7.00000e+00     10s
    24     -1.66100e+01     -1.56942e+01      7.00000e+00     11s
    28     -1.72830e+01     -1.56942e+01      7.00000e+00     13s
    31     -1.71688e+01     -1.56942e+01      7.00000e+00     14s
    35     -1.64592e+01     -1.56942e+01      7.00000e+00     15s
    38     -1.69752e+01     -1.56942e+01      7.00000e+00     16s
    41     -1.63826e+01     -1.56942e+01      7.00000e+00     17s
    44     -1.67904e+01     -1.56942e+01      7.00000e+00     19s
    47     -1.68204e+01     -1.56942e+01      7.00000e+00     20s
    50     -1.71136e+01     -1.56942e+01      7.00000e+00     21s
    55      4.98200e-01      1.39100e+00      7.00000e+00     22s
    58     -4.33120e+00      1.39100e+00      7.00000e+00     23s
    61     -1.08476e+01      1.39100e+00      7.00000e+00     25s
    63     -2.21694e+01      1.39100e+00      7.00000e+00     26s
    68     -6.24004e+01      1.39100e+00      7.00000e+00     27s
    72     -4.45896e+01      1.39100e+00      7.00000e+00     28s
    76     -5.49040e+00      1.39100e+00      7.00000e+00     29s
    81     -1.87740e+00      1.39100e+00      7.00000e+00     31s
    85     -8.68880e+00      1.39100e+00      7.00000e+00     32s
    89     -3.70080e+01      1.39100e+00      7.00000e+00     33s
    92     -6.17076e+01      1.39100e+00      7.00000e+00     34s
    97     -3.72978e+01      1.39100e+00      7.00000e+00     35s
   100     -1.71384e+01      1.39100e+00      7.00000e+00     37s
   104     -1.07096e+01      1.39100e+00      7.00000e+00     38s
   108     -5.13780e+00      1.39100e+00      7.00000e+00     39s
   113     -2.23390e+01      1.39100e+00      7.00000e+00     41s
   116     -4.27824e+01      1.39100e+00      7.00000e+00     42s
   120     -4.25968e+01      1.39100e+00      7.00000e+00     43s
   123     -2.40070e+01      1.39100e+00      7.00000e+00     44s
   126     -1.18032e+01      1.39100e+00      7.00000e+00     45s
   129     -8.52700e+00      1.39100e+00      7.00000e+00     46s
   133     -5.20920e+00      1.39100e+00      7.00000e+00     48s
   136     -1.16880e+01      1.39100e+00      7.00000e+00     50s
   140     -4.04878e+01      1.39100e+00      7.00000e+00     51s
   143     -4.83790e+01      1.39100e+00      7.00000e+00     52s
   147     -2.79286e+01      1.39100e+00      7.00000e+00     53s
   150     -1.65566e+01      1.39100e+00      7.00000e+00     55s
   154     -2.61364e+01      1.39100e+00      7.00000e+00     56s
   158     -1.73344e+01      1.39100e+00      7.00000e+00     57s
   161     -1.41506e+01      1.39100e+00      7.00000e+00     58s
   164     -2.25176e+01      1.39100e+00      7.00000e+00     59s
   168     -2.83402e+01      1.39100e+00      7.00000e+00     60s
   171     -1.83680e+01      1.39100e+00      7.00000e+00     61s
   175     -1.75986e+01      1.39100e+00      7.00000e+00     63s
   178     -2.51790e+01      1.39100e+00      7.00000e+00     64s
   181     -2.20848e+01      1.39100e+00      7.00000e+00     65s
   184     -1.46038e+01      1.39100e+00      7.00000e+00     66s
   188     -2.19958e+01      1.39100e+00      7.00000e+00     67s
   192     -2.90412e+01      1.39100e+00      7.00000e+00     68s
   196     -1.72612e+01      1.39100e+00      7.00000e+00     69s
   199     -1.70312e+01      1.39100e+00      7.00000e+00     70s
   202     -1.90504e+01      1.39100e+00      7.00000e+00     72s
   205     -2.44676e+01      1.39100e+00      7.00000e+00     73s
   208     -2.15268e+01      1.39100e+00      7.00000e+00     74s
   211     -1.71410e+01      1.39100e+00      7.00000e+00     75s
   214     -1.90462e+01      1.39100e+00      7.00000e+00     76s
   217     -2.32624e+01      1.39100e+00      7.00000e+00     77s
   220     -2.09580e+01      1.39100e+00      7.00000e+00     79s
   225     -1.71934e+01      1.39100e+00      7.00000e+00     80s
   229     -2.29926e+01      1.39100e+00      7.00000e+00     81s
   234     -1.86612e+01      1.39100e+00      7.00000e+00     83s
   237     -1.69946e+01      1.39100e+00      7.00000e+00     84s
   241     -2.38250e+01      1.39100e+00      7.00000e+00     85s
   244     -2.23434e+01      1.39100e+00      7.00000e+00     86s
   247     -1.64640e+01      1.39100e+00      7.00000e+00     87s
   250     -1.62992e+01      1.39100e+00      7.00000e+00     89s
   253     -2.05168e+01      1.39100e+00      7.00000e+00     90s
   256     -2.42200e+01      1.39100e+00      7.00000e+00     91s
   259     -2.02440e+01      1.39100e+00      7.00000e+00     92s
   263     -1.67946e+01      1.39100e+00      7.00000e+00     93s
   267     -2.11190e+01      1.39100e+00      7.00000e+00     94s
   270     -2.08762e+01      1.39100e+00      7.00000e+00     95s
   273     -1.73226e+01      1.39100e+00      7.00000e+00     96s
   276     -1.74750e+01      1.39100e+00      7.00000e+00     98s
   280     -2.17940e+01      1.39100e+00      7.00000e+00     99s
   282     -2.14512e+01      1.39100e+00      7.00000e+00    100s
   285     -1.80454e+01      1.39100e+00      7.00000e+00    101s
   288     -1.72404e+01      1.39100e+00      7.00000e+00    102s
   291     -2.06698e+01      1.39100e+00      7.00000e+00    103s
   294     -1.99442e+01      1.39100e+00      7.00000e+00    105s
   297     -1.71466e+01      1.39100e+00      7.00000e+00    106s
   301     -1.87638e+01      1.39100e+00      7.00000e+00    107s
   304     -2.17592e+01      1.39100e+00      7.00000e+00    108s
   307     -2.19392e+01      1.39100e+00      7.00000e+00    109s
   310     -1.72584e+01      1.39100e+00      7.00000e+00    111s
   314     -1.86564e+01      1.39100e+00      7.00000e+00    112s
   317     -1.97670e+01      1.39100e+00      7.00000e+00    113s
   320     -1.86408e+01      1.39100e+00      7.00000e+00    114s
   324     -1.72366e+01      1.39100e+00      7.00000e+00    115s
   326     -1.83828e+01      1.39100e+00      7.00000e+00    117s
   330     -2.36874e+01      1.39100e+00      7.00000e+00    118s
   333     -1.95094e+01      1.39100e+00      7.00000e+00    119s
   337     -1.69540e+01      1.39100e+00      7.00000e+00    120s
   341     -2.09670e+01      1.39100e+00      7.00000e+00    122s
   344     -1.91068e+01      1.39100e+00      7.00000e+00    123s
   347     -1.69342e+01      1.39100e+00      7.00000e+00    124s
   350     -1.75134e+01      1.39100e+00      7.00000e+00    125s
   353     -1.78772e+01      1.39100e+00      7.00000e+00    126s
   356     -2.02008e+01      1.39100e+00      7.00000e+00    127s
   359     -1.79914e+01      1.39100e+00      7.00000e+00    128s
   362     -1.64540e+01      1.39100e+00      7.00000e+00    130s
   365     -2.04440e+01      1.39100e+00      7.00000e+00    131s
   369     -2.20954e+01      1.39100e+00      7.00000e+00    132s
   374     -1.70696e+01      1.39100e+00      7.00000e+00    133s
   378     -1.89140e+01      1.39100e+00      7.00000e+00    135s
   382     -1.89230e+01      1.39100e+00      7.00000e+00    136s
   384     -1.81944e+01      1.39100e+00      7.00000e+00    137s
   387     -1.76178e+01      1.39100e+00      7.00000e+00    138s
   390     -2.06092e+01      1.39100e+00      7.00000e+00    139s
   393     -2.37732e+01      1.39100e+00      7.00000e+00    141s
   396     -1.91254e+01      1.39100e+00      7.00000e+00    142s
   399     -1.68136e+01      1.39100e+00      7.00000e+00    143s
   402     -1.69042e+01      1.39100e+00      7.00000e+00    144s
   406     -1.76770e+01      1.39100e+00      7.00000e+00    145s
   408     -1.74912e+01      1.39100e+00      7.00000e+00    146s
   411     -1.67108e+01      1.39100e+00      7.00000e+00    147s
   414     -1.82054e+01      1.39100e+00      7.00000e+00    149s
   417     -2.10150e+01      1.39100e+00      7.00000e+00    150s
   420     -2.06950e+01      1.39100e+00      7.00000e+00    151s
   423     -1.85892e+01      1.39100e+00      7.00000e+00    152s
   426     -1.62812e+01      1.39100e+00      7.00000e+00    153s
   429     -1.71730e+01      1.39100e+00      7.00000e+00    155s
   432     -1.85776e+01      1.39100e+00      7.00000e+00    156s
   435     -1.60944e+01      1.39100e+00      7.00000e+00    157s
   439     -1.86210e+01      1.39100e+00      7.00000e+00    158s
   442     -2.05920e+01      1.39100e+00      7.00000e+00    159s
   445     -2.00390e+01      1.39100e+00      7.00000e+00    160s
   448     -1.78284e+01      1.39100e+00      7.00000e+00    161s
   451     -1.69138e+01      1.39100e+00      7.00000e+00    163s
   454     -1.78220e+01      1.39100e+00      7.00000e+00    164s
   458     -1.78840e+01      1.39100e+00      7.00000e+00    165s
   461     -1.72690e+01      1.39100e+00      7.00000e+00    167s
   464     -1.71740e+01      1.39100e+00      7.00000e+00    168s
   467     -1.89658e+01      1.39100e+00      7.00000e+00    169s
   470     -1.88886e+01      1.39100e+00      7.00000e+00    170s
   474     -1.74626e+01      1.39100e+00      7.00000e+00    171s
   477     -1.75150e+01      1.39100e+00      7.00000e+00    172s
   481     -1.91766e+01      1.39100e+00      7.00000e+00    174s
   484     -1.73318e+01      1.39100e+00      7.00000e+00    175s
   486     -1.69244e+01      1.39100e+00      7.00000e+00    176s
   489     -1.72072e+01      1.39100e+00      7.00000e+00    178s
   492     -1.93302e+01      1.39100e+00      7.00000e+00    179s
   495     -1.85338e+01      1.39100e+00      7.00000e+00    180s
   499     -1.67396e+01      1.39100e+00      7.00000e+00    181s
   502     -1.76526e+01      1.39100e+00      7.00000e+00    182s
   505     -1.70454e+01      1.39100e+00      7.00000e+00    183s
   510     -1.56614e+01      1.39100e+00      7.00000e+00    185s
   514     -1.66994e+01      1.39100e+00      7.00000e+00    186s
   518     -1.75614e+01      1.39100e+00      7.00000e+00    187s
   521     -1.70040e+01      1.39100e+00      7.00000e+00    188s
   524     -1.66268e+01      1.39100e+00      7.00000e+00    189s
   527     -1.75386e+01      1.39100e+00      7.00000e+00    191s
   530     -1.67112e+01      1.39100e+00      7.00000e+00    192s
   534     -1.71528e+01      1.39100e+00      7.00000e+00    193s
   537     -1.71436e+01      1.39100e+00      7.00000e+00    195s
   542     -1.63004e+01      1.39100e+00      7.00000e+00    196s
   546     -1.69626e+01      1.39100e+00      7.00000e+00    197s
   550     -1.63200e+01      1.39100e+00      7.00000e+00    198s
   553     -1.65678e+01      1.39100e+00      7.00000e+00    200s
   557     -1.69320e+01      1.39100e+00      7.00000e+00    201s
   560     -1.68770e+01      1.39100e+00      7.00000e+00    202s
   563     -1.69928e+01      1.39100e+00      7.00000e+00    203s
   566     -1.75432e+01      1.39100e+00      7.00000e+00    204s
   570     -1.63816e+01      1.39100e+00      7.00000e+00    206s
   573     -1.72202e+01      1.39100e+00      7.00000e+00    207s
   576     -1.80542e+01      1.39100e+00      7.00000e+00    208s
   579     -1.73906e+01      1.39100e+00      7.00000e+00    209s
   584     -1.65680e+01      1.39100e+00      7.00000e+00    210s
   587     -1.72004e+01      1.39100e+00      7.00000e+00    212s
   590     -1.67390e+01      1.39100e+00      7.00000e+00    213s
   593     -1.69330e+01      1.39100e+00      7.00000e+00    214s
   597     -1.67094e+01      1.39100e+00      7.00000e+00    215s
   600     -1.70020e+01      1.39100e+00      7.00000e+00    217s
   603     -1.69308e+01      1.39100e+00      7.00000e+00    218s
   606     -1.64612e+01      1.39100e+00      7.00000e+00    219s
   610     -1.76134e+01      1.39100e+00      7.00000e+00    220s
   613     -1.69626e+01      1.39100e+00      7.00000e+00    221s
   615     -1.66704e+01      1.39100e+00      7.00000e+00    222s
   620     -1.67192e+01      1.39100e+00      7.00000e+00    224s
   623     -1.71922e+01      1.39100e+00      7.00000e+00    225s
   627     -1.58958e+01      1.39100e+00      7.00000e+00    226s
   630     -1.63384e+01      1.39100e+00      7.00000e+00    227s
   633     -1.59168e+01      1.39100e+00      7.00000e+00    228s
   637     -1.69538e+01      1.39100e+00      7.00000e+00    230s
   640     -1.66966e+01      1.39100e+00      7.00000e+00    231s
   643     -1.68644e+01      1.39100e+00      7.00000e+00    232s
   646     -1.63092e+01      1.39100e+00      7.00000e+00    233s
   649     -1.68436e+01      1.39100e+00      7.00000e+00    234s
   652     -1.68628e+01      1.39100e+00      7.00000e+00    236s
   657     -1.67858e+01      1.39100e+00      7.00000e+00    237s
   660     -1.70352e+01      1.39100e+00      7.00000e+00    238s
   663     -1.69004e+01      1.39100e+00      7.00000e+00    239s
   666     -1.63518e+01      1.39100e+00      7.00000e+00    240s
   669     -1.74862e+01      1.39100e+00      7.00000e+00    241s
   672     -1.61616e+01      1.39100e+00      7.00000e+00    243s
   675     -1.65168e+01      1.39100e+00      7.00000e+00    244s
   678     -1.68102e+01      1.39100e+00      7.00000e+00    245s
   681     -1.71220e+01      1.39100e+00      7.00000e+00    246s
   683     -1.72558e+01      1.39100e+00      7.00000e+00    247s
   686     -1.72968e+01      1.39100e+00      7.00000e+00    248s
   689     -1.67622e+01      1.39100e+00      7.00000e+00    250s
   693     -1.74664e+01      1.39100e+00      7.00000e+00    251s
   697     -1.61678e+01      1.39100e+00      7.00000e+00    252s
   700     -1.66060e+01      1.39100e+00      7.00000e+00    254s
   703     -1.65036e+01      1.39100e+00      7.00000e+00    255s
   707     -1.64952e+01      1.39100e+00      7.00000e+00    256s
   710     -1.66316e+01      1.39100e+00      7.00000e+00    257s
   713     -1.71796e+01      1.39100e+00      7.00000e+00    258s
   716     -1.69722e+01      1.39100e+00      7.00000e+00    259s
   720     -1.68516e+01      1.39100e+00      7.00000e+00    261s
   723     -1.64342e+01      1.39100e+00      7.00000e+00    262s
   728     -1.70568e+01      1.39100e+00      7.00000e+00    263s
   731     -1.78752e+01      1.39100e+00      7.00000e+00    264s
   735     -1.68074e+01      1.39100e+00      7.00000e+00    266s
   739     -1.72584e+01      1.39100e+00      7.00000e+00    267s
   742     -1.70394e+01      1.39100e+00      7.00000e+00    268s
   745     -1.74850e+01      1.39100e+00      7.00000e+00    269s
   747     -1.61262e+01      1.39100e+00      7.00000e+00    270s
   750     -1.73308e+01      1.39100e+00      7.00000e+00    272s
   753     -1.65764e+01      1.39100e+00      7.00000e+00    273s
   756     -1.77634e+01      1.39100e+00      7.00000e+00    274s
   759     -1.65672e+01      1.39100e+00      7.00000e+00    275s
   764     -1.59200e+01      1.39100e+00      7.00000e+00    277s
   767     -1.69216e+01      1.39100e+00      7.00000e+00    278s
   771     -1.74266e+01      1.39100e+00      7.00000e+00    279s
   774     -1.72158e+01      1.39100e+00      7.00000e+00    280s
   777     -1.65744e+01      1.39100e+00      7.00000e+00    282s
   780     -1.69006e+01      1.39100e+00      7.00000e+00    283s
   783     -1.65466e+01      1.39100e+00      7.00000e+00    284s
   786     -1.67182e+01      1.39100e+00      7.00000e+00    285s
   789     -1.67298e+01      1.39100e+00      7.00000e+00    286s
   792     -1.75346e+01      1.39100e+00      7.00000e+00    288s
   794     -1.83158e+01      1.39100e+00      7.00000e+00    289s
   799     -1.63626e+01      1.39100e+00      7.00000e+00    290s
   802     -1.59686e+01      1.39100e+00      7.00000e+00    291s
   805     -1.61852e+01      1.39100e+00      7.00000e+00    292s
   808     -1.77486e+01      1.39100e+00      7.00000e+00    293s
   812     -1.73208e+01      1.39100e+00      7.00000e+00    295s
   814     -1.68208e+01      1.39100e+00      7.00000e+00    296s
   817     -1.69454e+01      1.39100e+00      7.00000e+00    297s
   820     -1.79338e+01      1.39100e+00      7.00000e+00    298s
   823     -1.67740e+01      1.39100e+00      7.00000e+00    299s
   826     -1.72570e+01      1.39100e+00      7.00000e+00    301s
   830     -1.75078e+01      1.39100e+00      7.00000e+00    302s
   835     -1.68064e+01      1.39100e+00      7.00000e+00    303s
   838     -1.69392e+01      1.39100e+00      7.00000e+00    304s
   842     -1.74532e+01      1.39100e+00      7.00000e+00    305s
   845     -1.70040e+01      1.39100e+00      7.00000e+00    307s
   848     -1.72920e+01      1.39100e+00      7.00000e+00    308s
   851     -1.71096e+01      1.39100e+00      7.00000e+00    309s
   854     -1.70452e+01      1.39100e+00      7.00000e+00    311s
   857     -1.76500e+01      1.39100e+00      7.00000e+00    312s
   860     -1.65210e+01      1.39100e+00      7.00000e+00    313s
   862     -1.64642e+01      1.39100e+00      7.00000e+00    314s
   865     -1.79898e+01      1.39100e+00      7.00000e+00    315s
   870     -1.61320e+01      1.39100e+00      7.00000e+00    316s
   873     -1.66938e+01      1.39100e+00      7.00000e+00    318s
   876     -1.66698e+01      1.39100e+00      7.00000e+00    319s
   880     -1.71436e+01      1.39100e+00      7.00000e+00    320s
   884     -1.68130e+01      1.39100e+00      7.00000e+00    321s
   887     -1.66262e+01      1.39100e+00      7.00000e+00    322s
   890     -1.71674e+01      1.39100e+00      7.00000e+00    324s
   893     -1.73432e+01      1.39100e+00      7.00000e+00    325s
   896     -1.68060e+01      1.39100e+00      7.00000e+00    326s
   899     -1.62160e+01      1.39100e+00      7.00000e+00    327s
   903     -1.75248e+01      1.39100e+00      7.00000e+00    329s
   906     -1.72558e+01      1.39100e+00      7.00000e+00    330s
   909     -1.64900e+01      1.39100e+00      7.00000e+00    331s
   912     -1.67416e+01      1.39100e+00      7.00000e+00    332s
   915     -1.78122e+01      1.39100e+00      7.00000e+00    333s
   918     -1.73178e+01      1.39100e+00      7.00000e+00    334s
   921     -1.68114e+01      1.39100e+00      7.00000e+00    335s
   923     -1.76862e+01      1.39100e+00      7.00000e+00    337s
   926     -1.70522e+01      1.39100e+00      7.00000e+00    338s
   929     -1.68908e+01      1.39100e+00      7.00000e+00    339s
   932     -1.70998e+01      1.39100e+00      7.00000e+00    340s
   935     -1.67086e+01      1.39100e+00      7.00000e+00    341s
   940     -1.68730e+01      1.39100e+00      7.00000e+00    342s
   943     -1.75574e+01      1.39100e+00      7.00000e+00    343s
   947     -1.72656e+01      1.39100e+00      7.00000e+00    345s
   951     -1.75914e+01      1.39100e+00      7.00000e+00    346s
   955     -1.57834e+01      1.39100e+00      7.00000e+00    347s
   958     -1.65650e+01      1.39100e+00      7.00000e+00    348s
   962     -1.70126e+01      1.39100e+00      7.00000e+00    350s
   965     -1.52990e+01      1.39100e+00      7.00000e+00    351s
   969     -1.61118e+01      1.39100e+00      7.00000e+00    352s
   972     -1.75112e+01      1.39100e+00      7.00000e+00    353s
   976     -1.67728e+01      1.39100e+00      7.00000e+00    355s
   981     -1.59970e+01      1.39100e+00      7.00000e+00    356s
   984     -1.62200e+01      1.39100e+00      7.00000e+00    357s
   988     -1.63816e+01      1.39100e+00      7.00000e+00    358s
   991     -1.57470e+01      1.39100e+00      7.00000e+00    359s
   994     -1.62566e+01      1.39100e+00      7.00000e+00    361s
   997     -1.59654e+01      1.39100e+00      7.00000e+00    362s
  1000     -1.67104e+01      1.39100e+00      7.00000e+00    363s
  1003     -1.63058e+01      1.39100e+00      7.00000e+00    365s
  1006     -1.62622e+01      1.39100e+00      7.00000e+00    366s
  1009     -1.71134e+01      1.39100e+00      7.00000e+00    367s
  1013     -1.72208e+01      1.39100e+00      7.00000e+00    368s
  1016     -1.69292e+01      1.39100e+00      7.00000e+00    369s
  1019     -1.57336e+01      1.39100e+00      7.00000e+00    370s
  1022     -1.66448e+01      1.39100e+00      7.00000e+00    372s
  1026     -1.56070e+01      1.39100e+00      7.00000e+00    373s
  1029     -1.59058e+01      1.39100e+00      7.00000e+00    374s
  1032     -1.63034e+01      1.39100e+00      7.00000e+00    375s
  1035     -1.71096e+01      1.39100e+00      7.00000e+00    376s
  1039     -1.74662e+01      1.39100e+00      7.00000e+00    378s
  1042     -1.68190e+01      1.39100e+00      7.00000e+00    379s
  1045     -1.68202e+01      1.39100e+00      7.00000e+00    380s
  1049     -1.64920e+01      1.39100e+00      7.00000e+00    381s
  1053     -1.80720e+01      1.39100e+00      7.00000e+00    382s
  1055     -1.83840e+01      1.39100e+00      7.00000e+00    383s
  1059     -1.82354e+01      1.39100e+00      7.00000e+00    385s
  1062     -1.63494e+01      1.39100e+00      7.00000e+00    386s
  1064     -1.73444e+01      1.39100e+00      7.00000e+00    387s
  1067     -1.87510e+01      1.39100e+00      7.00000e+00    388s
  1070     -1.73686e+01      1.39100e+00      7.00000e+00    389s
  1072     -1.70008e+01      1.39100e+00      7.00000e+00    390s
  1075     -1.67890e+01      1.39100e+00      7.00000e+00    391s
  1078     -1.74642e+01      1.39100e+00      7.00000e+00    392s
  1081     -1.90658e+01      1.39100e+00      7.00000e+00    394s
  1086     -1.65260e+01      1.39100e+00      7.00000e+00    395s
  1089     -1.80240e+01      1.39100e+00      7.00000e+00    397s
  1093     -1.84406e+01      1.39100e+00      7.00000e+00    398s
  1097     -1.73428e+01      1.39100e+00      7.00000e+00    399s
  1100     -1.67956e+01      1.39100e+00      7.00000e+00    400s
  1103     -1.69038e+01      1.39100e+00      7.00000e+00    402s
  1106     -1.66112e+01      1.39100e+00      7.00000e+00    403s
  1110     -1.65140e+01      1.39100e+00      7.00000e+00    404s
  1112     -1.76572e+01      1.39100e+00      7.00000e+00    405s
  1115     -1.71606e+01      1.39100e+00      7.00000e+00    406s
  1120     -1.67246e+01      1.39100e+00      7.00000e+00    407s
  1123     -1.65460e+01      1.39100e+00      7.00000e+00    409s
  1127     -1.78940e+01      1.39100e+00      7.00000e+00    410s
  1131     -1.72058e+01      1.39100e+00      7.00000e+00    411s
  1134     -1.59642e+01      1.39100e+00      7.00000e+00    412s
  1137     -1.67742e+01      1.39100e+00      7.00000e+00    413s
  1140     -1.66726e+01      1.39100e+00      7.00000e+00    415s
  1143     -1.73860e+01      1.39100e+00      7.00000e+00    416s
  1146     -1.61850e+01      1.39100e+00      7.00000e+00    417s
  1149     -1.63122e+01      1.39100e+00      7.00000e+00    418s
  1152     -1.68742e+01      1.39100e+00      7.00000e+00    419s
  1157     -1.71198e+01      1.39100e+00      7.00000e+00    420s
  1161     -1.72562e+01      1.39100e+00      7.00000e+00    422s
  1164     -1.66824e+01      1.39100e+00      7.00000e+00    423s
  1167     -1.68966e+01      1.39100e+00      7.00000e+00    424s
  1170     -1.74072e+01      1.39100e+00      7.00000e+00    425s
  1173     -1.58884e+01      1.39100e+00      7.00000e+00    426s
  1176     -1.68482e+01      1.39100e+00      7.00000e+00    427s
  1178     -1.77022e+01      1.39100e+00      7.00000e+00    429s
  1181     -1.67172e+01      1.39100e+00      7.00000e+00    430s
  1184     -1.57116e+01      1.39100e+00      7.00000e+00    431s
  1187     -1.72268e+01      1.39100e+00      7.00000e+00    432s
  1192     -1.68462e+01      1.39100e+00      7.00000e+00    433s
  1196     -1.68114e+01      1.39100e+00      7.00000e+00    435s
  1198     -1.64570e+01      1.39100e+00      7.00000e+00    436s
  1202     -1.71938e+01      1.39100e+00      7.00000e+00    437s
  1205     -1.78806e+01      1.39100e+00      7.00000e+00    438s
  1208     -1.75530e+01      1.39100e+00      7.00000e+00    439s
  1211     -1.68696e+01      1.39100e+00      7.00000e+00    441s
  1214     -1.74498e+01      1.39100e+00      7.00000e+00    442s
  1216     -1.72254e+01      1.39100e+00      7.00000e+00    443s
  1219     -1.86364e+01      1.39100e+00      7.00000e+00    444s
  1223     -1.72928e+01      1.39100e+00      7.00000e+00    446s
  1227     -1.74466e+01      1.39100e+00      7.00000e+00    447s
  1231     -1.88690e+01      1.39100e+00      7.00000e+00    448s
  1235     -1.53382e+01      1.39100e+00      7.00000e+00    450s
  1239     -1.73744e+01      1.39100e+00      7.00000e+00    451s
  1242     -1.84326e+01      1.39100e+00      7.00000e+00    452s
  1244     -1.80766e+01      1.39100e+00      7.00000e+00    453s
  1248     -1.68086e+01      1.39100e+00      7.00000e+00    454s
  1251     -1.64946e+01      1.39100e+00      7.00000e+00    456s
  1254     -1.68950e+01      1.39100e+00      7.00000e+00    457s
  1257     -1.78028e+01      1.39100e+00      7.00000e+00    458s
  1260     -1.61734e+01      1.39100e+00      7.00000e+00    459s
  1264     -1.62370e+01      1.39100e+00      7.00000e+00    460s
  1268     -1.74712e+01      1.39100e+00      7.00000e+00    461s
  1271     -1.69266e+01      1.39100e+00      7.00000e+00    463s
  1275     -1.74818e+01      1.39100e+00      7.00000e+00    464s
  1278     -1.62314e+01      1.39100e+00      7.00000e+00    465s
  1281     -1.67132e+01      1.39100e+00      7.00000e+00    467s
  1284     -1.69658e+01      1.39100e+00      7.00000e+00    468s
  1288     -1.68986e+01      1.39100e+00      7.00000e+00    469s
  1291     -1.67856e+01      1.39100e+00      7.00000e+00    470s
  1294     -1.69702e+01      1.39100e+00      7.00000e+00    471s
  1297     -1.57858e+01      1.39100e+00      7.00000e+00    473s
  1301     -1.77472e+01      1.39100e+00      7.00000e+00    474s
  1304     -1.56282e+01      1.39100e+00      7.00000e+00    475s
  1307     -1.65968e+01      1.39100e+00      7.00000e+00    476s
  1311     -1.71248e+01      1.39100e+00      7.00000e+00    478s
  1314     -1.79568e+01      1.39100e+00      7.00000e+00    479s
  1317     -1.75590e+01      1.39100e+00      7.00000e+00    480s
  1320     -1.58820e+01      1.39100e+00      7.00000e+00    481s
  1323     -1.65754e+01      1.39100e+00      7.00000e+00    482s
  1326     -1.68894e+01      1.39100e+00      7.00000e+00    483s
  1329     -1.63860e+01      1.39100e+00      7.00000e+00    485s
  1333     -1.65740e+01      1.39100e+00      7.00000e+00    486s
  1337     -1.62816e+01      1.39100e+00      7.00000e+00    487s
  1340     -1.65830e+01      1.39100e+00      7.00000e+00    488s
  1344     -1.62416e+01      1.39100e+00      7.00000e+00    489s
  1347     -1.74988e+01      1.39100e+00      7.00000e+00    490s
  1350     -1.63982e+01      1.39100e+00      7.00000e+00    491s
  1354     -1.64706e+01      1.39100e+00      7.00000e+00    493s
  1357     -1.68068e+01      1.39100e+00      7.00000e+00    494s
  1360     -1.67718e+01      1.39100e+00      7.00000e+00    495s
  1363     -1.69956e+01      1.39100e+00      7.00000e+00    496s
  1367     -1.62694e+01      1.39100e+00      7.00000e+00    497s
  1370     -1.75030e+01      1.39100e+00      7.00000e+00    498s
  1374     -1.70434e+01      1.39100e+00      7.00000e+00    500s
  1378     -1.64188e+01      1.39100e+00      7.00000e+00    501s
  1381     -1.69846e+01      1.39100e+00      7.00000e+00    502s
  1385     -1.70476e+01      1.39100e+00      7.00000e+00    503s
  1388     -1.70890e+01      1.39100e+00      7.00000e+00    505s
  1391     -1.68016e+01      1.39100e+00      7.00000e+00    506s
  1394     -1.59148e+01      1.39100e+00      7.00000e+00    507s
  1397     -1.81434e+01      1.39100e+00      7.00000e+00    508s
  1400     -1.73308e+01      1.39100e+00      7.00000e+00    509s
  1402     -1.67616e+01      1.39100e+00      7.00000e+00    510s
  1405     -1.71016e+01      1.39100e+00      7.00000e+00    512s
  1408     -1.68378e+01      1.39100e+00      7.00000e+00    513s
  1412     -1.67264e+01      1.39100e+00      7.00000e+00    514s
  1414     -1.65176e+01      1.39100e+00      7.00000e+00    515s
  1418     -1.79724e+01      1.39100e+00      7.00000e+00    517s
  1422     -1.75126e+01      1.39100e+00      7.00000e+00    518s
  1425     -1.66646e+01      1.39100e+00      7.00000e+00    519s
  1428     -1.73382e+01      1.39100e+00      7.00000e+00    521s
  1431     -1.81996e+01      1.39100e+00      7.00000e+00    522s
  1434     -1.63762e+01      1.39100e+00      7.00000e+00    523s
  1437     -1.69192e+01      1.39100e+00      7.00000e+00    524s
  1441     -1.71546e+01      1.39100e+00      7.00000e+00    525s
  1445     -1.83434e+01      1.39100e+00      7.00000e+00    526s
  1448     -1.66234e+01      1.39100e+00      7.00000e+00    528s
  1451     -1.68818e+01      1.39100e+00      7.00000e+00    529s
  1454     -1.66774e+01      1.39100e+00      7.00000e+00    530s
  1457     -1.69730e+01      1.39100e+00      7.00000e+00    531s
  1460     -1.70428e+01      1.39100e+00      7.00000e+00    532s
  1463     -1.71728e+01      1.39100e+00      7.00000e+00    533s
  1466     -1.72006e+01      1.39100e+00      7.00000e+00    535s
  1469     -1.68484e+01      1.39100e+00      7.00000e+00    536s
  1473     -1.70602e+01      1.39100e+00      7.00000e+00    537s
  1477     -1.76252e+01      1.39100e+00      7.00000e+00    539s
  1482     -1.55206e+01      1.39100e+00      7.00000e+00    540s
  1486     -1.63576e+01      1.39100e+00      7.00000e+00    541s
  1489     -1.60726e+01      1.39100e+00      7.00000e+00    542s
  1492     -1.66716e+01      1.39100e+00      7.00000e+00    544s
  1495     -1.73130e+01      1.39100e+00      7.00000e+00    545s
  1498     -1.70730e+01      1.39100e+00      7.00000e+00    546s
  1501     -1.71290e+01      1.39100e+00      7.00000e+00    547s
  1504     -1.74244e+01      1.39100e+00      7.00000e+00    548s
  1507     -1.66566e+01      1.39100e+00      7.00000e+00    550s
  1510     -1.63572e+01      1.39100e+00      7.00000e+00    551s
  1512     -1.67732e+01      1.39100e+00      7.00000e+00    552s
  1517     -1.72206e+01      1.39100e+00      7.00000e+00    553s
  1520     -1.71916e+01      1.39100e+00      7.00000e+00    554s
  1523     -1.68450e+01      1.39100e+00      7.00000e+00    555s
  1526     -1.62580e+01      1.39100e+00      7.00000e+00    557s
  1529     -1.86164e+01      1.39100e+00      7.00000e+00    558s
  1532     -1.65240e+01      1.39100e+00      7.00000e+00    559s
  1535     -1.74198e+01      1.39100e+00      7.00000e+00    560s
  1538     -1.69580e+01      1.39100e+00      7.00000e+00    561s
  1541     -1.75412e+01      1.39100e+00      7.00000e+00    562s
  1545     -1.62518e+01      1.39100e+00      7.00000e+00    564s
  1548     -1.67738e+01      1.39100e+00      7.00000e+00    565s
  1553     -1.63758e+01      1.39100e+00      7.00000e+00    566s
  1556     -1.61546e+01      1.39100e+00      7.00000e+00    567s
  1560     -1.70902e+01      1.39100e+00      7.00000e+00    568s
  1563     -1.70826e+01      1.39100e+00      7.00000e+00    570s
  1567     -1.59992e+01      1.39100e+00      7.00000e+00    571s
  1570     -1.61318e+01      1.39100e+00      7.00000e+00    572s
  1573     -1.59976e+01      1.39100e+00      7.00000e+00    573s
  1576     -1.63342e+01      1.39100e+00      7.00000e+00    575s
  1579     -1.60268e+01      1.39100e+00      7.00000e+00    576s
  1582     -1.56334e+01      1.39100e+00      7.00000e+00    577s
  1585     -1.59452e+01      1.39100e+00      7.00000e+00    578s
  1590     -1.70982e+01      1.39100e+00      7.00000e+00    579s
  1593     -1.62820e+01      1.39100e+00      7.00000e+00    580s
  1596     -1.65194e+01      1.39100e+00      7.00000e+00    581s
  1599     -1.65394e+01      1.39100e+00      7.00000e+00    582s
  1602     -1.67422e+01      1.39100e+00      7.00000e+00    584s
  1605     -1.57942e+01      1.39100e+00      7.00000e+00    585s
  1608     -1.64500e+01      1.39100e+00      7.00000e+00    586s
  1610     -1.66596e+01      1.39100e+00      7.00000e+00    587s
  1613     -1.69478e+01      1.39100e+00      7.00000e+00    588s
  1616     -1.75382e+01      1.39100e+00      7.00000e+00    590s
  1619     -1.60174e+01      1.39100e+00      7.00000e+00    591s
  1622     -1.64372e+01      1.39100e+00      7.00000e+00    592s
  1626     -1.64348e+01      1.39100e+00      7.00000e+00    593s
  1629     -1.77388e+01      1.39100e+00      7.00000e+00    594s
  1632     -1.66248e+01      1.39100e+00      7.00000e+00    595s
  1636     -1.60064e+01      1.39100e+00      7.00000e+00    597s
  1639     -1.67922e+01      1.39100e+00      7.00000e+00    598s
  1642     -1.57810e+01      1.39100e+00      7.00000e+00    599s
  1645     -1.63220e+01      1.39100e+00      7.00000e+00    600s
  1648     -1.66860e+01      1.39100e+00      7.00000e+00    601s
  1651     -1.62368e+01      1.39100e+00      7.00000e+00    603s
  1655     -1.53586e+01      1.39100e+00      7.00000e+00    604s
  1658     -1.66886e+01      1.39100e+00      7.00000e+00    605s
  1662     -1.65316e+01      1.39100e+00      7.00000e+00    606s
  1665     -1.69754e+01      1.39100e+00      7.00000e+00    607s
  1668     -1.65858e+01      1.39100e+00      7.00000e+00    608s
  1671     -1.68278e+01      1.39100e+00      7.00000e+00    609s
  1675     -1.67852e+01      1.39100e+00      7.00000e+00    611s
  1678     -1.67456e+01      1.39100e+00      7.00000e+00    612s
  1682     -1.66518e+01      1.39100e+00      7.00000e+00    613s
  1685     -1.69460e+01      1.39100e+00      7.00000e+00    614s
  1688     -1.64388e+01      1.39100e+00      7.00000e+00    616s
  1691     -1.68874e+01      1.39100e+00      7.00000e+00    617s
  1694     -1.63310e+01      1.39100e+00      7.00000e+00    618s
  1697     -1.70208e+01      1.39100e+00      7.00000e+00    619s
  1701     -1.66374e+01      1.39100e+00      7.00000e+00    620s
  1705     -1.73738e+01      1.39100e+00      7.00000e+00    621s
  1708     -1.72428e+01      1.39100e+00      7.00000e+00    622s
  1712     -1.70130e+01      1.39100e+00      7.00000e+00    624s
  1714     -1.71084e+01      1.39100e+00      7.00000e+00    625s
  1717     -1.60226e+01      1.39100e+00      7.00000e+00    626s
  1720     -1.62096e+01      1.39100e+00      7.00000e+00    627s
  1724     -1.81692e+01      1.39100e+00      7.00000e+00    628s
  1728     -1.60732e+01      1.39100e+00      7.00000e+00    629s
  1731     -1.60164e+01      1.39100e+00      7.00000e+00    630s
  1734     -1.66302e+01      1.39100e+00      7.00000e+00    632s
  1738     -1.61644e+01      1.39100e+00      7.00000e+00    633s
  1741     -1.74466e+01      1.39100e+00      7.00000e+00    634s
  1744     -1.61852e+01      1.39100e+00      7.00000e+00    635s
  1747     -1.73710e+01      1.39100e+00      7.00000e+00    636s
  1750     -1.63180e+01      1.39100e+00      7.00000e+00    637s
  1753     -1.70578e+01      1.39100e+00      7.00000e+00    638s
  1756     -1.86076e+01      1.39100e+00      7.00000e+00    639s
  1760     -1.66894e+01      1.39100e+00      7.00000e+00    641s
  1763     -1.69674e+01      1.39100e+00      7.00000e+00    642s
  1766     -1.72366e+01      1.39100e+00      7.00000e+00    643s
  1769     -1.68208e+01      1.39100e+00      7.00000e+00    644s
  1772     -1.71666e+01      1.39100e+00      7.00000e+00    645s
  1776     -1.72658e+01      1.39100e+00      7.00000e+00    646s
  1779     -1.65636e+01      1.39100e+00      7.00000e+00    647s
  1782     -1.61024e+01      1.39100e+00      7.00000e+00    649s
  1786     -1.70058e+01      1.39100e+00      7.00000e+00    650s
  1789     -1.62258e+01      1.39100e+00      7.00000e+00    651s
  1792     -1.75372e+01      1.39100e+00      7.00000e+00    652s
  1795     -1.65026e+01      1.39100e+00      7.00000e+00    653s
  1798     -1.64718e+01      1.39100e+00      7.00000e+00    654s
  1801     -1.67692e+01      1.39100e+00      7.00000e+00    656s
  1804     -1.72862e+01      1.39100e+00      7.00000e+00    657s
  1807     -1.77314e+01      1.39100e+00      7.00000e+00    658s
  1812     -1.70946e+01      1.39100e+00      7.00000e+00    659s
  1815     -1.73146e+01      1.39100e+00      7.00000e+00    660s
  1818     -1.79452e+01      1.39100e+00      7.00000e+00    661s
  1821     -1.73206e+01      1.39100e+00      7.00000e+00    662s
  1824     -1.67748e+01      1.39100e+00      7.00000e+00    664s
  1827     -1.64572e+01      1.39100e+00      7.00000e+00    665s
  1830     -1.83474e+01      1.39100e+00      7.00000e+00    666s
  1833     -1.76120e+01      1.39100e+00      7.00000e+00    667s
  1836     -1.72686e+01      1.39100e+00      7.00000e+00    669s
  1839     -1.66370e+01      1.39100e+00      7.00000e+00    670s
  1842     -1.76980e+01      1.39100e+00      7.00000e+00    671s
  1844     -1.76530e+01      1.39100e+00      7.00000e+00    672s
  1848     -1.65666e+01      1.39100e+00      7.00000e+00    673s
  1851     -1.73132e+01      1.39100e+00      7.00000e+00    674s
  1855     -1.67940e+01      1.39100e+00      7.00000e+00    676s
  1858     -1.77020e+01      1.39100e+00      7.00000e+00    677s
  1861     -1.61112e+01      1.39100e+00      7.00000e+00    678s
  1864     -1.73150e+01      1.39100e+00      7.00000e+00    679s
  1867     -1.79326e+01      1.39100e+00      7.00000e+00    680s
  1870     -1.70768e+01      1.39100e+00      7.00000e+00    681s
  1873     -1.71572e+01      1.39100e+00      7.00000e+00    683s
  1876     -1.68090e+01      1.39100e+00      7.00000e+00    684s
  1879     -1.74010e+01      1.39100e+00      7.00000e+00    685s
  1884     -1.70866e+01      1.39100e+00      7.00000e+00    686s
  1887     -1.70804e+01      1.39100e+00      7.00000e+00    687s
  1890     -1.78318e+01      1.39100e+00      7.00000e+00    688s
  1894     -1.75850e+01      1.39100e+00      7.00000e+00    690s
  1898     -1.74256e+01      1.39100e+00      7.00000e+00    691s
  1902     -1.65914e+01      1.39100e+00      7.00000e+00    692s
  1906     -1.84798e+01      1.39100e+00      7.00000e+00    694s
  1909     -1.75754e+01      1.39100e+00      7.00000e+00    695s
  1912     -1.65590e+01      1.39100e+00      7.00000e+00    696s
  1915     -1.78240e+01      1.39100e+00      7.00000e+00    697s
  1918     -1.90580e+01      1.39100e+00      7.00000e+00    699s
  1923     -1.66378e+01      1.39100e+00      7.00000e+00    700s
  1926     -1.66040e+01      1.39100e+00      7.00000e+00    701s
  1929     -1.80880e+01      1.39100e+00      7.00000e+00    703s
  1933     -1.77836e+01      1.39100e+00      7.00000e+00    704s
  1936     -1.72252e+01      1.39100e+00      7.00000e+00    705s
  1939     -1.71238e+01      1.39100e+00      7.00000e+00    706s
  1942     -1.78822e+01      1.39100e+00      7.00000e+00    707s
  1944     -1.79210e+01      1.39100e+00      7.00000e+00    708s
  1947     -1.60966e+01      1.39100e+00      7.00000e+00    709s
  1950     -1.68586e+01      1.39100e+00      7.00000e+00    711s
  1953     -1.71974e+01      1.39100e+00      7.00000e+00    712s
  1958     -1.83438e+01      1.39100e+00      7.00000e+00    713s
  1962     -1.71824e+01      1.39100e+00      7.00000e+00    715s
  1965     -1.76568e+01      1.39100e+00      7.00000e+00    716s
  1969     -1.74380e+01      1.39100e+00      7.00000e+00    717s
  1972     -1.67964e+01      1.39100e+00      7.00000e+00    718s
  1975     -1.64106e+01      1.39100e+00      7.00000e+00    720s
  1978     -1.79932e+01      1.39100e+00      7.00000e+00    721s
  1981     -1.80222e+01      1.39100e+00      7.00000e+00    722s
  1984     -1.69596e+01      1.39100e+00      7.00000e+00    724s
  1987     -1.72108e+01      1.39100e+00      7.00000e+00    725s
  1991     -1.78020e+01      1.39100e+00      7.00000e+00    726s
  1994     -1.75394e+01      1.39100e+00      7.00000e+00    727s
  1997     -1.75334e+01      1.39100e+00      7.00000e+00    729s
  2000     -1.68082e+01      1.39100e+00      7.00000e+00    730s
  2003     -1.64866e+01      1.39100e+00      7.00000e+00    731s
  2007     -1.80642e+01      1.39100e+00      7.00000e+00    732s
  2009     -1.77032e+01      1.39100e+00      7.00000e+00    733s
  2012     -1.72982e+01      1.39100e+00      7.00000e+00    734s
  2015     -1.73480e+01      1.39100e+00      7.00000e+00    736s
  2018     -1.87266e+01      1.39100e+00      7.00000e+00    737s
  2021     -1.70378e+01      1.39100e+00      7.00000e+00    738s
  2025     -1.62172e+01      1.39100e+00      7.00000e+00    739s
  2028     -1.71766e+01      1.39100e+00      7.00000e+00    740s
  2032     -1.81552e+01      1.39100e+00      7.00000e+00    742s
  2034     -1.73126e+01      1.39100e+00      7.00000e+00    743s
  2037     -1.66578e+01      1.39100e+00      7.00000e+00    744s
  2040     -1.83398e+01      1.39100e+00      7.00000e+00    745s
  2043     -1.85072e+01      1.39100e+00      7.00000e+00    746s
  2045     -1.82066e+01      1.39100e+00      7.00000e+00    747s
  2048     -1.65836e+01      1.39100e+00      7.00000e+00    748s
  2052     -1.71532e+01      1.39100e+00      7.00000e+00    750s
  2055     -1.80872e+01      1.39100e+00      7.00000e+00    751s
  2059     -1.86878e+01      1.39100e+00      7.00000e+00    752s
  2063     -1.59252e+01      1.39100e+00      7.00000e+00    753s
  2067     -1.86324e+01      1.39100e+00      7.00000e+00    754s
  2071     -1.82960e+01      1.39100e+00      7.00000e+00    756s
  2074     -1.64520e+01      1.39100e+00      7.00000e+00    757s
  2076     -1.66332e+01      1.39100e+00      7.00000e+00    758s
  2079     -1.84000e+01      1.39100e+00      7.00000e+00    759s
  2083     -1.82516e+01      1.39100e+00      7.00000e+00    760s
  2086     -1.79168e+01      1.39100e+00      7.00000e+00    761s
  2090     -1.77146e+01      1.39100e+00      7.00000e+00    763s
  2092     -1.87098e+01      1.39100e+00      7.00000e+00    764s
  2096     -1.84682e+01      1.39100e+00      7.00000e+00    765s
  2100     -1.62664e+01      1.39100e+00      7.00000e+00    767s
  2103     -1.71956e+01      1.39100e+00      7.00000e+00    768s
  2106     -1.94924e+01      1.39100e+00      7.00000e+00    769s
  2110     -1.86702e+01      1.39100e+00      7.00000e+00    770s
  2113     -1.60276e+01      1.39100e+00      7.00000e+00    771s
  2115     -1.57806e+01      1.39100e+00      7.00000e+00    772s
  2119     -1.84026e+01      1.39100e+00      7.00000e+00    773s
  2121     -1.81362e+01      1.39100e+00      7.00000e+00    774s
  2124     -1.74248e+01      1.39100e+00      7.00000e+00    776s
  2127     -1.70708e+01      1.39100e+00      7.00000e+00    777s
  2130     -1.94224e+01      1.39100e+00      7.00000e+00    778s
  2134     -1.87866e+01      1.39100e+00      7.00000e+00    779s
  2137     -1.70068e+01      1.39100e+00      7.00000e+00    780s
  2140     -1.69850e+01      1.39100e+00      7.00000e+00    781s
  2143     -1.90602e+01      1.39100e+00      7.00000e+00    782s
  2146     -1.86574e+01      1.39100e+00      7.00000e+00    784s
  2149     -1.68832e+01      1.39100e+00      7.00000e+00    785s
  2151     -1.87990e+01      1.39100e+00      7.00000e+00    786s
  2154     -2.47714e+01      1.39100e+00      7.00000e+00    787s
  2157     -2.91944e+01      1.39100e+00      7.00000e+00    788s
  2160     -2.29300e+01      1.39100e+00      7.00000e+00    790s
  2163     -1.52178e+01      1.39100e+00      7.00000e+00    791s
  2167     -1.23000e+01      1.39100e+00      7.00000e+00    792s
  2170     -1.29392e+01      1.39100e+00      7.00000e+00    793s
  2173     -1.51636e+01      1.39100e+00      7.00000e+00    795s
  2176     -1.92738e+01      1.39100e+00      7.00000e+00    796s
  2179     -2.61202e+01      1.39100e+00      7.00000e+00    797s
  2182     -2.76520e+01      1.39100e+00      7.00000e+00    798s
  2185     -2.16914e+01      1.39100e+00      7.00000e+00    799s
  2188     -1.39166e+01      1.39100e+00      7.00000e+00    800s
  2191     -1.29566e+01      1.39100e+00      7.00000e+00    801s
  2194     -1.41002e+01      1.39100e+00      7.00000e+00    803s
  2198     -1.56996e+01      1.39100e+00      7.00000e+00    804s
  2202     -2.47218e+01      1.39100e+00      7.00000e+00    805s
  2206     -3.69216e+01      1.39100e+00      7.00000e+00    806s
  2210     -2.55016e+01      1.39100e+00      7.00000e+00    807s
  2213     -1.50278e+01      1.39100e+00      7.00000e+00    808s
  2216     -1.17446e+01      1.39100e+00      7.00000e+00    809s
  2220     -1.05268e+01      1.39100e+00      7.00000e+00    811s
  2224     -1.48510e+01      1.39100e+00      7.00000e+00    812s
  2227     -2.79802e+01      1.39100e+00      7.00000e+00    813s
  2230     -3.59652e+01      1.39100e+00      7.00000e+00    814s
  2234     -2.71042e+01      1.39100e+00      7.00000e+00    816s
  2238     -1.44772e+01      1.39100e+00      7.00000e+00    817s
  2243     -1.06160e+01      1.39100e+00      7.00000e+00    818s
  2247     -1.19656e+01      1.39100e+00      7.00000e+00    820s
  2250     -1.63936e+01      1.39100e+00      7.00000e+00    821s
  2253     -1.77170e+01      1.39100e+00      7.00000e+00    822s
  2256     -2.21140e+01      1.39100e+00      7.00000e+00    823s
  2260     -2.12076e+01      1.39100e+00      7.00000e+00    824s
  2263     -1.65778e+01      1.39100e+00      7.00000e+00    825s
  2266     -1.83386e+01      1.39100e+00      7.00000e+00    826s
  2269     -2.05844e+01      1.39100e+00      7.00000e+00    828s
  2273     -1.87810e+01      1.39100e+00      7.00000e+00    829s
  2276     -1.59312e+01      1.39100e+00      7.00000e+00    830s
  2281     -2.38090e+01      1.39100e+00      7.00000e+00    831s
  2285     -1.96108e+01      1.39100e+00      7.00000e+00    832s
  2288     -1.57412e+01      1.39100e+00      7.00000e+00    834s
  2292     -1.94346e+01      1.39100e+00      7.00000e+00    835s
  2296     -2.11696e+01      1.39100e+00      7.00000e+00    836s
  2299     -1.73902e+01      1.39100e+00      7.00000e+00    837s
  2302     -1.01352e+01      1.39100e+00      7.00000e+00    838s
  2305     -1.06894e+01      1.39100e+00      7.00000e+00    840s
  2308     -1.58770e+01      1.39100e+00      7.00000e+00    841s
  2311     -1.66796e+01      1.39100e+00      7.00000e+00    842s
  2314     -2.01876e+01      1.39100e+00      7.00000e+00    844s
  2319     -3.65588e+01      1.39100e+00      7.00000e+00    845s
  2323     -2.49070e+01      1.39100e+00      7.00000e+00    846s
  2326     -1.09816e+01      1.39100e+00      7.00000e+00    847s
  2329     -1.08524e+01      1.39100e+00      7.00000e+00    849s
  2332     -1.57476e+01      1.39100e+00      7.00000e+00    850s
  2335     -1.56828e+01      1.39100e+00      7.00000e+00    851s
  2338     -1.88380e+01      1.39100e+00      7.00000e+00    852s
  2341     -3.15672e+01      1.39100e+00      7.00000e+00    853s
  2344     -3.65234e+01      1.39100e+00      7.00000e+00    855s
  2348     -2.10944e+01      1.39100e+00      7.00000e+00    856s
  2351     -1.65046e+01      1.39100e+00      7.00000e+00    857s
  2355     -1.81154e+01      1.39100e+00      7.00000e+00    858s
  2359     -1.51340e+01      1.39100e+00      7.00000e+00    859s
  2362     -1.61240e+01      1.39100e+00      7.00000e+00    861s
  2365     -2.37206e+01      1.39100e+00      7.00000e+00    862s
  2368     -2.91524e+01      1.39100e+00      7.00000e+00    863s
  2370     -2.50172e+01      1.39100e+00      7.00000e+00    864s
  2373     -1.87324e+01      1.39100e+00      7.00000e+00    865s
  2376     -1.71044e+01      1.39100e+00      7.00000e+00    866s
  2379     -1.71728e+01      1.39100e+00      7.00000e+00    867s
  2382     -1.56498e+01      1.39100e+00      7.00000e+00    869s
  2385     -1.43074e+01      1.39100e+00      7.00000e+00    870s
  2389     -2.29386e+01      1.39100e+00      7.00000e+00    871s
  2392     -2.82824e+01      1.39100e+00      7.00000e+00    872s
  2396     -2.21728e+01      1.39100e+00      7.00000e+00    873s
  2399     -1.61180e+01      1.39100e+00      7.00000e+00    874s
  2402     -2.13040e+01      1.39100e+00      7.00000e+00    875s
  2406     -2.90238e+01      1.39100e+00      7.00000e+00    876s
  2410     -2.09078e+01      1.39100e+00      7.00000e+00    878s
  2413     -1.70684e+01      1.39100e+00      7.00000e+00    879s
  2416     -2.71888e+01      1.39100e+00      7.00000e+00    880s
  2420     -2.80602e+01      1.39100e+00      7.00000e+00    881s
  2423     -1.75280e+01      1.39100e+00      7.00000e+00    882s
  2427     -2.19932e+01      1.39100e+00      7.00000e+00    883s
  2431     -2.97216e+01      1.39100e+00      7.00000e+00    884s
  2435     -1.91272e+01      1.39100e+00      7.00000e+00    885s
  2439     -2.16848e+01      1.39100e+00      7.00000e+00    887s
  2443     -2.98284e+01      1.39100e+00      7.00000e+00    888s
  2446     -2.32346e+01      1.39100e+00      7.00000e+00    889s
  2449     -1.68116e+01      1.39100e+00      7.00000e+00    890s
  2452     -1.67174e+01      1.39100e+00      7.00000e+00    891s
  2455     -2.60490e+01      1.39100e+00      7.00000e+00    892s
  2458     -3.16478e+01      1.39100e+00      7.00000e+00    894s
  2461     -2.17420e+01      1.39100e+00      7.00000e+00    895s
  2466     -1.85566e+01      1.39100e+00      7.00000e+00    896s
  2471     -2.57054e+01      1.39100e+00      7.00000e+00    897s
  2474     -1.78318e+01      1.39100e+00      7.00000e+00    899s
  2477     -1.78670e+01      1.39100e+00      7.00000e+00    900s
  2482     -3.07066e+01      1.39100e+00      7.00000e+00    901s
  2486     -1.92128e+01      1.39100e+00      7.00000e+00    902s
  2488     -1.45794e+01      1.39100e+00      7.00000e+00    903s
  2491     -2.01012e+01      1.39100e+00      7.00000e+00    905s
  2494     -2.58336e+01      1.39100e+00      7.00000e+00    906s
  2498     -1.86022e+01      1.39100e+00      7.00000e+00    907s

==================================================
Summary of results QAOA
--------------------------------------------------
Average of QAOA obj:          1.39
STD of QAOA obj:              143.84

Gamma angles:                 0.13
Beta angles:                  0.51

Best QAOA obj:                7.00
Modified best QAOA obj:       7.00

QAOA total time:              907.58s
QAOA circuit depth:           26
==================================================

==================================================
Summary of results of 0-S5
--------------------------------------------------
Number of vertices:           5
Number of edges:              10

Vertex num in largest comp:   5
Edge num in largest comp:     10

Pre-processing running time:  0.00
Total solver time:            907.15
Running time:                 911.69

Upper bound:                  7.00
Objective value:              7.00

Partition 0:                  1, 4, 5             
Partition 1:                  3                   
Partition 2:                  2                   
Partition 3:                                      
==================================================
