==================================================
Instance parameters
--------------------------------------------------
Number of vertices:           7
Number of edges:              18
Number of partitions:         3

Density (%):                  86
Name of instance:             seed1_band_pen1.8
Is planar:                    False
==================================================

==================================================
Solver parameters
--------------------------------------------------
Method:                       R-QUBO
Peel:                         False
Decompose:                    False
Fold:                         False

QAOA Num Levels:              1
QAOA Scipy Optimizer:         brute
==================================================

  iter        avg-obj        best avg-obj       best-obj      time
     1     -1.24678e+01     -1.20120e+01      8.00000e+00      1s
     5     -1.32318e+01     -1.20120e+01      8.00000e+00      2s
     9     -1.19948e+01     -1.19948e+01      8.00000e+00      4s
    14     -1.22114e+01     -1.18642e+01      8.00000e+00      5s
    18     -1.28370e+01     -1.18642e+01      8.00000e+00      6s
    22     -1.21604e+01     -1.18642e+01      8.00000e+00      7s
    27     -1.19024e+01     -1.18642e+01      8.00000e+00      8s
    32     -1.22866e+01     -1.17786e+01      8.00000e+00      9s
    37     -1.20890e+01     -1.17786e+01      8.00000e+00     10s
    42     -1.15506e+01     -1.15506e+01      8.00000e+00     11s
    47     -1.18498e+01     -1.15506e+01      8.00000e+00     12s
    52     -1.22020e+00     -1.22020e+00      8.00000e+00     13s
    59     -1.09390e+01      1.54440e+00      8.00000e+00     15s
    64     -1.62574e+01      1.54440e+00      8.00000e+00     16s
    70     -3.73070e+01      1.54440e+00      8.00000e+00     17s
    75     -9.29460e+00      1.54440e+00      8.00000e+00     18s
    81     -4.88140e+00      1.64640e+00      8.00000e+00     19s
    87     -1.28848e+01      1.64640e+00      8.00000e+00     20s
    93     -3.53648e+01      1.64640e+00      8.00000e+00     21s
    99     -1.24732e+01      1.64640e+00      8.00000e+00     23s
   104     -1.07556e+01      1.64640e+00      8.00000e+00     24s
   111     -1.16650e+01      1.64640e+00      8.00000e+00     25s
   116     -2.43602e+01      1.64640e+00      8.00000e+00     26s
   122     -2.33328e+01      1.64640e+00      8.00000e+00     27s
   127     -8.80300e+00      1.64640e+00      8.00000e+00     28s
   133     -1.36926e+01      1.64640e+00      8.00000e+00     29s
   138     -1.51146e+01      1.64640e+00      8.00000e+00     31s
   143     -3.15304e+01      1.64640e+00      8.00000e+00     32s
   148     -1.58284e+01      1.64640e+00      8.00000e+00     33s
   153     -2.13896e+01      1.64640e+00      8.00000e+00     34s
   159     -1.55206e+01      1.64640e+00      8.00000e+00     35s
   164     -1.54528e+01      1.64640e+00      8.00000e+00     36s
   169     -1.34918e+01      1.64640e+00      8.00000e+00     37s
   174     -1.17990e+01      1.64640e+00      8.00000e+00     38s
   180     -2.34448e+01      1.64640e+00      8.00000e+00     39s
   185     -1.28318e+01      1.64640e+00      8.00000e+00     40s
   190     -1.71580e+01      1.64640e+00      8.00000e+00     42s
   195     -9.92720e+00      1.64640e+00      8.00000e+00     43s
   200     -1.20088e+01      1.64640e+00      8.00000e+00     44s
   205     -2.08156e+01      1.64640e+00      8.00000e+00     45s
   210     -1.23144e+01      1.64640e+00      8.00000e+00     46s
   215     -1.51110e+01      1.64640e+00      8.00000e+00     47s
   220     -1.04472e+01      1.64640e+00      8.00000e+00     48s
   225     -1.36736e+01      1.64640e+00      8.00000e+00     49s
   230     -2.01670e+01      1.64640e+00      8.00000e+00     50s
   235     -1.20232e+01      1.64640e+00      8.00000e+00     51s
   240     -1.44752e+01      1.64640e+00      8.00000e+00     52s
   246     -9.13980e+00      1.64640e+00      8.00000e+00     54s
   251     -1.22904e+01      1.64640e+00      8.00000e+00     55s
   256     -1.36532e+01      1.64640e+00      8.00000e+00     56s
   261     -1.25448e+01      1.64640e+00      8.00000e+00     57s
   265     -1.48032e+01      1.64640e+00      8.00000e+00     58s
   271     -1.55906e+01      1.64640e+00      8.00000e+00     59s
   276     -1.22308e+01      1.64640e+00      8.00000e+00     60s
   281     -1.37886e+01      1.64640e+00      8.00000e+00     61s
   286     -1.22832e+01      1.64640e+00      8.00000e+00     62s
   291     -1.58188e+01      1.64640e+00      8.00000e+00     63s
   296     -1.47988e+01      1.64640e+00      8.00000e+00     64s
   300     -1.27102e+01      1.64640e+00      8.00000e+00     65s
   305     -1.18438e+01      1.64640e+00      8.00000e+00     67s
   309     -1.28118e+01      1.64640e+00      8.00000e+00     68s
   314     -1.37130e+01      1.64640e+00      8.00000e+00     69s
   319     -1.77842e+01      1.64640e+00      8.00000e+00     70s
   324     -1.27670e+01      1.64640e+00      8.00000e+00     71s
   329     -1.21312e+01      1.64640e+00      8.00000e+00     72s
   334     -1.21268e+01      1.64640e+00      8.00000e+00     73s
   339     -1.50228e+01      1.64640e+00      8.00000e+00     74s
   344     -1.68504e+01      1.64640e+00      8.00000e+00     76s
   349     -1.24638e+01      1.64640e+00      8.00000e+00     77s
   354     -1.33278e+01      1.64640e+00      8.00000e+00     78s
   359     -1.30360e+01      1.64640e+00      8.00000e+00     79s
   364     -1.32124e+01      1.64640e+00      8.00000e+00     80s
   369     -1.51896e+01      1.64640e+00      8.00000e+00     81s
   374     -1.26792e+01      1.64640e+00      8.00000e+00     82s
   379     -1.32172e+01      1.64640e+00      8.00000e+00     84s
   384     -1.27796e+01      1.64640e+00      8.00000e+00     85s
   389     -1.32294e+01      1.64640e+00      8.00000e+00     86s
   394     -1.41242e+01      1.64640e+00      8.00000e+00     87s
   399     -1.27506e+01      1.64640e+00      8.00000e+00     88s
   404     -1.33864e+01      1.64640e+00      8.00000e+00     89s
   409     -1.37838e+01      1.64640e+00      8.00000e+00     90s
   414     -1.29094e+01      1.64640e+00      8.00000e+00     92s
   418     -1.30758e+01      1.64640e+00      8.00000e+00     93s
   423     -1.19790e+01      1.64640e+00      8.00000e+00     94s
   428     -1.30624e+01      1.64640e+00      8.00000e+00     95s
   433     -1.27724e+01      1.64640e+00      8.00000e+00     96s
   438     -1.26736e+01      1.64640e+00      8.00000e+00     98s
   443     -1.36360e+01      1.64640e+00      8.00000e+00     99s
   448     -1.30676e+01      1.64640e+00      8.00000e+00    100s
   453     -1.31918e+01      1.64640e+00      8.00000e+00    101s
   458     -1.28170e+01      1.64640e+00      8.00000e+00    102s
   463     -1.28590e+01      1.64640e+00      8.00000e+00    103s
   468     -1.34096e+01      1.64640e+00      8.00000e+00    104s
   473     -1.23688e+01      1.64640e+00      8.00000e+00    105s
   478     -1.25528e+01      1.64640e+00      8.00000e+00    107s
   483     -1.26128e+01      1.64640e+00      8.00000e+00    108s
   488     -1.24864e+01      1.64640e+00      8.00000e+00    109s
   493     -1.27702e+01      1.64640e+00      8.00000e+00    110s
   498     -1.25290e+01      1.64640e+00      8.00000e+00    111s
   503     -1.28922e+01      1.64640e+00      8.00000e+00    112s
   507     -1.24076e+01      1.64640e+00      8.00000e+00    113s
   512     -1.29906e+01      1.64640e+00      8.00000e+00    114s
   517     -1.30364e+01      1.64640e+00      8.00000e+00    115s
   522     -1.26214e+01      1.64640e+00      8.00000e+00    117s
   527     -1.29098e+01      1.64640e+00      8.00000e+00    118s
   532     -1.29416e+01      1.64640e+00      8.00000e+00    119s
   537     -1.22898e+01      1.64640e+00      8.00000e+00    120s
   542     -1.25772e+01      1.64640e+00      8.00000e+00    121s
   547     -1.28578e+01      1.64640e+00      8.00000e+00    122s
   552     -1.29582e+01      1.64640e+00      8.00000e+00    123s
   556     -1.26130e+01      1.64640e+00      8.00000e+00    124s
   561     -1.26340e+01      1.64640e+00      8.00000e+00    126s
   566     -1.27112e+01      1.64640e+00      8.00000e+00    127s
   571     -1.17058e+01      1.64640e+00      8.00000e+00    128s
   576     -1.26000e+01      1.64640e+00      8.00000e+00    129s
   581     -1.21384e+01      1.64640e+00      8.00000e+00    130s
   586     -1.20726e+01      1.64640e+00      8.00000e+00    131s
   591     -1.23236e+01      1.64640e+00      8.00000e+00    132s
   595     -1.26810e+01      1.64640e+00      8.00000e+00    133s
   600     -1.22806e+01      1.64640e+00      8.00000e+00    135s
   605     -1.22726e+01      1.64640e+00      8.00000e+00    136s
   609     -1.24462e+01      1.64640e+00      8.00000e+00    137s
   614     -1.17928e+01      1.64640e+00      8.00000e+00    138s
   619     -1.23376e+01      1.64640e+00      8.00000e+00    139s
   624     -1.25842e+01      1.64640e+00      8.00000e+00    140s
   629     -1.19706e+01      1.64640e+00      8.00000e+00    141s
   633     -1.27678e+01      1.64640e+00      8.00000e+00    142s
   638     -1.22990e+01      1.64640e+00      8.00000e+00    143s
   643     -1.22272e+01      1.64640e+00      8.00000e+00    144s
   648     -1.28674e+01      1.64640e+00      8.00000e+00    146s
   653     -1.26692e+01      1.64640e+00      8.00000e+00    147s
   658     -1.18064e+01      1.64640e+00      8.00000e+00    148s
   663     -1.24880e+01      1.64640e+00      8.00000e+00    149s
   668     -1.29120e+01      1.64640e+00      8.00000e+00    150s
   673     -1.29826e+01      1.64640e+00      8.00000e+00    151s
   678     -1.25116e+01      1.64640e+00      8.00000e+00    153s
   682     -1.24844e+01      1.64640e+00      8.00000e+00    154s
   686     -1.17620e+01      1.64640e+00      8.00000e+00    155s
   691     -1.24120e+01      1.64640e+00      8.00000e+00    156s
   696     -1.22744e+01      1.64640e+00      8.00000e+00    157s
   700     -1.23574e+01      1.64640e+00      8.00000e+00    158s
   705     -1.29920e+01      1.64640e+00      8.00000e+00    159s
   710     -1.21134e+01      1.64640e+00      8.00000e+00    160s
   715     -1.24562e+01      1.64640e+00      8.00000e+00    161s
   720     -1.28352e+01      1.64640e+00      8.00000e+00    162s
   725     -1.23288e+01      1.64640e+00      8.00000e+00    163s
   730     -1.26000e+01      1.64640e+00      8.00000e+00    165s
   735     -1.28760e+01      1.64640e+00      8.00000e+00    166s
   740     -1.27506e+01      1.64640e+00      8.00000e+00    167s
   744     -1.34336e+01      1.64640e+00      8.00000e+00    168s
   748     -1.23568e+01      1.64640e+00      8.00000e+00    169s
   753     -1.23092e+01      1.64640e+00      8.00000e+00    170s
   758     -1.26486e+01      1.64640e+00      8.00000e+00    171s
   763     -1.19472e+01      1.64640e+00      8.00000e+00    172s
   768     -1.33588e+01      1.64640e+00      8.00000e+00    173s
   773     -1.26356e+01      1.64640e+00      8.00000e+00    175s
   778     -1.34898e+01      1.64640e+00      8.00000e+00    176s
   783     -1.24590e+01      1.64640e+00      8.00000e+00    177s
   787     -1.20548e+01      1.64640e+00      8.00000e+00    178s
   792     -1.28334e+01      1.64640e+00      8.00000e+00    179s
   797     -1.28082e+01      1.64640e+00      8.00000e+00    180s
   802     -1.15132e+01      1.64640e+00      8.00000e+00    181s
   807     -9.83580e+00      1.64640e+00      8.00000e+00    182s
   812     -1.25210e+01      1.64640e+00      8.00000e+00    183s
   817     -1.06882e+01      1.64640e+00      8.00000e+00    185s
   822     -1.16062e+01      1.64640e+00      8.00000e+00    186s
   827     -1.14592e+01      1.64640e+00      8.00000e+00    187s
   832     -1.04220e+01      1.64640e+00      8.00000e+00    188s
   837     -1.29874e+01      1.64640e+00      8.00000e+00    189s
   842     -1.05858e+01      1.64640e+00      8.00000e+00    190s
   847     -1.14262e+01      1.64640e+00      8.00000e+00    191s
   851     -1.26250e+01      1.64640e+00      8.00000e+00    192s
   856     -1.07482e+01      1.64640e+00      8.00000e+00    193s
   861     -1.19034e+01      1.64640e+00      8.00000e+00    195s
   866     -1.10872e+01      1.64640e+00      8.00000e+00    196s
   871     -1.16066e+01      1.64640e+00      8.00000e+00    197s
   876     -1.20012e+01      1.64640e+00      8.00000e+00    198s
   881     -1.11420e+01      1.64640e+00      8.00000e+00    199s
   886     -1.25846e+01      1.64640e+00      8.00000e+00    200s
   890     -1.14340e+01      1.64640e+00      8.00000e+00    201s
   895     -1.09136e+01      1.64640e+00      8.00000e+00    203s
   900     -1.22714e+01      1.64640e+00      8.00000e+00    204s
   905     -1.34282e+01      1.64640e+00      8.00000e+00    205s
   910     -1.24012e+01      1.64640e+00      8.00000e+00    206s
   914     -1.27014e+01      1.64640e+00      8.00000e+00    207s
   919     -1.35556e+01      1.64640e+00      8.00000e+00    208s
   924     -1.19718e+01      1.64640e+00      8.00000e+00    209s
   929     -1.37736e+01      1.64640e+00      8.00000e+00    211s
   934     -1.24928e+01      1.64640e+00      8.00000e+00    212s
   939     -1.37810e+01      1.64640e+00      8.00000e+00    213s
   944     -1.35592e+01      1.64640e+00      8.00000e+00    214s
   949     -1.23662e+01      1.64640e+00      8.00000e+00    215s
   954     -1.30906e+01      1.64640e+00      8.00000e+00    216s
   959     -1.20116e+01      1.64640e+00      8.00000e+00    217s
   964     -1.21194e+01      1.64640e+00      8.00000e+00    219s
   969     -1.25428e+01      1.64640e+00      8.00000e+00    220s
   974     -1.19626e+01      1.64640e+00      8.00000e+00    221s
   979     -1.27686e+01      1.64640e+00      8.00000e+00    222s
   984     -1.23274e+01      1.64640e+00      8.00000e+00    223s
   989     -1.27898e+01      1.64640e+00      8.00000e+00    225s
   994     -1.37356e+01      1.64640e+00      8.00000e+00    226s
   999     -1.24298e+01      1.64640e+00      8.00000e+00    227s
  1004     -1.21170e+01      1.64640e+00      8.00000e+00    228s
  1009     -1.19010e+01      1.64640e+00      8.00000e+00    229s
  1014     -1.23710e+01      1.64640e+00      8.00000e+00    230s
  1019     -1.22904e+01      1.64640e+00      8.00000e+00    232s
  1024     -1.28942e+01      1.64640e+00      8.00000e+00    233s
  1028     -1.23222e+01      1.64640e+00      8.00000e+00    234s
  1033     -1.24404e+01      1.64640e+00      8.00000e+00    235s
  1038     -1.27042e+01      1.64640e+00      8.00000e+00    236s
  1043     -1.20066e+01      1.64640e+00      8.00000e+00    237s
  1048     -1.25102e+01      1.64640e+00      8.00000e+00    238s
  1053     -1.23692e+01      1.64640e+00      8.00000e+00    240s
  1058     -1.19696e+01      1.64640e+00      8.00000e+00    241s
  1063     -1.26390e+01      1.64640e+00      8.00000e+00    242s
  1068     -1.27736e+01      1.64640e+00      8.00000e+00    243s
  1073     -1.23590e+01      1.64640e+00      8.00000e+00    244s
  1078     -1.24544e+01      1.64640e+00      8.00000e+00    245s
  1083     -1.27110e+01      1.64640e+00      8.00000e+00    246s
  1087     -1.20654e+01      1.64640e+00      8.00000e+00    248s
  1091     -1.25884e+01      1.64640e+00      8.00000e+00    249s
  1096     -1.21484e+01      1.64640e+00      8.00000e+00    250s
  1100     -1.22824e+01      1.64640e+00      8.00000e+00    251s
  1105     -1.20356e+01      1.64640e+00      8.00000e+00    252s
  1110     -1.21312e+01      1.64640e+00      8.00000e+00    253s
  1114     -1.20500e+01      1.64640e+00      8.00000e+00    254s
  1119     -1.28044e+01      1.64640e+00      8.00000e+00    255s
  1124     -1.24382e+01      1.64640e+00      8.00000e+00    256s
  1128     -1.23156e+01      1.64640e+00      8.00000e+00    257s
  1132     -1.28760e+01      1.64640e+00      8.00000e+00    258s
  1137     -1.18854e+01      1.64640e+00      8.00000e+00    260s
  1142     -1.24356e+01      1.64640e+00      8.00000e+00    261s
  1147     -1.23748e+01      1.64640e+00      8.00000e+00    262s
  1152     -1.21898e+01      1.64640e+00      8.00000e+00    263s
  1157     -1.24972e+01      1.64640e+00      8.00000e+00    264s
  1162     -1.21052e+01      1.64640e+00      8.00000e+00    266s
  1166     -1.22306e+01      1.64640e+00      8.00000e+00    267s
  1171     -1.23354e+01      1.64640e+00      8.00000e+00    268s
  1175     -1.19010e+01      1.64640e+00      8.00000e+00    269s
  1180     -1.28584e+01      1.64640e+00      8.00000e+00    270s
  1184     -1.23656e+01      1.64640e+00      8.00000e+00    271s
  1189     -1.23026e+01      1.64640e+00      8.00000e+00    272s
  1194     -1.23952e+01      1.64640e+00      8.00000e+00    274s
  1199     -1.26664e+01      1.64640e+00      8.00000e+00    275s
  1203     -1.26970e+01      1.64640e+00      8.00000e+00    276s
  1208     -1.16712e+01      1.64640e+00      8.00000e+00    277s
  1213     -1.19050e+01      1.64640e+00      8.00000e+00    278s
  1218     -1.24040e+01      1.64640e+00      8.00000e+00    279s
  1223     -1.24150e+01      1.64640e+00      8.00000e+00    280s
  1228     -1.20518e+01      1.64640e+00      8.00000e+00    281s
  1233     -1.19256e+01      1.64640e+00      8.00000e+00    282s
  1238     -1.21970e+01      1.64640e+00      8.00000e+00    284s
  1243     -1.16026e+01      1.64640e+00      8.00000e+00    285s
  1248     -1.24702e+01      1.64640e+00      8.00000e+00    286s
  1253     -1.19096e+01      1.64640e+00      8.00000e+00    287s
  1257     -1.22258e+01      1.64640e+00      8.00000e+00    288s
  1262     -1.19254e+01      1.64640e+00      8.00000e+00    289s
  1267     -1.23468e+01      1.64640e+00      8.00000e+00    291s
  1272     -1.21144e+01      1.64640e+00      8.00000e+00    292s
  1277     -1.22422e+01      1.64640e+00      8.00000e+00    293s
  1281     -1.24554e+01      1.64640e+00      8.00000e+00    294s
  1286     -1.23734e+01      1.64640e+00      8.00000e+00    295s
  1291     -1.26662e+01      1.64640e+00      8.00000e+00    296s
  1296     -1.22880e+01      1.64640e+00      8.00000e+00    297s
  1301     -1.28430e+01      1.64640e+00      8.00000e+00    299s
  1306     -1.18154e+01      1.64640e+00      8.00000e+00    300s
  1311     -1.24396e+01      1.64640e+00      8.00000e+00    301s
  1315     -1.26240e+01      1.64640e+00      8.00000e+00    302s
  1320     -1.19766e+01      1.64640e+00      8.00000e+00    303s
  1325     -1.26534e+01      1.64640e+00      8.00000e+00    304s
  1330     -1.22302e+01      1.64640e+00      8.00000e+00    305s
  1335     -1.23908e+01      1.64640e+00      8.00000e+00    307s
  1339     -1.26098e+01      1.64640e+00      8.00000e+00    308s
  1344     -1.18304e+01      1.64640e+00      8.00000e+00    309s
  1349     -1.20908e+01      1.64640e+00      8.00000e+00    310s
  1354     -1.24496e+01      1.64640e+00      8.00000e+00    311s
  1359     -1.24108e+01      1.64640e+00      8.00000e+00    313s
  1364     -1.28744e+01      1.64640e+00      8.00000e+00    314s
  1369     -1.24334e+01      1.64640e+00      8.00000e+00    315s
  1374     -1.25864e+01      1.64640e+00      8.00000e+00    316s
  1379     -1.25914e+01      1.64640e+00      8.00000e+00    317s
  1384     -1.19052e+01      1.64640e+00      8.00000e+00    318s
  1389     -1.25284e+01      1.64640e+00      8.00000e+00    319s
  1394     -1.21924e+01      1.64640e+00      8.00000e+00    321s
  1399     -1.20336e+01      1.64640e+00      8.00000e+00    322s
  1404     -1.22822e+01      1.64640e+00      8.00000e+00    323s
  1409     -1.22506e+01      1.64640e+00      8.00000e+00    324s
  1414     -1.22436e+01      1.64640e+00      8.00000e+00    325s
  1419     -1.21370e+01      1.64640e+00      8.00000e+00    327s
  1424     -1.20742e+01      1.64640e+00      8.00000e+00    328s
  1429     -1.24494e+01      1.64640e+00      8.00000e+00    329s
  1433     -1.25044e+01      1.64640e+00      8.00000e+00    330s
  1438     -1.22794e+01      1.64640e+00      8.00000e+00    331s
  1443     -1.22702e+01      1.64640e+00      8.00000e+00    332s
  1448     -1.23202e+01      1.64640e+00      8.00000e+00    333s
  1452     -1.31144e+01      1.64640e+00      8.00000e+00    334s
  1457     -1.21424e+01      1.64640e+00      8.00000e+00    336s
  1462     -1.24790e+01      1.64640e+00      8.00000e+00    337s
  1466     -1.24096e+01      1.64640e+00      8.00000e+00    338s
  1471     -1.26112e+01      1.64640e+00      8.00000e+00    339s
  1476     -1.20268e+01      1.64640e+00      8.00000e+00    340s
  1481     -1.26652e+01      1.64640e+00      8.00000e+00    341s
  1486     -1.26206e+01      1.64640e+00      8.00000e+00    343s
  1491     -1.26824e+01      1.64640e+00      8.00000e+00    344s
  1496     -1.16736e+01      1.64640e+00      8.00000e+00    345s
  1501     -1.20142e+01      1.64640e+00      8.00000e+00    346s
  1506     -1.28068e+01      1.64640e+00      8.00000e+00    347s
  1511     -1.30344e+01      1.64640e+00      8.00000e+00    348s
  1515     -1.31510e+01      1.64640e+00      8.00000e+00    350s
  1519     -1.20488e+01      1.64640e+00      8.00000e+00    351s
  1524     -1.22284e+01      1.64640e+00      8.00000e+00    352s
  1529     -1.25862e+01      1.64640e+00      8.00000e+00    353s
  1534     -1.28034e+01      1.64640e+00      8.00000e+00    354s
  1538     -1.20524e+01      1.64640e+00      8.00000e+00    355s
  1542     -1.26066e+01      1.64640e+00      8.00000e+00    356s
  1547     -1.26244e+01      1.64640e+00      8.00000e+00    357s
  1552     -1.27394e+01      1.64640e+00      8.00000e+00    359s
  1556     -1.35364e+01      1.64640e+00      8.00000e+00    360s
  1561     -1.23312e+01      1.64640e+00      8.00000e+00    361s
  1565     -1.25316e+01      1.64640e+00      8.00000e+00    362s
  1569     -1.35308e+01      1.64640e+00      8.00000e+00    363s
  1574     -1.26442e+01      1.64640e+00      8.00000e+00    364s
  1579     -1.31542e+01      1.64640e+00      8.00000e+00    365s
  1583     -1.30268e+01      1.64640e+00      8.00000e+00    366s
  1587     -1.25344e+01      1.64640e+00      8.00000e+00    367s
  1592     -1.41162e+01      1.64640e+00      8.00000e+00    368s
  1597     -1.26394e+01      1.64640e+00      8.00000e+00    369s
  1601     -1.16526e+01      1.64640e+00      8.00000e+00    370s
  1605     -1.19782e+01      1.64640e+00      8.00000e+00    371s
  1610     -1.27300e+01      1.64640e+00      8.00000e+00    373s
  1615     -1.14622e+01      1.64640e+00      8.00000e+00    374s
  1620     -1.23028e+01      1.64640e+00      8.00000e+00    375s
  1625     -1.29760e+01      1.64640e+00      8.00000e+00    376s
  1630     -1.21528e+01      1.64640e+00      8.00000e+00    377s
  1635     -1.21966e+01      1.64640e+00      8.00000e+00    378s
  1640     -1.21832e+01      1.64640e+00      8.00000e+00    380s
  1645     -1.19592e+01      1.64640e+00      8.00000e+00    381s
  1649     -1.33850e+01      1.64640e+00      8.00000e+00    382s
  1654     -9.94440e+00      1.64640e+00      8.00000e+00    383s
  1659     -1.06966e+01      1.64640e+00      8.00000e+00    384s
  1664     -1.19654e+01      1.64640e+00      8.00000e+00    385s
  1668     -1.00878e+01      1.64640e+00      8.00000e+00    386s
  1673     -1.18016e+01      1.64640e+00      8.00000e+00    387s
  1678     -1.06022e+01      1.64640e+00      8.00000e+00    389s
  1683     -9.80400e+00      1.64640e+00      8.00000e+00    390s
  1687     -1.24604e+01      1.64640e+00      8.00000e+00    391s
  1692     -9.13620e+00      1.64640e+00      8.00000e+00    392s
  1697     -1.14824e+01      1.64640e+00      8.00000e+00    393s
  1701     -1.26264e+01      1.64640e+00      8.00000e+00    394s
  1706     -1.22770e+01      1.64640e+00      8.00000e+00    396s
  1711     -1.26504e+01      1.64640e+00      8.00000e+00    397s
  1715     -1.31286e+01      1.64640e+00      8.00000e+00    398s
  1720     -1.26090e+01      1.64640e+00      8.00000e+00    399s
  1724     -1.18906e+01      1.64640e+00      8.00000e+00    400s
  1729     -1.26508e+01      1.64640e+00      8.00000e+00    401s
  1734     -1.24790e+01      1.64640e+00      8.00000e+00    402s
  1739     -1.26020e+01      1.64640e+00      8.00000e+00    404s
  1743     -1.27048e+01      1.64640e+00      8.00000e+00    405s
  1747     -1.24400e+01      1.64640e+00      8.00000e+00    406s
  1752     -1.23112e+01      1.64640e+00      8.00000e+00    407s
  1756     -1.37810e+01      1.64640e+00      8.00000e+00    408s
  1760     -1.25506e+01      1.64640e+00      8.00000e+00    409s
  1764     -1.29302e+01      1.64640e+00      8.00000e+00    410s
  1769     -1.37970e+01      1.64640e+00      8.00000e+00    411s
  1774     -1.18318e+01      1.64640e+00      8.00000e+00    412s
  1779     -1.29602e+01      1.64640e+00      8.00000e+00    413s
  1784     -1.24486e+01      1.64640e+00      8.00000e+00    415s
  1788     -1.26044e+01      1.64640e+00      8.00000e+00    416s
  1793     -1.35474e+01      1.64640e+00      8.00000e+00    417s
  1797     -1.32044e+01      1.64640e+00      8.00000e+00    418s
  1802     -1.22236e+01      1.64640e+00      8.00000e+00    419s
  1807     -1.26954e+01      1.64640e+00      8.00000e+00    420s
  1812     -1.28348e+01      1.64640e+00      8.00000e+00    421s
  1816     -1.28246e+01      1.64640e+00      8.00000e+00    422s
  1821     -1.18488e+01      1.64640e+00      8.00000e+00    424s
  1826     -1.23902e+01      1.64640e+00      8.00000e+00    425s
  1831     -1.27520e+01      1.64640e+00      8.00000e+00    426s
  1836     -1.26944e+01      1.64640e+00      8.00000e+00    427s
  1840     -1.28394e+01      1.64640e+00      8.00000e+00    428s
  1844     -1.25562e+01      1.64640e+00      8.00000e+00    430s
  1849     -1.24618e+01      1.64640e+00      8.00000e+00    431s
  1854     -1.27538e+01      1.64640e+00      8.00000e+00    432s
  1858     -1.32540e+01      1.64640e+00      8.00000e+00    433s
  1862     -1.27460e+01      1.64640e+00      8.00000e+00    434s
  1866     -1.20996e+01      1.64640e+00      8.00000e+00    435s
  1871     -1.26962e+01      1.64640e+00      8.00000e+00    436s
  1876     -1.28532e+01      1.64640e+00      8.00000e+00    437s
  1881     -1.22372e+01      1.64640e+00      8.00000e+00    439s
  1886     -1.22076e+01      1.64640e+00      8.00000e+00    440s
  1890     -1.30144e+01      1.64640e+00      8.00000e+00    441s
  1895     -1.32230e+01      1.64640e+00      8.00000e+00    442s
  1899     -1.24900e+01      1.64640e+00      8.00000e+00    443s
  1904     -1.24758e+01      1.64640e+00      8.00000e+00    444s
  1909     -1.21238e+01      1.64640e+00      8.00000e+00    445s
  1914     -1.30308e+01      1.64640e+00      8.00000e+00    447s
  1919     -1.28472e+01      1.64640e+00      8.00000e+00    448s
  1923     -1.22592e+01      1.64640e+00      8.00000e+00    449s
  1927     -1.28328e+01      1.64640e+00      8.00000e+00    450s
  1931     -1.34086e+01      1.64640e+00      8.00000e+00    451s
  1936     -1.27150e+01      1.64640e+00      8.00000e+00    452s
  1941     -1.22640e+01      1.64640e+00      8.00000e+00    453s
  1946     -1.27594e+01      1.64640e+00      8.00000e+00    454s
  1950     -1.20616e+01      1.64640e+00      8.00000e+00    455s
  1954     -1.24236e+01      1.64640e+00      8.00000e+00    456s
  1958     -1.26304e+01      1.64640e+00      8.00000e+00    457s
  1963     -1.24204e+01      1.64640e+00      8.00000e+00    459s
  1968     -1.28192e+01      1.64640e+00      8.00000e+00    460s
  1973     -1.20964e+01      1.64640e+00      8.00000e+00    461s
  1978     -1.24164e+01      1.64640e+00      8.00000e+00    462s
  1983     -1.28264e+01      1.64640e+00      8.00000e+00    463s
  1987     -1.23978e+01      1.64640e+00      8.00000e+00    464s
  1991     -1.30254e+01      1.64640e+00      8.00000e+00    465s
  1996     -1.27626e+01      1.64640e+00      8.00000e+00    467s
  2001     -1.26802e+01      1.64640e+00      8.00000e+00    468s
  2006     -1.31086e+01      1.64640e+00      8.00000e+00    469s
  2010     -1.26442e+01      1.64640e+00      8.00000e+00    470s
  2015     -1.30262e+01      1.64640e+00      8.00000e+00    471s
  2020     -1.27874e+01      1.64640e+00      8.00000e+00    472s
  2025     -1.23252e+01      1.64640e+00      8.00000e+00    474s
  2030     -1.31038e+01      1.64640e+00      8.00000e+00    475s
  2034     -1.18734e+01      1.64640e+00      8.00000e+00    476s
  2038     -1.25020e+01      1.64640e+00      8.00000e+00    477s
  2043     -1.27362e+01      1.64640e+00      8.00000e+00    478s
  2047     -1.29350e+01      1.64640e+00      8.00000e+00    479s
  2051     -1.25888e+01      1.64640e+00      8.00000e+00    480s
  2056     -1.40794e+01      1.64640e+00      8.00000e+00    481s
  2061     -1.28156e+01      1.64640e+00      8.00000e+00    482s
  2066     -1.28598e+01      1.64640e+00      8.00000e+00    484s
  2071     -1.29810e+01      1.64640e+00      8.00000e+00    485s
  2075     -1.24324e+01      1.64640e+00      8.00000e+00    486s
  2080     -1.35862e+01      1.64640e+00      8.00000e+00    487s
  2084     -1.29416e+01      1.64640e+00      8.00000e+00    488s
  2088     -1.16328e+01      1.64640e+00      8.00000e+00    489s
  2093     -1.30464e+01      1.64640e+00      8.00000e+00    490s
  2098     -1.25048e+01      1.64640e+00      8.00000e+00    491s
  2102     -1.32952e+01      1.64640e+00      8.00000e+00    492s
  2106     -1.48450e+01      1.64640e+00      8.00000e+00    493s
  2111     -1.28430e+01      1.64640e+00      8.00000e+00    494s
  2116     -1.27436e+01      1.64640e+00      8.00000e+00    496s
  2121     -1.32092e+01      1.64640e+00      8.00000e+00    497s
  2125     -1.29092e+01      1.64640e+00      8.00000e+00    498s
  2130     -1.43002e+01      1.64640e+00      8.00000e+00    499s
  2135     -1.34668e+01      1.64640e+00      8.00000e+00    500s
  2139     -1.24402e+01      1.64640e+00      8.00000e+00    501s
  2144     -1.43000e+01      1.64640e+00      8.00000e+00    502s
  2149     -1.23230e+01      1.64640e+00      8.00000e+00    504s
  2153     -1.41778e+01      1.64640e+00      8.00000e+00    505s
  2158     -1.60236e+01      1.64640e+00      8.00000e+00    506s
  2162     -1.28980e+01      1.64640e+00      8.00000e+00    507s
  2167     -1.33224e+01      1.64640e+00      8.00000e+00    508s
  2172     -1.29006e+01      1.64640e+00      8.00000e+00    509s
  2176     -1.30268e+01      1.64640e+00      8.00000e+00    510s
  2181     -1.64878e+01      1.64640e+00      8.00000e+00    511s
  2186     -1.32836e+01      1.64640e+00      8.00000e+00    513s
  2191     -1.33666e+01      1.64640e+00      8.00000e+00    514s
  2196     -1.29708e+01      1.64640e+00      8.00000e+00    515s
  2200     -1.22816e+01      1.64640e+00      8.00000e+00    516s
  2205     -1.78148e+01      1.64640e+00      8.00000e+00    517s
  2210     -1.42748e+01      1.64640e+00      8.00000e+00    518s
  2214     -1.26692e+01      1.64640e+00      8.00000e+00    519s
  2219     -1.42622e+01      1.64640e+00      8.00000e+00    520s
  2224     -1.29114e+01      1.64640e+00      8.00000e+00    521s
  2228     -1.60624e+01      1.64640e+00      8.00000e+00    522s
  2233     -1.64932e+01      1.64640e+00      8.00000e+00    524s
  2238     -1.19098e+01      1.64640e+00      8.00000e+00    525s
  2242     -1.41012e+01      1.64640e+00      8.00000e+00    526s
  2247     -1.26622e+01      1.64640e+00      8.00000e+00    527s
  2252     -1.34090e+01      1.64640e+00      8.00000e+00    528s
  2257     -1.76540e+01      1.64640e+00      8.00000e+00    529s
  2262     -1.29886e+01      1.64640e+00      8.00000e+00    530s
  2266     -1.39270e+01      1.64640e+00      8.00000e+00    531s
  2271     -1.45442e+01      1.64640e+00      8.00000e+00    533s
  2276     -1.24316e+01      1.64640e+00      8.00000e+00    534s
  2281     -1.81034e+01      1.64640e+00      8.00000e+00    535s
  2286     -1.31292e+01      1.64640e+00      8.00000e+00    536s
  2291     -1.41838e+01      1.64640e+00      8.00000e+00    537s
  2296     -1.36666e+01      1.64640e+00      8.00000e+00    538s
  2301     -1.16102e+01      1.64640e+00      8.00000e+00    539s
  2306     -1.72114e+01      1.64640e+00      8.00000e+00    541s
  2311     -1.38916e+01      1.64640e+00      8.00000e+00    542s
  2316     -1.46256e+01      1.64640e+00      8.00000e+00    543s
  2321     -1.84446e+01      1.64640e+00      8.00000e+00    544s
  2326     -1.12568e+01      1.64640e+00      8.00000e+00    545s
  2331     -1.74214e+01      1.64640e+00      8.00000e+00    546s
  2336     -1.28930e+01      1.64640e+00      8.00000e+00    547s
  2341     -1.57290e+01      1.64640e+00      8.00000e+00    548s
  2346     -1.82494e+01      1.64640e+00      8.00000e+00    549s
  2351     -1.29256e+01      1.64640e+00      8.00000e+00    550s
  2355     -2.13194e+01      1.64640e+00      8.00000e+00    552s
  2361     -1.42344e+01      1.64640e+00      8.00000e+00    553s
  2366     -1.40298e+01      1.64640e+00      8.00000e+00    554s
  2371     -1.65704e+01      1.64640e+00      8.00000e+00    555s
  2376     -1.30176e+01      1.64640e+00      8.00000e+00    556s
  2381     -2.21152e+01      1.64640e+00      8.00000e+00    557s
  2386     -1.39714e+01      1.64640e+00      8.00000e+00    558s
  2391     -1.56164e+01      1.64640e+00      8.00000e+00    559s
  2396     -1.59388e+01      1.64640e+00      8.00000e+00    560s
  2401     -1.69264e+01      1.64640e+00      8.00000e+00    562s
  2406     -2.99934e+01      1.64640e+00      8.00000e+00    563s
  2410     -1.74302e+01      1.64640e+00      8.00000e+00    564s
  2414     -1.23634e+01      1.64640e+00      8.00000e+00    565s
  2420     -9.62660e+00      1.64640e+00      8.00000e+00    566s
  2425     -1.47366e+01      1.64640e+00      8.00000e+00    567s
  2430     -3.13672e+01      1.64640e+00      8.00000e+00    568s
  2435     -1.59134e+01      1.64640e+00      8.00000e+00    569s
  2440     -1.35354e+01      1.64640e+00      8.00000e+00    570s
  2445     -8.84700e+00      1.64640e+00      8.00000e+00    571s
  2450     -1.35976e+01      1.64640e+00      8.00000e+00    573s
  2454     -1.93972e+01      1.64640e+00      8.00000e+00    574s
  2458     -1.46026e+01      1.64640e+00      8.00000e+00    575s
  2463     -1.24812e+01      1.64640e+00      8.00000e+00    576s
  2468     -1.10906e+01      1.64640e+00      8.00000e+00    577s
  2473     -9.14760e+00      1.64640e+00      8.00000e+00    578s
  2478     -1.95336e+01      1.64640e+00      8.00000e+00    579s
  2483     -1.42624e+01      1.64640e+00      8.00000e+00    580s
  2488     -1.29734e+01      1.64640e+00      8.00000e+00    581s
  2493     -1.06572e+01      1.64640e+00      8.00000e+00    582s
  2498     -1.04858e+01      1.64640e+00      8.00000e+00    584s

==================================================
Summary of results QAOA
--------------------------------------------------
Avg of QAOA obj (BQO obj):    2.78
Avg of QAOA obj (penalty):    -1.14
Avg of constraint violation:  0.12

Avg of QAOA obj:              1.65
STD of QAOA obj:              3.88
Avg of QAOA obj (feasible):   2.81
STD of QAOA obj (feasible):   0.63

Gamma angles:                 0.13
Beta angles:                  3.59

Best QAOA obj:                8.00
Modified best QAOA obj:       8.00
Best QAOA obj (feasible):     8.00

QAOA total time:              583.78s
QAOA circuit depth:           22
==================================================

==================================================
Summary of results of 0-S7
--------------------------------------------------
Number of vertices:           7
Number of edges:              18

Vertex num in largest comp:   7
Edge num in largest comp:     18

Pre-processing running time:  0.00
Total solver time:            583.58
Running time:                 587.19

Upper bound:                  11.00
Objective value:              8.00

Partition 0:                  1, 4, 5, 7          
Partition 1:                  2                   
Partition 2:                  3, 6                
==================================================
