==================================================
Instance parameters
--------------------------------------------------
Number of vertices:           7
Number of edges:              18
Number of partitions:         3

Density (%):                  86
Name of instance:             seed1_band_pen2.0
Is planar:                    False
==================================================

==================================================
Solver parameters
--------------------------------------------------
Method:                       R-QUBO
Peel:                         False
Decompose:                    False
Fold:                         False

QAOA Num Levels:              1
QAOA Scipy Optimizer:         brute
==================================================

  iter        avg-obj        best avg-obj       best-obj      time
     1     -1.37060e+01     -1.37060e+01      8.00000e+00      1s
     6     -1.43800e+01     -1.37060e+01      8.00000e+00      3s
    11     -1.41560e+01     -1.37060e+01      8.00000e+00      4s
    16     -1.34250e+01     -1.34250e+01      8.00000e+00      5s
    21     -1.47940e+01     -1.34250e+01      8.00000e+00      6s
    26     -1.47330e+01     -1.34250e+01      8.00000e+00      7s
    31     -1.41960e+01     -1.34250e+01      8.00000e+00      9s
    36     -1.38510e+01     -1.31770e+01      8.00000e+00     10s
    41     -1.36660e+01     -1.31770e+01      8.00000e+00     11s
    45     -1.43180e+01     -1.31770e+01      8.00000e+00     12s
    50     -1.38230e+01     -1.31770e+01      8.00000e+00     13s
    56     -4.02400e+00      1.43500e+00      8.00000e+00     14s
    62     -1.38380e+01      1.43500e+00      8.00000e+00     15s
    67     -3.44490e+01      1.43500e+00      8.00000e+00     16s
    73     -2.74770e+01      1.43500e+00      8.00000e+00     17s
    79      2.02000e-01      1.50900e+00      8.00000e+00     19s
    85     -1.32930e+01      1.50900e+00      8.00000e+00     20s
    90     -2.46240e+01      1.50900e+00      8.00000e+00     21s
    96     -3.79320e+01      1.50900e+00      8.00000e+00     22s
   101     -1.36640e+01      1.50900e+00      8.00000e+00     23s
   107     -1.86760e+01      1.50900e+00      8.00000e+00     24s
   112     -1.33500e+01      1.50900e+00      8.00000e+00     25s
   117     -2.83020e+01      1.50900e+00      8.00000e+00     26s
   123     -1.81190e+01      1.50900e+00      8.00000e+00     27s
   127     -1.23700e+01      1.50900e+00      8.00000e+00     28s
   132     -1.73210e+01      1.50900e+00      8.00000e+00     29s
   137     -1.39760e+01      1.50900e+00      8.00000e+00     30s
   143     -3.17470e+01      1.50900e+00      8.00000e+00     32s
   148     -1.57640e+01      1.50900e+00      8.00000e+00     33s
   153     -2.59430e+01      1.50900e+00      8.00000e+00     34s
   159     -1.74270e+01      1.50900e+00      8.00000e+00     35s
   164     -1.63060e+01      1.50900e+00      8.00000e+00     36s
   169     -1.30480e+01      1.50900e+00      8.00000e+00     37s
   174     -1.11250e+01      1.50900e+00      8.00000e+00     38s
   179     -2.95720e+01      1.50900e+00      8.00000e+00     39s
   184     -1.59630e+01      1.50900e+00      8.00000e+00     40s
   189     -1.78870e+01      1.50900e+00      8.00000e+00     41s
   194     -1.18170e+01      1.50900e+00      8.00000e+00     42s
   199     -1.38800e+01      1.50900e+00      8.00000e+00     43s
   204     -2.02250e+01      1.50900e+00      8.00000e+00     44s
   209     -1.49660e+01      1.50900e+00      8.00000e+00     45s
   214     -1.54650e+01      1.50900e+00      8.00000e+00     47s
   220     -1.52520e+01      1.50900e+00      8.00000e+00     48s
   225     -1.49750e+01      1.50900e+00      8.00000e+00     49s
   231     -1.99380e+01      1.50900e+00      8.00000e+00     50s
   236     -1.35640e+01      1.50900e+00      8.00000e+00     51s
   241     -1.73090e+01      1.50900e+00      8.00000e+00     52s
   246     -1.30790e+01      1.50900e+00      8.00000e+00     53s
   251     -1.31150e+01      1.50900e+00      8.00000e+00     54s
   257     -1.40090e+01      1.50900e+00      8.00000e+00     56s
   262     -1.45570e+01      1.50900e+00      8.00000e+00     57s
   267     -1.96890e+01      1.50900e+00      8.00000e+00     58s
   272     -1.88670e+01      1.50900e+00      8.00000e+00     59s
   276     -1.26310e+01      1.50900e+00      8.00000e+00     60s
   281     -1.36110e+01      1.50900e+00      8.00000e+00     61s
   286     -1.38490e+01      1.50900e+00      8.00000e+00     62s
   291     -1.96170e+01      1.50900e+00      8.00000e+00     63s
   296     -1.85720e+01      1.50900e+00      8.00000e+00     64s
   301     -1.29200e+01      1.50900e+00      8.00000e+00     66s
   306     -1.50990e+01      1.50900e+00      8.00000e+00     67s
   311     -1.37320e+01      1.50900e+00      8.00000e+00     68s
   316     -1.78510e+01      1.50900e+00      8.00000e+00     69s
   321     -1.79620e+01      1.50900e+00      8.00000e+00     70s
   326     -1.35690e+01      1.50900e+00      8.00000e+00     71s
   331     -1.47840e+01      1.50900e+00      8.00000e+00     72s
   336     -1.40880e+01      1.50900e+00      8.00000e+00     73s
   340     -1.69890e+01      1.50900e+00      8.00000e+00     74s
   345     -1.91750e+01      1.50900e+00      8.00000e+00     76s
   349     -1.39620e+01      1.50900e+00      8.00000e+00     77s
   354     -1.56490e+01      1.50900e+00      8.00000e+00     78s
   359     -1.41750e+01      1.50900e+00      8.00000e+00     79s
   364     -1.50140e+01      1.50900e+00      8.00000e+00     80s
   369     -1.69000e+01      1.50900e+00      8.00000e+00     81s
   374     -1.38980e+01      1.50900e+00      8.00000e+00     82s
   379     -1.52500e+01      1.50900e+00      8.00000e+00     84s
   384     -1.43250e+01      1.50900e+00      8.00000e+00     85s
   388     -1.44550e+01      1.50900e+00      8.00000e+00     86s
   393     -1.68290e+01      1.50900e+00      8.00000e+00     87s
   398     -1.44900e+01      1.50900e+00      8.00000e+00     88s
   403     -1.51090e+01      1.50900e+00      8.00000e+00     89s
   408     -1.47960e+01      1.50900e+00      8.00000e+00     90s
   413     -1.41930e+01      1.50900e+00      8.00000e+00     91s
   418     -1.52410e+01      1.50900e+00      8.00000e+00     93s
   423     -1.35560e+01      1.50900e+00      8.00000e+00     94s
   428     -1.53910e+01      1.50900e+00      8.00000e+00     95s
   432     -1.50790e+01      1.50900e+00      8.00000e+00     96s
   437     -1.39810e+01      1.50900e+00      8.00000e+00     97s
   442     -1.52290e+01      1.50900e+00      8.00000e+00     98s
   447     -1.42040e+01      1.50900e+00      8.00000e+00     99s
   451     -1.37150e+01      1.50900e+00      8.00000e+00    100s
   456     -1.49520e+01      1.50900e+00      8.00000e+00    102s
   461     -1.39010e+01      1.50900e+00      8.00000e+00    103s
   466     -1.43400e+01      1.50900e+00      8.00000e+00    104s
   471     -1.48490e+01      1.50900e+00      8.00000e+00    105s
   476     -1.39890e+01      1.50900e+00      8.00000e+00    106s
   480     -1.43170e+01      1.50900e+00      8.00000e+00    107s
   485     -1.38710e+01      1.50900e+00      8.00000e+00    108s
   490     -1.47250e+01      1.50900e+00      8.00000e+00    109s
   495     -1.51310e+01      1.50900e+00      8.00000e+00    111s
   500     -1.35160e+01      1.50900e+00      8.00000e+00    112s
   505     -1.49690e+01      1.50900e+00      8.00000e+00    113s
   510     -1.43530e+01      1.50900e+00      8.00000e+00    114s
   514     -1.44420e+01      1.50900e+00      8.00000e+00    115s
   518     -1.49630e+01      1.50900e+00      8.00000e+00    116s
   523     -1.43200e+01      1.50900e+00      8.00000e+00    117s
   528     -1.44990e+01      1.50900e+00      8.00000e+00    118s
   533     -1.40610e+01      1.50900e+00      8.00000e+00    120s
   537     -1.36150e+01      1.50900e+00      8.00000e+00    121s
   542     -1.33810e+01      1.50900e+00      8.00000e+00    122s
   547     -1.38280e+01      1.50900e+00      8.00000e+00    123s
   551     -1.46770e+01      1.50900e+00      8.00000e+00    124s
   556     -1.45100e+01      1.50900e+00      8.00000e+00    125s
   561     -1.46090e+01      1.50900e+00      8.00000e+00    126s
   566     -1.42040e+01      1.50900e+00      8.00000e+00    127s
   570     -1.41160e+01      1.50900e+00      8.00000e+00    128s
   575     -1.35580e+01      1.50900e+00      8.00000e+00    129s
   580     -1.42040e+01      1.50900e+00      8.00000e+00    131s
   585     -1.37630e+01      1.50900e+00      8.00000e+00    132s
   590     -1.39660e+01      1.50900e+00      8.00000e+00    133s
   595     -1.43130e+01      1.50900e+00      8.00000e+00    134s
   600     -1.40610e+01      1.50900e+00      8.00000e+00    135s
   605     -1.37530e+01      1.50900e+00      8.00000e+00    137s
   610     -1.44270e+01      1.50900e+00      8.00000e+00    138s
   614     -1.46990e+01      1.50900e+00      8.00000e+00    139s
   618     -1.40660e+01      1.50900e+00      8.00000e+00    140s
   623     -1.40990e+01      1.50900e+00      8.00000e+00    141s
   628     -1.38390e+01      1.50900e+00      8.00000e+00    142s
   633     -1.28100e+01      1.50900e+00      8.00000e+00    143s
   637     -1.38580e+01      1.50900e+00      8.00000e+00    144s
   642     -1.39420e+01      1.50900e+00      8.00000e+00    146s
   647     -1.43760e+01      1.50900e+00      8.00000e+00    147s
   652     -1.45420e+01      1.50900e+00      8.00000e+00    148s
   657     -1.46090e+01      1.50900e+00      8.00000e+00    149s
   662     -1.42350e+01      1.50900e+00      8.00000e+00    150s
   667     -1.38220e+01      1.50900e+00      8.00000e+00    151s
   672     -1.36470e+01      1.50900e+00      8.00000e+00    152s
   677     -1.37870e+01      1.50900e+00      8.00000e+00    153s
   682     -1.47300e+01      1.50900e+00      8.00000e+00    155s
   687     -1.37000e+01      1.50900e+00      8.00000e+00    156s
   692     -1.40540e+01      1.50900e+00      8.00000e+00    157s
   696     -1.33420e+01      1.50900e+00      8.00000e+00    158s
   701     -1.45190e+01      1.50900e+00      8.00000e+00    159s
   706     -1.41780e+01      1.50900e+00      8.00000e+00    160s
   711     -1.36030e+01      1.50900e+00      8.00000e+00    161s
   716     -1.40350e+01      1.50900e+00      8.00000e+00    162s
   721     -1.44050e+01      1.50900e+00      8.00000e+00    164s
   725     -1.48530e+01      1.50900e+00      8.00000e+00    165s
   730     -1.39800e+01      1.50900e+00      8.00000e+00    166s
   734     -1.39350e+01      1.50900e+00      8.00000e+00    167s
   739     -1.38730e+01      1.50900e+00      8.00000e+00    168s
   744     -1.45480e+01      1.50900e+00      8.00000e+00    169s
   749     -1.35240e+01      1.50900e+00      8.00000e+00    171s
   754     -1.21780e+01      1.50900e+00      8.00000e+00    172s
   759     -1.20430e+01      1.50900e+00      8.00000e+00    173s
   764     -1.28740e+01      1.50900e+00      8.00000e+00    174s
   769     -1.20340e+01      1.50900e+00      8.00000e+00    175s
   774     -1.38090e+01      1.50900e+00      8.00000e+00    176s
   778     -1.25050e+01      1.50900e+00      8.00000e+00    177s
   783     -1.18600e+01      1.50900e+00      8.00000e+00    178s
   788     -1.36330e+01      1.50900e+00      8.00000e+00    179s
   793     -1.16610e+01      1.50900e+00      8.00000e+00    181s
   797     -1.32360e+01      1.50900e+00      8.00000e+00    182s
   802     -1.43350e+01      1.50900e+00      8.00000e+00    183s
   807     -1.36090e+01      1.50900e+00      8.00000e+00    184s
   812     -1.38950e+01      1.50900e+00      8.00000e+00    185s
   816     -1.46490e+01      1.50900e+00      8.00000e+00    186s
   820     -1.43990e+01      1.50900e+00      8.00000e+00    187s
   825     -1.37040e+01      1.50900e+00      8.00000e+00    188s
   830     -1.48460e+01      1.50900e+00      8.00000e+00    189s
   835     -1.41660e+01      1.50900e+00      8.00000e+00    190s
   839     -1.34260e+01      1.50900e+00      8.00000e+00    192s
   844     -1.49050e+01      1.50900e+00      8.00000e+00    193s
   849     -1.37300e+01      1.50900e+00      8.00000e+00    194s
   854     -1.70450e+01      1.50900e+00      8.00000e+00    195s
   859     -1.64790e+01      1.50900e+00      8.00000e+00    196s
   863     -1.41140e+01      1.50900e+00      8.00000e+00    197s
   868     -1.80520e+01      1.50900e+00      8.00000e+00    198s
   873     -1.48690e+01      1.50900e+00      8.00000e+00    199s
   877     -1.48290e+01      1.50900e+00      8.00000e+00    201s
   882     -1.67820e+01      1.50900e+00      8.00000e+00    202s
   887     -1.38390e+01      1.50900e+00      8.00000e+00    203s
   892     -1.71750e+01      1.50900e+00      8.00000e+00    204s
   897     -1.42770e+01      1.50900e+00      8.00000e+00    205s
   902     -1.43250e+01      1.50900e+00      8.00000e+00    207s
   907     -1.41630e+01      1.50900e+00      8.00000e+00    208s
   912     -1.38310e+01      1.50900e+00      8.00000e+00    209s
   917     -1.38880e+01      1.50900e+00      8.00000e+00    210s
   921     -1.42540e+01      1.50900e+00      8.00000e+00    211s
   925     -1.45380e+01      1.50900e+00      8.00000e+00    212s
   930     -1.40270e+01      1.50900e+00      8.00000e+00    213s
   935     -1.33870e+01      1.50900e+00      8.00000e+00    214s
   940     -1.40830e+01      1.50900e+00      8.00000e+00    215s
   945     -1.36600e+01      1.50900e+00      8.00000e+00    217s
   950     -1.33560e+01      1.50900e+00      8.00000e+00    218s
   955     -1.32040e+01      1.50900e+00      8.00000e+00    219s
   960     -1.32410e+01      1.50900e+00      8.00000e+00    220s
   965     -1.41640e+01      1.50900e+00      8.00000e+00    221s
   970     -1.42250e+01      1.50900e+00      8.00000e+00    222s
   975     -1.39480e+01      1.50900e+00      8.00000e+00    223s
   979     -1.36880e+01      1.50900e+00      8.00000e+00    224s
   984     -1.35560e+01      1.50900e+00      8.00000e+00    226s
   989     -1.42170e+01      1.50900e+00      8.00000e+00    227s
   994     -1.29350e+01      1.50900e+00      8.00000e+00    228s
   999     -1.45950e+01      1.50900e+00      8.00000e+00    229s
  1004     -1.38720e+01      1.50900e+00      8.00000e+00    230s
  1009     -1.37990e+01      1.50900e+00      8.00000e+00    231s
  1013     -1.40990e+01      1.50900e+00      8.00000e+00    232s
  1018     -1.34280e+01      1.50900e+00      8.00000e+00    234s
  1023     -1.38510e+01      1.50900e+00      8.00000e+00    235s
  1027     -1.36850e+01      1.50900e+00      8.00000e+00    236s
  1032     -1.37940e+01      1.50900e+00      8.00000e+00    237s
  1036     -1.48670e+01      1.50900e+00      8.00000e+00    238s
  1041     -1.40500e+01      1.50900e+00      8.00000e+00    239s
  1046     -1.38880e+01      1.50900e+00      8.00000e+00    240s
  1050     -1.37190e+01      1.50900e+00      8.00000e+00    241s
  1055     -1.36600e+01      1.50900e+00      8.00000e+00    243s
  1060     -1.38520e+01      1.50900e+00      8.00000e+00    244s
  1064     -1.32740e+01      1.50900e+00      8.00000e+00    245s
  1069     -1.40340e+01      1.50900e+00      8.00000e+00    246s
  1074     -1.37180e+01      1.50900e+00      8.00000e+00    247s
  1078     -1.38190e+01      1.50900e+00      8.00000e+00    248s
  1083     -1.35450e+01      1.50900e+00      8.00000e+00    249s
  1087     -1.44350e+01      1.50900e+00      8.00000e+00    250s
  1092     -1.36190e+01      1.50900e+00      8.00000e+00    251s
  1097     -1.47880e+01      1.50900e+00      8.00000e+00    253s
  1102     -1.35250e+01      1.50900e+00      8.00000e+00    254s
  1107     -1.36990e+01      1.50900e+00      8.00000e+00    255s
  1112     -1.39110e+01      1.50900e+00      8.00000e+00    256s
  1117     -1.37680e+01      1.50900e+00      8.00000e+00    257s
  1122     -1.35480e+01      1.50900e+00      8.00000e+00    258s
  1126     -1.36390e+01      1.50900e+00      8.00000e+00    259s
  1131     -1.35810e+01      1.50900e+00      8.00000e+00    260s
  1136     -1.43840e+01      1.50900e+00      8.00000e+00    262s
  1140     -1.32660e+01      1.50900e+00      8.00000e+00    263s
  1145     -1.34950e+01      1.50900e+00      8.00000e+00    264s
  1149     -1.45480e+01      1.50900e+00      8.00000e+00    265s
  1154     -1.43260e+01      1.50900e+00      8.00000e+00    266s
  1159     -1.38120e+01      1.50900e+00      8.00000e+00    267s
  1164     -1.43460e+01      1.50900e+00      8.00000e+00    268s
  1169     -1.39170e+01      1.50900e+00      8.00000e+00    269s
  1174     -1.37780e+01      1.50900e+00      8.00000e+00    270s
  1179     -1.41290e+01      1.50900e+00      8.00000e+00    272s
  1184     -1.42530e+01      1.50900e+00      8.00000e+00    273s
  1189     -1.38290e+01      1.50900e+00      8.00000e+00    274s
  1194     -1.41880e+01      1.50900e+00      8.00000e+00    275s
  1199     -1.35820e+01      1.50900e+00      8.00000e+00    276s
  1204     -1.39920e+01      1.50900e+00      8.00000e+00    278s
  1209     -1.32870e+01      1.50900e+00      8.00000e+00    279s
  1214     -1.45820e+01      1.50900e+00      8.00000e+00    280s
  1220     -1.45400e+01      1.50900e+00      8.00000e+00    281s
  1225     -1.46100e+01      1.50900e+00      8.00000e+00    282s
  1229     -1.35260e+01      1.50900e+00      8.00000e+00    283s
  1234     -1.39500e+01      1.50900e+00      8.00000e+00    284s
  1238     -1.38720e+01      1.50900e+00      8.00000e+00    285s
  1243     -1.36340e+01      1.50900e+00      8.00000e+00    286s
  1248     -1.37820e+01      1.50900e+00      8.00000e+00    287s
  1253     -1.51660e+01      1.50900e+00      8.00000e+00    289s
  1258     -1.43520e+01      1.50900e+00      8.00000e+00    290s
  1263     -1.38890e+01      1.50900e+00      8.00000e+00    291s
  1268     -1.32740e+01      1.50900e+00      8.00000e+00    292s
  1273     -1.43310e+01      1.50900e+00      8.00000e+00    293s
  1278     -1.46150e+01      1.50900e+00      8.00000e+00    294s
  1283     -1.33310e+01      1.50900e+00      8.00000e+00    295s
  1288     -1.35740e+01      1.50900e+00      8.00000e+00    297s
  1293     -1.47960e+01      1.50900e+00      8.00000e+00    298s
  1298     -1.41790e+01      1.50900e+00      8.00000e+00    299s
  1303     -1.42970e+01      1.50900e+00      8.00000e+00    300s
  1308     -1.39800e+01      1.50900e+00      8.00000e+00    301s
  1313     -1.30740e+01      1.50900e+00      8.00000e+00    302s
  1318     -1.47320e+01      1.50900e+00      8.00000e+00    304s
  1323     -1.38560e+01      1.50900e+00      8.00000e+00    305s
  1327     -1.46680e+01      1.50900e+00      8.00000e+00    306s
  1332     -1.41860e+01      1.50900e+00      8.00000e+00    307s
  1337     -1.44330e+01      1.50900e+00      8.00000e+00    308s
  1342     -1.41840e+01      1.50900e+00      8.00000e+00    309s
  1347     -1.37300e+01      1.50900e+00      8.00000e+00    310s
  1352     -1.36590e+01      1.50900e+00      8.00000e+00    311s
  1357     -1.39780e+01      1.50900e+00      8.00000e+00    312s
  1361     -1.34480e+01      1.50900e+00      8.00000e+00    314s
  1366     -1.33190e+01      1.50900e+00      8.00000e+00    315s
  1370     -1.31120e+01      1.50900e+00      8.00000e+00    316s
  1375     -1.45790e+01      1.50900e+00      8.00000e+00    317s
  1380     -1.43100e+01      1.50900e+00      8.00000e+00    318s
  1385     -1.38770e+01      1.50900e+00      8.00000e+00    319s
  1390     -1.37940e+01      1.50900e+00      8.00000e+00    320s
  1394     -1.29350e+01      1.50900e+00      8.00000e+00    321s
  1399     -1.43510e+01      1.50900e+00      8.00000e+00    322s
  1404     -1.39060e+01      1.50900e+00      8.00000e+00    324s
  1408     -1.37880e+01      1.50900e+00      8.00000e+00    325s
  1412     -1.42560e+01      1.50900e+00      8.00000e+00    326s
  1417     -1.43570e+01      1.50900e+00      8.00000e+00    327s
  1422     -1.41760e+01      1.50900e+00      8.00000e+00    328s
  1427     -1.29260e+01      1.50900e+00      8.00000e+00    329s
  1432     -1.38600e+01      1.50900e+00      8.00000e+00    330s
  1437     -1.38620e+01      1.50900e+00      8.00000e+00    331s
  1442     -1.37300e+01      1.50900e+00      8.00000e+00    332s
  1447     -1.36440e+01      1.50900e+00      8.00000e+00    334s
  1452     -1.41350e+01      1.50900e+00      8.00000e+00    335s
  1457     -1.38100e+01      1.50900e+00      8.00000e+00    336s
  1461     -1.30110e+01      1.50900e+00      8.00000e+00    337s
  1465     -1.38320e+01      1.50900e+00      8.00000e+00    338s
  1470     -1.38810e+01      1.50900e+00      8.00000e+00    339s
  1475     -1.35590e+01      1.50900e+00      8.00000e+00    340s
  1480     -1.39530e+01      1.50900e+00      8.00000e+00    341s
  1485     -1.40640e+01      1.50900e+00      8.00000e+00    343s
  1489     -1.34330e+01      1.50900e+00      8.00000e+00    344s
  1494     -1.41950e+01      1.50900e+00      8.00000e+00    345s
  1499     -1.43750e+01      1.50900e+00      8.00000e+00    346s
  1504     -1.26340e+01      1.50900e+00      8.00000e+00    347s
  1509     -1.36300e+01      1.50900e+00      8.00000e+00    348s
  1514     -1.33770e+01      1.50900e+00      8.00000e+00    349s
  1519     -1.44550e+01      1.50900e+00      8.00000e+00    350s
  1524     -1.42040e+01      1.50900e+00      8.00000e+00    351s
  1529     -1.34860e+01      1.50900e+00      8.00000e+00    353s
  1534     -1.40300e+01      1.50900e+00      8.00000e+00    354s
  1538     -1.41830e+01      1.50900e+00      8.00000e+00    355s
  1543     -1.35400e+01      1.50900e+00      8.00000e+00    356s
  1548     -1.43090e+01      1.50900e+00      8.00000e+00    357s
  1552     -1.38360e+01      1.50900e+00      8.00000e+00    358s
  1557     -1.34630e+01      1.50900e+00      8.00000e+00    359s
  1562     -1.37490e+01      1.50900e+00      8.00000e+00    360s
  1567     -1.37850e+01      1.50900e+00      8.00000e+00    362s
  1572     -1.39570e+01      1.50900e+00      8.00000e+00    363s
  1576     -1.39950e+01      1.50900e+00      8.00000e+00    364s
  1581     -1.38890e+01      1.50900e+00      8.00000e+00    365s
  1586     -1.37290e+01      1.50900e+00      8.00000e+00    366s
  1590     -1.33310e+01      1.50900e+00      8.00000e+00    367s
  1595     -1.42720e+01      1.50900e+00      8.00000e+00    368s
  1600     -1.43370e+01      1.50900e+00      8.00000e+00    370s
  1605     -1.69620e+01      1.50900e+00      8.00000e+00    371s
  1610     -1.55040e+01      1.50900e+00      8.00000e+00    372s
  1615     -1.64170e+01      1.50900e+00      8.00000e+00    373s
  1620     -1.66060e+01      1.50900e+00      8.00000e+00    374s
  1625     -1.37060e+01      1.50900e+00      8.00000e+00    375s
  1630     -1.75280e+01      1.50900e+00      8.00000e+00    376s
  1635     -1.44770e+01      1.50900e+00      8.00000e+00    377s
  1639     -1.59960e+01      1.50900e+00      8.00000e+00    378s
  1644     -1.71840e+01      1.50900e+00      8.00000e+00    380s
  1649     -1.39220e+01      1.50900e+00      8.00000e+00    381s
  1654     -1.35890e+01      1.50900e+00      8.00000e+00    382s
  1659     -1.42570e+01      1.50900e+00      8.00000e+00    383s
  1664     -1.40980e+01      1.50900e+00      8.00000e+00    384s
  1668     -1.45110e+01      1.50900e+00      8.00000e+00    385s
  1673     -1.44450e+01      1.50900e+00      8.00000e+00    387s
  1678     -1.41460e+01      1.50900e+00      8.00000e+00    388s
  1684     -1.51210e+01      1.50900e+00      8.00000e+00    389s
  1689     -1.45340e+01      1.50900e+00      8.00000e+00    390s
  1694     -1.35890e+01      1.50900e+00      8.00000e+00    391s
  1699     -1.41560e+01      1.50900e+00      8.00000e+00    392s
  1704     -1.19860e+01      1.50900e+00      8.00000e+00    394s
  1709     -1.22350e+01      1.50900e+00      8.00000e+00    395s
  1713     -1.37920e+01      1.50900e+00      8.00000e+00    396s
  1718     -1.17670e+01      1.50900e+00      8.00000e+00    397s
  1723     -1.32150e+01      1.50900e+00      8.00000e+00    398s
  1728     -1.28070e+01      1.50900e+00      8.00000e+00    399s
  1733     -1.28480e+01      1.50900e+00      8.00000e+00    400s
  1737     -1.36590e+01      1.50900e+00      8.00000e+00    401s
  1741     -1.20640e+01      1.50900e+00      8.00000e+00    402s
  1746     -1.26760e+01      1.50900e+00      8.00000e+00    403s
  1751     -1.34880e+01      1.50900e+00      8.00000e+00    405s
  1756     -1.38710e+01      1.50900e+00      8.00000e+00    406s
  1761     -1.41650e+01      1.50900e+00      8.00000e+00    407s
  1766     -1.43300e+01      1.50900e+00      8.00000e+00    408s
  1771     -1.43220e+01      1.50900e+00      8.00000e+00    409s
  1776     -1.42850e+01      1.50900e+00      8.00000e+00    411s
  1780     -1.39540e+01      1.50900e+00      8.00000e+00    412s
  1785     -1.37750e+01      1.50900e+00      8.00000e+00    413s
  1790     -1.44710e+01      1.50900e+00      8.00000e+00    414s
  1795     -1.41670e+01      1.50900e+00      8.00000e+00    415s
  1799     -1.40250e+01      1.50900e+00      8.00000e+00    416s
  1804     -1.38950e+01      1.50900e+00      8.00000e+00    417s
  1809     -1.40060e+01      1.50900e+00      8.00000e+00    419s
  1814     -1.38450e+01      1.50900e+00      8.00000e+00    420s
  1819     -1.44010e+01      1.50900e+00      8.00000e+00    421s
  1824     -1.35900e+01      1.50900e+00      8.00000e+00    422s
  1829     -1.40150e+01      1.50900e+00      8.00000e+00    423s
  1834     -1.30660e+01      1.50900e+00      8.00000e+00    424s
  1839     -1.36100e+01      1.50900e+00      8.00000e+00    426s
  1844     -1.34760e+01      1.50900e+00      8.00000e+00    427s
  1849     -1.44420e+01      1.50900e+00      8.00000e+00    428s
  1854     -1.36600e+01      1.50900e+00      8.00000e+00    429s
  1859     -1.44540e+01      1.50900e+00      8.00000e+00    430s
  1864     -1.44920e+01      1.50900e+00      8.00000e+00    431s
  1868     -1.40120e+01      1.50900e+00      8.00000e+00    432s
  1872     -1.40110e+01      1.50900e+00      8.00000e+00    433s
  1877     -1.42390e+01      1.50900e+00      8.00000e+00    435s
  1882     -1.34470e+01      1.50900e+00      8.00000e+00    436s
  1887     -1.42630e+01      1.50900e+00      8.00000e+00    437s
  1892     -1.37420e+01      1.50900e+00      8.00000e+00    438s
  1897     -1.37670e+01      1.50900e+00      8.00000e+00    439s
  1901     -1.43640e+01      1.50900e+00      8.00000e+00    440s
  1906     -1.49900e+01      1.50900e+00      8.00000e+00    441s
  1910     -1.36880e+01      1.50900e+00      8.00000e+00    442s
  1915     -1.42900e+01      1.50900e+00      8.00000e+00    444s
  1920     -1.38190e+01      1.50900e+00      8.00000e+00    445s
  1924     -1.39090e+01      1.50900e+00      8.00000e+00    446s
  1929     -1.43380e+01      1.50900e+00      8.00000e+00    447s
  1934     -1.42430e+01      1.50900e+00      8.00000e+00    448s
  1939     -1.44310e+01      1.50900e+00      8.00000e+00    449s
  1944     -1.48470e+01      1.50900e+00      8.00000e+00    450s
  1949     -1.43940e+01      1.50900e+00      8.00000e+00    451s
  1954     -1.42710e+01      1.50900e+00      8.00000e+00    453s
  1959     -1.42290e+01      1.50900e+00      8.00000e+00    454s
  1964     -1.49810e+01      1.50900e+00      8.00000e+00    455s
  1969     -1.42890e+01      1.50900e+00      8.00000e+00    456s
  1973     -1.46310e+01      1.50900e+00      8.00000e+00    457s
  1978     -1.50190e+01      1.50900e+00      8.00000e+00    458s
  1983     -1.44500e+01      1.50900e+00      8.00000e+00    459s
  1988     -1.35560e+01      1.50900e+00      8.00000e+00    461s
  1993     -1.37920e+01      1.50900e+00      8.00000e+00    462s
  1997     -1.47990e+01      1.50900e+00      8.00000e+00    463s
  2002     -1.49130e+01      1.50900e+00      8.00000e+00    464s
  2007     -1.55760e+01      1.50900e+00      8.00000e+00    465s
  2012     -1.40470e+01      1.50900e+00      8.00000e+00    466s
  2017     -1.45200e+01      1.50900e+00      8.00000e+00    468s
  2022     -1.40780e+01      1.50900e+00      8.00000e+00    469s
  2027     -1.44190e+01      1.50900e+00      8.00000e+00    470s
  2032     -1.45240e+01      1.50900e+00      8.00000e+00    471s
  2037     -1.40000e+01      1.50900e+00      8.00000e+00    472s
  2042     -1.53460e+01      1.50900e+00      8.00000e+00    473s
  2047     -1.46100e+01      1.50900e+00      8.00000e+00    474s
  2052     -1.41310e+01      1.50900e+00      8.00000e+00    476s
  2057     -1.51340e+01      1.50900e+00      8.00000e+00    477s
  2062     -1.33300e+01      1.50900e+00      8.00000e+00    478s
  2067     -1.42550e+01      1.50900e+00      8.00000e+00    479s
  2072     -1.37850e+01      1.50900e+00      8.00000e+00    480s
  2077     -1.41540e+01      1.50900e+00      8.00000e+00    481s
  2082     -1.52760e+01      1.50900e+00      8.00000e+00    482s
  2087     -1.38230e+01      1.50900e+00      8.00000e+00    484s
  2092     -1.42690e+01      1.50900e+00      8.00000e+00    485s
  2097     -1.50550e+01      1.50900e+00      8.00000e+00    486s
  2102     -1.46420e+01      1.50900e+00      8.00000e+00    487s
  2107     -1.62850e+01      1.50900e+00      8.00000e+00    488s
  2112     -1.33480e+01      1.50900e+00      8.00000e+00    489s
  2117     -1.45900e+01      1.50900e+00      8.00000e+00    491s
  2121     -1.49540e+01      1.50900e+00      8.00000e+00    492s
  2126     -1.42460e+01      1.50900e+00      8.00000e+00    493s
  2131     -1.69680e+01      1.50900e+00      8.00000e+00    494s
  2136     -1.44990e+01      1.50900e+00      8.00000e+00    495s
  2141     -1.52040e+01      1.50900e+00      8.00000e+00    496s
  2145     -1.61360e+01      1.50900e+00      8.00000e+00    497s
  2150     -1.29090e+01      1.50900e+00      8.00000e+00    498s
  2155     -1.94810e+01      1.50900e+00      8.00000e+00    500s
  2160     -1.67010e+01      1.50900e+00      8.00000e+00    501s
  2165     -1.44780e+01      1.50900e+00      8.00000e+00    502s
  2170     -1.43480e+01      1.50900e+00      8.00000e+00    503s
  2175     -1.43560e+01      1.50900e+00      8.00000e+00    504s
  2180     -1.99790e+01      1.50900e+00      8.00000e+00    505s
  2185     -1.54980e+01      1.50900e+00      8.00000e+00    507s
  2190     -1.41800e+01      1.50900e+00      8.00000e+00    508s
  2195     -1.37820e+01      1.50900e+00      8.00000e+00    509s
  2200     -1.45450e+01      1.50900e+00      8.00000e+00    510s
  2205     -2.11370e+01      1.50900e+00      8.00000e+00    511s
  2210     -1.64260e+01      1.50900e+00      8.00000e+00    512s
  2215     -1.39960e+01      1.50900e+00      8.00000e+00    514s
  2220     -1.40030e+01      1.50900e+00      8.00000e+00    515s
  2225     -1.46920e+01      1.50900e+00      8.00000e+00    516s
  2230     -2.13430e+01      1.50900e+00      8.00000e+00    517s
  2235     -1.53170e+01      1.50900e+00      8.00000e+00    518s
  2240     -1.42680e+01      1.50900e+00      8.00000e+00    519s
  2245     -1.21120e+01      1.50900e+00      8.00000e+00    520s
  2250     -1.41260e+01      1.50900e+00      8.00000e+00    521s
  2255     -1.47360e+01      1.50900e+00      8.00000e+00    523s
  2260     -1.63540e+01      1.50900e+00      8.00000e+00    524s
  2265     -1.54420e+01      1.50900e+00      8.00000e+00    525s
  2270     -2.00160e+01      1.50900e+00      8.00000e+00    526s
  2275     -1.33760e+01      1.50900e+00      8.00000e+00    527s
  2280     -1.53540e+01      1.50900e+00      8.00000e+00    528s
  2285     -1.51770e+01      1.50900e+00      8.00000e+00    529s
  2290     -1.60440e+01      1.50900e+00      8.00000e+00    530s
  2295     -2.05710e+01      1.50900e+00      8.00000e+00    532s
  2300     -1.43770e+01      1.50900e+00      8.00000e+00    533s
  2305     -1.17860e+01      1.50900e+00      8.00000e+00    534s
  2310     -1.71620e+01      1.50900e+00      8.00000e+00    535s
  2315     -1.51580e+01      1.50900e+00      8.00000e+00    536s
  2320     -2.85430e+01      1.50900e+00      8.00000e+00    537s
  2325     -1.20160e+01      1.50900e+00      8.00000e+00    538s
  2330     -1.25660e+01      1.50900e+00      8.00000e+00    539s
  2336     -1.52930e+01      1.50900e+00      8.00000e+00    540s
  2341     -2.07610e+01      1.50900e+00      8.00000e+00    542s
  2346     -2.74550e+01      1.50900e+00      8.00000e+00    543s
  2351     -1.64130e+01      1.50900e+00      8.00000e+00    544s
  2356     -3.02390e+01      1.50900e+00      8.00000e+00    545s
  2361     -1.66360e+01      1.50900e+00      8.00000e+00    546s
  2366     -1.74560e+01      1.50900e+00      8.00000e+00    547s
  2372     -1.39150e+01      1.50900e+00      8.00000e+00    548s
  2376     -1.84500e+01      1.50900e+00      8.00000e+00    550s
  2382     -2.94100e+01      1.50900e+00      8.00000e+00    551s
  2388     -1.26720e+01      1.50900e+00      8.00000e+00    552s
  2394     -1.80200e+01      1.50900e+00      8.00000e+00    553s
  2399     -1.42130e+01      1.50900e+00      8.00000e+00    554s
  2405     -4.40830e+01      1.50900e+00      8.00000e+00    555s
  2411     -1.63700e+01      1.50900e+00      8.00000e+00    557s
  2416     -1.20320e+01      1.50900e+00      8.00000e+00    558s
  2422      1.84000e-01      1.61500e+00      8.00000e+00    559s
  2427     -3.45090e+01      1.61500e+00      8.00000e+00    560s
  2433     -2.83290e+01      1.61500e+00      8.00000e+00    561s
  2438     -1.36360e+01      1.61500e+00      8.00000e+00    562s
  2445      1.15500e+00      1.61500e+00      8.00000e+00    563s
  2450     -1.44940e+01      1.61500e+00      8.00000e+00    565s
  2454     -1.36820e+01      1.61500e+00      8.00000e+00    566s
  2458     -1.41770e+01      1.61500e+00      8.00000e+00    567s
  2463     -1.38050e+01      1.61500e+00      8.00000e+00    568s
  2467     -1.36200e+01      1.61500e+00      8.00000e+00    569s
  2472     -1.37870e+01      1.61500e+00      8.00000e+00    570s
  2476     -1.32410e+01      1.61500e+00      8.00000e+00    571s
  2481     -1.33900e+01      1.61500e+00      8.00000e+00    573s
  2485     -1.35630e+01      1.61500e+00      8.00000e+00    574s
  2489     -1.39220e+01      1.61500e+00      8.00000e+00    575s
  2494     -1.41570e+01      1.61500e+00      8.00000e+00    576s
  2499     -1.29430e+01      1.61500e+00      8.00000e+00    577s

==================================================
Summary of results QAOA
--------------------------------------------------
Avg of QAOA obj (BQO obj):    2.88
Avg of QAOA obj (penalty):    -1.26
Avg of constraint violation:  0.11

Avg of QAOA obj:              1.61
STD of QAOA obj:              3.90
Avg of QAOA obj (feasible):   2.90
STD of QAOA obj (feasible):   0.64

Gamma angles:                 6.15
Beta angles:                  2.69

Best QAOA obj:                8.00
Modified best QAOA obj:       8.00
Best QAOA obj (feasible):     8.00

QAOA total time:              577.11s
QAOA circuit depth:           22
==================================================

==================================================
Summary of results of 0-S7
--------------------------------------------------
Number of vertices:           7
Number of edges:              18

Vertex num in largest comp:   7
Edge num in largest comp:     18

Pre-processing running time:  0.00
Total solver time:            577.11
Running time:                 580.14

Upper bound:                  11.00
Objective value:              8.00

Partition 0:                  1, 4, 5, 7          
Partition 1:                  3, 6                
Partition 2:                  2                   
==================================================
