==================================================
Instance parameters
--------------------------------------------------
Number of vertices:           7
Number of edges:              18
Number of partitions:         3

Density (%):                  86
Name of instance:             seed1_band_pen1.6
Is planar:                    False
==================================================

==================================================
Solver parameters
--------------------------------------------------
Method:                       R-QUBO
Peel:                         False
Decompose:                    False
Fold:                         False

QAOA Num Levels:              1
QAOA Scipy Optimizer:         brute
==================================================

  iter        avg-obj        best avg-obj       best-obj      time
     0     -1.07602e+01     -1.07602e+01      8.00000e+00      1s
     5     -1.09000e+01     -1.02576e+01      8.00000e+00      2s
    10     -1.03428e+01     -1.02576e+01      8.00000e+00      3s
    15     -1.04872e+01     -1.02576e+01      8.00000e+00      4s
    20     -1.08648e+01     -1.02576e+01      8.00000e+00      6s
    25     -1.13736e+01     -1.00208e+01      8.00000e+00      7s
    30     -1.09094e+01     -1.00208e+01      8.00000e+00      8s
    35     -1.09132e+01     -1.00208e+01      8.00000e+00      9s
    40     -1.04920e+01     -1.00208e+01      8.00000e+00     10s
    45     -1.06454e+01     -1.00208e+01      8.00000e+00     11s
    50     -1.11294e+01     -1.00208e+01      8.00000e+00     12s
    55      6.54000e-02      1.76880e+00      8.00000e+00     13s
    61     -9.83780e+00      1.76880e+00      8.00000e+00     14s
    66     -2.04580e+01      1.76880e+00      8.00000e+00     16s
    72     -2.65382e+01      1.76880e+00      8.00000e+00     17s
    77      2.28400e-01      1.76880e+00      8.00000e+00     18s
    83     -8.04400e+00      1.81380e+00      8.00000e+00     19s
    88     -1.25954e+01      1.81380e+00      8.00000e+00     20s
    94     -3.30476e+01      1.81380e+00      8.00000e+00     21s
    99     -1.04320e+01      1.81380e+00      8.00000e+00     22s
   105     -7.43480e+00      1.81380e+00      8.00000e+00     24s
   110     -1.01982e+01      1.81380e+00      8.00000e+00     25s
   114     -1.52854e+01      1.81380e+00      8.00000e+00     26s
   120     -2.98932e+01      1.81380e+00      8.00000e+00     27s
   125     -8.74400e+00      1.81380e+00      8.00000e+00     28s
   130     -8.15880e+00      1.81380e+00      8.00000e+00     29s
   136     -1.05638e+01      1.81380e+00      8.00000e+00     30s
   141     -2.43442e+01      1.81380e+00      8.00000e+00     31s
   147     -2.05402e+01      1.81380e+00      8.00000e+00     32s
   152     -1.46426e+01      1.81380e+00      8.00000e+00     33s
   158     -1.40012e+01      1.81380e+00      8.00000e+00     35s
   163     -1.15708e+01      1.81380e+00      8.00000e+00     36s
   168     -1.69014e+01      1.81380e+00      8.00000e+00     37s
   173     -1.00990e+01      1.81380e+00      8.00000e+00     38s
   178     -1.73136e+01      1.81380e+00      8.00000e+00     39s
   183     -1.33492e+01      1.81380e+00      8.00000e+00     40s
   188     -1.28442e+01      1.81380e+00      8.00000e+00     41s
   194     -1.50644e+01      1.81380e+00      8.00000e+00     42s
   199     -1.05820e+01      1.81380e+00      8.00000e+00     44s
   204     -1.88036e+01      1.81380e+00      8.00000e+00     45s
   209     -1.23370e+01      1.81380e+00      8.00000e+00     46s
   214     -1.26466e+01      1.81380e+00      8.00000e+00     47s
   220     -8.61420e+00      1.81380e+00      8.00000e+00     48s
   225     -1.18008e+01      1.81380e+00      8.00000e+00     49s
   230     -1.93902e+01      1.81380e+00      8.00000e+00     50s
   235     -1.08736e+01      1.81380e+00      8.00000e+00     52s
   239     -1.29174e+01      1.81380e+00      8.00000e+00     53s
   244     -9.62180e+00      1.81380e+00      8.00000e+00     54s
   249     -1.08008e+01      1.81380e+00      8.00000e+00     55s
   254     -1.36594e+01      1.81380e+00      8.00000e+00     56s
   260     -1.13922e+01      1.81380e+00      8.00000e+00     57s
   264     -1.24552e+01      1.81380e+00      8.00000e+00     58s
   270     -1.12604e+01      1.81380e+00      8.00000e+00     59s
   275     -1.10244e+01      1.81380e+00      8.00000e+00     60s
   280     -1.44568e+01      1.81380e+00      8.00000e+00     61s
   285     -1.07190e+01      1.81380e+00      8.00000e+00     62s
   290     -1.18084e+01      1.81380e+00      8.00000e+00     64s
   295     -1.12796e+01      1.81380e+00      8.00000e+00     65s
   300     -1.11506e+01      1.81380e+00      8.00000e+00     66s
   305     -1.14204e+01      1.81380e+00      8.00000e+00     67s
   310     -1.09908e+01      1.81380e+00      8.00000e+00     68s
   315     -1.23610e+01      1.81380e+00      8.00000e+00     69s
   320     -1.42478e+01      1.81380e+00      8.00000e+00     70s
   325     -1.03890e+01      1.81380e+00      8.00000e+00     72s
   330     -1.12248e+01      1.81380e+00      8.00000e+00     73s
   335     -1.12622e+01      1.81380e+00      8.00000e+00     74s
   340     -1.34016e+01      1.81380e+00      8.00000e+00     75s
   345     -1.37886e+01      1.81380e+00      8.00000e+00     76s
   350     -1.06266e+01      1.81380e+00      8.00000e+00     77s
   355     -1.12304e+01      1.81380e+00      8.00000e+00     78s
   360     -1.02562e+01      1.81380e+00      8.00000e+00     79s
   365     -1.19038e+01      1.81380e+00      8.00000e+00     81s
   369     -1.32834e+01      1.81380e+00      8.00000e+00     82s
   373     -1.18754e+01      1.81380e+00      8.00000e+00     83s
   378     -1.04434e+01      1.81380e+00      8.00000e+00     84s
   383     -1.09642e+01      1.81380e+00      8.00000e+00     85s
   388     -1.14572e+01      1.81380e+00      8.00000e+00     86s
   393     -1.35884e+01      1.81380e+00      8.00000e+00     87s
   398     -1.10402e+01      1.81380e+00      8.00000e+00     88s
   402     -1.08976e+01      1.81380e+00      8.00000e+00     89s
   407     -1.15414e+01      1.81380e+00      8.00000e+00     90s
   412     -1.01116e+01      1.81380e+00      8.00000e+00     92s
   417     -1.28024e+01      1.81380e+00      8.00000e+00     93s
   422     -1.20884e+01      1.81380e+00      8.00000e+00     94s
   427     -1.07642e+01      1.81380e+00      8.00000e+00     95s
   432     -1.17162e+01      1.81380e+00      8.00000e+00     96s
   437     -1.05908e+01      1.81380e+00      8.00000e+00     97s
   441     -1.17164e+01      1.81380e+00      8.00000e+00     98s
   446     -1.18286e+01      1.81380e+00      8.00000e+00    100s
   451     -1.12786e+01      1.81380e+00      8.00000e+00    101s
   456     -1.09240e+01      1.81380e+00      8.00000e+00    102s
   461     -1.07622e+01      1.81380e+00      8.00000e+00    103s
   466     -1.11294e+01      1.81380e+00      8.00000e+00    104s
   471     -1.14672e+01      1.81380e+00      8.00000e+00    106s
   476     -1.08902e+01      1.81380e+00      8.00000e+00    107s
   481     -1.07970e+01      1.81380e+00      8.00000e+00    108s
   486     -1.08948e+01      1.81380e+00      8.00000e+00    109s
   491     -1.08872e+01      1.81380e+00      8.00000e+00    110s
   496     -1.09372e+01      1.81380e+00      8.00000e+00    111s
   501     -1.05898e+01      1.81380e+00      8.00000e+00    112s
   506     -1.01850e+01      1.81380e+00      8.00000e+00    114s
   511     -1.06972e+01      1.81380e+00      8.00000e+00    115s
   515     -1.08766e+01      1.81380e+00      8.00000e+00    116s
   519     -1.09850e+01      1.81380e+00      8.00000e+00    117s
   524     -1.07720e+01      1.81380e+00      8.00000e+00    118s
   529     -1.04224e+01      1.81380e+00      8.00000e+00    119s
   534     -1.07852e+01      1.81380e+00      8.00000e+00    120s
   539     -1.12638e+01      1.81380e+00      8.00000e+00    121s
   543     -1.04990e+01      1.81380e+00      8.00000e+00    122s
   547     -1.09736e+01      1.81380e+00      8.00000e+00    123s
   551     -1.07622e+01      1.81380e+00      8.00000e+00    125s
   555     -1.09280e+01      1.81380e+00      8.00000e+00    126s
   560     -1.11814e+01      1.81380e+00      8.00000e+00    127s
   564     -1.13696e+01      1.81380e+00      8.00000e+00    128s
   569     -1.06262e+01      1.81380e+00      8.00000e+00    129s
   574     -1.05666e+01      1.81380e+00      8.00000e+00    130s
   579     -1.06524e+01      1.81380e+00      8.00000e+00    131s
   584     -1.10658e+01      1.81380e+00      8.00000e+00    132s
   589     -1.04868e+01      1.81380e+00      8.00000e+00    134s
   594     -1.11736e+01      1.81380e+00      8.00000e+00    135s
   599     -1.11552e+01      1.81380e+00      8.00000e+00    136s
   604     -1.09142e+01      1.81380e+00      8.00000e+00    137s
   609     -1.11122e+01      1.81380e+00      8.00000e+00    138s
   613     -1.06130e+01      1.81380e+00      8.00000e+00    139s
   617     -1.12408e+01      1.81380e+00      8.00000e+00    140s
   622     -1.07580e+01      1.81380e+00      8.00000e+00    141s
   627     -1.08764e+01      1.81380e+00      8.00000e+00    143s
   632     -1.08084e+01      1.81380e+00      8.00000e+00    144s
   637     -1.09130e+01      1.81380e+00      8.00000e+00    145s
   642     -1.10630e+01      1.81380e+00      8.00000e+00    146s
   647     -1.05170e+01      1.81380e+00      8.00000e+00    147s
   651     -1.09684e+01      1.81380e+00      8.00000e+00    148s
   656     -1.11904e+01      1.81380e+00      8.00000e+00    149s
   661     -1.03276e+01      1.81380e+00      8.00000e+00    151s
   666     -1.09732e+01      1.81380e+00      8.00000e+00    152s
   671     -1.09666e+01      1.81380e+00      8.00000e+00    153s
   675     -1.08656e+01      1.81380e+00      8.00000e+00    154s
   680     -1.16080e+01      1.81380e+00      8.00000e+00    155s
   685     -1.08190e+01      1.81380e+00      8.00000e+00    156s
   690     -1.07984e+01      1.81380e+00      8.00000e+00    158s
   695     -1.09336e+01      1.81380e+00      8.00000e+00    159s
   699     -1.10490e+01      1.81380e+00      8.00000e+00    160s
   704     -1.05452e+01      1.81380e+00      8.00000e+00    161s
   709     -1.12944e+01      1.81380e+00      8.00000e+00    162s
   714     -1.11656e+01      1.81380e+00      8.00000e+00    163s
   719     -1.04152e+01      1.81380e+00      8.00000e+00    164s
   724     -1.14314e+01      1.81380e+00      8.00000e+00    166s
   729     -1.10396e+01      1.81380e+00      8.00000e+00    167s
   734     -1.02890e+01      1.81380e+00      8.00000e+00    168s
   739     -1.08936e+01      1.81380e+00      8.00000e+00    169s
   744     -1.05920e+01      1.81380e+00      8.00000e+00    170s
   749     -1.05182e+01      1.81380e+00      8.00000e+00    171s
   754     -1.08710e+01      1.81380e+00      8.00000e+00    173s
   759     -1.06010e+01      1.81380e+00      8.00000e+00    174s
   764     -1.06784e+01      1.81380e+00      8.00000e+00    175s
   769     -1.12662e+01      1.81380e+00      8.00000e+00    176s
   773     -1.14408e+01      1.81380e+00      8.00000e+00    177s
   778     -1.11100e+01      1.81380e+00      8.00000e+00    178s
   783     -1.05468e+01      1.81380e+00      8.00000e+00    179s
   788     -1.09284e+01      1.81380e+00      8.00000e+00    180s
   793     -1.15818e+01      1.81380e+00      8.00000e+00    182s
   798     -1.04746e+01      1.81380e+00      8.00000e+00    183s
   803     -1.15654e+01      1.81380e+00      8.00000e+00    184s
   808     -1.22622e+01      1.81380e+00      8.00000e+00    185s
   813     -1.07048e+01      1.81380e+00      8.00000e+00    186s
   818     -1.23954e+01      1.81380e+00      8.00000e+00    187s
   822     -1.19460e+01      1.81380e+00      8.00000e+00    188s
   827     -1.12748e+01      1.81380e+00      8.00000e+00    189s
   832     -1.19458e+01      1.81380e+00      8.00000e+00    190s
   837     -1.14788e+01      1.81380e+00      8.00000e+00    192s
   842     -1.27288e+01      1.81380e+00      8.00000e+00    193s
   847     -1.08204e+01      1.81380e+00      8.00000e+00    194s
   852     -1.09814e+01      1.81380e+00      8.00000e+00    195s
   857     -9.97360e+00      1.81380e+00      8.00000e+00    196s
   862     -1.07730e+01      1.81380e+00      8.00000e+00    197s
   867     -1.06416e+01      1.81380e+00      8.00000e+00    198s
   872     -1.01486e+01      1.81380e+00      8.00000e+00    200s
   876     -1.02962e+01      1.81380e+00      8.00000e+00    201s
   881     -9.96700e+00      1.81380e+00      8.00000e+00    202s
   885     -1.07852e+01      1.81380e+00      8.00000e+00    203s
   889     -1.06772e+01      1.81380e+00      8.00000e+00    204s
   894     -1.10384e+01      1.81380e+00      8.00000e+00    205s
   899     -1.07632e+01      1.81380e+00      8.00000e+00    206s
   903     -1.02058e+01      1.81380e+00      8.00000e+00    207s
   908     -9.35300e+00      1.81380e+00      8.00000e+00    209s
   913     -1.05174e+01      1.81380e+00      8.00000e+00    210s
   918     -9.54100e+00      1.81380e+00      8.00000e+00    211s
   922     -9.65880e+00      1.81380e+00      8.00000e+00    212s
   926     -1.03924e+01      1.81380e+00      8.00000e+00    213s
   931     -1.02178e+01      1.81380e+00      8.00000e+00    214s
   936     -1.06838e+01      1.81380e+00      8.00000e+00    215s
   940     -1.06978e+01      1.81380e+00      8.00000e+00    217s
   945     -9.98400e+00      1.81380e+00      8.00000e+00    218s
   950     -1.09800e+01      1.81380e+00      8.00000e+00    219s
   955     -1.09268e+01      1.81380e+00      8.00000e+00    220s
   960     -1.05920e+01      1.81380e+00      8.00000e+00    221s
   964     -1.06532e+01      1.81380e+00      8.00000e+00    222s
   968     -1.06804e+01      1.81380e+00      8.00000e+00    223s
   973     -1.06432e+01      1.81380e+00      8.00000e+00    225s
   977     -1.06158e+01      1.81380e+00      8.00000e+00    226s
   982     -1.06594e+01      1.81380e+00      8.00000e+00    227s
   987     -1.06016e+01      1.81380e+00      8.00000e+00    228s
   992     -1.12118e+01      1.81380e+00      8.00000e+00    229s
   997     -1.09628e+01      1.81380e+00      8.00000e+00    230s
  1002     -1.13236e+01      1.81380e+00      8.00000e+00    231s
  1007     -1.05000e+01      1.81380e+00      8.00000e+00    233s
  1012     -1.08728e+01      1.81380e+00      8.00000e+00    234s
  1017     -1.06574e+01      1.81380e+00      8.00000e+00    235s
  1021     -1.04192e+01      1.81380e+00      8.00000e+00    236s
  1025     -1.10946e+01      1.81380e+00      8.00000e+00    237s
  1029     -1.10350e+01      1.81380e+00      8.00000e+00    238s
  1034     -1.09032e+01      1.81380e+00      8.00000e+00    239s
  1038     -1.07614e+01      1.81380e+00      8.00000e+00    240s
  1042     -1.11426e+01      1.81380e+00      8.00000e+00    241s
  1047     -1.03338e+01      1.81380e+00      8.00000e+00    243s
  1051     -1.05074e+01      1.81380e+00      8.00000e+00    244s
  1056     -1.11542e+01      1.81380e+00      8.00000e+00    245s
  1060     -1.05700e+01      1.81380e+00      8.00000e+00    246s
  1065     -1.06456e+01      1.81380e+00      8.00000e+00    247s
  1070     -1.06298e+01      1.81380e+00      8.00000e+00    248s
  1075     -1.07412e+01      1.81380e+00      8.00000e+00    249s
  1080     -1.02382e+01      1.81380e+00      8.00000e+00    250s
  1085     -1.07118e+01      1.81380e+00      8.00000e+00    251s
  1090     -1.09508e+01      1.81380e+00      8.00000e+00    253s
  1095     -1.04882e+01      1.81380e+00      8.00000e+00    254s
  1100     -1.07952e+01      1.81380e+00      8.00000e+00    255s
  1104     -1.08872e+01      1.81380e+00      8.00000e+00    256s
  1109     -1.05786e+01      1.81380e+00      8.00000e+00    257s
  1114     -1.06162e+01      1.81380e+00      8.00000e+00    258s
  1119     -9.95820e+00      1.81380e+00      8.00000e+00    259s
  1124     -1.04204e+01      1.81380e+00      8.00000e+00    261s
  1128     -1.03888e+01      1.81380e+00      8.00000e+00    262s
  1133     -1.02658e+01      1.81380e+00      8.00000e+00    263s
  1137     -1.08142e+01      1.81380e+00      8.00000e+00    264s
  1142     -1.09696e+01      1.81380e+00      8.00000e+00    265s
  1146     -1.06022e+01      1.81380e+00      8.00000e+00    266s
  1150     -1.08058e+01      1.81380e+00      8.00000e+00    267s
  1155     -1.19918e+01      1.81380e+00      8.00000e+00    268s
  1159     -1.11132e+01      1.81380e+00      8.00000e+00    269s
  1164     -1.06564e+01      1.81380e+00      8.00000e+00    270s
  1169     -1.07446e+01      1.81380e+00      8.00000e+00    272s
  1173     -1.07890e+01      1.81380e+00      8.00000e+00    273s
  1177     -1.11278e+01      1.81380e+00      8.00000e+00    274s
  1181     -1.04846e+01      1.81380e+00      8.00000e+00    275s
  1185     -1.10536e+01      1.81380e+00      8.00000e+00    276s
  1190     -1.10104e+01      1.81380e+00      8.00000e+00    277s
  1195     -1.11576e+01      1.81380e+00      8.00000e+00    278s
  1199     -1.04686e+01      1.81380e+00      8.00000e+00    279s
  1203     -9.99880e+00      1.81380e+00      8.00000e+00    280s
  1208     -1.07764e+01      1.81380e+00      8.00000e+00    281s
  1212     -1.08330e+01      1.81380e+00      8.00000e+00    282s
  1217     -1.07352e+01      1.81380e+00      8.00000e+00    284s
  1222     -1.05618e+01      1.81380e+00      8.00000e+00    285s
  1227     -1.08390e+01      1.81380e+00      8.00000e+00    286s
  1231     -1.08186e+01      1.81380e+00      8.00000e+00    287s
  1235     -1.07414e+01      1.81380e+00      8.00000e+00    288s
  1239     -1.05618e+01      1.81380e+00      8.00000e+00    289s
  1244     -1.05138e+01      1.81380e+00      8.00000e+00    290s
  1249     -1.12618e+01      1.81380e+00      8.00000e+00    291s
  1254     -1.06436e+01      1.81380e+00      8.00000e+00    293s
  1259     -1.05884e+01      1.81380e+00      8.00000e+00    294s
  1263     -1.08272e+01      1.81380e+00      8.00000e+00    295s
  1268     -1.10062e+01      1.81380e+00      8.00000e+00    296s
  1273     -1.10036e+01      1.81380e+00      8.00000e+00    297s
  1278     -1.07790e+01      1.81380e+00      8.00000e+00    298s
  1283     -1.09068e+01      1.81380e+00      8.00000e+00    299s
  1288     -1.14710e+01      1.81380e+00      8.00000e+00    300s
  1293     -1.07706e+01      1.81380e+00      8.00000e+00    301s
  1298     -1.08522e+01      1.81380e+00      8.00000e+00    303s
  1302     -1.09968e+01      1.81380e+00      8.00000e+00    304s
  1307     -1.09740e+01      1.81380e+00      8.00000e+00    305s
  1312     -1.07302e+01      1.81380e+00      8.00000e+00    306s
  1317     -1.11230e+01      1.81380e+00      8.00000e+00    307s
  1322     -1.05726e+01      1.81380e+00      8.00000e+00    308s
  1326     -1.02254e+01      1.81380e+00      8.00000e+00    309s
  1331     -1.05046e+01      1.81380e+00      8.00000e+00    310s
  1336     -1.08258e+01      1.81380e+00      8.00000e+00    312s
  1340     -1.06908e+01      1.81380e+00      8.00000e+00    313s
  1345     -1.06714e+01      1.81380e+00      8.00000e+00    314s
  1350     -1.04402e+01      1.81380e+00      8.00000e+00    315s
  1355     -1.09552e+01      1.81380e+00      8.00000e+00    316s
  1359     -1.08548e+01      1.81380e+00      8.00000e+00    317s
  1363     -1.08872e+01      1.81380e+00      8.00000e+00    318s
  1368     -1.13782e+01      1.81380e+00      8.00000e+00    319s
  1373     -1.13640e+01      1.81380e+00      8.00000e+00    320s
  1378     -1.12480e+01      1.81380e+00      8.00000e+00    322s
  1383     -1.07410e+01      1.81380e+00      8.00000e+00    323s
  1388     -1.10922e+01      1.81380e+00      8.00000e+00    324s
  1393     -1.13586e+01      1.81380e+00      8.00000e+00    325s
  1398     -1.07594e+01      1.81380e+00      8.00000e+00    326s
  1403     -1.09234e+01      1.81380e+00      8.00000e+00    327s
  1408     -1.07362e+01      1.81380e+00      8.00000e+00    329s
  1412     -1.13810e+01      1.81380e+00      8.00000e+00    330s
  1417     -1.08432e+01      1.81380e+00      8.00000e+00    331s
  1422     -1.09442e+01      1.81380e+00      8.00000e+00    332s
  1427     -1.02840e+01      1.81380e+00      8.00000e+00    333s
  1432     -1.06092e+01      1.81380e+00      8.00000e+00    334s
  1437     -1.05806e+01      1.81380e+00      8.00000e+00    336s
  1442     -1.09036e+01      1.81380e+00      8.00000e+00    337s
  1447     -1.13040e+01      1.81380e+00      8.00000e+00    338s
  1452     -1.11584e+01      1.81380e+00      8.00000e+00    339s
  1457     -1.14568e+01      1.81380e+00      8.00000e+00    340s
  1462     -1.14578e+01      1.81380e+00      8.00000e+00    342s
  1467     -1.02198e+01      1.81380e+00      8.00000e+00    343s
  1472     -1.10388e+01      1.81380e+00      8.00000e+00    344s
  1477     -1.08464e+01      1.81380e+00      8.00000e+00    345s
  1482     -1.04994e+01      1.81380e+00      8.00000e+00    346s
  1487     -1.06236e+01      1.81380e+00      8.00000e+00    347s
  1491     -1.05668e+01      1.81380e+00      8.00000e+00    348s
  1496     -1.02858e+01      1.81380e+00      8.00000e+00    350s
  1501     -1.05478e+01      1.81380e+00      8.00000e+00    351s
  1506     -1.11286e+01      1.81380e+00      8.00000e+00    352s
  1511     -1.06390e+01      1.81380e+00      8.00000e+00    353s
  1515     -1.10586e+01      1.81380e+00      8.00000e+00    354s
  1520     -1.10030e+01      1.81380e+00      8.00000e+00    355s
  1525     -1.09298e+01      1.81380e+00      8.00000e+00    357s
  1530     -1.10200e+01      1.81380e+00      8.00000e+00    358s
  1535     -1.11006e+01      1.81380e+00      8.00000e+00    359s
  1539     -1.09200e+01      1.81380e+00      8.00000e+00    360s
  1544     -1.11984e+01      1.81380e+00      8.00000e+00    361s
  1549     -1.11786e+01      1.81380e+00      8.00000e+00    362s
  1553     -1.11786e+01      1.81380e+00      8.00000e+00    363s
  1558     -1.08134e+01      1.81380e+00      8.00000e+00    365s
  1562     -1.08226e+01      1.81380e+00      8.00000e+00    366s
  1566     -1.07720e+01      1.81380e+00      8.00000e+00    367s
  1571     -1.10252e+01      1.81380e+00      8.00000e+00    368s
  1576     -1.01030e+01      1.81380e+00      8.00000e+00    369s
  1581     -9.92540e+00      1.81380e+00      8.00000e+00    370s
  1585     -1.07030e+01      1.81380e+00      8.00000e+00    371s
  1589     -1.07656e+01      1.81380e+00      8.00000e+00    372s
  1594     -1.01980e+01      1.81380e+00      8.00000e+00    373s
  1599     -1.08874e+01      1.81380e+00      8.00000e+00    374s
  1604     -9.11860e+00      1.81380e+00      8.00000e+00    376s
  1609     -9.63340e+00      1.81380e+00      8.00000e+00    377s
  1614     -1.05038e+01      1.81380e+00      8.00000e+00    378s
  1619     -8.60620e+00      1.81380e+00      8.00000e+00    379s
  1623     -1.05254e+01      1.81380e+00      8.00000e+00    380s
  1628     -1.01618e+01      1.81380e+00      8.00000e+00    381s
  1633     -9.17320e+00      1.81380e+00      8.00000e+00    382s
  1638     -1.05808e+01      1.81380e+00      8.00000e+00    384s
  1643     -8.81760e+00      1.81380e+00      8.00000e+00    385s
  1648     -1.00378e+01      1.81380e+00      8.00000e+00    386s
  1653     -1.02894e+01      1.81380e+00      8.00000e+00    387s
  1658     -9.86040e+00      1.81380e+00      8.00000e+00    388s
  1663     -1.10460e+01      1.81380e+00      8.00000e+00    389s
  1668     -1.01588e+01      1.81380e+00      8.00000e+00    390s
  1673     -1.17190e+01      1.81380e+00      8.00000e+00    391s
  1678     -1.02958e+01      1.81380e+00      8.00000e+00    393s
  1683     -1.06562e+01      1.81380e+00      8.00000e+00    394s
  1687     -1.12288e+01      1.81380e+00      8.00000e+00    395s
  1692     -9.63360e+00      1.81380e+00      8.00000e+00    396s
  1697     -1.16620e+01      1.81380e+00      8.00000e+00    397s
  1702     -1.15728e+01      1.81380e+00      8.00000e+00    398s
  1707     -1.13536e+01      1.81380e+00      8.00000e+00    400s
  1712     -1.11232e+01      1.81380e+00      8.00000e+00    401s
  1717     -1.13876e+01      1.81380e+00      8.00000e+00    402s
  1722     -1.10644e+01      1.81380e+00      8.00000e+00    403s
  1727     -1.09632e+01      1.81380e+00      8.00000e+00    404s
  1732     -1.12380e+01      1.81380e+00      8.00000e+00    405s
  1736     -1.05298e+01      1.81380e+00      8.00000e+00    406s
  1740     -1.16420e+01      1.81380e+00      8.00000e+00    408s
  1745     -1.16348e+01      1.81380e+00      8.00000e+00    409s
  1749     -1.04252e+01      1.81380e+00      8.00000e+00    410s
  1754     -1.06756e+01      1.81380e+00      8.00000e+00    411s
  1758     -1.05964e+01      1.81380e+00      8.00000e+00    412s
  1762     -1.09752e+01      1.81380e+00      8.00000e+00    413s
  1767     -1.09924e+01      1.81380e+00      8.00000e+00    414s
  1771     -1.05544e+01      1.81380e+00      8.00000e+00    415s
  1775     -1.00874e+01      1.81380e+00      8.00000e+00    416s
  1779     -1.04648e+01      1.81380e+00      8.00000e+00    417s
  1784     -1.09894e+01      1.81380e+00      8.00000e+00    418s
  1789     -1.07164e+01      1.81380e+00      8.00000e+00    420s
  1794     -1.08372e+01      1.81380e+00      8.00000e+00    421s
  1798     -1.04260e+01      1.81380e+00      8.00000e+00    422s
  1803     -1.07540e+01      1.81380e+00      8.00000e+00    423s
  1808     -1.03328e+01      1.81380e+00      8.00000e+00    424s
  1813     -1.09190e+01      1.81380e+00      8.00000e+00    425s
  1818     -1.13714e+01      1.81380e+00      8.00000e+00    427s
  1822     -1.01186e+01      1.81380e+00      8.00000e+00    428s
  1826     -1.07894e+01      1.81380e+00      8.00000e+00    429s
  1830     -1.11488e+01      1.81380e+00      8.00000e+00    430s
  1835     -1.07556e+01      1.81380e+00      8.00000e+00    431s
  1840     -1.02600e+01      1.81380e+00      8.00000e+00    432s
  1844     -1.08762e+01      1.81380e+00      8.00000e+00    433s
  1848     -1.09056e+01      1.81380e+00      8.00000e+00    434s
  1852     -1.08482e+01      1.81380e+00      8.00000e+00    435s
  1857     -1.11780e+01      1.81380e+00      8.00000e+00    436s
  1862     -1.10100e+01      1.81380e+00      8.00000e+00    438s
  1866     -1.13204e+01      1.81380e+00      8.00000e+00    439s
  1871     -1.10422e+01      1.81380e+00      8.00000e+00    440s
  1876     -1.05078e+01      1.81380e+00      8.00000e+00    441s
  1881     -1.10776e+01      1.81380e+00      8.00000e+00    442s
  1886     -1.09554e+01      1.81380e+00      8.00000e+00    443s
  1891     -1.10384e+01      1.81380e+00      8.00000e+00    444s
  1896     -1.01358e+01      1.81380e+00      8.00000e+00    446s
  1900     -1.12004e+01      1.81380e+00      8.00000e+00    447s
  1905     -1.13302e+01      1.81380e+00      8.00000e+00    448s
  1909     -1.09772e+01      1.81380e+00      8.00000e+00    449s
  1913     -1.07060e+01      1.81380e+00      8.00000e+00    450s
  1918     -1.11700e+01      1.81380e+00      8.00000e+00    451s
  1922     -1.01216e+01      1.81380e+00      8.00000e+00    452s
  1927     -1.08458e+01      1.81380e+00      8.00000e+00    453s
  1932     -1.07890e+01      1.81380e+00      8.00000e+00    454s
  1937     -1.06160e+01      1.81380e+00      8.00000e+00    456s
  1942     -1.12352e+01      1.81380e+00      8.00000e+00    457s
  1947     -1.09872e+01      1.81380e+00      8.00000e+00    458s
  1951     -1.04614e+01      1.81380e+00      8.00000e+00    459s
  1956     -1.16598e+01      1.81380e+00      8.00000e+00    460s
  1960     -1.10510e+01      1.81380e+00      8.00000e+00    461s
  1965     -1.06882e+01      1.81380e+00      8.00000e+00    462s
  1970     -1.11686e+01      1.81380e+00      8.00000e+00    463s
  1974     -1.06104e+01      1.81380e+00      8.00000e+00    465s
  1979     -1.06240e+01      1.81380e+00      8.00000e+00    466s
  1984     -1.11182e+01      1.81380e+00      8.00000e+00    467s
  1989     -1.07680e+01      1.81380e+00      8.00000e+00    468s
  1994     -1.13772e+01      1.81380e+00      8.00000e+00    469s
  1998     -1.13406e+01      1.81380e+00      8.00000e+00    470s
  2003     -1.13656e+01      1.81380e+00      8.00000e+00    471s
  2008     -1.15282e+01      1.81380e+00      8.00000e+00    473s
  2012     -1.11348e+01      1.81380e+00      8.00000e+00    474s
  2017     -1.22674e+01      1.81380e+00      8.00000e+00    475s
  2021     -1.09806e+01      1.81380e+00      8.00000e+00    476s
  2025     -1.10360e+01      1.81380e+00      8.00000e+00    477s
  2030     -1.12066e+01      1.81380e+00      8.00000e+00    478s
  2035     -1.07320e+01      1.81380e+00      8.00000e+00    479s
  2039     -1.10894e+01      1.81380e+00      8.00000e+00    480s
  2043     -1.18622e+01      1.81380e+00      8.00000e+00    481s
  2047     -1.11416e+01      1.81380e+00      8.00000e+00    482s
  2051     -1.07230e+01      1.81380e+00      8.00000e+00    483s
  2055     -1.20160e+01      1.81380e+00      8.00000e+00    484s
  2060     -1.10376e+01      1.81380e+00      8.00000e+00    486s
  2064     -1.10918e+01      1.81380e+00      8.00000e+00    487s
  2069     -1.18628e+01      1.81380e+00      8.00000e+00    488s
  2073     -1.08740e+01      1.81380e+00      8.00000e+00    489s
  2077     -1.08898e+01      1.81380e+00      8.00000e+00    490s
  2081     -1.16870e+01      1.81380e+00      8.00000e+00    491s
  2086     -1.06976e+01      1.81380e+00      8.00000e+00    492s
  2091     -1.17266e+01      1.81380e+00      8.00000e+00    493s
  2095     -1.15880e+01      1.81380e+00      8.00000e+00    494s
  2099     -1.10874e+01      1.81380e+00      8.00000e+00    495s
  2104     -1.20644e+01      1.81380e+00      8.00000e+00    497s
  2109     -1.19772e+01      1.81380e+00      8.00000e+00    498s
  2114     -1.08894e+01      1.81380e+00      8.00000e+00    499s
  2119     -1.17584e+01      1.81380e+00      8.00000e+00    500s
  2123     -1.11172e+01      1.81380e+00      8.00000e+00    501s
  2128     -1.19938e+01      1.81380e+00      8.00000e+00    502s
  2133     -1.26160e+01      1.81380e+00      8.00000e+00    504s
  2138     -1.03904e+01      1.81380e+00      8.00000e+00    505s
  2143     -1.18660e+01      1.81380e+00      8.00000e+00    506s
  2148     -1.06602e+01      1.81380e+00      8.00000e+00    507s
  2152     -1.11992e+01      1.81380e+00      8.00000e+00    508s
  2157     -1.45110e+01      1.81380e+00      8.00000e+00    510s
  2161     -1.12894e+01      1.81380e+00      8.00000e+00    511s
  2166     -1.13006e+01      1.81380e+00      8.00000e+00    512s
  2171     -1.13578e+01      1.81380e+00      8.00000e+00    513s
  2176     -1.09206e+01      1.81380e+00      8.00000e+00    514s
  2181     -1.45822e+01      1.81380e+00      8.00000e+00    515s
  2186     -1.21198e+01      1.81380e+00      8.00000e+00    516s
  2191     -1.15658e+01      1.81380e+00      8.00000e+00    518s
  2196     -1.15312e+01      1.81380e+00      8.00000e+00    519s
  2201     -1.13376e+01      1.81380e+00      8.00000e+00    520s
  2206     -1.67724e+01      1.81380e+00      8.00000e+00    521s
  2211     -1.15418e+01      1.81380e+00      8.00000e+00    522s
  2216     -1.08096e+01      1.81380e+00      8.00000e+00    523s
  2221     -1.08836e+01      1.81380e+00      8.00000e+00    525s
  2226     -1.13938e+01      1.81380e+00      8.00000e+00    526s
  2231     -1.69680e+01      1.81380e+00      8.00000e+00    527s
  2236     -1.10696e+01      1.81380e+00      8.00000e+00    528s
  2241     -1.14158e+01      1.81380e+00      8.00000e+00    529s
  2246     -1.05432e+01      1.81380e+00      8.00000e+00    530s
  2251     -1.25448e+01      1.81380e+00      8.00000e+00    531s
  2256     -1.75680e+01      1.81380e+00      8.00000e+00    532s
  2261     -1.21100e+01      1.81380e+00      8.00000e+00    533s
  2266     -1.07954e+01      1.81380e+00      8.00000e+00    535s
  2271     -1.07910e+01      1.81380e+00      8.00000e+00    536s
  2275     -1.13318e+01      1.81380e+00      8.00000e+00    537s
  2279     -1.73626e+01      1.81380e+00      8.00000e+00    538s
  2284     -1.48448e+01      1.81380e+00      8.00000e+00    539s
  2289     -1.02710e+01      1.81380e+00      8.00000e+00    540s
  2294     -1.08660e+01      1.81380e+00      8.00000e+00    541s
  2299     -1.05090e+01      1.81380e+00      8.00000e+00    542s
  2303     -1.40062e+01      1.81380e+00      8.00000e+00    543s
  2308     -1.66968e+01      1.81380e+00      8.00000e+00    544s
  2313     -1.06692e+01      1.81380e+00      8.00000e+00    545s
  2318     -1.39290e+01      1.81380e+00      8.00000e+00    547s
  2323     -1.16232e+01      1.81380e+00      8.00000e+00    548s
  2328     -1.42558e+01      1.81380e+00      8.00000e+00    549s
  2333     -1.61490e+01      1.81380e+00      8.00000e+00    550s
  2338     -1.07540e+01      1.81380e+00      8.00000e+00    551s
  2343     -1.44432e+01      1.81380e+00      8.00000e+00    552s
  2348     -1.08398e+01      1.81380e+00      8.00000e+00    554s
  2352     -9.91220e+00      1.81380e+00      8.00000e+00    555s
  2357     -1.50832e+01      1.81380e+00      8.00000e+00    556s
  2362     -1.14672e+01      1.81380e+00      8.00000e+00    557s
  2367     -1.53800e+01      1.81380e+00      8.00000e+00    558s
  2372     -1.65286e+01      1.81380e+00      8.00000e+00    559s
  2377     -9.42900e+00      1.81380e+00      8.00000e+00    560s
  2382     -1.55892e+01      1.81380e+00      8.00000e+00    561s
  2387     -1.07050e+01      1.81380e+00      8.00000e+00    562s
  2393     -1.84952e+01      1.81380e+00      8.00000e+00    563s
  2398     -1.22410e+01      1.81380e+00      8.00000e+00    564s
  2403     -1.27104e+01      1.81380e+00      8.00000e+00    566s
  2409     -1.56462e+01      1.81380e+00      8.00000e+00    567s
  2413     -1.16310e+01      1.81380e+00      8.00000e+00    568s
  2418     -2.01152e+01      1.81380e+00      8.00000e+00    569s
  2424     -1.18632e+01      1.81380e+00      8.00000e+00    570s
  2429     -1.48390e+01      1.81380e+00      8.00000e+00    571s
  2435     -1.31624e+01      1.81380e+00      8.00000e+00    572s
  2440     -1.44500e+01      1.81380e+00      8.00000e+00    573s
  2445     -1.89330e+01      1.81380e+00      8.00000e+00    575s
  2450     -1.10296e+01      1.81380e+00      8.00000e+00    576s
  2455     -2.04360e+01      1.81380e+00      8.00000e+00    577s
  2460     -1.25694e+01      1.81380e+00      8.00000e+00    578s
  2465     -1.37534e+01      1.81380e+00      8.00000e+00    579s
  2471     -1.27390e+01      1.81380e+00      8.00000e+00    580s
  2475     -1.14006e+01      1.81380e+00      8.00000e+00    581s
  2480     -2.04470e+01      1.81380e+00      8.00000e+00    582s
  2485     -1.21558e+01      1.81380e+00      8.00000e+00    583s
  2490     -1.43036e+01      1.81380e+00      8.00000e+00    585s
  2495     -1.32570e+01      1.81380e+00      8.00000e+00    586s
  2499     -1.08642e+01      1.81380e+00      8.00000e+00    587s

==================================================
Summary of results QAOA
--------------------------------------------------
Avg of QAOA obj (BQO obj):    2.92
Avg of QAOA obj (penalty):    -1.11
Avg of constraint violation:  0.13

Avg of QAOA obj:              1.81
STD of QAOA obj:              3.52
Avg of QAOA obj (feasible):   2.94
STD of QAOA obj (feasible):   0.64

Gamma angles:                 0.13
Beta angles:                  3.59

Best QAOA obj:                8.00
Modified best QAOA obj:       8.00
Best QAOA obj (feasible):     8.00

QAOA total time:              586.69s
QAOA circuit depth:           22
==================================================

==================================================
Summary of results of 0-S7
--------------------------------------------------
Number of vertices:           7
Number of edges:              18

Vertex num in largest comp:   7
Edge num in largest comp:     18

Pre-processing running time:  0.00
Total solver time:            586.69
Running time:                 589.98

Upper bound:                  11.00
Objective value:              8.00

Partition 0:                  1, 4                
Partition 1:                  2, 7                
Partition 2:                  3, 5, 6             
==================================================
