317 nodes, 509 edges.
0	1	1774
0	6	292
1	11	1289
1	226	505
1	229	1897
2	3	209
3	4	4337
3	22	2424
4	5	2761
5	227	3412
5	229	1373
6	7	271
6	9	832
7	8	273
7	11	1822
8	9	912
8	10	847
9	13	659
9	236	872
10	11	1410
10	13	2730
11	12	1521
13	236	559
13	238	1223
14	15	1786
14	30	1596
14	236	589
15	16	1136
15	226	1218
16	17	2175
17	18	1657
18	19	2577
18	24	2434
18	227	4087
18	230	3572
18	249	6195
19	20	1936
20	21	1680
20	23	2881
20	250	4232
22	23	3287
22	231	1481
24	25	2272
25	50	832
26	27	519
26	239	3350
27	237	1086
27	238	1172
28	38	240
29	35	247
29	36	367
29	37	309
29	44	1539
29	237	1587
30	50	1834
30	232	1207
30	233	741
30	235	724
31	33	169
31	34	167
31	233	724
32	33	170
33	34	180
33	40	312
34	38	173
34	39	312
35	36	406
35	307	1319
36	39	373
36	46	883
37	38	438
37	39	212
37	41	741
38	234	514
39	40	237
40	41	581
40	49	878
41	42	167
41	46	525
42	43	120
43	52	804
44	47	1245
45	46	1175
45	47	469
45	53	1709
45	255	2340
45	256	2240
48	49	310
49	50	750
49	51	742
50	233	1448
51	53	932
51	54	1452
52	53	768
53	55	3867
55	56	2391
56	57	3954
56	249	4747
56	251	4039
57	58	2304
57	61	1750
57	63	7370
57	249	5069
57	251	4586
58	59	6964
58	60	4048
58	61	3056
60	250	1319
61	62	2944
62	67	4607
62	95	5511
63	65	2153
63	251	3089
63	258	2130
64	65	2080
64	66	5530
64	258	830
65	66	4574
66	73	2776
66	79	2237
66	84	1178
66	90	4116
66	252	2460
67	68	2309
67	95	4010
67	258	2850
68	69	1565
69	90	2109
69	91	2278
69	258	4920
69	264	2580
70	71	3137
70	254	1660
70	256	2340
71	72	2320
71	308	6150
72	73	3030
72	74	1041
72	253	1360
72	309	6830
73	77	781
73	253	2180
74	75	2020
74	82	6420
74	243	3570
75	76	1993
76	78	817
76	82	2912
76	243	3400
76	247	3260
76	248	3460
77	78	1755
78	79	545
78	80	3200
78	247	3350
80	81	1383
80	84	2889
80	225	1780
80	310	870
81	85	1500
81	247	2610
82	83	2548
83	85	1069
83	225	900
83	261	1140
84	311	2440
85	87	1562
85	89	1150
86	88	1343
86	89	4190
86	110	7240
86	246	2590
86	283	5030
87	88	1446
89	111	3150
91	92	3675
92	93	2803
92	98	4123
92	102	2624
93	94	1982
93	96	1845
93	97	3133
95	96	2484
97	98	1553
98	99	1211
98	100	1775
99	100	1055
99	103	632
100	108	1863
101	102	2244
101	103	1890
102	106	2134
103	104	2392
104	105	5658
105	146	3082
105	265	3430
106	107	4915
106	264	4550
107	110	3010
107	138	3212
107	265	3080
109	110	4343
109	263	2390
109	264	1810
110	111	3305
110	114	1845
110	115	2757
110	261	4490
110	262	4790
111	112	1773
111	261	4320
111	283	440
112	113	308
112	117	916
112	118	1609
112	266	1680
115	116	1119
115	138	1031
116	282	780
117	120	1582
117	121	619
117	282	930
118	119	939
118	124	2910
119	120	319
119	123	1143
120	121	2040
120	123	483
121	122	1566
121	281	950
122	128	926
122	141	1269
122	285	3200
123	125	744
123	126	1036
123	141	3580
124	125	1306
124	131	1930
124	273	2500
125	127	1006
125	131	758
125	274	1080
126	128	1669
126	130	365
127	129	404
127	130	428
127	131	1351
127	132	1470
127	143	2591
127	144	2530
128	129	462
128	284	1380
129	130	196
129	284	1490
131	132	712
131	273	2310
131	274	1370
132	133	2533
133	134	1410
133	272	1630
134	135	1928
134	269	1180
134	280	1080
135	136	1441
135	275	490
136	137	1641
136	276	440
137	278	610
138	140	2848
138	141	2219
138	265	4320
138	281	1840
139	140	1799
139	145	2547
139	285	1420
141	281	1730
141	285	2810
142	144	1223
142	284	1620
142	285	1660
142	287	4320
142	288	2790
142	289	2890
143	144	581
143	291	2620
144	284	2120
144	289	2740
144	290	3210
145	146	2821
145	148	2482
145	287	870
146	147	1346
146	148	2793
147	302	4310
148	195	961
148	286	2590
148	287	2930
149	153	1896
149	286	2390
149	289	1680
150	291	2170
150	293	770
150	294	1350
151	157	5722
151	294	1670
151	295	1400
151	312	1520
152	153	3739
152	154	1357
152	297	4410
152	312	2750
153	290	2650
153	296	7840
153	312	3650
154	155	1435
154	156	1264
155	172	1450
155	173	969
156	172	1207
156	295	2220
157	158	1690
157	172	4660
158	159	2114
158	161	3668
158	306	2770
159	160	3475
159	306	2190
160	165	2940
160	174	6270
160	201	1674
161	162	4413
162	163	1368
162	165	1497
163	164	2098
163	165	900
163	166	2567
163	316	1320
164	169	957
164	316	1430
165	316	1530
166	168	3627
166	304	1890
166	305	1430
167	168	2932
167	223	6090
167	224	4290
167	303	3320
167	304	2370
168	169	2239
168	222	2712
168	224	3030
168	304	3740
169	170	2354
169	206	4129
170	211	1963
170	222	640
171	172	1799
171	173	1153
171	175	976
171	176	654
171	297	4210
171	306	3740
172	173	1740
174	175	1382
175	176	946
175	177	2588
176	184	869
177	178	1139
178	179	2175
179	180	1022
179	200	1969
180	181	3426
181	183	1090
181	185	1689
182	183	1020
183	184	2606
183	185	1472
183	196	3039
185	186	1639
186	187	3184
187	188	1677
187	296	3850
187	301	4910
188	298	1430
189	191	1028
189	192	1010
189	193	5064
189	298	3450
190	191	1276
190	192	910
191	193	5531
192	300	5010
193	194	3553
194	195	3890
194	302	7020
196	197	3075
197	198	3301
197	301	6110
197	313	3040
198	199	4470
198	300	6090
198	314	5300
200	202	1571
200	204	1210
200	206	2567
200	316	4510
201	202	1861
203	204	3027
203	208	1860
203	313	4910
204	205	2003
205	206	1116
205	208	2080
206	211	2688
207	209	1241
207	213	2006
208	209	1922
208	315	2330
209	210	1640
209	314	7010
210	213	928
210	315	730
211	219	795
211	315	1140
212	213	1291
212	214	2030
212	216	2260
213	217	1362
214	215	594
215	216	245
215	218	420
215	220	765
216	217	314
217	315	1920
218	219	521
220	221	712
221	222	455
221	224	4506
225	261	1330
225	310	620
226	228	1724
227	228	2317
227	231	4248
228	229	1212
230	231	3283
233	234	418
234	235	917
234	307	2174
235	236	1754
235	237	1691
237	238	1947
239	241	5990
239	308	3420
240	241	4710
240	259	5780
240	309	2480
241	259	4280
242	243	7540
242	244	5730
243	244	5300
244	245	1230
244	246	7270
244	248	3450
246	247	5190
247	248	3330
249	250	4377
251	252	6566
252	253	2011
253	254	6340
254	255	2480
255	256	990
257	258	670
260	261	1410
260	310	1140
262	311	2060
263	311	3490
266	283	1250
267	272	1210
267	273	1390
268	269	1260
269	270	940
269	271	1040
269	272	1860
269	275	2440
270	271	1720
271	275	1620
272	273	450
275	276	1490
276	279	1090
277	279	2330
278	279	1130
281	282	680
282	283	2310
285	287	2520
286	288	3170
286	299	5100
287	288	2310
288	289	1420
290	291	820
290	293	2380
292	293	670
293	294	980
293	312	1210
294	312	1240
295	312	2040
296	297	2730
298	299	5640
300	301	2360
308	309	3470
