==================================================
Instance parameters
--------------------------------------------------
Number of vertices:           4
Number of edges:              6
Number of partitions:         3

Density (%):                  100
Name of instance:             seed1_band_pen1.0
Is planar:                    True
==================================================

==================================================
Solver parameters
--------------------------------------------------
Method:                       R-QUBO
Peel:                         False
Decompose:                    False
Fold:                         False

QAOA Num Levels:              1
QAOA Scipy Optimizer:         brute
==================================================

  iter        avg-obj        best avg-obj       best-obj      time
     0     -1.18200e+00     -1.18200e+00      4.00000e+00      1s
    14     -1.24100e+00     -9.84000e-01      4.00000e+00      2s
    33     -1.14300e+00     -9.84000e-01      4.00000e+00      3s
    49     -1.41100e+00     -9.84000e-01      4.00000e+00      4s
    61     -1.07200e+00     -4.30000e-02      4.00000e+00      5s
    74     -1.32100e+00     -4.30000e-02      4.00000e+00      6s
    89     -1.77800e+00     -4.30000e-02      4.00000e+00      7s
   100     -1.30100e+00     -4.30000e-02      4.00000e+00      8s
   114     -1.87600e+00      4.42000e-01      4.00000e+00     10s
   125     -8.53000e-01      4.42000e-01      4.00000e+00     11s
   135     -7.64000e-01      4.42000e-01      4.00000e+00     12s
   152     -1.50000e-02      4.42000e-01      4.00000e+00     13s
   166     -2.96100e+00      4.42000e-01      4.00000e+00     14s
   185     -7.24000e-01      4.42000e-01      4.00000e+00     15s
   197     -3.02200e+00      4.42000e-01      4.00000e+00     16s
   210     -4.96000e-01      4.42000e-01      4.00000e+00     17s
   225     -8.63000e-01      4.42000e-01      4.00000e+00     18s
   239     -2.28900e+00      4.42000e-01      4.00000e+00     19s
   253     -6.99000e-01      4.42000e-01      4.00000e+00     20s
   265     -2.19300e+00      4.42000e-01      4.00000e+00     21s
   278     -5.78000e-01      4.42000e-01      4.00000e+00     22s
   291     -2.76200e+00      4.42000e-01      4.00000e+00     23s
   301     -1.14100e+00      4.42000e-01      4.00000e+00     24s
   312     -1.23700e+00      4.42000e-01      4.00000e+00     25s
   324     -1.36900e+00      4.42000e-01      4.00000e+00     26s
   343     -2.48200e+00      4.42000e-01      4.00000e+00     27s
   360     -1.19700e+00      4.42000e-01      4.00000e+00     28s
   374     -1.52000e+00      4.42000e-01      4.00000e+00     30s
   387     -1.28100e+00      4.42000e-01      4.00000e+00     31s
   399     -1.12400e+00      4.42000e-01      4.00000e+00     32s
   413     -1.21300e+00      4.42000e-01      4.00000e+00     33s
   422     -1.42400e+00      4.42000e-01      4.00000e+00     34s
   431     -1.95300e+00      4.42000e-01      4.00000e+00     35s
   442     -1.58200e+00      4.42000e-01      4.00000e+00     36s
   454     -1.56800e+00      4.42000e-01      4.00000e+00     37s
   468     -1.78700e+00      4.42000e-01      4.00000e+00     38s
   484     -1.60200e+00      4.42000e-01      4.00000e+00     39s
   496     -1.40200e+00      4.42000e-01      4.00000e+00     40s
   516     -1.66200e+00      4.42000e-01      4.00000e+00     41s
   527     -1.37900e+00      4.42000e-01      4.00000e+00     42s
   543     -1.85000e+00      4.42000e-01      4.00000e+00     43s
   555     -1.93900e+00      4.42000e-01      4.00000e+00     44s
   569     -1.84100e+00      4.42000e-01      4.00000e+00     45s
   582     -1.86800e+00      4.42000e-01      4.00000e+00     47s
   593     -1.89500e+00      4.42000e-01      4.00000e+00     48s
   604     -1.71000e+00      4.42000e-01      4.00000e+00     49s
   615     -1.53100e+00      4.42000e-01      4.00000e+00     50s
   626     -1.32500e+00      4.42000e-01      4.00000e+00     51s
   639     -1.40000e+00      4.42000e-01      4.00000e+00     52s
   651     -1.50300e+00      4.42000e-01      4.00000e+00     53s
   670     -2.02300e+00      4.42000e-01      4.00000e+00     54s
   684     -1.55500e+00      4.42000e-01      4.00000e+00     55s
   697     -1.56300e+00      4.42000e-01      4.00000e+00     56s
   713     -1.26800e+00      4.42000e-01      4.00000e+00     57s
   728     -1.82400e+00      4.42000e-01      4.00000e+00     58s
   737     -1.44700e+00      4.42000e-01      4.00000e+00     59s
   746     -1.74300e+00      4.42000e-01      4.00000e+00     60s
   759     -1.81600e+00      4.42000e-01      4.00000e+00     61s
   769     -1.64400e+00      4.42000e-01      4.00000e+00     62s
   783     -1.76000e+00      4.42000e-01      4.00000e+00     63s
   796     -1.63700e+00      4.42000e-01      4.00000e+00     64s
   809     -1.44600e+00      4.42000e-01      4.00000e+00     66s
   823     -1.25900e+00      4.42000e-01      4.00000e+00     67s
   841     -1.27000e+00      4.42000e-01      4.00000e+00     68s
   854     -1.30000e+00      4.42000e-01      4.00000e+00     69s
   868     -1.21200e+00      4.42000e-01      4.00000e+00     70s
   880     -1.21100e+00      4.42000e-01      4.00000e+00     71s
   890     -9.79000e-01      4.42000e-01      4.00000e+00     72s
   901     -1.44100e+00      4.42000e-01      4.00000e+00     73s
   912     -1.34600e+00      4.42000e-01      4.00000e+00     74s
   925     -1.27200e+00      4.42000e-01      4.00000e+00     75s
   937     -1.17900e+00      4.42000e-01      4.00000e+00     76s
   948     -1.16600e+00      4.42000e-01      4.00000e+00     77s
   961     -1.19700e+00      4.42000e-01      4.00000e+00     78s
   974     -1.34300e+00      4.42000e-01      4.00000e+00     79s
   992     -1.25600e+00      4.42000e-01      4.00000e+00     80s
  1008     -1.35300e+00      4.42000e-01      4.00000e+00     81s
  1026     -1.37100e+00      4.42000e-01      4.00000e+00     82s
  1038     -1.13200e+00      4.42000e-01      4.00000e+00     83s
  1050     -1.12900e+00      4.42000e-01      4.00000e+00     85s
  1060     -1.30600e+00      4.42000e-01      4.00000e+00     86s
  1070     -1.18400e+00      4.42000e-01      4.00000e+00     87s
  1084     -1.14100e+00      4.42000e-01      4.00000e+00     88s
  1097     -1.57500e+00      4.42000e-01      4.00000e+00     89s
  1110     -1.11900e+00      4.42000e-01      4.00000e+00     90s
  1122     -1.10200e+00      4.42000e-01      4.00000e+00     91s
  1135     -1.34700e+00      4.42000e-01      4.00000e+00     92s
  1149     -1.39800e+00      4.42000e-01      4.00000e+00     93s
  1160     -1.18500e+00      4.42000e-01      4.00000e+00     94s
  1178     -1.35700e+00      4.42000e-01      4.00000e+00     95s
  1190     -1.32100e+00      4.42000e-01      4.00000e+00     96s
  1203     -1.17900e+00      4.42000e-01      4.00000e+00     97s
  1217     -1.33000e+00      4.42000e-01      4.00000e+00     98s
  1226     -1.24100e+00      4.42000e-01      4.00000e+00     99s
  1238     -1.18600e+00      4.42000e-01      4.00000e+00    100s
  1249     -1.08300e+00      4.42000e-01      4.00000e+00    101s
  1262     -1.05900e+00      4.42000e-01      4.00000e+00    102s
  1273     -1.34800e+00      4.42000e-01      4.00000e+00    103s
  1282     -1.30500e+00      4.42000e-01      4.00000e+00    104s
  1291     -1.24100e+00      4.42000e-01      4.00000e+00    105s
  1302     -1.30300e+00      4.42000e-01      4.00000e+00    107s
  1317     -1.37900e+00      4.42000e-01      4.00000e+00    108s
  1327     -1.18100e+00      4.42000e-01      4.00000e+00    109s
  1343     -1.23400e+00      4.42000e-01      4.00000e+00    110s
  1357     -1.28200e+00      4.42000e-01      4.00000e+00    111s
  1369     -1.35900e+00      4.42000e-01      4.00000e+00    112s
  1380     -1.39300e+00      4.42000e-01      4.00000e+00    113s
  1391     -1.48000e+00      4.42000e-01      4.00000e+00    114s
  1402     -1.18200e+00      4.42000e-01      4.00000e+00    115s
  1413     -1.40700e+00      4.42000e-01      4.00000e+00    116s
  1424     -1.29600e+00      4.42000e-01      4.00000e+00    117s
  1436     -1.23600e+00      4.42000e-01      4.00000e+00    118s
  1447     -1.41400e+00      4.42000e-01      4.00000e+00    119s
  1463     -1.20000e+00      4.42000e-01      4.00000e+00    120s
  1479     -1.23000e+00      4.42000e-01      4.00000e+00    121s
  1494     -1.19000e+00      4.42000e-01      4.00000e+00    122s
  1510     -1.26100e+00      4.42000e-01      4.00000e+00    123s
  1522     -1.24500e+00      4.42000e-01      4.00000e+00    124s
  1534     -1.22700e+00      4.42000e-01      4.00000e+00    125s
  1547     -1.31900e+00      4.42000e-01      4.00000e+00    126s
  1557     -1.06500e+00      4.42000e-01      4.00000e+00    127s
  1567     -1.19100e+00      4.42000e-01      4.00000e+00    128s
  1581     -1.00300e+00      4.42000e-01      4.00000e+00    130s
  1592     -1.30000e+00      4.42000e-01      4.00000e+00    131s
  1607     -9.61000e-01      4.42000e-01      4.00000e+00    132s
  1618     -1.39200e+00      4.42000e-01      4.00000e+00    133s
  1635     -1.22000e+00      4.42000e-01      4.00000e+00    134s
  1647     -1.31800e+00      4.42000e-01      4.00000e+00    135s
  1664     -1.36700e+00      4.42000e-01      4.00000e+00    136s
  1679     -1.50000e+00      4.42000e-01      4.00000e+00    137s
  1691     -1.66500e+00      4.42000e-01      4.00000e+00    138s
  1702     -1.23200e+00      4.42000e-01      4.00000e+00    139s
  1713     -1.25100e+00      4.42000e-01      4.00000e+00    140s
  1724     -1.21900e+00      4.42000e-01      4.00000e+00    141s
  1736     -1.17800e+00      4.42000e-01      4.00000e+00    142s
  1747     -1.27100e+00      4.42000e-01      4.00000e+00    143s
  1760     -1.67100e+00      4.42000e-01      4.00000e+00    145s
  1772     -1.71500e+00      4.42000e-01      4.00000e+00    146s
  1784     -1.51200e+00      4.42000e-01      4.00000e+00    147s
  1800     -1.18700e+00      4.42000e-01      4.00000e+00    148s
  1814     -1.34300e+00      4.42000e-01      4.00000e+00    149s
  1829     -1.98800e+00      4.42000e-01      4.00000e+00    150s
  1839     -1.37200e+00      4.42000e-01      4.00000e+00    151s
  1854     -1.63500e+00      4.42000e-01      4.00000e+00    152s
  1866     -1.63400e+00      4.42000e-01      4.00000e+00    153s
  1878     -1.94800e+00      4.42000e-01      4.00000e+00    154s
  1891     -1.85900e+00      4.42000e-01      4.00000e+00    155s
  1905     -1.81600e+00      4.42000e-01      4.00000e+00    156s
  1916     -1.77700e+00      4.42000e-01      4.00000e+00    157s
  1931     -1.83200e+00      4.42000e-01      4.00000e+00    158s
  1944     -1.79200e+00      4.42000e-01      4.00000e+00    160s
  1961     -1.27600e+00      4.42000e-01      4.00000e+00    161s
  1974     -1.33800e+00      4.42000e-01      4.00000e+00    162s
  1990     -1.64600e+00      4.42000e-01      4.00000e+00    163s
  2006     -1.73300e+00      4.42000e-01      4.00000e+00    164s
  2019     -1.82100e+00      4.42000e-01      4.00000e+00    165s
  2029     -1.98900e+00      4.42000e-01      4.00000e+00    166s
  2040     -1.45400e+00      4.42000e-01      4.00000e+00    167s
  2052     -1.28400e+00      4.42000e-01      4.00000e+00    168s
  2064     -1.33500e+00      4.42000e-01      4.00000e+00    169s
  2076     -1.30000e+00      4.42000e-01      4.00000e+00    170s
  2090     -1.50300e+00      4.42000e-01      4.00000e+00    171s
  2102     -1.62600e+00      4.42000e-01      4.00000e+00    172s
  2116     -1.47200e+00      4.42000e-01      4.00000e+00    173s
  2130     -2.06700e+00      4.42000e-01      4.00000e+00    174s
  2143     -1.51400e+00      4.42000e-01      4.00000e+00    175s
  2156     -2.62700e+00      4.42000e-01      4.00000e+00    176s
  2171     -8.20000e-01      4.42000e-01      4.00000e+00    177s
  2184     -1.85100e+00      4.42000e-01      4.00000e+00    178s
  2195     -1.10100e+00      4.42000e-01      4.00000e+00    180s
  2206     -3.24500e+00      4.42000e-01      4.00000e+00    181s
  2218     -5.91000e-01      4.42000e-01      4.00000e+00    182s
  2228     -3.07000e+00      4.42000e-01      4.00000e+00    183s
  2242     -6.79000e-01      4.42000e-01      4.00000e+00    184s
  2253     -3.42500e+00      4.42000e-01      4.00000e+00    185s
  2264     -8.96000e-01      4.42000e-01      4.00000e+00    186s
  2282     -3.53500e+00      4.42000e-01      4.00000e+00    187s
  2294      1.63000e-01      4.42000e-01      4.00000e+00    188s
  2307     -4.05100e+00      4.42000e-01      4.00000e+00    189s
  2316     -2.45000e-01      4.42000e-01      4.00000e+00    190s
  2331     -4.26200e+00      5.38000e-01      4.00000e+00    191s
  2343      9.70000e-02      5.38000e-01      4.00000e+00    192s
  2353     -3.32100e+00      5.38000e-01      4.00000e+00    193s
  2365     -5.43000e-01      5.38000e-01      4.00000e+00    194s
  2376     -2.41100e+00      5.38000e-01      4.00000e+00    195s
  2389     -6.13000e-01      5.38000e-01      4.00000e+00    196s
  2400     -1.18700e+00      5.38000e-01      4.00000e+00    197s
  2414     -1.03300e+00      5.38000e-01      4.00000e+00    198s
  2429     -2.77900e+00      5.38000e-01      4.00000e+00    199s
  2446     -3.54000e-01      5.38000e-01      4.00000e+00    200s
  2460     -1.23900e+00      5.38000e-01      4.00000e+00    201s
  2472     -1.34000e+00      5.38000e-01      4.00000e+00    202s
  2487     -1.12300e+00      5.38000e-01      4.00000e+00    203s
  2497     -1.25400e+00      5.38000e-01      4.00000e+00    204s

==================================================
Summary of results QAOA
--------------------------------------------------
Average of QAOA obj:          0.54
STD of QAOA obj:              30.85

Gamma angles:                 5.90
Beta angles:                  2.69

Best QAOA obj:                4.00
Modified best QAOA obj:       4.00

QAOA total time:              204.59s
QAOA circuit depth:           11
==================================================

==================================================
Summary of results of 0-S4
--------------------------------------------------
Number of vertices:           4
Number of edges:              6

Vertex num in largest comp:   4
Edge num in largest comp:     6

Pre-processing running time:  0.00
Total solver time:            204.45
Running time:                 209.00

Upper bound:                  4.00
Objective value:              4.00

Partition 0:                  1, 4                
Partition 1:                                      
Partition 2:                  2, 3                
==================================================
