==================================================
Instance parameters
--------------------------------------------------
Number of vertices:           4
Number of edges:              6
Number of partitions:         4

Density (%):                  100
Name of instance:             seed1_band_pen_1.8
Is planar:                    True
==================================================

==================================================
Solver parameters
--------------------------------------------------
Method:                       QUBO
Peel:                         False
Decompose:                    False
Fold:                         False

QAOA Num Levels:              1
QAOA Scipy Optimizer:         brute
==================================================

  iter        avg-obj        best avg-obj       best-obj      time
     4     -5.10100e+00     -4.57660e+00      4.00000e+00      1s
    14     -4.67870e+00     -4.57660e+00      4.00000e+00      2s
    24     -4.93010e+00     -4.57660e+00      4.00000e+00      3s
    34     -4.65940e+00     -4.57660e+00      4.00000e+00      4s
    44     -4.81880e+00     -4.57660e+00      4.00000e+00      5s
    54     -1.49670e+00     -1.49670e+00      4.00000e+00      6s
    65     -6.95630e+00     -1.49670e+00      4.00000e+00      7s
    76     -3.10900e+00     -1.49670e+00      4.00000e+00      8s
    86     -4.57480e+00     -1.49670e+00      4.00000e+00      9s
    97     -7.31830e+00     -1.49670e+00      4.00000e+00     10s
   108     -2.39750e+00     -3.54500e-01      4.00000e+00     11s
   119     -1.44061e+01     -3.54500e-01      4.00000e+00     12s
   130     -7.17300e-01     -2.71300e-01      4.00000e+00     13s
   142     -1.32478e+01     -2.71300e-01      4.00000e+00     14s
   153     -1.15300e-01     -1.15300e-01      4.00000e+00     15s
   165     -1.04467e+01     -6.30000e-03      4.00000e+00     17s
   177     -3.79500e-01     -6.30000e-03      4.00000e+00     18s
   189     -9.14830e+00      1.36000e-02      4.00000e+00     19s
   201     -2.78880e+00      1.36000e-02      4.00000e+00     20s
   212     -4.41870e+00      1.36000e-02      4.00000e+00     21s
   224     -6.37900e+00      1.36000e-02      4.00000e+00     22s
   236     -4.21120e+00      1.36000e-02      4.00000e+00     23s
   248     -7.67140e+00      1.36000e-02      4.00000e+00     24s
   258     -2.42560e+00      1.36000e-02      4.00000e+00     25s
   269     -1.49351e+01      1.36000e-02      4.00000e+00     26s
   280     -1.84400e+00      1.36000e-02      4.00000e+00     27s
   291     -1.34648e+01      1.36000e-02      4.00000e+00     28s
   302     -3.53430e+00      1.36000e-02      4.00000e+00     29s
   313     -6.13790e+00      1.36000e-02      4.00000e+00     30s
   324     -5.44660e+00      1.36000e-02      4.00000e+00     31s
   335     -2.93360e+00      1.36000e-02      4.00000e+00     32s
   346     -9.05710e+00      1.36000e-02      4.00000e+00     33s
   357     -3.76980e+00      1.36000e-02      4.00000e+00     34s
   367     -1.01801e+01      1.36000e-02      4.00000e+00     35s
   378     -4.88510e+00      1.36000e-02      4.00000e+00     36s
   389     -7.91570e+00      1.36000e-02      4.00000e+00     37s
   400     -5.07120e+00      1.36000e-02      4.00000e+00     39s
   411     -3.94660e+00      1.36000e-02      4.00000e+00     40s
   422     -5.36630e+00      1.36000e-02      4.00000e+00     41s
   433     -4.07650e+00      1.36000e-02      4.00000e+00     42s
   443     -8.21270e+00      1.36000e-02      4.00000e+00     43s
   454     -6.10850e+00      1.36000e-02      4.00000e+00     44s
   465     -6.79380e+00      1.36000e-02      4.00000e+00     45s
   476     -5.67740e+00      1.36000e-02      4.00000e+00     46s
   487     -5.08620e+00      1.36000e-02      4.00000e+00     47s
   498     -4.72730e+00      1.36000e-02      4.00000e+00     48s
   508     -4.97450e+00      1.36000e-02      4.00000e+00     49s
   518     -5.90940e+00      1.36000e-02      4.00000e+00     50s
   528     -5.47820e+00      1.36000e-02      4.00000e+00     51s
   538     -5.42950e+00      1.36000e-02      4.00000e+00     52s
   549     -5.37200e+00      1.36000e-02      4.00000e+00     53s
   559     -4.76530e+00      1.36000e-02      4.00000e+00     54s
   569     -5.17890e+00      1.36000e-02      4.00000e+00     55s
   579     -5.26160e+00      1.36000e-02      4.00000e+00     56s
   589     -5.16440e+00      1.36000e-02      4.00000e+00     57s
   599     -4.95980e+00      1.36000e-02      4.00000e+00     58s
   609     -4.88240e+00      1.36000e-02      4.00000e+00     60s
   618     -5.09080e+00      1.36000e-02      4.00000e+00     61s
   628     -5.13100e+00      1.36000e-02      4.00000e+00     62s
   638     -4.97750e+00      1.36000e-02      4.00000e+00     63s
   648     -4.65370e+00      1.36000e-02      4.00000e+00     64s
   658     -5.02480e+00      1.36000e-02      4.00000e+00     65s
   668     -4.98990e+00      1.36000e-02      4.00000e+00     66s
   678     -5.24810e+00      1.36000e-02      4.00000e+00     67s
   688     -4.84770e+00      1.36000e-02      4.00000e+00     68s
   698     -4.79380e+00      1.36000e-02      4.00000e+00     69s
   708     -4.87890e+00      1.36000e-02      4.00000e+00     70s
   718     -5.41590e+00      1.36000e-02      4.00000e+00     71s
   727     -4.85660e+00      1.36000e-02      4.00000e+00     72s
   738     -5.06240e+00      1.36000e-02      4.00000e+00     73s
   748     -4.88400e+00      1.36000e-02      4.00000e+00     74s
   758     -5.15920e+00      1.36000e-02      4.00000e+00     75s
   768     -5.02420e+00      1.36000e-02      4.00000e+00     76s
   778     -5.27620e+00      1.36000e-02      4.00000e+00     77s
   788     -4.62470e+00      1.36000e-02      4.00000e+00     78s
   797     -4.99800e+00      1.36000e-02      4.00000e+00     79s
   807     -5.02250e+00      1.36000e-02      4.00000e+00     80s
   817     -5.07350e+00      1.36000e-02      4.00000e+00     81s
   827     -5.06190e+00      1.36000e-02      4.00000e+00     82s
   837     -4.92690e+00      1.36000e-02      4.00000e+00     83s
   847     -5.16490e+00      1.36000e-02      4.00000e+00     85s
   857     -4.76420e+00      1.36000e-02      4.00000e+00     86s
   866     -5.24830e+00      1.36000e-02      4.00000e+00     87s
   875     -5.05150e+00      1.36000e-02      4.00000e+00     88s
   884     -4.74670e+00      1.36000e-02      4.00000e+00     89s
   893     -4.95830e+00      1.36000e-02      4.00000e+00     90s
   902     -4.97730e+00      1.36000e-02      4.00000e+00     91s
   911     -4.83920e+00      1.36000e-02      4.00000e+00     92s
   920     -5.29990e+00      1.36000e-02      4.00000e+00     93s
   929     -4.77550e+00      1.36000e-02      4.00000e+00     94s
   938     -4.83080e+00      1.36000e-02      4.00000e+00     95s
   947     -5.12780e+00      1.36000e-02      4.00000e+00     96s
   956     -4.55240e+00      1.36000e-02      4.00000e+00     97s
   965     -4.94020e+00      1.36000e-02      4.00000e+00     98s
   974     -4.97010e+00      1.36000e-02      4.00000e+00     99s
   985     -4.98040e+00      1.36000e-02      4.00000e+00    100s
   996     -5.21350e+00      1.36000e-02      4.00000e+00    101s
  1006     -5.11400e+00      1.36000e-02      4.00000e+00    102s
  1017     -4.85840e+00      1.36000e-02      4.00000e+00    104s
  1028     -4.82820e+00      1.36000e-02      4.00000e+00    105s
  1039     -4.61060e+00      1.36000e-02      4.00000e+00    106s
  1050     -4.84470e+00      1.36000e-02      4.00000e+00    107s
  1061     -4.95420e+00      1.36000e-02      4.00000e+00    108s
  1072     -5.21690e+00      1.36000e-02      4.00000e+00    109s
  1083     -4.92390e+00      1.36000e-02      4.00000e+00    110s
  1094     -4.97710e+00      1.36000e-02      4.00000e+00    111s
  1105     -4.71760e+00      1.36000e-02      4.00000e+00    112s
  1116     -4.91730e+00      1.36000e-02      4.00000e+00    113s
  1127     -4.86670e+00      1.36000e-02      4.00000e+00    114s
  1138     -4.93690e+00      1.36000e-02      4.00000e+00    115s
  1149     -5.02410e+00      1.36000e-02      4.00000e+00    117s
  1160     -4.91710e+00      1.36000e-02      4.00000e+00    118s
  1171     -4.89590e+00      1.36000e-02      4.00000e+00    119s
  1182     -5.11020e+00      1.36000e-02      4.00000e+00    120s
  1193     -5.13530e+00      1.36000e-02      4.00000e+00    121s
  1204     -5.03540e+00      1.36000e-02      4.00000e+00    122s
  1215     -4.96790e+00      1.36000e-02      4.00000e+00    123s
  1226     -4.79760e+00      1.36000e-02      4.00000e+00    124s
  1237     -4.96350e+00      1.36000e-02      4.00000e+00    125s
  1248     -4.97890e+00      1.36000e-02      4.00000e+00    126s
  1259     -5.07630e+00      1.36000e-02      4.00000e+00    127s
  1270     -5.43550e+00      1.36000e-02      4.00000e+00    128s
  1281     -5.78970e+00      1.36000e-02      4.00000e+00    129s
  1292     -5.55330e+00      1.36000e-02      4.00000e+00    130s
  1303     -5.61420e+00      1.36000e-02      4.00000e+00    131s
  1315     -5.32660e+00      1.36000e-02      4.00000e+00    132s
  1326     -5.17490e+00      1.36000e-02      4.00000e+00    133s
  1338     -4.95340e+00      1.36000e-02      4.00000e+00    134s
  1350     -5.23650e+00      1.36000e-02      4.00000e+00    136s
  1362     -5.02760e+00      1.36000e-02      4.00000e+00    137s
  1374     -5.00020e+00      1.36000e-02      4.00000e+00    138s
  1386     -4.71800e+00      1.36000e-02      4.00000e+00    139s
  1398     -4.90090e+00      1.36000e-02      4.00000e+00    140s
  1410     -4.76240e+00      1.36000e-02      4.00000e+00    141s
  1422     -5.03480e+00      1.36000e-02      4.00000e+00    142s
  1433     -4.99300e+00      1.36000e-02      4.00000e+00    143s
  1444     -5.62230e+00      1.36000e-02      4.00000e+00    144s
  1455     -5.63970e+00      1.36000e-02      4.00000e+00    145s
  1466     -5.60180e+00      1.36000e-02      4.00000e+00    146s
  1477     -5.62010e+00      1.36000e-02      4.00000e+00    147s
  1488     -5.03830e+00      1.36000e-02      4.00000e+00    148s
  1499     -4.91770e+00      1.36000e-02      4.00000e+00    149s
  1509     -4.72050e+00      1.36000e-02      4.00000e+00    150s
  1520     -5.16540e+00      1.36000e-02      4.00000e+00    151s
  1531     -5.44450e+00      1.36000e-02      4.00000e+00    152s
  1542     -5.25380e+00      1.36000e-02      4.00000e+00    153s
  1553     -5.43670e+00      1.36000e-02      4.00000e+00    155s
  1564     -5.49910e+00      1.36000e-02      4.00000e+00    156s
  1575     -5.01270e+00      1.36000e-02      4.00000e+00    157s
  1586     -4.82890e+00      1.36000e-02      4.00000e+00    158s
  1597     -4.82520e+00      1.36000e-02      4.00000e+00    159s
  1608     -4.86400e+00      1.36000e-02      4.00000e+00    160s
  1619     -4.66160e+00      1.36000e-02      4.00000e+00    161s
  1630     -5.67550e+00      1.36000e-02      4.00000e+00    162s
  1641     -5.08450e+00      1.36000e-02      4.00000e+00    163s
  1652     -5.63820e+00      1.36000e-02      4.00000e+00    164s
  1663     -4.81870e+00      1.36000e-02      4.00000e+00    165s
  1674     -4.51830e+00      1.36000e-02      4.00000e+00    166s
  1684     -4.58250e+00      1.36000e-02      4.00000e+00    167s
  1695     -4.17840e+00      1.36000e-02      4.00000e+00    168s
  1706     -5.63130e+00      1.36000e-02      4.00000e+00    169s
  1717     -4.74440e+00      1.36000e-02      4.00000e+00    171s
  1728     -5.97050e+00      1.36000e-02      4.00000e+00    172s
  1739     -5.12550e+00      1.36000e-02      4.00000e+00    173s
  1750     -4.87680e+00      1.36000e-02      4.00000e+00    174s
  1761     -5.00570e+00      1.36000e-02      4.00000e+00    175s
  1772     -4.29320e+00      1.36000e-02      4.00000e+00    176s
  1783     -5.42050e+00      1.36000e-02      4.00000e+00    177s
  1793     -4.44390e+00      1.36000e-02      4.00000e+00    178s
  1803     -5.46060e+00      1.36000e-02      4.00000e+00    179s
  1814     -4.89710e+00      1.36000e-02      4.00000e+00    180s
  1825     -4.91440e+00      1.36000e-02      4.00000e+00    181s
  1836     -5.17360e+00      1.36000e-02      4.00000e+00    182s
  1847     -4.67980e+00      1.36000e-02      4.00000e+00    184s
  1857     -6.07610e+00      1.36000e-02      4.00000e+00    185s
  1866     -5.12320e+00      1.36000e-02      4.00000e+00    186s
  1876     -5.11820e+00      1.36000e-02      4.00000e+00    187s
  1886     -5.07540e+00      1.36000e-02      4.00000e+00    188s
  1896     -5.00400e+00      1.36000e-02      4.00000e+00    189s
  1906     -6.27480e+00      1.36000e-02      4.00000e+00    190s
  1916     -5.44380e+00      1.36000e-02      4.00000e+00    191s
  1926     -5.14060e+00      1.36000e-02      4.00000e+00    192s
  1936     -5.01990e+00      1.36000e-02      4.00000e+00    193s
  1946     -5.82040e+00      1.36000e-02      4.00000e+00    194s
  1956     -6.42580e+00      1.36000e-02      4.00000e+00    195s
  1966     -5.75050e+00      1.36000e-02      4.00000e+00    196s
  1976     -5.48170e+00      1.36000e-02      4.00000e+00    197s
  1986     -5.06420e+00      1.36000e-02      4.00000e+00    198s
  1996     -5.59690e+00      1.36000e-02      4.00000e+00    199s
  2006     -6.04880e+00      1.36000e-02      4.00000e+00    201s
  2016     -5.53090e+00      1.36000e-02      4.00000e+00    202s
  2026     -4.86250e+00      1.36000e-02      4.00000e+00    203s
  2036     -4.90280e+00      1.36000e-02      4.00000e+00    204s
  2045     -5.90900e+00      1.36000e-02      4.00000e+00    205s
  2055     -5.19970e+00      1.36000e-02      4.00000e+00    206s
  2065     -4.80760e+00      1.36000e-02      4.00000e+00    207s
  2075     -5.20030e+00      1.36000e-02      4.00000e+00    208s
  2085     -4.77350e+00      1.36000e-02      4.00000e+00    209s
  2095     -5.14480e+00      1.36000e-02      4.00000e+00    210s
  2105     -4.91070e+00      1.36000e-02      4.00000e+00    211s
  2115     -4.87720e+00      1.36000e-02      4.00000e+00    212s
  2125     -4.92900e+00      1.36000e-02      4.00000e+00    213s
  2135     -4.73670e+00      1.36000e-02      4.00000e+00    214s
  2144     -5.01260e+00      1.36000e-02      4.00000e+00    215s
  2154     -5.05430e+00      1.36000e-02      4.00000e+00    216s
  2164     -4.76990e+00      1.36000e-02      4.00000e+00    217s
  2174     -5.05680e+00      1.36000e-02      4.00000e+00    218s
  2184     -5.66630e+00      1.36000e-02      4.00000e+00    219s
  2194     -5.52340e+00      1.36000e-02      4.00000e+00    220s
  2204     -6.01820e+00      1.36000e-02      4.00000e+00    221s
  2214     -4.76920e+00      1.36000e-02      4.00000e+00    222s
  2224     -4.82430e+00      1.36000e-02      4.00000e+00    224s
  2234     -6.60360e+00      1.36000e-02      4.00000e+00    225s
  2244     -6.89210e+00      1.36000e-02      4.00000e+00    226s
  2254     -7.08380e+00      1.36000e-02      4.00000e+00    227s
  2264     -4.03460e+00      1.36000e-02      4.00000e+00    228s
  2274     -5.10080e+00      1.36000e-02      4.00000e+00    229s
  2284     -7.68530e+00      1.36000e-02      4.00000e+00    230s
  2294     -7.43080e+00      1.36000e-02      4.00000e+00    231s
  2304     -8.30370e+00      1.36000e-02      4.00000e+00    232s
  2315     -4.15210e+00      1.36000e-02      4.00000e+00    233s
  2326     -5.46560e+00      1.36000e-02      4.00000e+00    234s
  2337     -4.48280e+00      1.36000e-02      4.00000e+00    235s
  2348     -5.09670e+00      1.36000e-02      4.00000e+00    236s
  2358     -1.15704e+01      1.36000e-02      4.00000e+00    237s
  2369     -5.26170e+00      1.36000e-02      4.00000e+00    238s
  2380     -1.22171e+01      1.36000e-02      4.00000e+00    239s
  2391     -4.27200e+00      1.36000e-02      4.00000e+00    240s
  2401     -6.48070e+00      1.36000e-02      4.00000e+00    241s
  2412     -5.29140e+00      1.36000e-02      4.00000e+00    242s
  2424     -4.15970e+00      1.36000e-02      4.00000e+00    243s
  2433     -1.20877e+01      1.36000e-02      4.00000e+00    245s
  2444     -3.70770e+00      1.36000e-02      4.00000e+00    246s
  2453     -1.21175e+01      1.36000e-02      4.00000e+00    247s
  2463     -4.10000e+00      1.36000e-02      4.00000e+00    248s
  2473     -2.23760e+00      1.36000e-02      4.00000e+00    249s
  2483     -1.24048e+01      1.36000e-02      4.00000e+00    250s
  2493     -2.78890e+00      1.36000e-02      4.00000e+00    251s

==================================================
Summary of results QAOA
--------------------------------------------------
Avg of QAOA obj (BQO obj):    1.31
Avg of QAOA obj (penalty):    -1.30
Avg of constraint violation:  1.25

Avg of QAOA obj:              0.01
STD of QAOA obj:              1.42
Avg of QAOA obj (feasible):   1.88
STD of QAOA obj (feasible):   0.40

Gamma angles:                 0.38
Beta angles:                  3.59

Best QAOA obj:                4.00
Modified best QAOA obj:       4.00
Best QAOA obj (feasible):     4.00

QAOA total time:              251.51s
QAOA circuit depth:           13
==================================================

==================================================
Summary of results of 0-S4
--------------------------------------------------
Number of vertices:           4
Number of edges:              6

Vertex num in largest comp:   4
Edge num in largest comp:     6

Pre-processing running time:  0.00
Total solver time:            250.85
Running time:                 253.73

Upper bound:                  4.00
Objective value:              4.00

Partition 0:                  1, 4                
Partition 1:                                      
Partition 2:                                      
Partition 3:                  2, 3                
==================================================
