==================================================
Instance parameters
--------------------------------------------------
Number of vertices:           8
Number of edges:              22
Number of partitions:         3

Density (%):                  79
Name of instance:             seed1_band_pen1.6
Is planar:                    False
==================================================

==================================================
Solver parameters
--------------------------------------------------
Method:                       R-QUBO
Peel:                         False
Decompose:                    False
Fold:                         False

QAOA Num Levels:              1
QAOA Scipy Optimizer:         brute
==================================================

  iter        avg-obj        best avg-obj       best-obj      time
     0     -1.52402e+01     -1.52402e+01      8.00000e+00      1s
     3     -1.50316e+01     -1.42878e+01      8.00000e+00      2s
     7     -1.45732e+01     -1.42878e+01      8.00000e+00      3s
    11     -1.51244e+01     -1.42878e+01      8.00000e+00      5s
    15     -1.48756e+01     -1.41944e+01      8.00000e+00      6s
    19     -1.48760e+01     -1.41944e+01      8.00000e+00      7s
    23     -1.51800e+01     -1.41944e+01      8.00000e+00      8s
    27     -1.56044e+01     -1.41944e+01      8.00000e+00      9s
    31     -1.44266e+01     -1.41944e+01      8.00000e+00     11s
    35     -1.48434e+01     -1.41944e+01      8.00000e+00     12s
    39     -1.56228e+01     -1.41944e+01      8.00000e+00     13s
    43     -1.47624e+01     -1.41944e+01      8.00000e+00     14s
    46     -1.42316e+01     -1.41944e+01      8.00000e+00     15s
    49     -1.48162e+01     -1.41944e+01      8.00000e+00     16s
    53     -1.21760e+00     -1.21760e+00      8.00000e+00     18s
    57     -8.56380e+00     -1.19980e+00      8.00000e+00     19s
    61     -1.42660e+01     -1.19980e+00      8.00000e+00     20s
    65     -2.05602e+01     -1.19980e+00      8.00000e+00     21s
    69     -3.59590e+01     -1.19980e+00      8.00000e+00     22s
    73     -2.51516e+01     -1.19980e+00      8.00000e+00     23s
    77     -2.35920e+00     -1.19980e+00      8.00000e+00     24s
    81     -6.97760e+00     -1.01560e+00      8.00000e+00     25s
    85     -1.43304e+01     -1.01560e+00      8.00000e+00     26s
    89     -1.91714e+01     -1.01560e+00      8.00000e+00     28s
    92     -3.12202e+01     -1.01560e+00      8.00000e+00     29s
    96     -3.42382e+01     -1.01560e+00      8.00000e+00     30s
   100     -1.49166e+01     -1.01560e+00      8.00000e+00     31s
   104     -1.15296e+01     -1.01560e+00      8.00000e+00     32s
   108     -1.82110e+01     -1.01560e+00      8.00000e+00     33s
   112     -1.45318e+01     -1.01560e+00      8.00000e+00     34s
   116     -2.66430e+01     -1.01560e+00      8.00000e+00     36s
   120     -3.37010e+01     -1.01560e+00      8.00000e+00     37s
   124     -1.69910e+01     -1.01560e+00      8.00000e+00     38s
   128     -1.13070e+01     -1.01560e+00      8.00000e+00     39s
   132     -1.71620e+01     -1.01560e+00      8.00000e+00     40s
   136     -1.48612e+01     -1.01560e+00      8.00000e+00     41s
   140     -2.38124e+01     -1.01560e+00      8.00000e+00     43s
   144     -3.42240e+01     -1.01560e+00      8.00000e+00     44s
   148     -1.89916e+01     -1.01560e+00      8.00000e+00     45s
   152     -2.00106e+01     -1.01560e+00      8.00000e+00     46s
   156     -2.51564e+01     -1.01560e+00      8.00000e+00     47s
   160     -1.63462e+01     -1.01560e+00      8.00000e+00     48s
   164     -1.74006e+01     -1.01560e+00      8.00000e+00     50s
   168     -1.99132e+01     -1.01560e+00      8.00000e+00     51s
   172     -1.28744e+01     -1.01560e+00      8.00000e+00     52s
   176     -1.84376e+01     -1.01560e+00      8.00000e+00     53s
   180     -2.47208e+01     -1.01560e+00      8.00000e+00     54s
   184     -1.70782e+01     -1.01560e+00      8.00000e+00     56s
   188     -1.69978e+01     -1.01560e+00      8.00000e+00     57s
   192     -2.06718e+01     -1.01560e+00      8.00000e+00     58s
   196     -1.50860e+01     -1.01560e+00      8.00000e+00     59s
   200     -1.52632e+01     -1.01560e+00      8.00000e+00     60s
   204     -2.51798e+01     -1.01560e+00      8.00000e+00     61s
   208     -2.10638e+01     -1.01560e+00      8.00000e+00     63s
   212     -1.45972e+01     -1.01560e+00      8.00000e+00     64s
   216     -1.87144e+01     -1.01560e+00      8.00000e+00     65s
   220     -1.42782e+01     -1.01560e+00      8.00000e+00     66s
   224     -1.36284e+01     -1.01560e+00      8.00000e+00     68s
   228     -2.39378e+01     -1.01560e+00      8.00000e+00     69s
   232     -2.20626e+01     -1.01560e+00      8.00000e+00     70s
   236     -1.43228e+01     -1.01560e+00      8.00000e+00     71s
   240     -1.84666e+01     -1.01560e+00      8.00000e+00     72s
   244     -1.50306e+01     -1.01560e+00      8.00000e+00     74s
   248     -1.28070e+01     -1.01560e+00      8.00000e+00     75s
   252     -1.64064e+01     -1.01560e+00      8.00000e+00     76s
   256     -1.98434e+01     -1.01560e+00      8.00000e+00     77s
   260     -1.55416e+01     -1.01560e+00      8.00000e+00     78s
   264     -1.63894e+01     -1.01560e+00      8.00000e+00     80s
   268     -1.85830e+01     -1.01560e+00      8.00000e+00     81s
   272     -1.47440e+01     -1.01560e+00      8.00000e+00     82s
   276     -1.63080e+01     -1.01560e+00      8.00000e+00     83s
   280     -2.05004e+01     -1.01560e+00      8.00000e+00     84s
   284     -1.69442e+01     -1.01560e+00      8.00000e+00     86s
   288     -1.59800e+01     -1.01560e+00      8.00000e+00     87s
   292     -1.88454e+01     -1.01560e+00      8.00000e+00     88s
   296     -1.58642e+01     -1.01560e+00      8.00000e+00     89s
   300     -1.51744e+01     -1.01560e+00      8.00000e+00     90s
   304     -1.71150e+01     -1.01560e+00      8.00000e+00     92s
   308     -1.72776e+01     -1.01560e+00      8.00000e+00     93s
   311     -1.53442e+01     -1.01560e+00      8.00000e+00     94s
   315     -1.71324e+01     -1.01560e+00      8.00000e+00     95s
   319     -1.81792e+01     -1.01560e+00      8.00000e+00     96s
   323     -1.54320e+01     -1.01560e+00      8.00000e+00     98s
   326     -1.57518e+01     -1.01560e+00      8.00000e+00     99s
   330     -1.72528e+01     -1.01560e+00      8.00000e+00    100s
   334     -1.58258e+01     -1.01560e+00      8.00000e+00    101s
   338     -1.60186e+01     -1.01560e+00      8.00000e+00    102s
   342     -1.81984e+01     -1.01560e+00      8.00000e+00    104s
   346     -1.65544e+01     -1.01560e+00      8.00000e+00    105s
   350     -1.51920e+01     -1.01560e+00      8.00000e+00    106s
   353     -1.60852e+01     -1.01560e+00      8.00000e+00    107s
   357     -1.74118e+01     -1.01560e+00      8.00000e+00    108s
   361     -1.51898e+01     -1.01560e+00      8.00000e+00    109s
   365     -1.67672e+01     -1.01560e+00      8.00000e+00    111s
   369     -1.74136e+01     -1.01560e+00      8.00000e+00    112s
   373     -1.46118e+01     -1.01560e+00      8.00000e+00    113s
   377     -1.60924e+01     -1.01560e+00      8.00000e+00    114s
   381     -1.75994e+01     -1.01560e+00      8.00000e+00    116s
   385     -1.52158e+01     -1.01560e+00      8.00000e+00    117s
   388     -1.57256e+01     -1.01560e+00      8.00000e+00    118s
   392     -1.66036e+01     -1.01560e+00      8.00000e+00    119s
   396     -1.56420e+01     -1.01560e+00      8.00000e+00    120s
   399     -1.50648e+01     -1.01560e+00      8.00000e+00    121s
   403     -1.56782e+01     -1.01560e+00      8.00000e+00    123s
   407     -1.59720e+01     -1.01560e+00      8.00000e+00    124s
   411     -1.42054e+01     -1.01560e+00      8.00000e+00    125s
   415     -1.63180e+01     -1.01560e+00      8.00000e+00    126s
   419     -1.64950e+01     -1.01560e+00      8.00000e+00    128s
   423     -1.50448e+01     -1.01560e+00      8.00000e+00    129s
   427     -1.56132e+01     -1.01560e+00      8.00000e+00    130s
   431     -1.62472e+01     -1.01560e+00      8.00000e+00    131s
   435     -1.54158e+01     -1.01560e+00      8.00000e+00    133s
   439     -1.52176e+01     -1.01560e+00      8.00000e+00    134s
   442     -1.58576e+01     -1.01560e+00      8.00000e+00    135s
   446     -1.59630e+01     -1.01560e+00      8.00000e+00    136s
   450     -1.52198e+01     -1.01560e+00      8.00000e+00    137s
   454     -1.61078e+01     -1.01560e+00      8.00000e+00    139s
   458     -1.60904e+01     -1.01560e+00      8.00000e+00    140s
   462     -1.52594e+01     -1.01560e+00      8.00000e+00    141s
   466     -1.50870e+01     -1.01560e+00      8.00000e+00    142s
   470     -1.59722e+01     -1.01560e+00      8.00000e+00    144s
   474     -1.51006e+01     -1.01560e+00      8.00000e+00    145s
   478     -1.57266e+01     -1.01560e+00      8.00000e+00    146s
   482     -1.58110e+01     -1.01560e+00      8.00000e+00    147s
   485     -1.53204e+01     -1.01560e+00      8.00000e+00    148s
   488     -1.51452e+01     -1.01560e+00      8.00000e+00    150s
   492     -1.57380e+01     -1.01560e+00      8.00000e+00    151s
   495     -1.59024e+01     -1.01560e+00      8.00000e+00    152s
   499     -1.50576e+01     -1.01560e+00      8.00000e+00    153s
   503     -1.54702e+01     -1.01560e+00      8.00000e+00    154s
   507     -1.56178e+01     -1.01560e+00      8.00000e+00    155s
   511     -1.49942e+01     -1.01560e+00      8.00000e+00    157s
   515     -1.53776e+01     -1.01560e+00      8.00000e+00    158s
   519     -1.54508e+01     -1.01560e+00      8.00000e+00    159s
   523     -1.54630e+01     -1.01560e+00      8.00000e+00    161s
   527     -1.53130e+01     -1.01560e+00      8.00000e+00    162s
   531     -1.51848e+01     -1.01560e+00      8.00000e+00    163s
   535     -1.51820e+01     -1.01560e+00      8.00000e+00    164s
   539     -1.52354e+01     -1.01560e+00      8.00000e+00    166s
   543     -1.51376e+01     -1.01560e+00      8.00000e+00    167s
   547     -1.49264e+01     -1.01560e+00      8.00000e+00    168s
   551     -1.50202e+01     -1.01560e+00      8.00000e+00    170s
   555     -1.47190e+01     -1.01560e+00      8.00000e+00    171s
   559     -1.56062e+01     -1.01560e+00      8.00000e+00    172s
   563     -1.43830e+01     -1.01560e+00      8.00000e+00    173s
   567     -1.46176e+01     -1.01560e+00      8.00000e+00    175s
   571     -1.54744e+01     -1.01560e+00      8.00000e+00    176s
   574     -1.55374e+01     -1.01560e+00      8.00000e+00    177s
   577     -1.47488e+01     -1.01560e+00      8.00000e+00    178s
   581     -1.55078e+01     -1.01560e+00      8.00000e+00    179s
   585     -1.46254e+01     -1.01560e+00      8.00000e+00    180s
   589     -1.45928e+01     -1.01560e+00      8.00000e+00    182s
   593     -1.50178e+01     -1.01560e+00      8.00000e+00    183s
   597     -1.55052e+01     -1.01560e+00      8.00000e+00    184s
   601     -1.55118e+01     -1.01560e+00      8.00000e+00    185s
   605     -1.48558e+01     -1.01560e+00      8.00000e+00    186s
   609     -1.53662e+01     -1.01560e+00      8.00000e+00    188s
   613     -1.49654e+01     -1.01560e+00      8.00000e+00    189s
   617     -1.46976e+01     -1.01560e+00      8.00000e+00    190s
   621     -1.52380e+01     -1.01560e+00      8.00000e+00    191s
   625     -1.51016e+01     -1.01560e+00      8.00000e+00    193s
   628     -1.52744e+01     -1.01560e+00      8.00000e+00    194s
   632     -1.48104e+01     -1.01560e+00      8.00000e+00    195s
   636     -1.50008e+01     -1.01560e+00      8.00000e+00    196s
   640     -1.53898e+01     -1.01560e+00      8.00000e+00    198s
   644     -1.48708e+01     -1.01560e+00      8.00000e+00    199s
   647     -1.46742e+01     -1.01560e+00      8.00000e+00    200s
   651     -1.52696e+01     -1.01560e+00      8.00000e+00    201s
   655     -1.50466e+01     -1.01560e+00      8.00000e+00    202s
   659     -1.49816e+01     -1.01560e+00      8.00000e+00    204s
   662     -1.49532e+01     -1.01560e+00      8.00000e+00    205s
   666     -1.41238e+01     -1.01560e+00      8.00000e+00    206s
   670     -1.53404e+01     -1.01560e+00      8.00000e+00    207s
   674     -1.52622e+01     -1.01560e+00      8.00000e+00    208s
   678     -1.45448e+01     -1.01560e+00      8.00000e+00    210s
   682     -1.46952e+01     -1.01560e+00      8.00000e+00    211s
   686     -1.47546e+01     -1.01560e+00      8.00000e+00    212s
   690     -1.44530e+01     -1.01560e+00      8.00000e+00    213s
   694     -1.49002e+01     -1.01560e+00      8.00000e+00    214s
   698     -1.53666e+01     -1.01560e+00      8.00000e+00    216s
   702     -1.49118e+01     -1.01560e+00      8.00000e+00    217s
   705     -1.43004e+01     -1.01560e+00      8.00000e+00    218s
   709     -1.43310e+01     -1.01560e+00      8.00000e+00    219s
   713     -1.48530e+01     -1.01560e+00      8.00000e+00    220s
   717     -1.46236e+01     -1.01560e+00      8.00000e+00    221s
   721     -1.40538e+01     -1.01560e+00      8.00000e+00    223s
   725     -1.49922e+01     -1.01560e+00      8.00000e+00    224s
   729     -1.48286e+01     -1.01560e+00      8.00000e+00    225s
   733     -1.49762e+01     -1.01560e+00      8.00000e+00    226s
   737     -1.47302e+01     -1.01560e+00      8.00000e+00    228s
   741     -1.37668e+01     -1.01560e+00      8.00000e+00    229s
   745     -1.41032e+01     -1.01560e+00      8.00000e+00    230s
   749     -1.50984e+01     -1.01560e+00      8.00000e+00    231s
   752     -1.52066e+01     -1.01560e+00      8.00000e+00    233s
   756     -1.68216e+01     -1.01560e+00      8.00000e+00    234s
   760     -1.50568e+01     -1.01560e+00      8.00000e+00    235s
   764     -1.60724e+01     -1.01560e+00      8.00000e+00    236s
   767     -1.58062e+01     -1.01560e+00      8.00000e+00    237s
   771     -1.60550e+01     -1.01560e+00      8.00000e+00    239s
   775     -1.51914e+01     -1.01560e+00      8.00000e+00    240s
   779     -1.57680e+01     -1.01560e+00      8.00000e+00    241s
   783     -1.52836e+01     -1.01560e+00      8.00000e+00    242s
   787     -1.51878e+01     -1.01560e+00      8.00000e+00    243s
   791     -1.56922e+01     -1.01560e+00      8.00000e+00    245s
   794     -1.58148e+01     -1.01560e+00      8.00000e+00    246s
   798     -1.50560e+01     -1.01560e+00      8.00000e+00    247s
   802     -1.61836e+01     -1.01560e+00      8.00000e+00    248s
   806     -1.97602e+01     -1.01560e+00      8.00000e+00    249s
   810     -1.67836e+01     -1.01560e+00      8.00000e+00    251s
   814     -1.62542e+01     -1.01560e+00      8.00000e+00    252s
   818     -1.98656e+01     -1.01560e+00      8.00000e+00    253s
   822     -1.64584e+01     -1.01560e+00      8.00000e+00    254s
   825     -1.57702e+01     -1.01560e+00      8.00000e+00    255s
   829     -1.90716e+01     -1.01560e+00      8.00000e+00    256s
   833     -1.80718e+01     -1.01560e+00      8.00000e+00    257s
   837     -1.53392e+01     -1.01560e+00      8.00000e+00    259s
   841     -1.82482e+01     -1.01560e+00      8.00000e+00    260s
   845     -1.84712e+01     -1.01560e+00      8.00000e+00    261s
   849     -1.49876e+01     -1.01560e+00      8.00000e+00    262s
   853     -1.60768e+01     -1.01560e+00      8.00000e+00    264s
   857     -1.72896e+01     -1.01560e+00      8.00000e+00    265s
   861     -1.46440e+01     -1.01560e+00      8.00000e+00    266s
   865     -1.59146e+01     -1.01560e+00      8.00000e+00    267s
   869     -1.68134e+01     -1.01560e+00      8.00000e+00    269s
   873     -1.54370e+01     -1.01560e+00      8.00000e+00    270s
   877     -1.57044e+01     -1.01560e+00      8.00000e+00    271s
   880     -1.61940e+01     -1.01560e+00      8.00000e+00    272s
   884     -1.63256e+01     -1.01560e+00      8.00000e+00    273s
   888     -1.54216e+01     -1.01560e+00      8.00000e+00    275s
   892     -1.67412e+01     -1.01560e+00      8.00000e+00    276s
   895     -1.61746e+01     -1.01560e+00      8.00000e+00    277s
   898     -1.54908e+01     -1.01560e+00      8.00000e+00    278s
   902     -1.50274e+01     -1.01560e+00      8.00000e+00    279s
   906     -1.37058e+01     -1.01560e+00      8.00000e+00    281s
   910     -1.50460e+01     -1.01560e+00      8.00000e+00    282s
   913     -1.48126e+01     -1.01560e+00      8.00000e+00    283s
   917     -1.44556e+01     -1.01560e+00      8.00000e+00    284s
   921     -1.52152e+01     -1.01560e+00      8.00000e+00    285s
   925     -1.46704e+01     -1.01560e+00      8.00000e+00    287s
   929     -1.48334e+01     -1.01560e+00      8.00000e+00    288s
   933     -1.52406e+01     -1.01560e+00      8.00000e+00    289s
   937     -1.55900e+01     -1.01560e+00      8.00000e+00    290s
   941     -1.44738e+01     -1.01560e+00      8.00000e+00    292s
   945     -1.46524e+01     -1.01560e+00      8.00000e+00    293s
   949     -1.49674e+01     -1.01560e+00      8.00000e+00    294s
   953     -1.49990e+01     -1.01560e+00      8.00000e+00    295s
   957     -1.49582e+01     -1.01560e+00      8.00000e+00    297s
   960     -1.49606e+01     -1.01560e+00      8.00000e+00    298s
   964     -1.52702e+01     -1.01560e+00      8.00000e+00    299s
   967     -1.48568e+01     -1.01560e+00      8.00000e+00    300s
   970     -1.51836e+01     -1.01560e+00      8.00000e+00    301s
   974     -1.52712e+01     -1.01560e+00      8.00000e+00    302s
   978     -1.46092e+01     -1.01560e+00      8.00000e+00    304s
   982     -1.43240e+01     -1.01560e+00      8.00000e+00    305s
   986     -1.49836e+01     -1.01560e+00      8.00000e+00    306s
   990     -1.54764e+01     -1.01560e+00      8.00000e+00    307s
   994     -1.56448e+01     -1.01560e+00      8.00000e+00    309s
   997     -1.47350e+01     -1.01560e+00      8.00000e+00    310s
  1001     -1.54808e+01     -1.01560e+00      8.00000e+00    311s
  1004     -1.44910e+01     -1.01560e+00      8.00000e+00    312s
  1008     -1.49504e+01     -1.01560e+00      8.00000e+00    313s
  1012     -1.53194e+01     -1.01560e+00      8.00000e+00    314s
  1015     -1.48692e+01     -1.01560e+00      8.00000e+00    316s
  1019     -1.53506e+01     -1.01560e+00      8.00000e+00    317s
  1022     -1.46296e+01     -1.01560e+00      8.00000e+00    318s
  1026     -1.47494e+01     -1.01560e+00      8.00000e+00    319s
  1030     -1.48160e+01     -1.01560e+00      8.00000e+00    320s
  1034     -1.54508e+01     -1.01560e+00      8.00000e+00    322s
  1037     -1.47478e+01     -1.01560e+00      8.00000e+00    323s
  1041     -1.47598e+01     -1.01560e+00      8.00000e+00    324s
  1045     -1.52546e+01     -1.01560e+00      8.00000e+00    325s
  1049     -1.47828e+01     -1.01560e+00      8.00000e+00    326s
  1053     -1.51728e+01     -1.01560e+00      8.00000e+00    328s
  1056     -1.50052e+01     -1.01560e+00      8.00000e+00    329s
  1060     -1.53658e+01     -1.01560e+00      8.00000e+00    330s
  1064     -1.56576e+01     -1.01560e+00      8.00000e+00    331s
  1068     -1.52130e+01     -1.01560e+00      8.00000e+00    333s
  1072     -1.44966e+01     -1.01560e+00      8.00000e+00    334s
  1076     -1.50392e+01     -1.01560e+00      8.00000e+00    335s
  1080     -1.52144e+01     -1.01560e+00      8.00000e+00    336s
  1084     -1.48708e+01     -1.01560e+00      8.00000e+00    337s
  1088     -1.50034e+01     -1.01560e+00      8.00000e+00    339s
  1091     -1.51372e+01     -1.01560e+00      8.00000e+00    340s
  1095     -1.51140e+01     -1.01560e+00      8.00000e+00    341s
  1099     -1.49544e+01     -1.01560e+00      8.00000e+00    342s
  1102     -1.53850e+01     -1.01560e+00      8.00000e+00    343s
  1106     -1.48514e+01     -1.01560e+00      8.00000e+00    345s
  1109     -1.45954e+01     -1.01560e+00      8.00000e+00    346s
  1113     -1.50852e+01     -1.01560e+00      8.00000e+00    347s
  1117     -1.49592e+01     -1.01560e+00      8.00000e+00    348s
  1121     -1.50292e+01     -1.01560e+00      8.00000e+00    349s
  1125     -1.49614e+01     -1.01560e+00      8.00000e+00    351s
  1129     -1.48382e+01     -1.01560e+00      8.00000e+00    352s
  1133     -1.50330e+01     -1.01560e+00      8.00000e+00    353s
  1137     -1.45830e+01     -1.01560e+00      8.00000e+00    354s
  1141     -1.47352e+01     -1.01560e+00      8.00000e+00    356s
  1145     -1.52714e+01     -1.01560e+00      8.00000e+00    357s
  1148     -1.48344e+01     -1.01560e+00      8.00000e+00    358s
  1152     -1.45462e+01     -1.01560e+00      8.00000e+00    359s
  1155     -1.49192e+01     -1.01560e+00      8.00000e+00    360s
  1159     -1.56036e+01     -1.01560e+00      8.00000e+00    361s
  1162     -1.54236e+01     -1.01560e+00      8.00000e+00    363s
  1165     -1.47740e+01     -1.01560e+00      8.00000e+00    364s
  1169     -1.51776e+01     -1.01560e+00      8.00000e+00    365s
  1173     -1.55698e+01     -1.01560e+00      8.00000e+00    366s
  1176     -1.52776e+01     -1.01560e+00      8.00000e+00    367s
  1180     -1.37352e+01     -1.01560e+00      8.00000e+00    369s
  1184     -1.51358e+01     -1.01560e+00      8.00000e+00    370s
  1188     -1.46610e+01     -1.01560e+00      8.00000e+00    371s
  1191     -1.46104e+01     -1.01560e+00      8.00000e+00    372s
  1195     -1.49012e+01     -1.01560e+00      8.00000e+00    374s
  1198     -1.44382e+01     -1.01560e+00      8.00000e+00    375s
  1202     -1.51248e+01     -1.01560e+00      8.00000e+00    376s
  1205     -1.49202e+01     -1.01560e+00      8.00000e+00    377s
  1209     -1.50418e+01     -1.01560e+00      8.00000e+00    378s
  1213     -1.43786e+01     -1.01560e+00      8.00000e+00    380s
  1217     -1.48530e+01     -1.01560e+00      8.00000e+00    381s
  1220     -1.52244e+01     -1.01560e+00      8.00000e+00    382s
  1224     -1.45828e+01     -1.01560e+00      8.00000e+00    383s
  1228     -1.48136e+01     -1.01560e+00      8.00000e+00    384s
  1232     -1.54992e+01     -1.01560e+00      8.00000e+00    386s
  1236     -1.48130e+01     -1.01560e+00      8.00000e+00    387s
  1240     -1.51428e+01     -1.01560e+00      8.00000e+00    388s
  1244     -1.51384e+01     -1.01560e+00      8.00000e+00    390s
  1248     -1.49844e+01     -1.01560e+00      8.00000e+00    391s
  1252     -1.51188e+01     -1.01560e+00      8.00000e+00    392s
  1256     -1.50172e+01     -1.01560e+00      8.00000e+00    394s
  1259     -1.47088e+01     -1.01560e+00      8.00000e+00    395s
  1263     -1.46616e+01     -1.01560e+00      8.00000e+00    396s
  1267     -1.40648e+01     -1.01560e+00      8.00000e+00    397s
  1271     -1.52690e+01     -1.01560e+00      8.00000e+00    398s
  1275     -1.46628e+01     -1.01560e+00      8.00000e+00    400s
  1278     -1.54850e+01     -1.01560e+00      8.00000e+00    401s
  1282     -1.47582e+01     -1.01560e+00      8.00000e+00    402s
  1286     -1.51664e+01     -1.01560e+00      8.00000e+00    403s
  1290     -1.49464e+01     -1.01560e+00      8.00000e+00    404s
  1294     -1.43712e+01     -1.01560e+00      8.00000e+00    406s
  1298     -1.45770e+01     -1.01560e+00      8.00000e+00    407s
  1301     -1.45574e+01     -1.01560e+00      8.00000e+00    408s
  1304     -1.54454e+01     -1.01560e+00      8.00000e+00    409s
  1308     -1.42680e+01     -1.01560e+00      8.00000e+00    410s
  1311     -1.45520e+01     -1.01560e+00      8.00000e+00    411s
  1315     -1.50220e+01     -1.01560e+00      8.00000e+00    413s
  1319     -1.50944e+01     -1.01560e+00      8.00000e+00    414s
  1322     -1.47794e+01     -1.01560e+00      8.00000e+00    415s
  1326     -1.46770e+01     -1.01560e+00      8.00000e+00    416s
  1330     -1.47890e+01     -1.01560e+00      8.00000e+00    417s
  1334     -1.52098e+01     -1.01560e+00      8.00000e+00    419s
  1338     -1.47822e+01     -1.01560e+00      8.00000e+00    420s
  1342     -1.54268e+01     -1.01560e+00      8.00000e+00    421s
  1346     -1.56820e+01     -1.01560e+00      8.00000e+00    423s
  1350     -1.47732e+01     -1.01560e+00      8.00000e+00    424s
  1353     -1.48906e+01     -1.01560e+00      8.00000e+00    425s
  1357     -1.51650e+01     -1.01560e+00      8.00000e+00    426s
  1361     -1.48424e+01     -1.01560e+00      8.00000e+00    427s
  1365     -1.47840e+01     -1.01560e+00      8.00000e+00    429s
  1369     -1.51554e+01     -1.01560e+00      8.00000e+00    430s
  1373     -1.56462e+01     -1.01560e+00      8.00000e+00    431s
  1377     -1.53644e+01     -1.01560e+00      8.00000e+00    433s
  1380     -1.48040e+01     -1.01560e+00      8.00000e+00    434s
  1384     -1.47666e+01     -1.01560e+00      8.00000e+00    435s
  1388     -1.55916e+01     -1.01560e+00      8.00000e+00    436s
  1392     -1.51708e+01     -1.01560e+00      8.00000e+00    437s
  1396     -1.48018e+01     -1.01560e+00      8.00000e+00    438s
  1400     -1.49998e+01     -1.01560e+00      8.00000e+00    440s
  1404     -1.50572e+01     -1.01560e+00      8.00000e+00    441s
  1408     -1.56416e+01     -1.01560e+00      8.00000e+00    442s
  1412     -1.48968e+01     -1.01560e+00      8.00000e+00    444s
  1416     -1.55928e+01     -1.01560e+00      8.00000e+00    445s
  1420     -1.48296e+01     -1.01560e+00      8.00000e+00    446s
  1424     -1.50996e+01     -1.01560e+00      8.00000e+00    448s
  1428     -1.55466e+01     -1.01560e+00      8.00000e+00    449s
  1432     -1.52172e+01     -1.01560e+00      8.00000e+00    450s
  1435     -1.55848e+01     -1.01560e+00      8.00000e+00    451s
  1439     -1.44252e+01     -1.01560e+00      8.00000e+00    452s
  1442     -1.52562e+01     -1.01560e+00      8.00000e+00    453s
  1446     -1.53916e+01     -1.01560e+00      8.00000e+00    455s
  1450     -1.50294e+01     -1.01560e+00      8.00000e+00    456s
  1454     -1.54530e+01     -1.01560e+00      8.00000e+00    457s
  1458     -1.54994e+01     -1.01560e+00      8.00000e+00    458s
  1462     -1.46100e+01     -1.01560e+00      8.00000e+00    460s
  1465     -1.49622e+01     -1.01560e+00      8.00000e+00    461s
  1468     -1.56090e+01     -1.01560e+00      8.00000e+00    462s
  1472     -1.53250e+01     -1.01560e+00      8.00000e+00    463s
  1476     -1.54800e+01     -1.01560e+00      8.00000e+00    464s
  1479     -1.52570e+01     -1.01560e+00      8.00000e+00    465s
  1483     -1.48230e+01     -1.01560e+00      8.00000e+00    467s
  1487     -1.47290e+01     -1.01560e+00      8.00000e+00    468s
  1491     -1.52306e+01     -1.01560e+00      8.00000e+00    469s
  1495     -1.56978e+01     -1.01560e+00      8.00000e+00    470s
  1498     -1.47964e+01     -1.01560e+00      8.00000e+00    471s
  1501     -1.44648e+01     -1.01560e+00      8.00000e+00    472s
  1505     -1.52698e+01     -1.01560e+00      8.00000e+00    474s
  1509     -1.47486e+01     -1.01560e+00      8.00000e+00    475s
  1512     -1.53166e+01     -1.01560e+00      8.00000e+00    476s
  1516     -1.51940e+01     -1.01560e+00      8.00000e+00    477s
  1519     -1.49470e+01     -1.01560e+00      8.00000e+00    478s
  1523     -1.53728e+01     -1.01560e+00      8.00000e+00    479s
  1527     -1.45638e+01     -1.01560e+00      8.00000e+00    481s
  1531     -1.53626e+01     -1.01560e+00      8.00000e+00    482s
  1535     -1.45878e+01     -1.01560e+00      8.00000e+00    483s
  1539     -1.49108e+01     -1.01560e+00      8.00000e+00    484s
  1542     -1.49186e+01     -1.01560e+00      8.00000e+00    486s
  1546     -1.50016e+01     -1.01560e+00      8.00000e+00    487s
  1550     -1.49948e+01     -1.01560e+00      8.00000e+00    488s
  1553     -1.28286e+01     -1.01560e+00      8.00000e+00    489s
  1557     -1.35102e+01     -1.01560e+00      8.00000e+00    490s
  1561     -1.43096e+01     -1.01560e+00      8.00000e+00    491s
  1564     -1.41646e+01     -1.01560e+00      8.00000e+00    492s
  1568     -1.29586e+01     -1.01560e+00      8.00000e+00    494s
  1572     -1.43896e+01     -1.01560e+00      8.00000e+00    495s
  1576     -1.47060e+01     -1.01560e+00      8.00000e+00    496s
  1580     -1.26652e+01     -1.01560e+00      8.00000e+00    497s
  1584     -1.42570e+01     -1.01560e+00      8.00000e+00    499s
  1588     -1.52322e+01     -1.01560e+00      8.00000e+00    500s
  1592     -1.32480e+01     -1.01560e+00      8.00000e+00    501s
  1596     -1.37268e+01     -1.01560e+00      8.00000e+00    503s
  1600     -1.43204e+01     -1.01560e+00      8.00000e+00    504s
  1604     -1.33072e+01     -1.01560e+00      8.00000e+00    505s
  1608     -1.41428e+01     -1.01560e+00      8.00000e+00    507s
  1612     -1.48300e+01     -1.01560e+00      8.00000e+00    508s
  1616     -1.37738e+01     -1.01560e+00      8.00000e+00    509s
  1619     -1.40464e+01     -1.01560e+00      8.00000e+00    510s
  1623     -1.46332e+01     -1.01560e+00      8.00000e+00    511s
  1626     -1.48644e+01     -1.01560e+00      8.00000e+00    512s
  1630     -1.35754e+01     -1.01560e+00      8.00000e+00    514s
  1634     -1.41422e+01     -1.01560e+00      8.00000e+00    515s
  1638     -1.45900e+01     -1.01560e+00      8.00000e+00    516s
  1642     -1.38470e+01     -1.01560e+00      8.00000e+00    517s
  1646     -1.47052e+01     -1.01560e+00      8.00000e+00    519s
  1650     -1.53414e+01     -1.01560e+00      8.00000e+00    520s
  1654     -1.58700e+01     -1.01560e+00      8.00000e+00    521s
  1658     -1.61692e+01     -1.01560e+00      8.00000e+00    522s
  1662     -1.52824e+01     -1.01560e+00      8.00000e+00    524s
  1666     -1.58286e+01     -1.01560e+00      8.00000e+00    525s
  1670     -1.51970e+01     -1.01560e+00      8.00000e+00    526s
  1674     -1.45544e+01     -1.01560e+00      8.00000e+00    528s
  1678     -1.51736e+01     -1.01560e+00      8.00000e+00    529s
  1682     -1.56626e+01     -1.01560e+00      8.00000e+00    530s
  1686     -1.50674e+01     -1.01560e+00      8.00000e+00    531s
  1690     -1.54454e+01     -1.01560e+00      8.00000e+00    533s
  1694     -1.60242e+01     -1.01560e+00      8.00000e+00    534s
  1698     -1.42706e+01     -1.01560e+00      8.00000e+00    535s
  1701     -1.45720e+01     -1.01560e+00      8.00000e+00    536s
  1704     -1.52012e+01     -1.01560e+00      8.00000e+00    537s
  1707     -1.43888e+01     -1.01560e+00      8.00000e+00    538s
  1711     -1.55956e+01     -1.01560e+00      8.00000e+00    539s
  1715     -1.44946e+01     -1.01560e+00      8.00000e+00    541s
  1718     -1.51146e+01     -1.01560e+00      8.00000e+00    542s
  1722     -1.48376e+01     -1.01560e+00      8.00000e+00    543s
  1725     -1.44300e+01     -1.01560e+00      8.00000e+00    544s
  1728     -1.44784e+01     -1.01560e+00      8.00000e+00    545s
  1732     -1.48080e+01     -1.01560e+00      8.00000e+00    546s
  1736     -1.46882e+01     -1.01560e+00      8.00000e+00    548s
  1740     -1.47658e+01     -1.01560e+00      8.00000e+00    549s
  1743     -1.46322e+01     -1.01560e+00      8.00000e+00    550s
  1747     -1.56008e+01     -1.01560e+00      8.00000e+00    551s
  1751     -1.53872e+01     -1.01560e+00      8.00000e+00    552s
  1755     -1.40962e+01     -1.01560e+00      8.00000e+00    554s
  1759     -1.44342e+01     -1.01560e+00      8.00000e+00    555s
  1762     -1.54784e+01     -1.01560e+00      8.00000e+00    556s
  1766     -1.47032e+01     -1.01560e+00      8.00000e+00    557s
  1769     -1.46252e+01     -1.01560e+00      8.00000e+00    558s
  1772     -1.45864e+01     -1.01560e+00      8.00000e+00    559s
  1776     -1.44326e+01     -1.01560e+00      8.00000e+00    561s
  1780     -1.40142e+01     -1.01560e+00      8.00000e+00    562s
  1784     -1.45450e+01     -1.01560e+00      8.00000e+00    563s
  1788     -1.46568e+01     -1.01560e+00      8.00000e+00    565s
  1792     -1.44622e+01     -1.01560e+00      8.00000e+00    566s
  1796     -1.49924e+01     -1.01560e+00      8.00000e+00    567s
  1800     -1.47554e+01     -1.01560e+00      8.00000e+00    568s
  1804     -1.48308e+01     -1.01560e+00      8.00000e+00    570s
  1807     -1.52830e+01     -1.01560e+00      8.00000e+00    571s
  1811     -1.49318e+01     -1.01560e+00      8.00000e+00    572s
  1815     -1.49702e+01     -1.01560e+00      8.00000e+00    573s
  1818     -1.55336e+01     -1.01560e+00      8.00000e+00    574s
  1822     -1.46632e+01     -1.01560e+00      8.00000e+00    576s
  1826     -1.47576e+01     -1.01560e+00      8.00000e+00    577s
  1830     -1.56356e+01     -1.01560e+00      8.00000e+00    578s
  1834     -1.46026e+01     -1.01560e+00      8.00000e+00    579s
  1838     -1.51498e+01     -1.01560e+00      8.00000e+00    581s
  1842     -1.50066e+01     -1.01560e+00      8.00000e+00    582s
  1846     -1.57302e+01     -1.01560e+00      8.00000e+00    583s
  1849     -1.49286e+01     -1.01560e+00      8.00000e+00    584s
  1852     -1.48426e+01     -1.01560e+00      8.00000e+00    585s
  1856     -1.52902e+01     -1.01560e+00      8.00000e+00    586s
  1860     -1.52946e+01     -1.01560e+00      8.00000e+00    588s
  1864     -1.57062e+01     -1.01560e+00      8.00000e+00    589s
  1868     -1.49508e+01     -1.01560e+00      8.00000e+00    590s
  1872     -1.55600e+01     -1.01560e+00      8.00000e+00    592s
  1876     -1.45334e+01     -1.01560e+00      8.00000e+00    593s
  1880     -1.60940e+01     -1.01560e+00      8.00000e+00    594s
  1884     -1.46686e+01     -1.01560e+00      8.00000e+00    595s
  1888     -1.44356e+01     -1.01560e+00      8.00000e+00    597s
  1892     -1.57842e+01     -1.01560e+00      8.00000e+00    598s
  1895     -1.56198e+01     -1.01560e+00      8.00000e+00    599s
  1899     -1.55402e+01     -1.01560e+00      8.00000e+00    600s
  1902     -1.52870e+01     -1.01560e+00      8.00000e+00    601s
  1905     -1.53514e+01     -1.01560e+00      8.00000e+00    602s
  1909     -1.48474e+01     -1.01560e+00      8.00000e+00    604s
  1913     -1.54290e+01     -1.01560e+00      8.00000e+00    605s
  1916     -1.46080e+01     -1.01560e+00      8.00000e+00    606s
  1919     -1.49478e+01     -1.01560e+00      8.00000e+00    607s
  1922     -1.51616e+01     -1.01560e+00      8.00000e+00    608s
  1925     -1.50826e+01     -1.01560e+00      8.00000e+00    609s
  1929     -1.49878e+01     -1.01560e+00      8.00000e+00    610s
  1932     -1.51182e+01     -1.01560e+00      8.00000e+00    611s
  1936     -1.45886e+01     -1.01560e+00      8.00000e+00    613s
  1940     -1.54612e+01     -1.01560e+00      8.00000e+00    614s
  1944     -1.51288e+01     -1.01560e+00      8.00000e+00    615s
  1948     -1.48844e+01     -1.01560e+00      8.00000e+00    617s
  1951     -1.48016e+01     -1.01560e+00      8.00000e+00    618s
  1955     -1.48406e+01     -1.01560e+00      8.00000e+00    619s
  1959     -1.55198e+01     -1.01560e+00      8.00000e+00    620s
  1962     -1.51278e+01     -1.01560e+00      8.00000e+00    621s
  1965     -1.52320e+01     -1.01560e+00      8.00000e+00    622s
  1969     -1.55726e+01     -1.01560e+00      8.00000e+00    623s
  1972     -1.50956e+01     -1.01560e+00      8.00000e+00    625s
  1975     -1.50666e+01     -1.01560e+00      8.00000e+00    626s
  1978     -1.49306e+01     -1.01560e+00      8.00000e+00    627s
  1982     -1.55554e+01     -1.01560e+00      8.00000e+00    628s
  1986     -1.43712e+01     -1.01560e+00      8.00000e+00    629s
  1990     -1.52918e+01     -1.01560e+00      8.00000e+00    631s
  1993     -1.57982e+01     -1.01560e+00      8.00000e+00    632s
  1997     -1.47830e+01     -1.01560e+00      8.00000e+00    633s
  2001     -1.52044e+01     -1.01560e+00      8.00000e+00    634s
  2004     -1.52920e+01     -1.01560e+00      8.00000e+00    635s
  2008     -1.59608e+01     -1.01560e+00      8.00000e+00    637s
  2012     -1.51090e+01     -1.01560e+00      8.00000e+00    638s
  2016     -1.55804e+01     -1.01560e+00      8.00000e+00    639s
  2020     -1.52640e+01     -1.01560e+00      8.00000e+00    640s
  2024     -1.52360e+01     -1.01560e+00      8.00000e+00    642s
  2027     -1.56018e+01     -1.01560e+00      8.00000e+00    643s
  2031     -1.61346e+01     -1.01560e+00      8.00000e+00    644s
  2034     -1.54248e+01     -1.01560e+00      8.00000e+00    645s
  2038     -1.56676e+01     -1.01560e+00      8.00000e+00    646s
  2042     -1.61706e+01     -1.01560e+00      8.00000e+00    648s
  2046     -1.55990e+01     -1.01560e+00      8.00000e+00    649s
  2050     -1.49388e+01     -1.01560e+00      8.00000e+00    650s
  2054     -1.59764e+01     -1.01560e+00      8.00000e+00    652s
  2058     -1.59066e+01     -1.01560e+00      8.00000e+00    653s
  2062     -1.48150e+01     -1.01560e+00      8.00000e+00    654s
  2066     -1.61728e+01     -1.01560e+00      8.00000e+00    656s
  2069     -1.62550e+01     -1.01560e+00      8.00000e+00    657s
  2073     -1.45820e+01     -1.01560e+00      8.00000e+00    658s
  2077     -1.52554e+01     -1.01560e+00      8.00000e+00    659s
  2081     -1.65478e+01     -1.01560e+00      8.00000e+00    661s
  2085     -1.54930e+01     -1.01560e+00      8.00000e+00    662s
  2088     -1.54914e+01     -1.01560e+00      8.00000e+00    663s
  2092     -1.65582e+01     -1.01560e+00      8.00000e+00    664s
  2096     -1.60728e+01     -1.01560e+00      8.00000e+00    666s
  2100     -1.47262e+01     -1.01560e+00      8.00000e+00    667s
  2104     -1.62572e+01     -1.01560e+00      8.00000e+00    668s
  2108     -1.75028e+01     -1.01560e+00      8.00000e+00    669s
  2112     -1.41322e+01     -1.01560e+00      8.00000e+00    671s
  2116     -1.69702e+01     -1.01560e+00      8.00000e+00    672s
  2120     -1.68058e+01     -1.01560e+00      8.00000e+00    673s
  2124     -1.54684e+01     -1.01560e+00      8.00000e+00    674s
  2128     -1.66612e+01     -1.01560e+00      8.00000e+00    676s
  2132     -1.72516e+01     -1.01560e+00      8.00000e+00    677s
  2135     -1.53506e+01     -1.01560e+00      8.00000e+00    678s
  2139     -1.59276e+01     -1.01560e+00      8.00000e+00    679s
  2143     -1.68124e+01     -1.01560e+00      8.00000e+00    681s
  2147     -1.50932e+01     -1.01560e+00      8.00000e+00    682s
  2150     -1.51246e+01     -1.01560e+00      8.00000e+00    683s
  2154     -1.87544e+01     -1.01560e+00      8.00000e+00    684s
  2158     -1.83112e+01     -1.01560e+00      8.00000e+00    686s
  2162     -1.51104e+01     -1.01560e+00      8.00000e+00    687s
  2166     -1.64900e+01     -1.01560e+00      8.00000e+00    688s
  2169     -1.66476e+01     -1.01560e+00      8.00000e+00    689s
  2173     -1.48462e+01     -1.01560e+00      8.00000e+00    690s
  2177     -1.80372e+01     -1.01560e+00      8.00000e+00    692s
  2181     -1.85630e+01     -1.01560e+00      8.00000e+00    693s
  2184     -1.71084e+01     -1.01560e+00      8.00000e+00    694s
  2188     -1.45918e+01     -1.01560e+00      8.00000e+00    695s
  2192     -1.69412e+01     -1.01560e+00      8.00000e+00    697s
  2196     -1.53978e+01     -1.01560e+00      8.00000e+00    698s
  2200     -1.43524e+01     -1.01560e+00      8.00000e+00    699s
  2203     -1.79492e+01     -1.01560e+00      8.00000e+00    700s
  2207     -2.13062e+01     -1.01560e+00      8.00000e+00    702s
  2211     -1.57068e+01     -1.01560e+00      8.00000e+00    703s
  2215     -1.59020e+01     -1.01560e+00      8.00000e+00    704s
  2219     -1.79752e+01     -1.01560e+00      8.00000e+00    705s
  2223     -1.53170e+01     -1.01560e+00      8.00000e+00    707s
  2226     -1.63136e+01     -1.01560e+00      8.00000e+00    708s
  2230     -2.12504e+01     -1.01560e+00      8.00000e+00    709s
  2234     -1.83242e+01     -1.01560e+00      8.00000e+00    710s
  2238     -1.45798e+01     -1.01560e+00      8.00000e+00    711s
  2242     -1.69738e+01     -1.01560e+00      8.00000e+00    713s
  2245     -1.78314e+01     -1.01560e+00      8.00000e+00    714s
  2249     -1.55584e+01     -1.01560e+00      8.00000e+00    715s
  2253     -1.44596e+01     -1.01560e+00      8.00000e+00    716s
  2257     -2.00066e+01     -1.01560e+00      8.00000e+00    717s
  2261     -1.67218e+01     -1.01560e+00      8.00000e+00    718s
  2265     -1.47016e+01     -1.01560e+00      8.00000e+00    720s
  2269     -2.10316e+01     -1.01560e+00      8.00000e+00    721s
  2273     -1.73310e+01     -1.01560e+00      8.00000e+00    722s
  2277     -1.40532e+01     -1.01560e+00      8.00000e+00    723s
  2281     -1.93026e+01     -1.01560e+00      8.00000e+00    725s
  2285     -1.76704e+01     -1.01560e+00      8.00000e+00    726s
  2288     -1.44952e+01     -1.01560e+00      8.00000e+00    727s
  2292     -2.02286e+01     -1.01560e+00      8.00000e+00    728s
  2296     -2.00120e+01     -1.01560e+00      8.00000e+00    730s
  2299     -1.52700e+01     -1.01560e+00      8.00000e+00    731s
  2303     -1.39092e+01     -1.01560e+00      8.00000e+00    732s
  2307     -1.93790e+01     -1.01560e+00      8.00000e+00    733s
  2311     -1.68398e+01     -1.01560e+00      8.00000e+00    735s
  2315     -1.66006e+01     -1.01560e+00      8.00000e+00    736s
  2318     -2.37168e+01     -1.01560e+00      8.00000e+00    737s
  2322     -2.17068e+01     -1.01560e+00      8.00000e+00    738s
  2325     -1.35182e+01     -1.01560e+00      8.00000e+00    739s
  2329     -1.54380e+01     -1.01560e+00      8.00000e+00    740s
  2332     -1.95242e+01     -1.01560e+00      8.00000e+00    741s
  2336     -1.50940e+01     -1.01560e+00      8.00000e+00    743s
  2340     -1.78712e+01     -1.01560e+00      8.00000e+00    744s
  2344     -2.54750e+01     -1.01560e+00      8.00000e+00    745s
  2348     -1.67016e+01     -1.01560e+00      8.00000e+00    746s
  2352     -1.56124e+01     -1.01560e+00      8.00000e+00    748s
  2356     -1.99462e+01     -1.01560e+00      8.00000e+00    749s
  2360     -1.68476e+01     -1.01560e+00      8.00000e+00    750s
  2363     -1.54830e+01     -1.01560e+00      8.00000e+00    751s
  2367     -2.14976e+01     -1.01560e+00      8.00000e+00    752s
  2371     -2.07362e+01     -1.01560e+00      8.00000e+00    753s
  2375     -1.50898e+01     -1.01560e+00      8.00000e+00    755s
  2379     -1.82436e+01     -1.01560e+00      8.00000e+00    756s
  2383     -1.91786e+01     -1.01560e+00      8.00000e+00    757s
  2387     -1.51826e+01     -1.01560e+00      8.00000e+00    758s
  2391     -2.12238e+01     -1.01560e+00      8.00000e+00    760s
  2395     -2.17638e+01     -1.01560e+00      8.00000e+00    761s
  2399     -1.51560e+01     -1.01560e+00      8.00000e+00    762s
  2403     -1.64922e+01     -1.01560e+00      8.00000e+00    763s
  2406     -2.01840e+01     -1.01560e+00      8.00000e+00    764s
  2410     -1.67180e+01     -1.01560e+00      8.00000e+00    765s
  2414     -1.67802e+01     -1.01560e+00      8.00000e+00    767s
  2418     -2.36192e+01     -1.01560e+00      8.00000e+00    768s
  2422     -1.77984e+01     -1.01560e+00      8.00000e+00    769s
  2426     -1.52712e+01     -1.01560e+00      8.00000e+00    770s
  2430     -2.01572e+01     -1.01560e+00      8.00000e+00    772s
  2434     -1.72472e+01     -1.01560e+00      8.00000e+00    773s
  2438     -1.62812e+01     -1.01560e+00      8.00000e+00    774s
  2442     -2.18572e+01     -1.01560e+00      8.00000e+00    775s
  2446     -1.99042e+01     -1.01560e+00      8.00000e+00    776s
  2450     -1.47130e+01     -1.01560e+00      8.00000e+00    778s
  2454     -1.72984e+01     -1.01560e+00      8.00000e+00    779s
  2458     -2.06972e+01     -1.01560e+00      8.00000e+00    780s
  2462     -1.51980e+01     -1.01560e+00      8.00000e+00    781s
  2465     -1.79608e+01     -1.01560e+00      8.00000e+00    782s
  2469     -2.52880e+01     -1.01560e+00      8.00000e+00    783s
  2473     -1.81550e+01     -1.01560e+00      8.00000e+00    785s
  2476     -1.41488e+01     -1.01560e+00      8.00000e+00    786s
  2480     -2.01022e+01     -1.01560e+00      8.00000e+00    787s
  2484     -1.90450e+01     -1.01560e+00      8.00000e+00    788s
  2488     -1.53510e+01     -1.01560e+00      8.00000e+00    789s
  2492     -2.44404e+01     -1.01560e+00      8.00000e+00    790s
  2496     -2.22566e+01     -1.01560e+00      8.00000e+00    791s

==================================================
Summary of results QAOA
--------------------------------------------------
Avg of QAOA obj (BQO obj):    1.03
Avg of QAOA obj (penalty):    -2.05
Avg of constraint violation:  0.23

Avg of QAOA obj:              -1.02
STD of QAOA obj:              3.78
Avg of QAOA obj (feasible):   1.23
STD of QAOA obj (feasible):   0.69

Gamma angles:                 0.13
Beta angles:                  3.59

Best QAOA obj:                8.00
Modified best QAOA obj:       8.00
Best QAOA obj (feasible):     8.00

QAOA total time:              792.42s
QAOA circuit depth:           26
==================================================

==================================================
Summary of results of 0-S8
--------------------------------------------------
Number of vertices:           8
Number of edges:              22

Vertex num in largest comp:   8
Edge num in largest comp:     22

Pre-processing running time:  0.00
Total solver time:            791.49
Running time:                 795.93

Upper bound:                  12.00
Objective value:              8.00

Partition 0:                  1, 4, 5, 8          
Partition 1:                  3, 6                
Partition 2:                  2, 7                
==================================================
