==================================================
Instance parameters
--------------------------------------------------
Number of vertices:           8
Number of edges:              22
Number of partitions:         3

Density (%):                  79
Name of instance:             seed1_band_pen2.0
Is planar:                    False
==================================================

==================================================
Solver parameters
--------------------------------------------------
Method:                       R-QUBO
Peel:                         False
Decompose:                    False
Fold:                         False

QAOA Num Levels:              1
QAOA Scipy Optimizer:         brute
==================================================

  iter        avg-obj        best avg-obj       best-obj      time
     0     -1.82560e+01     -1.82560e+01      8.00000e+00      1s
     4     -1.80770e+01     -1.80770e+01      8.00000e+00      2s
     8     -1.94640e+01     -1.80770e+01      8.00000e+00      3s
    12     -1.97210e+01     -1.80770e+01      8.00000e+00      5s
    16     -1.91080e+01     -1.80770e+01      8.00000e+00      6s
    20     -1.89830e+01     -1.80770e+01      8.00000e+00      7s
    24     -1.88840e+01     -1.80770e+01      8.00000e+00      8s
    28     -1.83520e+01     -1.80660e+01      8.00000e+00      9s
    32     -1.87130e+01     -1.80660e+01      8.00000e+00     10s
    36     -1.94450e+01     -1.80660e+01      8.00000e+00     12s
    40     -1.93540e+01     -1.80660e+01      8.00000e+00     13s
    44     -1.85850e+01     -1.80660e+01      8.00000e+00     14s
    48     -1.90720e+01     -1.80660e+01      8.00000e+00     15s
    52     -5.00600e+00     -5.00600e+00      8.00000e+00     17s
    56     -8.87600e+00     -1.76100e+00      8.00000e+00     18s
    61     -1.98570e+01     -1.76100e+00      8.00000e+00     19s
    65     -2.73750e+01     -1.76100e+00      8.00000e+00     20s
    69     -4.96610e+01     -1.76100e+00      8.00000e+00     21s
    74     -2.36740e+01     -1.76100e+00      8.00000e+00     22s
    78     -2.05800e+00     -1.76100e+00      8.00000e+00     24s
    83     -1.76610e+01     -1.76100e+00      8.00000e+00     25s
    87     -1.95620e+01     -1.76100e+00      8.00000e+00     26s
    91     -3.64170e+01     -1.76100e+00      8.00000e+00     27s
    96     -4.50810e+01     -1.76100e+00      8.00000e+00     28s
   100     -1.89030e+01     -1.76100e+00      8.00000e+00     29s
   104     -2.55760e+01     -1.76100e+00      8.00000e+00     31s
   108     -2.58920e+01     -1.76100e+00      8.00000e+00     32s
   112     -1.85620e+01     -1.76100e+00      8.00000e+00     33s
   116     -3.00770e+01     -1.76100e+00      8.00000e+00     34s
   120     -3.34200e+01     -1.76100e+00      8.00000e+00     35s
   124     -1.96790e+01     -1.76100e+00      8.00000e+00     36s
   128     -2.47250e+01     -1.76100e+00      8.00000e+00     37s
   132     -2.63810e+01     -1.76100e+00      8.00000e+00     39s
   136     -1.90170e+01     -1.76100e+00      8.00000e+00     40s
   140     -2.75190e+01     -1.76100e+00      8.00000e+00     41s
   144     -3.41420e+01     -1.76100e+00      8.00000e+00     42s
   148     -2.11510e+01     -1.76100e+00      8.00000e+00     43s
   152     -2.87310e+01     -1.76100e+00      8.00000e+00     44s
   156     -3.46670e+01     -1.76100e+00      8.00000e+00     46s
   160     -2.07080e+01     -1.76100e+00      8.00000e+00     47s
   164     -2.15430e+01     -1.76100e+00      8.00000e+00     48s
   168     -2.17920e+01     -1.76100e+00      8.00000e+00     49s
   172     -1.33670e+01     -1.76100e+00      8.00000e+00     50s
   176     -2.70340e+01     -1.76100e+00      8.00000e+00     52s
   180     -3.58500e+01     -1.76100e+00      8.00000e+00     53s
   184     -2.20660e+01     -1.76100e+00      8.00000e+00     54s
   188     -2.09810e+01     -1.76100e+00      8.00000e+00     55s
   192     -2.31130e+01     -1.76100e+00      8.00000e+00     56s
   196     -1.34400e+01     -1.76100e+00      8.00000e+00     57s
   199     -1.89600e+01     -1.76100e+00      8.00000e+00     58s
   203     -2.45660e+01     -1.76100e+00      8.00000e+00     60s
   207     -2.56980e+01     -1.76100e+00      8.00000e+00     61s
   211     -1.95530e+01     -1.76100e+00      8.00000e+00     62s
   215     -2.27320e+01     -1.76100e+00      8.00000e+00     63s
   219     -2.46250e+01     -1.76100e+00      8.00000e+00     64s
   222     -1.95060e+01     -1.76100e+00      8.00000e+00     65s
   226     -2.09060e+01     -1.76100e+00      8.00000e+00     67s
   230     -2.67380e+01     -1.76100e+00      8.00000e+00     68s
   234     -2.09620e+01     -1.76100e+00      8.00000e+00     69s
   238     -2.04970e+01     -1.76100e+00      8.00000e+00     70s
   242     -2.50540e+01     -1.76100e+00      8.00000e+00     71s
   246     -2.00340e+01     -1.76100e+00      8.00000e+00     72s
   250     -1.88060e+01     -1.76100e+00      8.00000e+00     74s
   254     -2.21740e+01     -1.76100e+00      8.00000e+00     75s
   258     -2.14020e+01     -1.76100e+00      8.00000e+00     76s
   262     -1.89540e+01     -1.76100e+00      8.00000e+00     77s
   266     -2.39600e+01     -1.76100e+00      8.00000e+00     79s
   270     -2.43240e+01     -1.76100e+00      8.00000e+00     80s
   274     -1.88420e+01     -1.76100e+00      8.00000e+00     81s
   278     -2.06040e+01     -1.76100e+00      8.00000e+00     82s
   282     -2.18390e+01     -1.76100e+00      8.00000e+00     84s
   286     -1.86670e+01     -1.76100e+00      8.00000e+00     85s
   290     -2.27650e+01     -1.76100e+00      8.00000e+00     86s
   294     -2.51590e+01     -1.76100e+00      8.00000e+00     87s
   298     -2.04520e+01     -1.76100e+00      8.00000e+00     88s
   302     -2.05380e+01     -1.76100e+00      8.00000e+00     89s
   306     -2.33620e+01     -1.76100e+00      8.00000e+00     91s
   309     -2.07680e+01     -1.76100e+00      8.00000e+00     92s
   313     -1.87220e+01     -1.76100e+00      8.00000e+00     93s
   317     -2.25020e+01     -1.76100e+00      8.00000e+00     94s
   321     -2.15510e+01     -1.76100e+00      8.00000e+00     95s
   325     -1.89170e+01     -1.76100e+00      8.00000e+00     96s
   329     -2.25050e+01     -1.76100e+00      8.00000e+00     98s
   333     -2.12000e+01     -1.76100e+00      8.00000e+00     99s
   337     -1.81920e+01     -1.76100e+00      8.00000e+00    100s
   341     -2.18180e+01     -1.76100e+00      8.00000e+00    101s
   345     -2.13800e+01     -1.76100e+00      8.00000e+00    103s
   349     -1.89490e+01     -1.76100e+00      8.00000e+00    104s
   352     -2.02470e+01     -1.76100e+00      8.00000e+00    105s
   356     -2.27030e+01     -1.76100e+00      8.00000e+00    106s
   360     -1.96910e+01     -1.76100e+00      8.00000e+00    107s
   364     -2.04580e+01     -1.76100e+00      8.00000e+00    108s
   368     -2.18230e+01     -1.76100e+00      8.00000e+00    110s
   372     -1.94610e+01     -1.76100e+00      8.00000e+00    111s
   376     -1.96350e+01     -1.76100e+00      8.00000e+00    112s
   380     -2.29980e+01     -1.76100e+00      8.00000e+00    113s
   384     -2.02690e+01     -1.76100e+00      8.00000e+00    114s
   388     -1.97640e+01     -1.76100e+00      8.00000e+00    115s
   392     -2.13730e+01     -1.76100e+00      8.00000e+00    117s
   396     -2.02380e+01     -1.76100e+00      8.00000e+00    118s
   400     -1.98460e+01     -1.76100e+00      8.00000e+00    119s
   403     -1.97230e+01     -1.76100e+00      8.00000e+00    120s
   407     -2.03980e+01     -1.76100e+00      8.00000e+00    121s
   411     -1.89440e+01     -1.76100e+00      8.00000e+00    123s
   415     -1.96200e+01     -1.76100e+00      8.00000e+00    124s
   419     -2.08700e+01     -1.76100e+00      8.00000e+00    125s
   423     -1.87370e+01     -1.76100e+00      8.00000e+00    126s
   427     -1.97450e+01     -1.76100e+00      8.00000e+00    127s
   431     -2.06300e+01     -1.76100e+00      8.00000e+00    129s
   435     -1.93650e+01     -1.76100e+00      8.00000e+00    130s
   439     -2.01960e+01     -1.76100e+00      8.00000e+00    131s
   443     -2.08810e+01     -1.76100e+00      8.00000e+00    132s
   447     -1.94130e+01     -1.76100e+00      8.00000e+00    134s
   451     -1.86010e+01     -1.76100e+00      8.00000e+00    135s
   455     -2.02820e+01     -1.76100e+00      8.00000e+00    136s
   458     -2.00190e+01     -1.76100e+00      8.00000e+00    137s
   462     -1.85420e+01     -1.76100e+00      8.00000e+00    138s
   466     -2.01630e+01     -1.76100e+00      8.00000e+00    140s
   470     -2.03860e+01     -1.76100e+00      8.00000e+00    141s
   474     -1.89930e+01     -1.76100e+00      8.00000e+00    142s
   478     -1.95510e+01     -1.76100e+00      8.00000e+00    143s
   482     -1.99730e+01     -1.76100e+00      8.00000e+00    145s
   485     -1.85930e+01     -1.76100e+00      8.00000e+00    146s
   489     -1.93910e+01     -1.76100e+00      8.00000e+00    147s
   493     -1.94260e+01     -1.76100e+00      8.00000e+00    148s
   497     -1.82440e+01     -1.76100e+00      8.00000e+00    149s
   501     -1.86850e+01     -1.76100e+00      8.00000e+00    151s
   505     -1.95690e+01     -1.76100e+00      8.00000e+00    152s
   509     -1.86900e+01     -1.76100e+00      8.00000e+00    153s
   513     -1.85840e+01     -1.76100e+00      8.00000e+00    154s
   517     -1.98410e+01     -1.76100e+00      8.00000e+00    155s
   521     -1.92030e+01     -1.76100e+00      8.00000e+00    157s
   525     -1.82040e+01     -1.76100e+00      8.00000e+00    158s
   529     -2.02770e+01     -1.76100e+00      8.00000e+00    159s
   533     -1.88660e+01     -1.76100e+00      8.00000e+00    160s
   537     -1.96180e+01     -1.76100e+00      8.00000e+00    161s
   541     -1.94680e+01     -1.76100e+00      8.00000e+00    163s
   545     -1.96500e+01     -1.76100e+00      8.00000e+00    164s
   549     -1.81560e+01     -1.76100e+00      8.00000e+00    165s
   553     -1.88330e+01     -1.76100e+00      8.00000e+00    166s
   557     -1.80830e+01     -1.76100e+00      8.00000e+00    168s
   561     -1.84910e+01     -1.76100e+00      8.00000e+00    169s
   565     -2.00930e+01     -1.76100e+00      8.00000e+00    170s
   569     -1.96220e+01     -1.76100e+00      8.00000e+00    171s
   573     -1.94350e+01     -1.76100e+00      8.00000e+00    173s
   576     -1.84730e+01     -1.76100e+00      8.00000e+00    174s
   580     -1.96730e+01     -1.76100e+00      8.00000e+00    175s
   584     -1.96600e+01     -1.76100e+00      8.00000e+00    176s
   588     -1.90630e+01     -1.76100e+00      8.00000e+00    177s
   593     -1.94450e+01     -1.76100e+00      8.00000e+00    178s
   598     -1.90760e+01     -1.76100e+00      8.00000e+00    179s
   602     -1.90840e+01     -1.76100e+00      8.00000e+00    180s
   607     -1.89670e+01     -1.76100e+00      8.00000e+00    181s
   611     -1.87930e+01     -1.76100e+00      8.00000e+00    183s
   615     -1.97610e+01     -1.76100e+00      8.00000e+00    184s
   618     -1.84740e+01     -1.76100e+00      8.00000e+00    185s
   622     -1.91660e+01     -1.76100e+00      8.00000e+00    186s
   626     -1.98440e+01     -1.76100e+00      8.00000e+00    187s
   630     -1.97770e+01     -1.76100e+00      8.00000e+00    189s
   634     -1.96610e+01     -1.76100e+00      8.00000e+00    190s
   638     -1.89380e+01     -1.76100e+00      8.00000e+00    191s
   642     -1.86620e+01     -1.76100e+00      8.00000e+00    192s
   646     -1.95330e+01     -1.76100e+00      8.00000e+00    194s
   650     -1.92170e+01     -1.76100e+00      8.00000e+00    195s
   654     -1.98710e+01     -1.76100e+00      8.00000e+00    196s
   658     -1.94040e+01     -1.76100e+00      8.00000e+00    197s
   662     -1.96850e+01     -1.76100e+00      8.00000e+00    198s
   666     -1.98760e+01     -1.76100e+00      8.00000e+00    200s
   670     -1.97700e+01     -1.76100e+00      8.00000e+00    201s
   674     -1.89670e+01     -1.76100e+00      8.00000e+00    202s
   678     -2.02700e+01     -1.76100e+00      8.00000e+00    203s
   682     -2.03370e+01     -1.76100e+00      8.00000e+00    205s
   686     -1.85150e+01     -1.76100e+00      8.00000e+00    206s
   690     -1.92400e+01     -1.76100e+00      8.00000e+00    207s
   694     -1.92380e+01     -1.76100e+00      8.00000e+00    208s
   698     -1.95980e+01     -1.76100e+00      8.00000e+00    209s
   702     -1.91110e+01     -1.76100e+00      8.00000e+00    211s
   705     -1.84860e+01     -1.76100e+00      8.00000e+00    212s
   709     -1.97330e+01     -1.76100e+00      8.00000e+00    213s
   713     -1.98720e+01     -1.76100e+00      8.00000e+00    214s
   717     -1.98090e+01     -1.76100e+00      8.00000e+00    215s
   721     -1.88100e+01     -1.76100e+00      8.00000e+00    216s
   725     -1.94520e+01     -1.76100e+00      8.00000e+00    217s
   729     -1.93060e+01     -1.76100e+00      8.00000e+00    219s
   733     -1.89990e+01     -1.76100e+00      8.00000e+00    220s
   737     -1.92220e+01     -1.76100e+00      8.00000e+00    221s
   741     -1.92830e+01     -1.76100e+00      8.00000e+00    222s
   745     -1.85490e+01     -1.76100e+00      8.00000e+00    224s
   749     -1.96050e+01     -1.76100e+00      8.00000e+00    225s
   753     -1.66360e+01     -1.76100e+00      8.00000e+00    226s
   757     -1.45610e+01     -1.76100e+00      8.00000e+00    227s
   761     -1.83470e+01     -1.76100e+00      8.00000e+00    229s
   765     -1.68440e+01     -1.76100e+00      8.00000e+00    230s
   769     -1.54240e+01     -1.76100e+00      8.00000e+00    231s
   773     -1.80370e+01     -1.76100e+00      8.00000e+00    232s
   777     -1.70860e+01     -1.76100e+00      8.00000e+00    233s
   781     -1.41660e+01     -1.76100e+00      8.00000e+00    235s
   785     -1.75250e+01     -1.76100e+00      8.00000e+00    236s
   789     -1.82630e+01     -1.76100e+00      8.00000e+00    237s
   793     -1.42580e+01     -1.76100e+00      8.00000e+00    239s
   796     -1.68230e+01     -1.76100e+00      8.00000e+00    240s
   800     -1.86680e+01     -1.76100e+00      8.00000e+00    241s
   804     -1.93350e+01     -1.76100e+00      8.00000e+00    242s
   808     -1.79890e+01     -1.76100e+00      8.00000e+00    243s
   811     -1.86770e+01     -1.76100e+00      8.00000e+00    244s
   815     -1.82380e+01     -1.76100e+00      8.00000e+00    246s
   819     -1.89500e+01     -1.76100e+00      8.00000e+00    247s
   822     -1.82120e+01     -1.76100e+00      8.00000e+00    248s
   826     -1.89780e+01     -1.76100e+00      8.00000e+00    249s
   830     -1.87900e+01     -1.76100e+00      8.00000e+00    250s
   834     -1.83580e+01     -1.76100e+00      8.00000e+00    251s
   837     -1.84620e+01     -1.76100e+00      8.00000e+00    252s
   841     -1.92390e+01     -1.76100e+00      8.00000e+00    254s
   845     -1.82420e+01     -1.76100e+00      8.00000e+00    255s
   849     -1.90910e+01     -1.76100e+00      8.00000e+00    256s
   852     -1.96210e+01     -1.76100e+00      8.00000e+00    257s
   856     -2.16240e+01     -1.76100e+00      8.00000e+00    258s
   860     -1.88060e+01     -1.76100e+00      8.00000e+00    260s
   864     -1.96370e+01     -1.76100e+00      8.00000e+00    261s
   868     -2.14860e+01     -1.76100e+00      8.00000e+00    262s
   872     -1.98470e+01     -1.76100e+00      8.00000e+00    263s
   876     -1.83580e+01     -1.76100e+00      8.00000e+00    265s
   880     -2.13800e+01     -1.76100e+00      8.00000e+00    266s
   883     -2.14820e+01     -1.76100e+00      8.00000e+00    267s
   887     -1.93100e+01     -1.76100e+00      8.00000e+00    269s
   891     -2.18000e+01     -1.76100e+00      8.00000e+00    270s
   895     -2.11690e+01     -1.76100e+00      8.00000e+00    271s
   899     -1.87700e+01     -1.76100e+00      8.00000e+00    272s
   903     -1.89200e+01     -1.76100e+00      8.00000e+00    273s
   907     -1.94240e+01     -1.76100e+00      8.00000e+00    275s
   911     -1.95230e+01     -1.76100e+00      8.00000e+00    276s
   915     -1.95400e+01     -1.76100e+00      8.00000e+00    277s
   919     -1.89980e+01     -1.76100e+00      8.00000e+00    278s
   923     -1.85130e+01     -1.76100e+00      8.00000e+00    280s
   926     -1.92600e+01     -1.76100e+00      8.00000e+00    281s
   930     -1.99060e+01     -1.76100e+00      8.00000e+00    282s
   934     -1.93360e+01     -1.76100e+00      8.00000e+00    283s
   937     -1.90940e+01     -1.76100e+00      8.00000e+00    284s
   941     -1.94460e+01     -1.76100e+00      8.00000e+00    286s
   945     -1.83000e+01     -1.76100e+00      8.00000e+00    287s
   949     -1.95830e+01     -1.76100e+00      8.00000e+00    288s
   953     -1.87500e+01     -1.76100e+00      8.00000e+00    289s
   957     -1.83520e+01     -1.76100e+00      8.00000e+00    291s
   961     -1.85810e+01     -1.76100e+00      8.00000e+00    292s
   965     -1.94320e+01     -1.76100e+00      8.00000e+00    293s
   969     -1.84210e+01     -1.76100e+00      8.00000e+00    294s
   972     -1.90610e+01     -1.76100e+00      8.00000e+00    296s
   976     -1.87500e+01     -1.76100e+00      8.00000e+00    297s
   980     -1.85440e+01     -1.76100e+00      8.00000e+00    298s
   984     -1.91600e+01     -1.76100e+00      8.00000e+00    299s
   988     -1.88530e+01     -1.76100e+00      8.00000e+00    300s
   992     -1.91970e+01     -1.76100e+00      8.00000e+00    302s
   996     -1.83000e+01     -1.76100e+00      8.00000e+00    303s
  1000     -2.03960e+01     -1.76100e+00      8.00000e+00    304s
  1004     -1.85930e+01     -1.76100e+00      8.00000e+00    305s
  1008     -1.91980e+01     -1.76100e+00      8.00000e+00    307s
  1012     -1.87570e+01     -1.76100e+00      8.00000e+00    308s
  1015     -1.91870e+01     -1.76100e+00      8.00000e+00    309s
  1019     -1.92720e+01     -1.76100e+00      8.00000e+00    310s
  1023     -1.85020e+01     -1.76100e+00      8.00000e+00    311s
  1027     -1.83460e+01     -1.76100e+00      8.00000e+00    313s
  1031     -1.92780e+01     -1.76100e+00      8.00000e+00    314s
  1035     -1.86000e+01     -1.76100e+00      8.00000e+00    315s
  1039     -1.92450e+01     -1.76100e+00      8.00000e+00    316s
  1043     -1.87230e+01     -1.76100e+00      8.00000e+00    317s
  1047     -1.78860e+01     -1.76100e+00      8.00000e+00    319s
  1051     -1.95080e+01     -1.76100e+00      8.00000e+00    320s
  1054     -1.83310e+01     -1.76100e+00      8.00000e+00    321s
  1057     -1.99000e+01     -1.76100e+00      8.00000e+00    322s
  1061     -1.87760e+01     -1.76100e+00      8.00000e+00    323s
  1065     -1.93210e+01     -1.76100e+00      8.00000e+00    325s
  1069     -1.84180e+01     -1.76100e+00      8.00000e+00    326s
  1073     -1.96060e+01     -1.76100e+00      8.00000e+00    327s
  1077     -1.90360e+01     -1.76100e+00      8.00000e+00    328s
  1080     -1.84720e+01     -1.76100e+00      8.00000e+00    329s
  1084     -1.96360e+01     -1.76100e+00      8.00000e+00    331s
  1088     -1.91960e+01     -1.76100e+00      8.00000e+00    332s
  1092     -1.86490e+01     -1.76100e+00      8.00000e+00    333s
  1096     -1.91860e+01     -1.76100e+00      8.00000e+00    334s
  1100     -1.95630e+01     -1.76100e+00      8.00000e+00    336s
  1103     -1.86260e+01     -1.76100e+00      8.00000e+00    337s
  1106     -1.91590e+01     -1.76100e+00      8.00000e+00    338s
  1110     -1.85530e+01     -1.76100e+00      8.00000e+00    339s
  1114     -1.85380e+01     -1.76100e+00      8.00000e+00    340s
  1118     -1.91690e+01     -1.76100e+00      8.00000e+00    341s
  1122     -1.87390e+01     -1.76100e+00      8.00000e+00    342s
  1126     -1.92370e+01     -1.76100e+00      8.00000e+00    344s
  1130     -1.86050e+01     -1.76100e+00      8.00000e+00    345s
  1134     -1.83640e+01     -1.76100e+00      8.00000e+00    346s
  1138     -1.89240e+01     -1.76100e+00      8.00000e+00    347s
  1142     -1.90380e+01     -1.76100e+00      8.00000e+00    349s
  1145     -1.81690e+01     -1.76100e+00      8.00000e+00    350s
  1149     -1.91570e+01     -1.76100e+00      8.00000e+00    351s
  1153     -1.91650e+01     -1.76100e+00      8.00000e+00    352s
  1157     -1.84780e+01     -1.76100e+00      8.00000e+00    353s
  1161     -1.84630e+01     -1.76100e+00      8.00000e+00    354s
  1165     -1.96940e+01     -1.76100e+00      8.00000e+00    356s
  1169     -1.83130e+01     -1.76100e+00      8.00000e+00    357s
  1173     -1.89060e+01     -1.76100e+00      8.00000e+00    358s
  1177     -1.91220e+01     -1.76100e+00      8.00000e+00    360s
  1181     -1.80670e+01     -1.76100e+00      8.00000e+00    361s
  1185     -1.89060e+01     -1.76100e+00      8.00000e+00    362s
  1189     -1.90620e+01     -1.76100e+00      8.00000e+00    363s
  1193     -1.91330e+01     -1.76100e+00      8.00000e+00    365s
  1197     -1.91680e+01     -1.76100e+00      8.00000e+00    366s
  1201     -1.91200e+01     -1.76100e+00      8.00000e+00    367s
  1205     -1.90060e+01     -1.76100e+00      8.00000e+00    368s
  1209     -1.86930e+01     -1.76100e+00      8.00000e+00    370s
  1213     -1.87280e+01     -1.76100e+00      8.00000e+00    371s
  1217     -1.89380e+01     -1.76100e+00      8.00000e+00    372s
  1221     -1.81930e+01     -1.76100e+00      8.00000e+00    373s
  1225     -1.89940e+01     -1.76100e+00      8.00000e+00    375s
  1229     -1.91930e+01     -1.76100e+00      8.00000e+00    376s
  1232     -1.92760e+01     -1.76100e+00      8.00000e+00    377s
  1236     -1.92100e+01     -1.76100e+00      8.00000e+00    378s
  1240     -1.91050e+01     -1.76100e+00      8.00000e+00    379s
  1244     -1.89540e+01     -1.76100e+00      8.00000e+00    381s
  1248     -1.92830e+01     -1.76100e+00      8.00000e+00    382s
  1252     -1.94080e+01     -1.76100e+00      8.00000e+00    383s
  1256     -1.81670e+01     -1.76100e+00      8.00000e+00    384s
  1260     -1.89480e+01     -1.76100e+00      8.00000e+00    386s
  1264     -1.99750e+01     -1.76100e+00      8.00000e+00    387s
  1268     -1.91210e+01     -1.76100e+00      8.00000e+00    388s
  1272     -1.95030e+01     -1.76100e+00      8.00000e+00    389s
  1276     -1.96090e+01     -1.76100e+00      8.00000e+00    391s
  1280     -1.89150e+01     -1.76100e+00      8.00000e+00    392s
  1284     -1.91300e+01     -1.76100e+00      8.00000e+00    393s
  1288     -1.82780e+01     -1.76100e+00      8.00000e+00    394s
  1292     -1.83360e+01     -1.76100e+00      8.00000e+00    396s
  1296     -1.89610e+01     -1.76100e+00      8.00000e+00    397s
  1300     -1.84760e+01     -1.76100e+00      8.00000e+00    398s
  1304     -1.96220e+01     -1.76100e+00      8.00000e+00    399s
  1308     -1.85780e+01     -1.76100e+00      8.00000e+00    401s
  1312     -1.93900e+01     -1.76100e+00      8.00000e+00    402s
  1315     -1.96580e+01     -1.76100e+00      8.00000e+00    403s
  1319     -1.87910e+01     -1.76100e+00      8.00000e+00    404s
  1323     -1.86550e+01     -1.76100e+00      8.00000e+00    405s
  1327     -1.90390e+01     -1.76100e+00      8.00000e+00    407s
  1331     -1.89430e+01     -1.76100e+00      8.00000e+00    408s
  1335     -1.95560e+01     -1.76100e+00      8.00000e+00    409s
  1339     -2.01350e+01     -1.76100e+00      8.00000e+00    410s
  1343     -1.92220e+01     -1.76100e+00      8.00000e+00    412s
  1347     -1.94510e+01     -1.76100e+00      8.00000e+00    413s
  1351     -1.84990e+01     -1.76100e+00      8.00000e+00    414s
  1355     -1.89150e+01     -1.76100e+00      8.00000e+00    415s
  1359     -1.87900e+01     -1.76100e+00      8.00000e+00    417s
  1363     -1.85690e+01     -1.76100e+00      8.00000e+00    418s
  1366     -1.86430e+01     -1.76100e+00      8.00000e+00    419s
  1370     -1.92100e+01     -1.76100e+00      8.00000e+00    420s
  1373     -1.92950e+01     -1.76100e+00      8.00000e+00    421s
  1377     -1.87080e+01     -1.76100e+00      8.00000e+00    422s
  1381     -1.88090e+01     -1.76100e+00      8.00000e+00    424s
  1385     -1.91020e+01     -1.76100e+00      8.00000e+00    425s
  1389     -1.97330e+01     -1.76100e+00      8.00000e+00    426s
  1393     -1.92100e+01     -1.76100e+00      8.00000e+00    428s
  1397     -1.86060e+01     -1.76100e+00      8.00000e+00    429s
  1401     -1.94430e+01     -1.76100e+00      8.00000e+00    430s
  1405     -1.93440e+01     -1.76100e+00      8.00000e+00    431s
  1408     -1.91220e+01     -1.76100e+00      8.00000e+00    432s
  1412     -1.87830e+01     -1.76100e+00      8.00000e+00    434s
  1415     -1.89500e+01     -1.76100e+00      8.00000e+00    435s
  1419     -1.84740e+01     -1.76100e+00      8.00000e+00    436s
  1423     -1.88850e+01     -1.76100e+00      8.00000e+00    437s
  1427     -1.83690e+01     -1.76100e+00      8.00000e+00    438s
  1430     -1.87840e+01     -1.76100e+00      8.00000e+00    439s
  1434     -1.88720e+01     -1.76100e+00      8.00000e+00    441s
  1438     -1.88900e+01     -1.76100e+00      8.00000e+00    442s
  1442     -1.96790e+01     -1.76100e+00      8.00000e+00    443s
  1446     -1.88220e+01     -1.76100e+00      8.00000e+00    444s
  1450     -1.93430e+01     -1.76100e+00      8.00000e+00    445s
  1454     -1.91870e+01     -1.76100e+00      8.00000e+00    447s
  1458     -1.90910e+01     -1.76100e+00      8.00000e+00    448s
  1462     -1.91860e+01     -1.76100e+00      8.00000e+00    449s
  1465     -1.89080e+01     -1.76100e+00      8.00000e+00    450s
  1469     -1.83760e+01     -1.76100e+00      8.00000e+00    452s
  1472     -1.95490e+01     -1.76100e+00      8.00000e+00    453s
  1476     -1.87670e+01     -1.76100e+00      8.00000e+00    454s
  1480     -1.96030e+01     -1.76100e+00      8.00000e+00    455s
  1483     -1.94830e+01     -1.76100e+00      8.00000e+00    456s
  1487     -1.92460e+01     -1.76100e+00      8.00000e+00    457s
  1491     -1.78730e+01     -1.76100e+00      8.00000e+00    459s
  1494     -1.84910e+01     -1.76100e+00      8.00000e+00    460s
  1498     -2.00630e+01     -1.76100e+00      8.00000e+00    461s
  1502     -1.80340e+01     -1.76100e+00      8.00000e+00    462s
  1506     -1.80570e+01     -1.76100e+00      8.00000e+00    464s
  1510     -1.93270e+01     -1.76100e+00      8.00000e+00    465s
  1514     -1.86310e+01     -1.76100e+00      8.00000e+00    466s
  1518     -1.79810e+01     -1.76100e+00      8.00000e+00    468s
  1522     -1.95460e+01     -1.76100e+00      8.00000e+00    469s
  1526     -1.83700e+01     -1.76100e+00      8.00000e+00    470s
  1530     -1.77230e+01     -1.76100e+00      8.00000e+00    471s
  1534     -1.84360e+01     -1.76100e+00      8.00000e+00    473s
  1537     -1.88050e+01     -1.76100e+00      8.00000e+00    474s
  1541     -1.82350e+01     -1.76100e+00      8.00000e+00    475s
  1545     -1.83060e+01     -1.76100e+00      8.00000e+00    476s
  1549     -1.95190e+01     -1.76100e+00      8.00000e+00    477s
  1553     -1.92430e+01     -1.76100e+00      8.00000e+00    479s
  1557     -1.93570e+01     -1.76100e+00      8.00000e+00    480s
  1561     -1.91660e+01     -1.76100e+00      8.00000e+00    481s
  1565     -1.88790e+01     -1.76100e+00      8.00000e+00    482s
  1569     -1.95890e+01     -1.76100e+00      8.00000e+00    484s
  1573     -1.90340e+01     -1.76100e+00      8.00000e+00    485s
  1577     -1.90370e+01     -1.76100e+00      8.00000e+00    486s
  1581     -1.99220e+01     -1.76100e+00      8.00000e+00    487s
  1584     -1.90740e+01     -1.76100e+00      8.00000e+00    489s
  1588     -1.97170e+01     -1.76100e+00      8.00000e+00    490s
  1592     -1.88760e+01     -1.76100e+00      8.00000e+00    491s
  1596     -2.02010e+01     -1.76100e+00      8.00000e+00    492s
  1600     -1.81260e+01     -1.76100e+00      8.00000e+00    494s
  1604     -2.08250e+01     -1.76100e+00      8.00000e+00    495s
  1608     -2.13580e+01     -1.76100e+00      8.00000e+00    496s
  1612     -1.97910e+01     -1.76100e+00      8.00000e+00    497s
  1616     -1.96840e+01     -1.76100e+00      8.00000e+00    498s
  1620     -2.13170e+01     -1.76100e+00      8.00000e+00    500s
  1624     -1.89690e+01     -1.76100e+00      8.00000e+00    501s
  1628     -2.01220e+01     -1.76100e+00      8.00000e+00    502s
  1631     -2.12840e+01     -1.76100e+00      8.00000e+00    503s
  1635     -1.89910e+01     -1.76100e+00      8.00000e+00    504s
  1639     -1.98410e+01     -1.76100e+00      8.00000e+00    505s
  1643     -2.15450e+01     -1.76100e+00      8.00000e+00    507s
  1647     -1.95970e+01     -1.76100e+00      8.00000e+00    508s
  1651     -1.85770e+01     -1.76100e+00      8.00000e+00    509s
  1655     -1.83340e+01     -1.76100e+00      8.00000e+00    510s
  1659     -1.83230e+01     -1.76100e+00      8.00000e+00    512s
  1663     -1.88820e+01     -1.76100e+00      8.00000e+00    513s
  1667     -1.85370e+01     -1.76100e+00      8.00000e+00    514s
  1671     -1.82500e+01     -1.76100e+00      8.00000e+00    515s
  1674     -1.94730e+01     -1.76100e+00      8.00000e+00    516s
  1677     -1.80640e+01     -1.76100e+00      8.00000e+00    517s
  1681     -1.80380e+01     -1.76100e+00      8.00000e+00    518s
  1685     -1.84060e+01     -1.76100e+00      8.00000e+00    520s
  1689     -1.91890e+01     -1.76100e+00      8.00000e+00    521s
  1693     -1.85150e+01     -1.76100e+00      8.00000e+00    522s
  1697     -1.90450e+01     -1.76100e+00      8.00000e+00    523s
  1701     -1.91760e+01     -1.76100e+00      8.00000e+00    525s
  1705     -1.50880e+01     -1.76100e+00      8.00000e+00    526s
  1709     -1.62980e+01     -1.76100e+00      8.00000e+00    527s
  1713     -1.92010e+01     -1.76100e+00      8.00000e+00    528s
  1717     -1.49480e+01     -1.76100e+00      8.00000e+00    530s
  1721     -1.66840e+01     -1.76100e+00      8.00000e+00    531s
  1725     -1.95070e+01     -1.76100e+00      8.00000e+00    532s
  1729     -1.45610e+01     -1.76100e+00      8.00000e+00    533s
  1733     -1.61700e+01     -1.76100e+00      8.00000e+00    535s
  1737     -1.91560e+01     -1.76100e+00      8.00000e+00    536s
  1741     -1.52170e+01     -1.76100e+00      8.00000e+00    537s
  1745     -1.62880e+01     -1.76100e+00      8.00000e+00    538s
  1748     -1.87620e+01     -1.76100e+00      8.00000e+00    539s
  1752     -1.91570e+01     -1.76100e+00      8.00000e+00    541s
  1756     -1.89870e+01     -1.76100e+00      8.00000e+00    542s
  1760     -1.96680e+01     -1.76100e+00      8.00000e+00    543s
  1764     -1.93610e+01     -1.76100e+00      8.00000e+00    544s
  1768     -1.86870e+01     -1.76100e+00      8.00000e+00    546s
  1772     -1.82460e+01     -1.76100e+00      8.00000e+00    547s
  1776     -1.89950e+01     -1.76100e+00      8.00000e+00    548s
  1780     -1.94080e+01     -1.76100e+00      8.00000e+00    549s
  1784     -1.84630e+01     -1.76100e+00      8.00000e+00    551s
  1788     -1.89900e+01     -1.76100e+00      8.00000e+00    552s
  1792     -1.87130e+01     -1.76100e+00      8.00000e+00    553s
  1796     -1.92780e+01     -1.76100e+00      8.00000e+00    554s
  1799     -1.84960e+01     -1.76100e+00      8.00000e+00    555s
  1803     -1.90440e+01     -1.76100e+00      8.00000e+00    557s
  1806     -2.00450e+01     -1.76100e+00      8.00000e+00    558s
  1810     -1.84730e+01     -1.76100e+00      8.00000e+00    559s
  1814     -1.90250e+01     -1.76100e+00      8.00000e+00    560s
  1818     -2.02560e+01     -1.76100e+00      8.00000e+00    561s
  1822     -1.95120e+01     -1.76100e+00      8.00000e+00    563s
  1825     -1.94580e+01     -1.76100e+00      8.00000e+00    564s
  1829     -1.97580e+01     -1.76100e+00      8.00000e+00    565s
  1833     -2.00430e+01     -1.76100e+00      8.00000e+00    566s
  1837     -1.87270e+01     -1.76100e+00      8.00000e+00    567s
  1841     -1.93570e+01     -1.76100e+00      8.00000e+00    568s
  1845     -2.02670e+01     -1.76100e+00      8.00000e+00    570s
  1849     -1.90330e+01     -1.76100e+00      8.00000e+00    571s
  1852     -1.92510e+01     -1.76100e+00      8.00000e+00    572s
  1856     -1.95130e+01     -1.76100e+00      8.00000e+00    573s
  1860     -1.90130e+01     -1.76100e+00      8.00000e+00    574s
  1864     -1.86440e+01     -1.76100e+00      8.00000e+00    576s
  1867     -1.97340e+01     -1.76100e+00      8.00000e+00    577s
  1871     -1.95700e+01     -1.76100e+00      8.00000e+00    578s
  1875     -1.86690e+01     -1.76100e+00      8.00000e+00    579s
  1879     -1.97550e+01     -1.76100e+00      8.00000e+00    580s
  1883     -1.98160e+01     -1.76100e+00      8.00000e+00    582s
  1887     -1.93600e+01     -1.76100e+00      8.00000e+00    583s
  1891     -1.92180e+01     -1.76100e+00      8.00000e+00    584s
  1894     -1.89190e+01     -1.76100e+00      8.00000e+00    585s
  1898     -1.88070e+01     -1.76100e+00      8.00000e+00    587s
  1902     -1.87430e+01     -1.76100e+00      8.00000e+00    588s
  1906     -1.89860e+01     -1.76100e+00      8.00000e+00    589s
  1910     -1.93860e+01     -1.76100e+00      8.00000e+00    590s
  1914     -1.90470e+01     -1.76100e+00      8.00000e+00    592s
  1918     -1.93360e+01     -1.76100e+00      8.00000e+00    593s
  1922     -1.93780e+01     -1.76100e+00      8.00000e+00    594s
  1926     -1.90830e+01     -1.76100e+00      8.00000e+00    595s
  1930     -1.93740e+01     -1.76100e+00      8.00000e+00    597s
  1933     -1.85500e+01     -1.76100e+00      8.00000e+00    598s
  1936     -1.96080e+01     -1.76100e+00      8.00000e+00    599s
  1939     -1.84570e+01     -1.76100e+00      8.00000e+00    600s
  1943     -1.86230e+01     -1.76100e+00      8.00000e+00    601s
  1947     -1.83910e+01     -1.76100e+00      8.00000e+00    602s
  1951     -1.86830e+01     -1.76100e+00      8.00000e+00    603s
  1955     -1.99720e+01     -1.76100e+00      8.00000e+00    605s
  1959     -1.96050e+01     -1.76100e+00      8.00000e+00    606s
  1962     -1.85270e+01     -1.76100e+00      8.00000e+00    607s
  1966     -1.88940e+01     -1.76100e+00      8.00000e+00    608s
  1970     -1.93060e+01     -1.76100e+00      8.00000e+00    609s
  1974     -1.88060e+01     -1.76100e+00      8.00000e+00    611s
  1978     -1.96040e+01     -1.76100e+00      8.00000e+00    612s
  1982     -1.93120e+01     -1.76100e+00      8.00000e+00    613s
  1986     -1.92080e+01     -1.76100e+00      8.00000e+00    614s
  1990     -1.97830e+01     -1.76100e+00      8.00000e+00    616s
  1994     -1.97200e+01     -1.76100e+00      8.00000e+00    617s
  1998     -1.89390e+01     -1.76100e+00      8.00000e+00    618s
  2002     -1.92500e+01     -1.76100e+00      8.00000e+00    619s
  2006     -2.04550e+01     -1.76100e+00      8.00000e+00    621s
  2010     -2.02840e+01     -1.76100e+00      8.00000e+00    622s
  2013     -1.93200e+01     -1.76100e+00      8.00000e+00    623s
  2017     -2.00780e+01     -1.76100e+00      8.00000e+00    624s
  2021     -1.98150e+01     -1.76100e+00      8.00000e+00    625s
  2025     -1.84320e+01     -1.76100e+00      8.00000e+00    627s
  2028     -2.02030e+01     -1.76100e+00      8.00000e+00    628s
  2032     -1.91190e+01     -1.76100e+00      8.00000e+00    629s
  2036     -1.88880e+01     -1.76100e+00      8.00000e+00    630s
  2040     -1.98120e+01     -1.76100e+00      8.00000e+00    632s
  2044     -2.08400e+01     -1.76100e+00      8.00000e+00    633s
  2048     -1.93500e+01     -1.76100e+00      8.00000e+00    634s
  2051     -1.98200e+01     -1.76100e+00      8.00000e+00    635s
  2055     -2.06030e+01     -1.76100e+00      8.00000e+00    636s
  2058     -1.99070e+01     -1.76100e+00      8.00000e+00    637s
  2062     -1.85730e+01     -1.76100e+00      8.00000e+00    639s
  2065     -2.01470e+01     -1.76100e+00      8.00000e+00    640s
  2069     -2.08700e+01     -1.76100e+00      8.00000e+00    641s
  2073     -1.90470e+01     -1.76100e+00      8.00000e+00    642s
  2077     -1.91110e+01     -1.76100e+00      8.00000e+00    644s
  2081     -2.09500e+01     -1.76100e+00      8.00000e+00    645s
  2085     -1.97580e+01     -1.76100e+00      8.00000e+00    646s
  2089     -1.93940e+01     -1.76100e+00      8.00000e+00    647s
  2092     -2.02130e+01     -1.76100e+00      8.00000e+00    648s
  2096     -1.98450e+01     -1.76100e+00      8.00000e+00    650s
  2100     -1.96260e+01     -1.76100e+00      8.00000e+00    651s
  2104     -2.03070e+01     -1.76100e+00      8.00000e+00    652s
  2108     -2.14670e+01     -1.76100e+00      8.00000e+00    654s
  2111     -1.89420e+01     -1.76100e+00      8.00000e+00    655s
  2114     -1.92810e+01     -1.76100e+00      8.00000e+00    656s
  2117     -2.13220e+01     -1.76100e+00      8.00000e+00    657s
  2121     -2.10380e+01     -1.76100e+00      8.00000e+00    658s
  2125     -1.88320e+01     -1.76100e+00      8.00000e+00    659s
  2129     -2.11270e+01     -1.76100e+00      8.00000e+00    661s
  2132     -2.13950e+01     -1.76100e+00      8.00000e+00    662s
  2135     -1.98570e+01     -1.76100e+00      8.00000e+00    663s
  2139     -2.04420e+01     -1.76100e+00      8.00000e+00    664s
  2143     -2.23440e+01     -1.76100e+00      8.00000e+00    665s
  2147     -2.03770e+01     -1.76100e+00      8.00000e+00    666s
  2151     -1.87890e+01     -1.76100e+00      8.00000e+00    667s
  2155     -2.30290e+01     -1.76100e+00      8.00000e+00    669s
  2158     -2.25450e+01     -1.76100e+00      8.00000e+00    670s
  2162     -1.87700e+01     -1.76100e+00      8.00000e+00    671s
  2166     -2.15560e+01     -1.76100e+00      8.00000e+00    672s
  2169     -2.34030e+01     -1.76100e+00      8.00000e+00    673s
  2173     -2.02010e+01     -1.76100e+00      8.00000e+00    674s
  2177     -2.05010e+01     -1.76100e+00      8.00000e+00    676s
  2181     -2.32060e+01     -1.76100e+00      8.00000e+00    677s
  2185     -2.01170e+01     -1.76100e+00      8.00000e+00    678s
  2188     -1.86830e+01     -1.76100e+00      8.00000e+00    679s
  2192     -2.31580e+01     -1.76100e+00      8.00000e+00    680s
  2196     -2.16740e+01     -1.76100e+00      8.00000e+00    682s
  2200     -1.91230e+01     -1.76100e+00      8.00000e+00    683s
  2204     -2.48680e+01     -1.76100e+00      8.00000e+00    684s
  2208     -2.41660e+01     -1.76100e+00      8.00000e+00    685s
  2212     -1.89340e+01     -1.76100e+00      8.00000e+00    686s
  2216     -2.12710e+01     -1.76100e+00      8.00000e+00    688s
  2220     -2.24890e+01     -1.76100e+00      8.00000e+00    689s
  2224     -1.89670e+01     -1.76100e+00      8.00000e+00    690s
  2228     -2.37630e+01     -1.76100e+00      8.00000e+00    691s
  2232     -2.52460e+01     -1.76100e+00      8.00000e+00    693s
  2236     -1.91800e+01     -1.76100e+00      8.00000e+00    694s
  2240     -2.13590e+01     -1.76100e+00      8.00000e+00    695s
  2244     -2.23760e+01     -1.76100e+00      8.00000e+00    696s
  2247     -2.00880e+01     -1.76100e+00      8.00000e+00    697s
  2251     -1.81810e+01     -1.76100e+00      8.00000e+00    698s
  2255     -2.37940e+01     -1.76100e+00      8.00000e+00    700s
  2259     -2.38170e+01     -1.76100e+00      8.00000e+00    701s
  2263     -1.95440e+01     -1.76100e+00      8.00000e+00    702s
  2267     -2.54500e+01     -1.76100e+00      8.00000e+00    703s
  2271     -2.54850e+01     -1.76100e+00      8.00000e+00    704s
  2275     -1.81880e+01     -1.76100e+00      8.00000e+00    706s
  2279     -2.25020e+01     -1.76100e+00      8.00000e+00    707s
  2283     -2.43110e+01     -1.76100e+00      8.00000e+00    708s
  2287     -1.86230e+01     -1.76100e+00      8.00000e+00    709s
  2291     -2.38170e+01     -1.76100e+00      8.00000e+00    710s
  2295     -2.63310e+01     -1.76100e+00      8.00000e+00    712s
  2299     -1.89370e+01     -1.76100e+00      8.00000e+00    713s
  2303     -1.33240e+01     -1.76100e+00      8.00000e+00    714s
  2307     -2.21970e+01     -1.76100e+00      8.00000e+00    715s
  2311     -2.09220e+01     -1.76100e+00      8.00000e+00    717s
  2315     -2.24620e+01     -1.76100e+00      8.00000e+00    718s
  2319     -3.50880e+01     -1.76100e+00      8.00000e+00    719s
  2323     -2.67650e+01     -1.76100e+00      8.00000e+00    720s
  2327     -1.31560e+01     -1.76100e+00      8.00000e+00    721s
  2331     -2.07620e+01     -1.76100e+00      8.00000e+00    723s
  2335     -2.13950e+01     -1.76100e+00      8.00000e+00    724s
  2339     -2.08510e+01     -1.76100e+00      8.00000e+00    725s
  2343     -3.54140e+01     -1.76100e+00      8.00000e+00    726s
  2347     -2.90580e+01     -1.76100e+00      8.00000e+00    728s
  2351     -2.05810e+01     -1.76100e+00      8.00000e+00    729s
  2355     -3.32170e+01     -1.76100e+00      8.00000e+00    730s
  2359     -2.85190e+01     -1.76100e+00      8.00000e+00    731s
  2363     -1.88340e+01     -1.76100e+00      8.00000e+00    732s
  2367     -2.66500e+01     -1.76100e+00      8.00000e+00    734s
  2371     -2.41460e+01     -1.76100e+00      8.00000e+00    735s
  2375     -2.06950e+01     -1.76100e+00      8.00000e+00    736s
  2379     -3.23560e+01     -1.76100e+00      8.00000e+00    737s
  2383     -2.88940e+01     -1.76100e+00      8.00000e+00    738s
  2387     -1.85580e+01     -1.76100e+00      8.00000e+00    740s
  2391     -2.67110e+01     -1.76100e+00      8.00000e+00    741s
  2395     -2.51270e+01     -1.76100e+00      8.00000e+00    742s
  2399     -1.94960e+01     -1.76100e+00      8.00000e+00    743s
  2403     -4.53140e+01     -1.76100e+00      8.00000e+00    744s
  2407     -4.32060e+01     -1.76100e+00      8.00000e+00    745s
  2411     -2.04080e+01     -1.76100e+00      8.00000e+00    747s
  2415     -1.86860e+01     -1.76100e+00      8.00000e+00    748s
  2419     -6.78000e+00     -1.76100e+00      8.00000e+00    749s
  2423     -7.00400e+00     -1.52800e+00      8.00000e+00    750s
  2426     -3.30300e+01     -1.52800e+00      8.00000e+00    751s
  2430     -4.99760e+01     -1.52800e+00      8.00000e+00    752s
  2434     -2.62850e+01     -1.52800e+00      8.00000e+00    753s
  2438     -1.90190e+01     -1.52800e+00      8.00000e+00    755s
  2442     -1.30610e+01     -1.52800e+00      8.00000e+00    756s
  2446     -1.83600e+00     -1.52800e+00      8.00000e+00    757s
  2450     -1.96300e+01     -1.52800e+00      8.00000e+00    758s
  2454     -1.83140e+01     -1.52800e+00      8.00000e+00    760s
  2458     -1.78500e+01     -1.52800e+00      8.00000e+00    761s
  2462     -1.93520e+01     -1.52800e+00      8.00000e+00    762s
  2465     -1.94720e+01     -1.52800e+00      8.00000e+00    763s
  2469     -2.00000e+01     -1.52800e+00      8.00000e+00    764s
  2472     -1.84220e+01     -1.52800e+00      8.00000e+00    766s
  2476     -1.88510e+01     -1.52800e+00      8.00000e+00    767s
  2479     -1.83590e+01     -1.52800e+00      8.00000e+00    768s
  2482     -1.92670e+01     -1.52800e+00      8.00000e+00    769s
  2485     -1.88290e+01     -1.52800e+00      8.00000e+00    770s
  2489     -1.93100e+01     -1.52800e+00      8.00000e+00    771s
  2493     -1.88800e+01     -1.52800e+00      8.00000e+00    772s
  2497     -1.96700e+01     -1.52800e+00      8.00000e+00    774s

==================================================
Summary of results QAOA
--------------------------------------------------
Avg of QAOA obj (BQO obj):    1.07
Avg of QAOA obj (penalty):    -2.60
Avg of constraint violation:  0.22

Avg of QAOA obj:              -1.53
STD of QAOA obj:              4.61
Avg of QAOA obj (feasible):   1.24
STD of QAOA obj (feasible):   0.70

Gamma angles:                 6.15
Beta angles:                  2.69

Best QAOA obj:                8.00
Modified best QAOA obj:       8.00
Best QAOA obj (feasible):     8.00

QAOA total time:              774.34s
QAOA circuit depth:           26
==================================================

==================================================
Summary of results of 0-S8
--------------------------------------------------
Number of vertices:           8
Number of edges:              22

Vertex num in largest comp:   8
Edge num in largest comp:     22

Pre-processing running time:  0.00
Total solver time:            773.67
Running time:                 777.49

Upper bound:                  12.00
Objective value:              8.00

Partition 0:                  1, 3, 4, 5, 6, 8    
Partition 1:                  7                   
Partition 2:                  2                   
==================================================
