==================================================
Instance parameters
--------------------------------------------------
Number of vertices:           19
Number of edges:              51
Number of partitions:         2

Density (%):                  30
Name of instance:             seed1_band
Is planar:                    True
==================================================

==================================================
Solver parameters
--------------------------------------------------
Method:                       R-QUBO
Peel:                         False
Decompose:                    False
Fold:                         False

QAOA Num Levels:              1
QAOA Scipy Optimizer:         brute
==================================================

  iter        avg-obj        best avg-obj       best-obj      time
     1      1.19800e+00      1.67400e+00      1.50000e+01      1s
     5      1.44000e+00      1.67400e+00      1.60000e+01      2s
     9      1.33000e+00      1.71200e+00      1.60000e+01      4s
    13      1.58200e+00      1.71200e+00      1.60000e+01      5s
    17      1.37900e+00      1.71200e+00      1.60000e+01      6s
    21      1.32300e+00      1.71200e+00      1.60000e+01      7s
    25      1.19400e+00      1.75800e+00      1.60000e+01      8s
    29      1.52800e+00      1.75800e+00      1.60000e+01     10s
    33      1.60200e+00      1.75800e+00      1.60000e+01     11s
    37      1.28800e+00      1.75800e+00      1.60000e+01     12s
    41      1.55000e+00      1.75800e+00      1.60000e+01     13s
    45      1.44200e+00      1.75800e+00      1.60000e+01     14s
    49      1.56500e+00      1.75800e+00      1.60000e+01     16s
    53      1.91000e+00      1.91000e+00      1.60000e+01     17s
    57      1.48200e+00      1.91000e+00      1.60000e+01     18s
    61      1.62400e+00      1.91000e+00      1.70000e+01     19s
    65      1.72900e+00      1.91000e+00      1.70000e+01     20s
    69      1.56900e+00      1.91000e+00      1.70000e+01     22s
    73      1.18000e+00      1.91000e+00      1.70000e+01     23s
    77      1.63500e+00      1.91000e+00      1.70000e+01     24s
    81      1.47700e+00      1.91000e+00      1.70000e+01     25s
    85      1.30800e+00      1.91000e+00      1.70000e+01     27s
    89      1.81900e+00      1.91000e+00      1.70000e+01     28s
    93      1.58200e+00      2.06400e+00      1.70000e+01     29s
    97      1.29700e+00      2.06400e+00      1.70000e+01     30s
   101      1.77600e+00      2.06400e+00      1.70000e+01     31s
   105      1.80900e+00      2.26200e+00      1.70000e+01     33s
   109      1.01000e+00      2.26200e+00      1.70000e+01     34s
   113      1.72600e+00      2.26200e+00      1.70000e+01     35s
   117      1.70300e+00      2.26200e+00      1.70000e+01     36s
   121      1.23900e+00      2.26200e+00      1.70000e+01     38s
   125      1.80900e+00      2.26200e+00      1.70000e+01     39s
   129      2.12300e+00      2.26200e+00      1.70000e+01     40s
   133      1.16200e+00      2.26200e+00      1.70000e+01     42s
   137      1.58400e+00      2.26200e+00      1.70000e+01     43s
   141      2.02600e+00      2.26200e+00      1.70000e+01     44s
   145      1.19200e+00      2.26200e+00      1.70000e+01     45s
   149      1.54400e+00      2.26200e+00      1.70000e+01     47s
   153      2.23600e+00      2.26200e+00      1.70000e+01     48s
   157      1.51600e+00      2.26200e+00      1.70000e+01     49s
   161      1.17400e+00      2.26200e+00      1.70000e+01     50s
   164      1.95700e+00      2.26200e+00      1.70000e+01     51s
   168      1.61100e+00      2.39400e+00      1.70000e+01     53s
   172      1.03400e+00      2.39400e+00      1.70000e+01     54s
   176      2.01000e+00      2.39400e+00      1.70000e+01     55s
   180      1.86700e+00      2.39400e+00      1.70000e+01     56s
   184      1.03000e+00      2.39400e+00      1.70000e+01     58s
   188      1.96000e+00      2.39400e+00      1.70000e+01     59s
   192      2.06200e+00      2.39400e+00      1.70000e+01     60s
   196      1.03300e+00      2.39400e+00      1.70000e+01     61s
   200      1.59200e+00      2.39400e+00      1.70000e+01     63s
   204      2.25900e+00      2.39400e+00      1.70000e+01     64s
   207      1.29900e+00      2.39400e+00      1.70000e+01     65s
   211      1.26700e+00      2.39400e+00      1.70000e+01     66s
   215      2.10700e+00      2.39400e+00      1.70000e+01     68s
   218      1.89100e+00      2.39400e+00      1.70000e+01     69s
   222      9.19000e-01      2.39400e+00      1.70000e+01     70s
   226      1.85500e+00      2.39400e+00      1.70000e+01     71s
   230      1.97100e+00      2.39400e+00      1.70000e+01     72s
   234      1.17600e+00      2.39400e+00      1.70000e+01     74s
   238      1.82000e+00      2.39400e+00      1.70000e+01     75s
   242      1.83500e+00      2.39400e+00      1.70000e+01     76s
   246      1.00900e+00      2.39400e+00      1.70000e+01     77s
   250      1.72600e+00      2.39400e+00      1.70000e+01     79s
   253      2.01600e+00      2.39400e+00      1.70000e+01     80s
   257      1.38200e+00      2.39400e+00      1.70000e+01     81s
   261      1.17800e+00      2.39400e+00      1.70000e+01     82s
   264      1.99500e+00      2.39400e+00      1.70000e+01     83s
   268      1.79700e+00      2.39400e+00      1.70000e+01     84s
   272      1.07000e+00      2.39400e+00      1.70000e+01     86s
   276      1.86000e+00      2.39400e+00      1.70000e+01     87s
   280      1.92300e+00      2.39400e+00      1.70000e+01     88s
   284      9.76000e-01      2.39400e+00      1.70000e+01     89s
   288      2.00100e+00      2.39400e+00      1.70000e+01     91s
   291      1.90200e+00      2.39400e+00      1.70000e+01     92s
   295      1.19700e+00      2.39400e+00      1.70000e+01     93s
   299      1.55700e+00      2.39400e+00      1.70000e+01     94s
   303      2.11400e+00      2.39400e+00      1.70000e+01     95s
   307      1.43900e+00      2.39400e+00      1.70000e+01     96s
   310      1.18400e+00      2.39400e+00      1.70000e+01     97s
   314      1.96100e+00      2.39400e+00      1.70000e+01     99s
   318      1.74400e+00      2.39400e+00      1.70000e+01    100s
   322      1.13500e+00      2.39400e+00      1.70000e+01    101s
   326      1.82500e+00      2.39400e+00      1.70000e+01    103s
   330      1.84700e+00      2.39400e+00      1.70000e+01    104s
   334      1.15400e+00      2.39400e+00      1.70000e+01    105s
   338      1.61400e+00      2.39400e+00      1.70000e+01    106s
   342      1.94800e+00      2.39400e+00      1.70000e+01    108s
   346      1.16900e+00      2.39400e+00      1.70000e+01    109s
   350      1.50900e+00      2.39400e+00      1.70000e+01    110s
   354      1.70900e+00      2.39400e+00      1.70000e+01    112s
   358      1.30800e+00      2.39400e+00      1.70000e+01    113s
   362      1.37700e+00      2.39400e+00      1.70000e+01    114s
   366      1.88000e+00      2.39400e+00      1.70000e+01    115s
   370      1.46500e+00      2.39400e+00      1.70000e+01    117s
   374      1.43600e+00      2.39400e+00      1.70000e+01    118s
   378      1.75300e+00      2.39400e+00      1.70000e+01    119s
   382      1.30400e+00      2.39400e+00      1.70000e+01    121s
   386      1.25800e+00      2.39400e+00      1.70000e+01    122s
   390      1.75000e+00      2.39400e+00      1.70000e+01    123s
   394      1.47500e+00      2.39400e+00      1.70000e+01    125s
   398      1.32100e+00      2.39400e+00      1.70000e+01    126s
   401      1.47800e+00      2.39400e+00      1.70000e+01    127s
   404      1.68000e+00      2.39400e+00      1.70000e+01    128s
   408      1.52000e+00      2.39400e+00      1.70000e+01    129s
   411      1.32400e+00      2.39400e+00      1.70000e+01    130s
   415      1.90100e+00      2.39400e+00      1.70000e+01    131s
   419      1.53000e+00      2.39400e+00      1.70000e+01    133s
   423      1.37000e+00      2.39400e+00      1.70000e+01    134s
   427      1.88500e+00      2.39400e+00      1.70000e+01    135s
   431      1.76800e+00      2.39400e+00      1.70000e+01    137s
   434      1.41200e+00      2.39400e+00      1.70000e+01    138s
   438      1.76200e+00      2.39400e+00      1.70000e+01    139s
   441      1.58000e+00      2.39400e+00      1.70000e+01    140s
   444      1.41300e+00      2.39400e+00      1.70000e+01    141s
   447      1.52300e+00      2.39400e+00      1.70000e+01    142s
   450      1.62600e+00      2.39400e+00      1.70000e+01    143s
   453      1.66300e+00      2.39400e+00      1.70000e+01    144s
   457      1.64800e+00      2.39400e+00      1.70000e+01    145s
   461      1.52100e+00      2.39400e+00      1.70000e+01    147s
   465      1.44500e+00      2.39400e+00      1.70000e+01    148s
   468      1.81300e+00      2.39400e+00      1.70000e+01    149s
   472      1.50200e+00      2.39400e+00      1.70000e+01    150s
   476      1.55600e+00      2.39400e+00      1.70000e+01    151s
   480      1.87200e+00      2.39400e+00      1.70000e+01    153s
   484      1.40600e+00      2.39400e+00      1.70000e+01    154s
   488      1.42900e+00      2.39400e+00      1.70000e+01    155s
   492      1.65500e+00      2.39400e+00      1.70000e+01    156s
   496      1.56300e+00      2.39400e+00      1.70000e+01    158s
   500      1.57100e+00      2.39400e+00      1.70000e+01    159s
   504      1.70400e+00      2.39400e+00      1.70000e+01    160s
   508      1.49900e+00      2.39400e+00      1.70000e+01    161s
   512      1.25300e+00      2.39400e+00      1.70000e+01    163s
   516      1.95600e+00      2.39400e+00      1.70000e+01    164s
   520      1.72800e+00      2.39400e+00      1.70000e+01    165s
   524      1.53900e+00      2.39400e+00      1.70000e+01    166s
   528      1.72500e+00      2.39400e+00      1.70000e+01    168s
   532      1.73700e+00      2.39400e+00      1.70000e+01    169s
   536      1.61700e+00      2.39400e+00      1.70000e+01    170s
   539      1.60700e+00      2.39400e+00      1.70000e+01    171s
   543      1.76400e+00      2.39400e+00      1.70000e+01    172s
   547      1.54200e+00      2.39400e+00      1.70000e+01    174s
   551      1.50200e+00      2.39400e+00      1.70000e+01    175s
   554      1.64200e+00      2.39400e+00      1.70000e+01    176s
   558      1.54200e+00      2.39400e+00      1.70000e+01    177s
   562      1.59200e+00      2.39400e+00      1.70000e+01    178s
   566      1.70500e+00      2.39400e+00      1.70000e+01    180s
   570      1.67200e+00      2.39400e+00      1.70000e+01    181s
   574      1.42600e+00      2.39400e+00      1.70000e+01    182s
   577      1.54300e+00      2.39400e+00      1.70000e+01    183s
   581      1.60500e+00      2.39400e+00      1.70000e+01    184s
   585      1.52600e+00      2.39400e+00      1.70000e+01    186s
   588      1.53300e+00      2.39400e+00      1.70000e+01    187s
   592      1.63500e+00      2.39400e+00      1.70000e+01    188s
   596      1.72900e+00      2.39400e+00      1.70000e+01    189s
   600      1.64500e+00      2.39400e+00      1.70000e+01    190s
   604      1.75500e+00      2.39400e+00      1.70000e+01    192s
   608      1.51700e+00      2.39400e+00      1.70000e+01    193s
   612      1.24400e+00      2.39400e+00      1.70000e+01    194s
   616      1.56300e+00      2.39400e+00      1.70000e+01    195s
   620      1.38500e+00      2.39400e+00      1.70000e+01    196s
   624      1.44200e+00      2.39400e+00      1.70000e+01    198s
   628      1.44000e+00      2.39400e+00      1.70000e+01    199s
   632      1.74400e+00      2.39400e+00      1.70000e+01    200s
   636      1.39300e+00      2.39400e+00      1.70000e+01    201s
   640      1.30800e+00      2.39400e+00      1.70000e+01    202s
   644      1.69900e+00      2.39400e+00      1.70000e+01    204s
   648      1.37800e+00      2.39400e+00      1.70000e+01    205s
   651      1.34800e+00      2.39400e+00      1.70000e+01    206s
   655      1.38200e+00      2.39400e+00      1.70000e+01    207s
   659      1.54900e+00      2.39400e+00      1.70000e+01    208s
   663      1.46200e+00      2.39400e+00      1.70000e+01    210s
   667      1.52300e+00      2.39400e+00      1.70000e+01    211s
   671      1.33100e+00      2.39400e+00      1.70000e+01    212s
   675      1.51200e+00      2.39400e+00      1.70000e+01    214s
   679      1.23800e+00      2.39400e+00      1.70000e+01    215s
   683      1.43600e+00      2.39400e+00      1.70000e+01    216s
   687      1.27000e+00      2.39400e+00      1.70000e+01    217s
   691      1.43200e+00      2.39400e+00      1.70000e+01    218s
   695      1.58500e+00      2.39400e+00      1.70000e+01    220s
   699      1.56000e+00      2.39400e+00      1.70000e+01    221s
   703      1.20500e+00      2.39400e+00      1.70000e+01    222s
   707      1.41400e+00      2.39400e+00      1.70000e+01    223s
   711      1.32300e+00      2.39400e+00      1.70000e+01    225s
   715      1.47600e+00      2.39400e+00      1.70000e+01    226s
   719      1.51700e+00      2.39400e+00      1.70000e+01    227s
   723      1.59300e+00      2.39400e+00      1.70000e+01    228s
   727      1.35100e+00      2.39400e+00      1.70000e+01    229s
   731      1.42700e+00      2.39400e+00      1.70000e+01    231s
   735      1.56400e+00      2.39400e+00      1.70000e+01    232s
   739      1.39700e+00      2.39400e+00      1.70000e+01    233s
   743      1.36400e+00      2.39400e+00      1.70000e+01    234s
   747      1.30900e+00      2.39400e+00      1.70000e+01    236s
   750      1.51600e+00      2.39400e+00      1.70000e+01    237s
   754      1.29500e+00      2.39400e+00      1.70000e+01    238s
   758      1.43100e+00      2.39400e+00      1.70000e+01    239s
   762      1.43000e+00      2.39400e+00      1.70000e+01    240s
   766      1.17300e+00      2.39400e+00      1.70000e+01    242s
   770      1.45500e+00      2.39400e+00      1.70000e+01    243s
   774      1.37000e+00      2.39400e+00      1.70000e+01    244s
   778      1.38600e+00      2.39400e+00      1.70000e+01    245s
   782      1.42800e+00      2.39400e+00      1.70000e+01    247s
   786      1.49400e+00      2.39400e+00      1.70000e+01    248s
   790      1.42000e+00      2.39400e+00      1.70000e+01    249s
   793      1.35800e+00      2.39400e+00      1.70000e+01    250s
   797      1.35800e+00      2.39400e+00      1.70000e+01    251s
   801      1.42000e+00      2.39400e+00      1.70000e+01    252s
   805      1.15400e+00      2.39400e+00      1.70000e+01    254s
   809      1.58400e+00      2.39400e+00      1.70000e+01    255s
   813      1.60400e+00      2.39400e+00      1.70000e+01    256s
   817      1.13900e+00      2.39400e+00      1.70000e+01    257s
   821      1.52000e+00      2.39400e+00      1.70000e+01    259s
   825      1.35700e+00      2.39400e+00      1.70000e+01    260s
   829      1.36300e+00      2.39400e+00      1.70000e+01    261s
   833      1.22300e+00      2.39400e+00      1.70000e+01    262s
   837      1.51800e+00      2.39400e+00      1.70000e+01    264s
   841      1.19500e+00      2.39400e+00      1.70000e+01    265s
   845      1.25500e+00      2.39400e+00      1.70000e+01    266s
   849      1.53100e+00      2.39400e+00      1.70000e+01    267s
   853      1.29600e+00      2.39400e+00      1.70000e+01    269s
   857      1.32800e+00      2.39400e+00      1.70000e+01    270s
   861      1.54800e+00      2.39400e+00      1.70000e+01    271s
   865      1.47900e+00      2.39400e+00      1.70000e+01    272s
   869      1.34600e+00      2.39400e+00      1.70000e+01    274s
   873      1.64200e+00      2.39400e+00      1.70000e+01    275s
   877      1.52200e+00      2.39400e+00      1.70000e+01    276s
   881      1.33100e+00      2.39400e+00      1.70000e+01    277s
   885      1.44400e+00      2.39400e+00      1.70000e+01    278s
   889      1.44400e+00      2.39400e+00      1.70000e+01    280s
   893      1.20300e+00      2.39400e+00      1.70000e+01    281s
   897      1.49900e+00      2.39400e+00      1.70000e+01    282s
   901      1.26100e+00      2.39400e+00      1.70000e+01    283s
   905      1.37100e+00      2.39400e+00      1.70000e+01    285s
   909      1.39400e+00      2.39400e+00      1.70000e+01    286s
   913      1.20500e+00      2.39400e+00      1.70000e+01    287s
   917      1.08700e+00      2.39400e+00      1.70000e+01    288s
   921      1.52200e+00      2.39400e+00      1.70000e+01    289s
   925      1.72900e+00      2.39400e+00      1.70000e+01    291s
   929      1.18000e+00      2.39400e+00      1.70000e+01    292s
   933      1.79500e+00      2.39400e+00      1.70000e+01    293s
   936      1.59400e+00      2.39400e+00      1.70000e+01    294s
   939      1.35500e+00      2.39400e+00      1.70000e+01    295s
   943      1.36100e+00      2.39400e+00      1.70000e+01    297s
   947      1.77200e+00      2.39400e+00      1.70000e+01    298s
   951      1.32600e+00      2.39400e+00      1.70000e+01    299s
   955      1.37100e+00      2.39400e+00      1.70000e+01    300s
   958      1.59600e+00      2.39400e+00      1.70000e+01    302s
   962      1.59000e+00      2.39400e+00      1.70000e+01    303s
   966      1.22200e+00      2.39400e+00      1.70000e+01    304s
   970      1.50800e+00      2.39400e+00      1.70000e+01    305s
   974      1.32300e+00      2.39400e+00      1.70000e+01    307s
   978      1.20100e+00      2.39400e+00      1.70000e+01    308s
   982      1.65100e+00      2.39400e+00      1.70000e+01    309s
   986      1.57000e+00      2.39400e+00      1.70000e+01    310s
   990      1.21000e+00      2.39400e+00      1.70000e+01    311s
   994      1.46000e+00      2.39400e+00      1.70000e+01    313s
   998      1.65000e+00      2.39400e+00      1.70000e+01    314s
  1002      1.35700e+00      2.39400e+00      1.70000e+01    315s
  1006      1.39100e+00      2.39400e+00      1.70000e+01    316s
  1010      1.80500e+00      2.39400e+00      1.70000e+01    318s
  1014      1.52500e+00      2.39400e+00      1.70000e+01    319s
  1018      1.25400e+00      2.39400e+00      1.70000e+01    320s
  1022      1.84900e+00      2.39400e+00      1.70000e+01    321s
  1026      1.32800e+00      2.39400e+00      1.70000e+01    323s
  1030      1.10500e+00      2.39400e+00      1.70000e+01    324s
  1034      1.64600e+00      2.39400e+00      1.70000e+01    325s
  1038      1.19800e+00      2.39400e+00      1.70000e+01    326s
  1042      1.41400e+00      2.39400e+00      1.70000e+01    327s
  1046      1.72400e+00      2.39400e+00      1.70000e+01    329s
  1050      1.48800e+00      2.39400e+00      1.70000e+01    330s
  1054      1.22000e+00      2.39400e+00      1.70000e+01    331s
  1058      1.78500e+00      2.39400e+00      1.70000e+01    332s
  1062      1.41200e+00      2.39400e+00      1.70000e+01    334s
  1066      1.17900e+00      2.39400e+00      1.70000e+01    335s
  1070      1.71900e+00      2.39400e+00      1.70000e+01    336s
  1074      1.40600e+00      2.39400e+00      1.70000e+01    337s
  1078      1.32600e+00      2.39400e+00      1.70000e+01    339s
  1082      1.43100e+00      2.39400e+00      1.70000e+01    340s
  1086      1.61100e+00      2.39400e+00      1.70000e+01    341s
  1090      1.04400e+00      2.39400e+00      1.70000e+01    342s
  1094      1.60100e+00      2.39400e+00      1.70000e+01    344s
  1098      1.72900e+00      2.39400e+00      1.70000e+01    345s
  1102      1.21800e+00      2.39400e+00      1.70000e+01    346s
  1106      1.68000e+00      2.39400e+00      1.70000e+01    347s
  1109      1.80100e+00      2.39400e+00      1.70000e+01    348s
  1113      1.52300e+00      2.39400e+00      1.70000e+01    350s
  1117      1.43200e+00      2.39400e+00      1.70000e+01    351s
  1121      1.70300e+00      2.39400e+00      1.70000e+01    352s
  1125      1.56600e+00      2.39400e+00      1.70000e+01    353s
  1129      1.17700e+00      2.39400e+00      1.70000e+01    354s
  1133      1.67300e+00      2.39400e+00      1.70000e+01    355s
  1137      1.45800e+00      2.39400e+00      1.70000e+01    357s
  1141      1.27300e+00      2.39400e+00      1.70000e+01    358s
  1145      1.61700e+00      2.39400e+00      1.70000e+01    359s
  1149      1.51200e+00      2.39400e+00      1.70000e+01    360s
  1153      1.36600e+00      2.39400e+00      1.70000e+01    361s
  1156      1.70600e+00      2.39400e+00      1.70000e+01    362s
  1160      1.67200e+00      2.39400e+00      1.70000e+01    364s
  1164      1.21400e+00      2.39400e+00      1.70000e+01    365s
  1168      1.46600e+00      2.39400e+00      1.70000e+01    366s
  1172      1.49100e+00      2.39400e+00      1.70000e+01    367s
  1176      1.39700e+00      2.39400e+00      1.70000e+01    369s
  1180      1.29200e+00      2.39400e+00      1.70000e+01    370s
  1184      1.88300e+00      2.39400e+00      1.70000e+01    371s
  1188      1.45600e+00      2.39400e+00      1.70000e+01    372s
  1192      1.22100e+00      2.39400e+00      1.70000e+01    373s
  1196      1.57500e+00      2.39400e+00      1.70000e+01    375s
  1199      1.51000e+00      2.39400e+00      1.70000e+01    376s
  1203      1.42000e+00      2.39400e+00      1.70000e+01    377s
  1207      1.50000e+00      2.39400e+00      1.70000e+01    378s
  1211      1.56200e+00      2.39400e+00      1.70000e+01    379s
  1215      1.37600e+00      2.39400e+00      1.70000e+01    380s
  1219      1.52000e+00      2.39400e+00      1.70000e+01    382s
  1223      1.66600e+00      2.39400e+00      1.70000e+01    383s
  1227      1.54300e+00      2.39400e+00      1.70000e+01    384s
  1231      1.44600e+00      2.39400e+00      1.70000e+01    385s
  1235      1.54600e+00      2.39400e+00      1.70000e+01    387s
  1239      1.54300e+00      2.39400e+00      1.70000e+01    388s
  1242      1.43200e+00      2.39400e+00      1.70000e+01    389s
  1246      1.66300e+00      2.39400e+00      1.70000e+01    390s
  1250      1.49100e+00      2.39400e+00      1.70000e+01    391s
  1254      1.62600e+00      2.39400e+00      1.70000e+01    393s
  1258      1.39400e+00      2.39400e+00      1.70000e+01    394s
  1262      1.37400e+00      2.39400e+00      1.70000e+01    395s
  1266      1.53100e+00      2.39400e+00      1.70000e+01    396s
  1269      1.48100e+00      2.39400e+00      1.70000e+01    398s
  1273      1.53300e+00      2.39400e+00      1.70000e+01    399s
  1277      1.43900e+00      2.39400e+00      1.70000e+01    400s
  1281      1.41700e+00      2.39400e+00      1.70000e+01    401s
  1284      1.41300e+00      2.39400e+00      1.70000e+01    402s
  1288      1.54500e+00      2.39400e+00      1.70000e+01    404s
  1292      1.43900e+00      2.39400e+00      1.70000e+01    405s
  1296      1.54800e+00      2.39400e+00      1.70000e+01    406s
  1300      1.60900e+00      2.39400e+00      1.70000e+01    407s
  1304      1.73900e+00      2.39400e+00      1.70000e+01    409s
  1308      1.33400e+00      2.39400e+00      1.70000e+01    410s
  1312      1.47000e+00      2.39400e+00      1.70000e+01    411s
  1316      1.68600e+00      2.39400e+00      1.70000e+01    412s
  1320      1.46200e+00      2.39400e+00      1.70000e+01    413s
  1324      1.52900e+00      2.39400e+00      1.70000e+01    415s
  1328      1.61800e+00      2.39400e+00      1.70000e+01    416s
  1332      1.49800e+00      2.39400e+00      1.70000e+01    417s
  1336      1.47400e+00      2.39400e+00      1.70000e+01    418s
  1340      1.81900e+00      2.39400e+00      1.70000e+01    420s
  1344      1.37700e+00      2.39400e+00      1.70000e+01    421s
  1347      1.36300e+00      2.39400e+00      1.70000e+01    422s
  1351      1.54800e+00      2.39400e+00      1.70000e+01    423s
  1355      1.56500e+00      2.39400e+00      1.70000e+01    424s
  1359      1.06600e+00      2.39400e+00      1.70000e+01    425s
  1363      1.65100e+00      2.39400e+00      1.70000e+01    427s
  1367      1.65900e+00      2.39400e+00      1.70000e+01    428s
  1371      1.24900e+00      2.39400e+00      1.70000e+01    429s
  1375      1.46100e+00      2.39400e+00      1.70000e+01    430s
  1379      1.48500e+00      2.39400e+00      1.70000e+01    432s
  1383      1.03600e+00      2.39400e+00      1.70000e+01    433s
  1387      1.27100e+00      2.39400e+00      1.70000e+01    434s
  1391      1.89800e+00      2.39400e+00      1.70000e+01    435s
  1395      1.15800e+00      2.39400e+00      1.70000e+01    437s
  1399      1.53100e+00      2.39400e+00      1.70000e+01    438s
  1403      1.60100e+00      2.39400e+00      1.70000e+01    439s
  1407      1.28700e+00      2.39400e+00      1.70000e+01    440s
  1411      1.30300e+00      2.39400e+00      1.70000e+01    441s
  1415      1.88000e+00      2.39400e+00      1.70000e+01    443s
  1418      1.37100e+00      2.39400e+00      1.70000e+01    444s
  1422      1.05400e+00      2.39400e+00      1.70000e+01    445s
  1426      1.42600e+00      2.39400e+00      1.70000e+01    446s
  1430      1.71100e+00      2.39400e+00      1.70000e+01    447s
  1434      1.06900e+00      2.39400e+00      1.70000e+01    448s
  1438      1.85800e+00      2.39400e+00      1.70000e+01    450s
  1442      1.47400e+00      2.39400e+00      1.70000e+01    451s
  1446      9.55000e-01      2.39400e+00      1.70000e+01    452s
  1450      1.50900e+00      2.39400e+00      1.70000e+01    453s
  1454      1.63500e+00      2.39400e+00      1.70000e+01    454s
  1458      1.14700e+00      2.39400e+00      1.70000e+01    456s
  1462      1.18900e+00      2.39400e+00      1.70000e+01    457s
  1466      1.84500e+00      2.39400e+00      1.70000e+01    458s
  1470      1.08700e+00      2.39400e+00      1.70000e+01    459s
  1474      1.50300e+00      2.39400e+00      1.70000e+01    460s
  1478      1.62300e+00      2.39400e+00      1.70000e+01    461s
  1482      1.26900e+00      2.39400e+00      1.70000e+01    463s
  1486      1.33100e+00      2.39400e+00      1.70000e+01    464s
  1490      1.80400e+00      2.39400e+00      1.70000e+01    465s
  1494      1.38800e+00      2.39400e+00      1.70000e+01    466s
  1498      1.37100e+00      2.39400e+00      1.70000e+01    467s
  1502      1.59700e+00      2.39400e+00      1.70000e+01    469s
  1506      1.36700e+00      2.39400e+00      1.70000e+01    470s
  1510      1.22000e+00      2.39400e+00      1.70000e+01    471s
  1514      1.53200e+00      2.39400e+00      1.70000e+01    472s
  1518      1.34600e+00      2.39400e+00      1.70000e+01    473s
  1522      1.15400e+00      2.39400e+00      1.70000e+01    475s
  1526      1.60700e+00      2.39400e+00      1.70000e+01    476s
  1530      1.58100e+00      2.39400e+00      1.70000e+01    477s
  1534      1.26700e+00      2.39400e+00      1.70000e+01    478s
  1538      1.58100e+00      2.39400e+00      1.70000e+01    479s
  1542      1.50300e+00      2.39400e+00      1.70000e+01    481s
  1546      1.31700e+00      2.39400e+00      1.70000e+01    482s
  1550      1.50000e+00      2.39400e+00      1.70000e+01    483s
  1554      1.47400e+00      2.39400e+00      1.70000e+01    484s
  1558      1.05400e+00      2.39400e+00      1.70000e+01    485s
  1562      1.55600e+00      2.39400e+00      1.70000e+01    486s
  1566      1.40100e+00      2.39400e+00      1.70000e+01    488s
  1570      1.21900e+00      2.39400e+00      1.70000e+01    489s
  1574      1.60400e+00      2.39400e+00      1.70000e+01    490s
  1578      1.57700e+00      2.39400e+00      1.70000e+01    491s
  1582      1.24000e+00      2.39400e+00      1.70000e+01    492s
  1586      1.29700e+00      2.39400e+00      1.70000e+01    494s
  1590      1.59900e+00      2.39400e+00      1.70000e+01    495s
  1594      1.48100e+00      2.39400e+00      1.70000e+01    496s
  1597      1.40100e+00      2.39400e+00      1.70000e+01    497s
  1601      1.39400e+00      2.39400e+00      1.70000e+01    498s
  1605      1.37700e+00      2.39400e+00      1.70000e+01    499s
  1609      1.42800e+00      2.39400e+00      1.70000e+01    501s
  1612      1.36000e+00      2.39400e+00      1.70000e+01    502s
  1616      1.43500e+00      2.39400e+00      1.70000e+01    503s
  1620      1.29300e+00      2.39400e+00      1.70000e+01    504s
  1624      1.35200e+00      2.39400e+00      1.70000e+01    505s
  1628      1.50100e+00      2.39400e+00      1.70000e+01    507s
  1632      1.34000e+00      2.39400e+00      1.70000e+01    508s
  1636      1.57900e+00      2.39400e+00      1.70000e+01    509s
  1640      1.62800e+00      2.39400e+00      1.70000e+01    510s
  1644      1.36200e+00      2.39400e+00      1.70000e+01    512s
  1648      1.48900e+00      2.39400e+00      1.70000e+01    513s
  1652      1.27800e+00      2.39400e+00      1.70000e+01    514s
  1656      1.37200e+00      2.39400e+00      1.70000e+01    515s
  1660      1.34900e+00      2.39400e+00      1.70000e+01    517s
  1664      1.45700e+00      2.39400e+00      1.70000e+01    518s
  1668      1.19800e+00      2.39400e+00      1.70000e+01    519s
  1672      1.40500e+00      2.39400e+00      1.70000e+01    520s
  1676      1.72600e+00      2.39400e+00      1.70000e+01    522s
  1680      1.36700e+00      2.39400e+00      1.70000e+01    523s
  1684      1.27500e+00      2.39400e+00      1.70000e+01    524s
  1688      1.50900e+00      2.39400e+00      1.70000e+01    525s
  1692      1.18100e+00      2.39400e+00      1.70000e+01    526s
  1696      1.40400e+00      2.39400e+00      1.70000e+01    527s
  1700      1.70700e+00      2.39400e+00      1.70000e+01    529s
  1704      1.15800e+00      2.39400e+00      1.70000e+01    530s
  1708      1.54300e+00      2.39400e+00      1.70000e+01    531s
  1712      1.62600e+00      2.39400e+00      1.70000e+01    532s
  1716      1.50200e+00      2.39400e+00      1.70000e+01    533s
  1720      1.34400e+00      2.39400e+00      1.70000e+01    535s
  1724      1.60600e+00      2.39400e+00      1.70000e+01    536s
  1728      1.29700e+00      2.39400e+00      1.70000e+01    537s
  1732      1.18700e+00      2.39400e+00      1.70000e+01    538s
  1736      1.46900e+00      2.39400e+00      1.70000e+01    540s
  1740      1.53100e+00      2.39400e+00      1.70000e+01    541s
  1744      1.42600e+00      2.39400e+00      1.70000e+01    542s
  1748      1.69200e+00      2.39400e+00      1.70000e+01    543s
  1752      1.36900e+00      2.39400e+00      1.70000e+01    545s
  1756      1.35000e+00      2.39400e+00      1.70000e+01    546s
  1760      1.56100e+00      2.39400e+00      1.70000e+01    547s
  1764      1.42700e+00      2.39400e+00      1.70000e+01    548s
  1768      1.22100e+00      2.39400e+00      1.70000e+01    549s
  1772      1.17000e+00      2.39400e+00      1.70000e+01    551s
  1776      1.41400e+00      2.39400e+00      1.70000e+01    552s
  1780      1.13400e+00      2.39400e+00      1.70000e+01    553s
  1784      1.32400e+00      2.39400e+00      1.70000e+01    554s
  1788      1.25500e+00      2.39400e+00      1.70000e+01    555s
  1792      1.13800e+00      2.39400e+00      1.70000e+01    557s
  1796      1.38500e+00      2.39400e+00      1.70000e+01    558s
  1800      1.80500e+00      2.39400e+00      1.70000e+01    559s
  1804      1.54500e+00      2.39400e+00      1.70000e+01    560s
  1808      1.30700e+00      2.39400e+00      1.70000e+01    562s
  1812      1.55800e+00      2.39400e+00      1.70000e+01    563s
  1816      1.46800e+00      2.39400e+00      1.70000e+01    564s
  1820      1.57800e+00      2.39400e+00      1.70000e+01    565s
  1824      1.53200e+00      2.39400e+00      1.70000e+01    567s
  1828      1.51200e+00      2.39400e+00      1.70000e+01    568s
  1832      1.59900e+00      2.39400e+00      1.70000e+01    569s
  1836      1.41200e+00      2.39400e+00      1.70000e+01    570s
  1840      1.45500e+00      2.39400e+00      1.70000e+01    572s
  1844      1.51700e+00      2.39400e+00      1.70000e+01    573s
  1848      1.53400e+00      2.39400e+00      1.70000e+01    574s
  1852      1.53500e+00      2.39400e+00      1.70000e+01    576s
  1856      1.59000e+00      2.39400e+00      1.70000e+01    577s
  1860      1.44100e+00      2.39400e+00      1.70000e+01    578s
  1864      1.53100e+00      2.39400e+00      1.70000e+01    579s
  1868      1.42300e+00      2.39400e+00      1.70000e+01    581s
  1872      1.63200e+00      2.39400e+00      1.70000e+01    582s
  1876      1.40200e+00      2.39400e+00      1.70000e+01    583s
  1880      1.59000e+00      2.39400e+00      1.70000e+01    584s
  1884      1.52100e+00      2.39400e+00      1.70000e+01    585s
  1888      1.66700e+00      2.39400e+00      1.70000e+01    587s
  1892      1.43700e+00      2.39400e+00      1.70000e+01    588s
  1896      1.47200e+00      2.39400e+00      1.70000e+01    589s
  1900      1.74300e+00      2.39400e+00      1.70000e+01    590s
  1904      1.66800e+00      2.39400e+00      1.70000e+01    592s
  1908      1.69100e+00      2.39400e+00      1.70000e+01    593s
  1912      1.63100e+00      2.39400e+00      1.70000e+01    594s
  1916      1.64100e+00      2.39400e+00      1.70000e+01    595s
  1920      1.64800e+00      2.39400e+00      1.70000e+01    597s
  1924      1.53200e+00      2.39400e+00      1.70000e+01    598s
  1928      1.46200e+00      2.39400e+00      1.70000e+01    599s
  1932      1.54100e+00      2.39400e+00      1.70000e+01    600s
  1935      1.53000e+00      2.39400e+00      1.70000e+01    601s
  1939      1.47500e+00      2.39400e+00      1.70000e+01    602s
  1943      1.57500e+00      2.39400e+00      1.70000e+01    604s
  1947      1.44800e+00      2.39400e+00      1.70000e+01    605s
  1951      1.56600e+00      2.39400e+00      1.70000e+01    606s
  1955      1.63800e+00      2.39400e+00      1.70000e+01    607s
  1959      1.64300e+00      2.39400e+00      1.70000e+01    609s
  1962      1.39200e+00      2.39400e+00      1.70000e+01    610s
  1966      1.60300e+00      2.39400e+00      1.70000e+01    611s
  1970      1.77400e+00      2.39400e+00      1.70000e+01    612s
  1974      1.49500e+00      2.39400e+00      1.70000e+01    613s
  1978      1.72200e+00      2.39400e+00      1.70000e+01    615s
  1982      1.86300e+00      2.39400e+00      1.70000e+01    616s
  1986      1.43100e+00      2.39400e+00      1.70000e+01    617s
  1990      1.67000e+00      2.39400e+00      1.70000e+01    618s
  1994      1.61300e+00      2.39400e+00      1.70000e+01    620s
  1998      1.43700e+00      2.39400e+00      1.70000e+01    621s
  2002      1.36100e+00      2.39400e+00      1.70000e+01    622s
  2006      1.77700e+00      2.39400e+00      1.70000e+01    623s
  2010      1.78800e+00      2.39400e+00      1.70000e+01    624s
  2013      1.38900e+00      2.39400e+00      1.70000e+01    625s
  2017      1.74700e+00      2.39400e+00      1.70000e+01    627s
  2021      1.59400e+00      2.39400e+00      1.70000e+01    628s
  2025      1.62600e+00      2.39400e+00      1.70000e+01    629s
  2029      1.77400e+00      2.39400e+00      1.70000e+01    630s
  2033      1.69800e+00      2.39400e+00      1.70000e+01    632s
  2037      1.45800e+00      2.39400e+00      1.70000e+01    633s
  2041      1.56700e+00      2.39400e+00      1.70000e+01    634s
  2045      1.81200e+00      2.39400e+00      1.70000e+01    635s
  2049      1.40400e+00      2.39400e+00      1.70000e+01    637s
  2053      1.47400e+00      2.39400e+00      1.70000e+01    638s
  2057      1.65100e+00      2.39400e+00      1.70000e+01    639s
  2061      1.78700e+00      2.39400e+00      1.70000e+01    640s
  2065      1.21100e+00      2.39400e+00      1.70000e+01    642s
  2069      1.55300e+00      2.39400e+00      1.70000e+01    643s
  2073      1.58400e+00      2.39400e+00      1.70000e+01    644s
  2077      1.35300e+00      2.39400e+00      1.70000e+01    645s
  2081      1.59700e+00      2.39400e+00      1.70000e+01    647s
  2085      1.44600e+00      2.39400e+00      1.70000e+01    648s
  2089      1.40600e+00      2.39400e+00      1.70000e+01    649s
  2093      1.71400e+00      2.39400e+00      1.70000e+01    650s
  2096      1.86400e+00      2.39400e+00      1.70000e+01    651s
  2100      1.41600e+00      2.39400e+00      1.70000e+01    652s
  2104      1.42500e+00      2.39400e+00      1.70000e+01    654s
  2108      1.79800e+00      2.39400e+00      1.70000e+01    655s
  2112      1.51500e+00      2.39400e+00      1.70000e+01    656s
  2116      1.26100e+00      2.39400e+00      1.70000e+01    657s
  2120      1.96100e+00      2.39400e+00      1.70000e+01    659s
  2124      1.30400e+00      2.39400e+00      1.70000e+01    660s
  2128      1.26400e+00      2.39400e+00      1.70000e+01    661s
  2132      1.73500e+00      2.39400e+00      1.70000e+01    662s
  2136      1.93300e+00      2.39400e+00      1.70000e+01    663s
  2140      1.27300e+00      2.39400e+00      1.70000e+01    665s
  2144      1.78600e+00      2.39400e+00      1.70000e+01    666s
  2148      1.80200e+00      2.39400e+00      1.70000e+01    667s
  2152      1.11200e+00      2.39400e+00      1.70000e+01    668s
  2156      1.70000e+00      2.39400e+00      1.70000e+01    670s
  2160      1.96000e+00      2.39400e+00      1.70000e+01    671s
  2164      1.26100e+00      2.39400e+00      1.70000e+01    672s
  2168      1.35900e+00      2.39400e+00      1.70000e+01    673s
  2172      1.95600e+00      2.39400e+00      1.70000e+01    675s
  2176      1.40700e+00      2.39400e+00      1.70000e+01    676s
  2180      1.47800e+00      2.39400e+00      1.70000e+01    677s
  2184      2.02300e+00      2.39400e+00      1.70000e+01    678s
  2188      1.36100e+00      2.39400e+00      1.70000e+01    680s
  2192      1.41500e+00      2.39400e+00      1.70000e+01    681s
  2196      1.67200e+00      2.39400e+00      1.70000e+01    682s
  2200      1.41500e+00      2.39400e+00      1.70000e+01    683s
  2204      1.13200e+00      2.39400e+00      1.70000e+01    685s
  2208      2.06700e+00      2.39400e+00      1.70000e+01    686s
  2212      1.61800e+00      2.39400e+00      1.70000e+01    687s
  2216      1.16500e+00      2.39400e+00      1.70000e+01    688s
  2220      2.03300e+00      2.39400e+00      1.70000e+01    689s
  2224      1.57400e+00      2.39400e+00      1.70000e+01    691s
  2228      1.12300e+00      2.39400e+00      1.70000e+01    692s
  2232      2.11100e+00      2.39400e+00      1.70000e+01    693s
  2236      1.59800e+00      2.39400e+00      1.70000e+01    694s
  2240      9.22000e-01      2.39400e+00      1.70000e+01    696s
  2244      2.00900e+00      2.39400e+00      1.70000e+01    697s
  2248      1.94200e+00      2.39400e+00      1.70000e+01    698s
  2252      1.04200e+00      2.39400e+00      1.70000e+01    699s
  2256      1.77100e+00      2.39400e+00      1.70000e+01    701s
  2260      2.16700e+00      2.39400e+00      1.70000e+01    702s
  2264      1.03300e+00      2.39400e+00      1.70000e+01    703s
  2268      1.58200e+00      2.39400e+00      1.70000e+01    704s
  2272      2.13300e+00      2.39400e+00      1.70000e+01    705s
  2276      1.06400e+00      2.39400e+00      1.70000e+01    707s
  2280      1.51200e+00      2.39400e+00      1.70000e+01    708s
  2284      2.07100e+00      2.39400e+00      1.70000e+01    709s
  2288      1.26600e+00      2.39400e+00      1.70000e+01    710s
  2292      1.17600e+00      2.39400e+00      1.70000e+01    712s
  2296      1.86600e+00      2.39400e+00      1.70000e+01    713s
  2300      1.47100e+00      2.39400e+00      1.70000e+01    714s
  2304      1.13300e+00      2.39400e+00      1.70000e+01    715s
  2308      2.15900e+00      2.39400e+00      1.70000e+01    717s
  2312      1.57000e+00      2.39400e+00      1.70000e+01    718s
  2316      1.20400e+00      2.39400e+00      1.70000e+01    719s
  2320      2.30300e+00      2.39400e+00      1.70000e+01    720s
  2324      1.65200e+00      2.39400e+00      1.70000e+01    721s
  2328      1.19200e+00      2.39400e+00      1.70000e+01    723s
  2332      2.20000e+00      2.39400e+00      1.70000e+01    724s
  2336      1.79300e+00      2.39400e+00      1.70000e+01    725s
  2340      9.09000e-01      2.39400e+00      1.70000e+01    726s
  2344      2.04800e+00      2.39400e+00      1.70000e+01    727s
  2348      1.84500e+00      2.39400e+00      1.70000e+01    729s
  2352      1.35500e+00      2.39400e+00      1.70000e+01    730s
  2356      1.86800e+00      2.39400e+00      1.70000e+01    731s
  2360      2.03100e+00      2.39400e+00      1.70000e+01    732s
  2364      1.18600e+00      2.39400e+00      1.70000e+01    734s
  2368      1.58800e+00      2.39400e+00      1.70000e+01    735s
  2372      1.95900e+00      2.39400e+00      1.70000e+01    736s
  2376      1.21500e+00      2.39400e+00      1.70000e+01    737s
  2380      1.43200e+00      2.39400e+00      1.70000e+01    739s
  2384      1.87900e+00      2.39400e+00      1.70000e+01    740s
  2388      1.35500e+00      2.39400e+00      1.70000e+01    741s
  2392      1.41800e+00      2.39400e+00      1.70000e+01    742s
  2396      2.20800e+00      2.39400e+00      1.70000e+01    743s
  2400      1.45600e+00      2.39400e+00      1.70000e+01    745s
  2404      1.20100e+00      2.39400e+00      1.70000e+01    746s
  2408      1.88800e+00      2.39400e+00      1.70000e+01    747s
  2412      1.60800e+00      2.39400e+00      1.70000e+01    748s
  2416      1.39700e+00      2.39400e+00      1.70000e+01    750s
  2420      1.64800e+00      2.39400e+00      1.70000e+01    751s
  2424      1.62500e+00      2.39400e+00      1.70000e+01    752s
  2428      1.29300e+00      2.39400e+00      1.70000e+01    753s
  2432      1.76700e+00      2.39400e+00      1.70000e+01    754s
  2435      1.72900e+00      2.39400e+00      1.70000e+01    755s
  2439      1.28500e+00      2.39400e+00      1.70000e+01    757s
  2443      1.49900e+00      2.39400e+00      1.70000e+01    758s
  2447      1.79700e+00      2.39400e+00      1.70000e+01    759s
  2451      1.50600e+00      2.39400e+00      1.70000e+01    760s
  2455      1.46400e+00      2.39400e+00      1.70000e+01    761s
  2459      1.46600e+00      2.39400e+00      1.70000e+01    763s
  2463      1.57200e+00      2.39400e+00      1.70000e+01    764s
  2467      1.57600e+00      2.39400e+00      1.70000e+01    765s
  2471      1.68900e+00      2.39400e+00      1.70000e+01    766s
  2475      1.38300e+00      2.39400e+00      1.70000e+01    768s
  2479      1.45000e+00      2.39400e+00      1.70000e+01    769s
  2483      1.35800e+00      2.39400e+00      1.70000e+01    770s
  2487      1.43200e+00      2.39400e+00      1.70000e+01    771s
  2491      1.72400e+00      2.39400e+00      1.70000e+01    772s
  2495      1.45900e+00      2.39400e+00      1.70000e+01    774s
  2499      1.53900e+00      2.39400e+00      1.70000e+01    775s

==================================================
Summary of results QAOA
--------------------------------------------------
Average of QAOA obj:          2.39
STD of QAOA obj:              34.39

Gamma angles:                 0.38
Beta angles:                  2.05

Best QAOA obj:                17.00
Modified best QAOA obj:       17.00

QAOA total time:              774.86s
QAOA circuit depth:           36
==================================================

==================================================
Summary of results of 0-S19
--------------------------------------------------
Number of vertices:           19
Number of edges:              51

Vertex num in largest comp:   19
Edge num in largest comp:     51

Pre-processing running time:  0.00
Total solver time:            774.86
Running time:                 776.87

Upper bound:                  27.00
Objective value:              17.00

Partition 0:                  1, 4, 5, 6, 14, 15, 17, 19
Partition 1:                  2, 3, 7, 8, 9, 10, 11, 12, 13, 16, 18
==================================================
