==================================================
Instance parameters
--------------------------------------------------
Number of vertices:           24
Number of edges:              66
Number of partitions:         2

Density (%):                  24
Name of instance:             seed1_band
Is planar:                    True
==================================================

==================================================
Solver parameters
--------------------------------------------------
Method:                       R-QUBO
Peel:                         False
Decompose:                    False
Fold:                         False

QAOA Num Levels:              1
QAOA Scipy Optimizer:         brute
==================================================

  iter        avg-obj        best avg-obj       best-obj      time
     0      2.76700e+00      2.76700e+00      1.70000e+01      2s
     2      2.91900e+00      3.07300e+00      1.90000e+01      3s
     4      3.09700e+00      3.09700e+00      1.90000e+01      5s
     6      2.90900e+00      3.09700e+00      1.90000e+01      7s
     8      3.03600e+00      3.09700e+00      1.90000e+01      8s
    10      2.89500e+00      3.09700e+00      1.90000e+01     10s
    12      3.08400e+00      3.09700e+00      1.90000e+01     12s
    14      3.14000e+00      3.14000e+00      1.90000e+01     13s
    16      3.14500e+00      3.14500e+00      1.90000e+01     15s
    18      2.84800e+00      3.14500e+00      1.90000e+01     17s
    20      3.04900e+00      3.14500e+00      1.90000e+01     18s
    22      3.07000e+00      3.14500e+00      1.90000e+01     20s
    24      2.98500e+00      3.30700e+00      1.90000e+01     22s
    26      2.93200e+00      3.30700e+00      1.90000e+01     23s
    28      2.90500e+00      3.30700e+00      2.00000e+01     25s
    30      2.94000e+00      3.30700e+00      2.00000e+01     26s
    32      3.32900e+00      3.32900e+00      2.00000e+01     28s
    34      2.73200e+00      3.32900e+00      2.00000e+01     30s
    36      3.00100e+00      3.32900e+00      2.00000e+01     31s
    38      2.81900e+00      3.32900e+00      2.00000e+01     33s
    40      2.85900e+00      3.32900e+00      2.00000e+01     35s
    42      2.95600e+00      3.32900e+00      2.00000e+01     36s
    44      3.24100e+00      3.32900e+00      2.00000e+01     38s
    46      2.97000e+00      3.32900e+00      2.00000e+01     40s
    48      3.00500e+00      3.32900e+00      2.00000e+01     41s
    50      3.28600e+00      3.32900e+00      2.00000e+01     43s
    52      3.54800e+00      3.54800e+00      2.00000e+01     45s
    54      3.63800e+00      3.80900e+00      2.00000e+01     46s
    56      3.31400e+00      3.80900e+00      2.00000e+01     48s
    58      2.37800e+00      3.80900e+00      2.00000e+01     50s
    60      2.36900e+00      3.80900e+00      2.00000e+01     51s
    62      2.86100e+00      3.80900e+00      2.00000e+01     53s
    64      3.71300e+00      3.80900e+00      2.00000e+01     55s
    66      3.62100e+00      3.80900e+00      2.00000e+01     56s
    68      3.22300e+00      3.80900e+00      2.00000e+01     58s
    70      2.78200e+00      3.80900e+00      2.00000e+01     60s
    72      2.32800e+00      3.80900e+00      2.00000e+01     62s
    74      2.83100e+00      3.80900e+00      2.00000e+01     63s
    76      3.28500e+00      3.80900e+00      2.00000e+01     65s
    78      4.02500e+00      4.02500e+00      2.00000e+01     67s
    80      3.16800e+00      4.02500e+00      2.00000e+01     68s
    82      2.49800e+00      4.02500e+00      2.00000e+01     70s
    84      2.31300e+00      4.02500e+00      2.00000e+01     72s
    86      2.98500e+00      4.02500e+00      2.00000e+01     73s
    88      3.35800e+00      4.02500e+00      2.00000e+01     75s
    90      3.68300e+00      4.02500e+00      2.00000e+01     77s
    92      3.33200e+00      4.02500e+00      2.20000e+01     78s
    94      2.88500e+00      4.02500e+00      2.20000e+01     80s
    96      2.60200e+00      4.02500e+00      2.20000e+01     82s
    98      2.79000e+00      4.02500e+00      2.20000e+01     84s
   100      2.84000e+00      4.02500e+00      2.20000e+01     85s
   102      4.08100e+00      4.08100e+00      2.20000e+01     87s
   104      4.54800e+00      4.54800e+00      2.20000e+01     89s
   106      3.51100e+00      4.54800e+00      2.20000e+01     90s
   108      2.32100e+00      4.54800e+00      2.20000e+01     92s
   110      2.01300e+00      4.54800e+00      2.20000e+01     93s
   112      2.71300e+00      4.54800e+00      2.20000e+01     95s
   114      4.03500e+00      4.54800e+00      2.20000e+01     97s
   116      4.40800e+00      4.54800e+00      2.20000e+01     98s
   118      3.61800e+00      4.54800e+00      2.20000e+01    100s
   120      2.21300e+00      4.54800e+00      2.20000e+01    102s
   122      2.07500e+00      4.54800e+00      2.20000e+01    103s
   124      2.85900e+00      4.54800e+00      2.20000e+01    105s
   126      3.86100e+00      4.54800e+00      2.20000e+01    107s
   128      4.58500e+00      4.58500e+00      2.20000e+01    108s
   130      4.07200e+00      4.58500e+00      2.20000e+01    110s
   132      2.65500e+00      4.58500e+00      2.20000e+01    112s
   134      1.84800e+00      4.58500e+00      2.20000e+01    114s
   136      2.48600e+00      4.58500e+00      2.20000e+01    115s
   138      3.84200e+00      4.58500e+00      2.20000e+01    117s
   140      4.53100e+00      4.58500e+00      2.20000e+01    119s
   142      4.00900e+00      4.58500e+00      2.20000e+01    121s
   144      2.51100e+00      4.58500e+00      2.20000e+01    122s
   146      2.18700e+00      4.58500e+00      2.20000e+01    124s
   148      2.41500e+00      4.58500e+00      2.20000e+01    126s
   150      2.96800e+00      4.58500e+00      2.20000e+01    127s
   152      4.43200e+00      4.58500e+00      2.20000e+01    129s
   154      4.77600e+00      4.95200e+00      2.20000e+01    131s
   156      4.00500e+00      4.95200e+00      2.20000e+01    132s
   158      2.70900e+00      4.95200e+00      2.20000e+01    134s
   160      1.77200e+00      4.95200e+00      2.20000e+01    136s
   162      2.83300e+00      4.95200e+00      2.20000e+01    137s
   164      4.29900e+00      4.95200e+00      2.20000e+01    139s
   166      4.77700e+00      4.95200e+00      2.20000e+01    141s
   168      4.38300e+00      4.95200e+00      2.20000e+01    142s
   169      3.30900e+00      4.95200e+00      2.20000e+01    143s
   171      2.37400e+00      4.95200e+00      2.20000e+01    145s
   173      2.16800e+00      4.95200e+00      2.20000e+01    146s
   175      3.49100e+00      4.95200e+00      2.20000e+01    148s
   177      4.45700e+00      4.95200e+00      2.20000e+01    150s
   179      4.85300e+00      4.95200e+00      2.20000e+01    152s
   181      3.68300e+00      4.95200e+00      2.20000e+01    153s
   183      2.25900e+00      4.95200e+00      2.20000e+01    155s
   185      1.92100e+00      4.95200e+00      2.20000e+01    157s
   187      3.01100e+00      4.95200e+00      2.20000e+01    158s
   189      4.42100e+00      4.95200e+00      2.20000e+01    160s
   191      4.83000e+00      4.95200e+00      2.20000e+01    162s
   193      3.74700e+00      4.95200e+00      2.20000e+01    163s
   195      2.43300e+00      4.95200e+00      2.20000e+01    165s
   197      2.10200e+00      4.95200e+00      2.20000e+01    167s
   199      2.89200e+00      4.95200e+00      2.20000e+01    168s
   201      3.60800e+00      4.95200e+00      2.20000e+01    170s
   203      4.69800e+00      4.95200e+00      2.20000e+01    172s
   205      4.52800e+00      4.97800e+00      2.20000e+01    173s
   207      3.37300e+00      4.97800e+00      2.20000e+01    175s
   209      2.03200e+00      4.97800e+00      2.20000e+01    177s
   211      2.35300e+00      4.97800e+00      2.20000e+01    179s
   213      3.53500e+00      4.97800e+00      2.20000e+01    180s
   215      4.95900e+00      4.97800e+00      2.20000e+01    182s
   217      4.85500e+00      5.03300e+00      2.20000e+01    184s
   219      3.34400e+00      5.03300e+00      2.20000e+01    185s
   221      2.24500e+00      5.03300e+00      2.20000e+01    187s
   222      2.02700e+00      5.03300e+00      2.20000e+01    188s
   224      2.73100e+00      5.03300e+00      2.20000e+01    189s
   226      3.93000e+00      5.03300e+00      2.20000e+01    191s
   228      4.83600e+00      5.03300e+00      2.20000e+01    193s
   230      4.27400e+00      5.03300e+00      2.20000e+01    194s
   232      2.74500e+00      5.03300e+00      2.20000e+01    196s
   234      2.10600e+00      5.03300e+00      2.20000e+01    197s
   236      2.50100e+00      5.03300e+00      2.20000e+01    199s
   238      3.74900e+00      5.03300e+00      2.20000e+01    201s
   240      4.58200e+00      5.03300e+00      2.20000e+01    202s
   242      4.32200e+00      5.03300e+00      2.20000e+01    204s
   244      3.15600e+00      5.03300e+00      2.20000e+01    206s
   246      2.03900e+00      5.03300e+00      2.20000e+01    207s
   248      2.21000e+00      5.03300e+00      2.20000e+01    209s
   250      3.01500e+00      5.03300e+00      2.20000e+01    211s
   252      4.15600e+00      5.03300e+00      2.20000e+01    212s
   254      4.39000e+00      5.03300e+00      2.20000e+01    214s
   256      3.81600e+00      5.03300e+00      2.20000e+01    216s
   258      2.71600e+00      5.03300e+00      2.20000e+01    218s
   260      2.13400e+00      5.03300e+00      2.20000e+01    219s
   262      2.64200e+00      5.03300e+00      2.20000e+01    221s
   264      3.95000e+00      5.03300e+00      2.20000e+01    223s
   266      4.33400e+00      5.03300e+00      2.20000e+01    224s
   268      4.02400e+00      5.03300e+00      2.20000e+01    226s
   270      2.71000e+00      5.03300e+00      2.20000e+01    228s
   272      2.29100e+00      5.03300e+00      2.20000e+01    229s
   274      2.75300e+00      5.03300e+00      2.20000e+01    231s
   276      3.99200e+00      5.03300e+00      2.20000e+01    233s
   278      4.23900e+00      5.03300e+00      2.20000e+01    234s
   280      4.08200e+00      5.03300e+00      2.20000e+01    236s
   282      2.67800e+00      5.03300e+00      2.20000e+01    238s
   284      2.27700e+00      5.03300e+00      2.20000e+01    239s
   286      2.49600e+00      5.03300e+00      2.20000e+01    241s
   288      3.51900e+00      5.03300e+00      2.20000e+01    242s
   290      4.35500e+00      5.03300e+00      2.20000e+01    244s
   292      3.94600e+00      5.03300e+00      2.20000e+01    246s
   294      3.00500e+00      5.03300e+00      2.20000e+01    247s
   296      2.26000e+00      5.03300e+00      2.20000e+01    249s
   298      2.37800e+00      5.03300e+00      2.20000e+01    251s
   300      2.84900e+00      5.03300e+00      2.20000e+01    252s
   302      3.62900e+00      5.03300e+00      2.20000e+01    254s
   304      3.58800e+00      5.03300e+00      2.20000e+01    255s
   306      3.52500e+00      5.03300e+00      2.20000e+01    257s
   308      2.57300e+00      5.03300e+00      2.20000e+01    259s
   310      2.28500e+00      5.03300e+00      2.20000e+01    260s
   312      2.87200e+00      5.03300e+00      2.20000e+01    262s
   314      3.48300e+00      5.03300e+00      2.20000e+01    264s
   316      3.93800e+00      5.03300e+00      2.20000e+01    265s
   318      3.39900e+00      5.03300e+00      2.20000e+01    267s
   320      2.90100e+00      5.03300e+00      2.20000e+01    269s
   322      2.46500e+00      5.03300e+00      2.20000e+01    271s
   324      2.81800e+00      5.03300e+00      2.20000e+01    272s
   326      3.45500e+00      5.03300e+00      2.20000e+01    274s
   328      3.92200e+00      5.03300e+00      2.20000e+01    276s
   330      3.41100e+00      5.03300e+00      2.20000e+01    277s
   332      2.78000e+00      5.03300e+00      2.20000e+01    279s
   334      2.75300e+00      5.03300e+00      2.20000e+01    281s
   336      2.81000e+00      5.03300e+00      2.20000e+01    282s
   338      3.41500e+00      5.03300e+00      2.20000e+01    284s
   340      3.81000e+00      5.03300e+00      2.20000e+01    286s
   342      3.32300e+00      5.03300e+00      2.20000e+01    287s
   344      2.66100e+00      5.03300e+00      2.20000e+01    289s
   346      2.46800e+00      5.03300e+00      2.20000e+01    291s
   348      2.51900e+00      5.03300e+00      2.20000e+01    292s
   350      2.96400e+00      5.03300e+00      2.20000e+01    294s
   352      3.42200e+00      5.03300e+00      2.20000e+01    296s
   354      3.07100e+00      5.03300e+00      2.20000e+01    297s
   356      2.98900e+00      5.03300e+00      2.20000e+01    299s
   358      2.45900e+00      5.03300e+00      2.20000e+01    301s
   360      2.42000e+00      5.03300e+00      2.20000e+01    302s
   362      3.00800e+00      5.03300e+00      2.20000e+01    304s
   364      3.24700e+00      5.03300e+00      2.20000e+01    306s
   366      3.28400e+00      5.03300e+00      2.20000e+01    307s
   368      3.01000e+00      5.03300e+00      2.20000e+01    309s
   370      2.70900e+00      5.03300e+00      2.20000e+01    311s
   372      2.44400e+00      5.03300e+00      2.20000e+01    312s
   374      2.77800e+00      5.03300e+00      2.20000e+01    314s
   376      3.25000e+00      5.03300e+00      2.20000e+01    315s
   378      3.39900e+00      5.03300e+00      2.20000e+01    317s
   380      2.99300e+00      5.03300e+00      2.20000e+01    319s
   382      2.46000e+00      5.03300e+00      2.20000e+01    320s
   384      2.52800e+00      5.03300e+00      2.20000e+01    322s
   386      3.02500e+00      5.03300e+00      2.20000e+01    324s
   388      3.17200e+00      5.03300e+00      2.20000e+01    325s
   390      3.12500e+00      5.03300e+00      2.20000e+01    327s
   392      3.27400e+00      5.03300e+00      2.20000e+01    329s
   394      2.67400e+00      5.03300e+00      2.20000e+01    330s
   396      2.46800e+00      5.03300e+00      2.20000e+01    332s
   398      2.66600e+00      5.03300e+00      2.20000e+01    334s
   400      3.13700e+00      5.03300e+00      2.20000e+01    335s
   402      3.13000e+00      5.03300e+00      2.20000e+01    337s
   404      2.89900e+00      5.03300e+00      2.20000e+01    339s
   406      2.61200e+00      5.03300e+00      2.20000e+01    340s
   408      2.75400e+00      5.03300e+00      2.20000e+01    342s
   410      2.51500e+00      5.03300e+00      2.20000e+01    343s
   412      2.80400e+00      5.03300e+00      2.20000e+01    345s
   414      3.25700e+00      5.03300e+00      2.20000e+01    347s
   416      3.33300e+00      5.03300e+00      2.20000e+01    349s
   418      2.90600e+00      5.03300e+00      2.20000e+01    350s
   420      2.58600e+00      5.03300e+00      2.20000e+01    352s
   422      2.72000e+00      5.03300e+00      2.20000e+01    354s
   424      3.14700e+00      5.03300e+00      2.20000e+01    355s
   426      2.90800e+00      5.03300e+00      2.20000e+01    357s
   428      3.09100e+00      5.03300e+00      2.20000e+01    359s
   430      2.85800e+00      5.03300e+00      2.20000e+01    360s
   432      2.53400e+00      5.03300e+00      2.20000e+01    362s
   434      2.62100e+00      5.03300e+00      2.20000e+01    364s
   436      2.89600e+00      5.03300e+00      2.20000e+01    365s
   438      3.06100e+00      5.03300e+00      2.20000e+01    367s
   440      2.97600e+00      5.03300e+00      2.20000e+01    369s
   442      2.87900e+00      5.03300e+00      2.20000e+01    370s
   444      2.62400e+00      5.03300e+00      2.20000e+01    372s
   446      2.80900e+00      5.03300e+00      2.20000e+01    374s
   448      2.72100e+00      5.03300e+00      2.20000e+01    375s
   450      3.06700e+00      5.03300e+00      2.20000e+01    377s
   452      3.11100e+00      5.03300e+00      2.20000e+01    379s
   454      2.83200e+00      5.03300e+00      2.20000e+01    381s
   456      2.49000e+00      5.03300e+00      2.20000e+01    382s
   458      2.74900e+00      5.03300e+00      2.20000e+01    384s
   460      2.87900e+00      5.03300e+00      2.20000e+01    386s
   462      3.04800e+00      5.03300e+00      2.20000e+01    387s
   464      2.84900e+00      5.03300e+00      2.20000e+01    389s
   466      2.90100e+00      5.03300e+00      2.20000e+01    391s
   468      2.67100e+00      5.03300e+00      2.20000e+01    392s
   470      2.71200e+00      5.03300e+00      2.20000e+01    394s
   472      2.89600e+00      5.03300e+00      2.20000e+01    396s
   474      2.88800e+00      5.03300e+00      2.20000e+01    397s
   476      3.07900e+00      5.03300e+00      2.20000e+01    399s
   478      2.96200e+00      5.03300e+00      2.20000e+01    401s
   480      2.63800e+00      5.03300e+00      2.20000e+01    402s
   482      2.65000e+00      5.03300e+00      2.20000e+01    404s
   484      2.74900e+00      5.03300e+00      2.20000e+01    406s
   486      3.02200e+00      5.03300e+00      2.20000e+01    407s
   488      2.93400e+00      5.03300e+00      2.20000e+01    409s
   490      2.96700e+00      5.03300e+00      2.20000e+01    411s
   492      2.77700e+00      5.03300e+00      2.20000e+01    412s
   494      2.69100e+00      5.03300e+00      2.20000e+01    414s
   496      2.68500e+00      5.03300e+00      2.20000e+01    416s
   498      2.97300e+00      5.03300e+00      2.20000e+01    417s
   500      3.14400e+00      5.03300e+00      2.20000e+01    419s
   502      3.11800e+00      5.03300e+00      2.20000e+01    421s
   504      2.84200e+00      5.03300e+00      2.20000e+01    422s
   506      2.60700e+00      5.03300e+00      2.20000e+01    424s
   508      2.69300e+00      5.03300e+00      2.20000e+01    426s
   510      3.10700e+00      5.03300e+00      2.20000e+01    427s
   512      3.04500e+00      5.03300e+00      2.20000e+01    429s
   514      3.00600e+00      5.03300e+00      2.20000e+01    431s
   516      2.85000e+00      5.03300e+00      2.20000e+01    432s
   518      2.79200e+00      5.03300e+00      2.20000e+01    434s
   520      2.61700e+00      5.03300e+00      2.20000e+01    436s
   522      2.83000e+00      5.03300e+00      2.20000e+01    437s
   524      2.86200e+00      5.03300e+00      2.20000e+01    439s
   526      2.93300e+00      5.03300e+00      2.20000e+01    441s
   528      2.97900e+00      5.03300e+00      2.20000e+01    442s
   530      2.92900e+00      5.03300e+00      2.20000e+01    444s
   532      2.55400e+00      5.03300e+00      2.20000e+01    446s
   534      2.65400e+00      5.03300e+00      2.20000e+01    447s
   536      3.14200e+00      5.03300e+00      2.20000e+01    449s
   538      3.07100e+00      5.03300e+00      2.20000e+01    450s
   540      2.81000e+00      5.03300e+00      2.20000e+01    452s
   542      2.88100e+00      5.03300e+00      2.20000e+01    454s
   544      2.77100e+00      5.03300e+00      2.20000e+01    455s
   546      2.91700e+00      5.03300e+00      2.20000e+01    457s
   548      3.06400e+00      5.03300e+00      2.20000e+01    459s
   550      3.28000e+00      5.03300e+00      2.20000e+01    460s
   552      2.91700e+00      5.03300e+00      2.20000e+01    462s
   554      3.12000e+00      5.03300e+00      2.20000e+01    464s
   556      2.95900e+00      5.03300e+00      2.20000e+01    465s
   558      2.90400e+00      5.03300e+00      2.20000e+01    467s
   560      2.72800e+00      5.03300e+00      2.20000e+01    469s
   562      3.03100e+00      5.03300e+00      2.20000e+01    471s
   564      3.16500e+00      5.03300e+00      2.20000e+01    472s
   566      2.90900e+00      5.03300e+00      2.20000e+01    474s
   568      2.95900e+00      5.03300e+00      2.20000e+01    476s
   570      2.90200e+00      5.03300e+00      2.20000e+01    477s
   572      3.02700e+00      5.03300e+00      2.20000e+01    479s
   574      3.03800e+00      5.03300e+00      2.20000e+01    481s
   576      2.98100e+00      5.03300e+00      2.20000e+01    482s
   578      2.97700e+00      5.03300e+00      2.20000e+01    484s
   580      2.92700e+00      5.03300e+00      2.20000e+01    485s
   582      3.03500e+00      5.03300e+00      2.20000e+01    487s
   584      2.81900e+00      5.03300e+00      2.20000e+01    489s
   586      2.94100e+00      5.03300e+00      2.20000e+01    490s
   588      2.95400e+00      5.03300e+00      2.20000e+01    492s
   590      3.04800e+00      5.03300e+00      2.20000e+01    494s
   592      2.76000e+00      5.03300e+00      2.20000e+01    495s
   594      2.94000e+00      5.03300e+00      2.20000e+01    497s
   596      2.76700e+00      5.03300e+00      2.20000e+01    499s
   598      3.01300e+00      5.03300e+00      2.20000e+01    500s
   600      2.87200e+00      5.03300e+00      2.20000e+01    502s
   602      3.00600e+00      5.03300e+00      2.20000e+01    504s
   604      2.96300e+00      5.03300e+00      2.20000e+01    505s
   606      2.91000e+00      5.03300e+00      2.20000e+01    507s
   608      2.93900e+00      5.03300e+00      2.20000e+01    509s
   610      2.88100e+00      5.03300e+00      2.20000e+01    510s
   612      2.89600e+00      5.03300e+00      2.20000e+01    512s
   614      3.07800e+00      5.03300e+00      2.20000e+01    514s
   616      3.01400e+00      5.03300e+00      2.20000e+01    515s
   618      2.99100e+00      5.03300e+00      2.20000e+01    517s
   620      3.04500e+00      5.03300e+00      2.20000e+01    519s
   622      3.05800e+00      5.03300e+00      2.20000e+01    521s
   624      3.01700e+00      5.03300e+00      2.20000e+01    522s
   626      3.07500e+00      5.03300e+00      2.20000e+01    524s
   628      2.98500e+00      5.03300e+00      2.20000e+01    526s
   630      2.94400e+00      5.03300e+00      2.20000e+01    528s
   632      2.96500e+00      5.03300e+00      2.20000e+01    529s
   634      3.06200e+00      5.03300e+00      2.20000e+01    531s
   636      2.75700e+00      5.03300e+00      2.20000e+01    533s
   638      3.16300e+00      5.03300e+00      2.20000e+01    534s
   640      3.07000e+00      5.03300e+00      2.20000e+01    536s
   642      3.01300e+00      5.03300e+00      2.20000e+01    538s
   644      2.91900e+00      5.03300e+00      2.20000e+01    539s
   646      2.91000e+00      5.03300e+00      2.20000e+01    541s
   648      2.80000e+00      5.03300e+00      2.20000e+01    543s
   650      2.86400e+00      5.03300e+00      2.20000e+01    545s
   652      3.26300e+00      5.03300e+00      2.20000e+01    546s
   654      3.01000e+00      5.03300e+00      2.20000e+01    548s
   656      2.94600e+00      5.03300e+00      2.20000e+01    549s
   658      3.20400e+00      5.03300e+00      2.20000e+01    551s
   660      2.90900e+00      5.03300e+00      2.20000e+01    553s
   662      2.79600e+00      5.03300e+00      2.20000e+01    554s
   664      2.91900e+00      5.03300e+00      2.20000e+01    556s
   666      3.10400e+00      5.03300e+00      2.20000e+01    558s
   668      3.10900e+00      5.03300e+00      2.20000e+01    559s
   670      3.19300e+00      5.03300e+00      2.20000e+01    561s
   672      3.09300e+00      5.03300e+00      2.20000e+01    563s
   674      3.22600e+00      5.03300e+00      2.20000e+01    564s
   676      2.92600e+00      5.03300e+00      2.20000e+01    566s
   678      3.21000e+00      5.03300e+00      2.20000e+01    568s
   680      3.14600e+00      5.03300e+00      2.20000e+01    569s
   682      3.16500e+00      5.03300e+00      2.20000e+01    571s
   684      2.98500e+00      5.03300e+00      2.20000e+01    573s
   686      3.01100e+00      5.03300e+00      2.20000e+01    574s
   688      3.28800e+00      5.03300e+00      2.20000e+01    576s
   690      2.87700e+00      5.03300e+00      2.20000e+01    577s
   692      3.24300e+00      5.03300e+00      2.20000e+01    579s
   694      3.04500e+00      5.03300e+00      2.20000e+01    581s
   696      3.12700e+00      5.03300e+00      2.20000e+01    583s
   698      2.75200e+00      5.03300e+00      2.20000e+01    584s
   700      3.30900e+00      5.03300e+00      2.20000e+01    586s
   702      2.91700e+00      5.03300e+00      2.20000e+01    588s
   704      3.17400e+00      5.03300e+00      2.20000e+01    590s
   706      3.26400e+00      5.03300e+00      2.20000e+01    591s
   708      3.00700e+00      5.03300e+00      2.20000e+01    593s
   710      3.14600e+00      5.03300e+00      2.20000e+01    595s
   712      3.05500e+00      5.03300e+00      2.20000e+01    596s
   714      3.07800e+00      5.03300e+00      2.20000e+01    598s
   716      3.03100e+00      5.03300e+00      2.20000e+01    600s
   718      3.05200e+00      5.03300e+00      2.20000e+01    601s
   720      3.01400e+00      5.03300e+00      2.20000e+01    603s
   722      2.89800e+00      5.03300e+00      2.20000e+01    604s
   724      3.00800e+00      5.03300e+00      2.20000e+01    606s
   726      3.11100e+00      5.03300e+00      2.20000e+01    608s
   728      3.02500e+00      5.03300e+00      2.20000e+01    609s
   730      3.08900e+00      5.03300e+00      2.20000e+01    611s
   732      2.85100e+00      5.03300e+00      2.20000e+01    613s
   734      2.81100e+00      5.03300e+00      2.20000e+01    614s
   736      3.03400e+00      5.03300e+00      2.20000e+01    616s
   738      3.17500e+00      5.03300e+00      2.20000e+01    618s
   740      3.12400e+00      5.03300e+00      2.20000e+01    619s
   742      3.06600e+00      5.03300e+00      2.20000e+01    621s
   744      3.11000e+00      5.03300e+00      2.20000e+01    623s
   746      3.25600e+00      5.03300e+00      2.20000e+01    624s
   748      3.07400e+00      5.03300e+00      2.20000e+01    626s
   750      2.99200e+00      5.03300e+00      2.20000e+01    628s
   752      2.99700e+00      5.03300e+00      2.20000e+01    629s
   754      3.11000e+00      5.03300e+00      2.20000e+01    631s
   756      3.26800e+00      5.03300e+00      2.20000e+01    633s
   758      3.36500e+00      5.03300e+00      2.20000e+01    634s
   760      2.90700e+00      5.03300e+00      2.20000e+01    636s
   762      3.02800e+00      5.03300e+00      2.20000e+01    638s
   764      2.86800e+00      5.03300e+00      2.20000e+01    639s
   766      3.25600e+00      5.03300e+00      2.20000e+01    641s
   768      3.05100e+00      5.03300e+00      2.20000e+01    643s
   770      3.34300e+00      5.03300e+00      2.20000e+01    644s
   772      3.22900e+00      5.03300e+00      2.20000e+01    646s
   774      3.13600e+00      5.03300e+00      2.20000e+01    648s
   776      3.00800e+00      5.03300e+00      2.20000e+01    649s
   778      3.40600e+00      5.03300e+00      2.20000e+01    651s
   780      3.45800e+00      5.03300e+00      2.20000e+01    653s
   782      2.91800e+00      5.03300e+00      2.20000e+01    654s
   784      3.36900e+00      5.03300e+00      2.20000e+01    656s
   786      3.04400e+00      5.03300e+00      2.20000e+01    658s
   788      3.40000e+00      5.03300e+00      2.20000e+01    659s
   790      3.34100e+00      5.03300e+00      2.20000e+01    661s
   792      3.23500e+00      5.03300e+00      2.20000e+01    663s
   794      3.25700e+00      5.03300e+00      2.20000e+01    664s
   796      3.07700e+00      5.03300e+00      2.20000e+01    666s
   798      3.01100e+00      5.03300e+00      2.20000e+01    668s
   800      3.03000e+00      5.03300e+00      2.20000e+01    669s
   801      2.93900e+00      5.03300e+00      2.20000e+01    670s
   803      3.18200e+00      5.03300e+00      2.20000e+01    672s
   805      3.29800e+00      5.03300e+00      2.20000e+01    674s
   807      3.31900e+00      5.03300e+00      2.20000e+01    675s
   809      3.13000e+00      5.03300e+00      2.20000e+01    677s
   811      2.89900e+00      5.03300e+00      2.20000e+01    679s
   813      2.83400e+00      5.03300e+00      2.20000e+01    680s
   815      2.87200e+00      5.03300e+00      2.20000e+01    682s
   817      3.32400e+00      5.03300e+00      2.20000e+01    684s
   819      3.43200e+00      5.03300e+00      2.20000e+01    686s
   821      3.14700e+00      5.03300e+00      2.20000e+01    687s
   823      3.22300e+00      5.03300e+00      2.20000e+01    689s
   825      3.12100e+00      5.03300e+00      2.20000e+01    690s
   827      2.82000e+00      5.03300e+00      2.20000e+01    692s
   829      3.08800e+00      5.03300e+00      2.20000e+01    694s
   831      3.02700e+00      5.03300e+00      2.20000e+01    695s
   833      3.28300e+00      5.03300e+00      2.20000e+01    697s
   835      2.98300e+00      5.03300e+00      2.20000e+01    699s
   837      2.88600e+00      5.03300e+00      2.20000e+01    700s
   839      2.97400e+00      5.03300e+00      2.20000e+01    702s
   841      3.24000e+00      5.03300e+00      2.20000e+01    704s
   843      3.38800e+00      5.03300e+00      2.20000e+01    706s
   845      3.27000e+00      5.03300e+00      2.20000e+01    707s
   847      3.20400e+00      5.03300e+00      2.20000e+01    709s
   849      2.89100e+00      5.03300e+00      2.20000e+01    711s
   851      3.02100e+00      5.03300e+00      2.20000e+01    712s
   853      3.34100e+00      5.03300e+00      2.20000e+01    714s
   855      3.27600e+00      5.03300e+00      2.20000e+01    716s
   857      3.55600e+00      5.03300e+00      2.20000e+01    717s
   859      3.44500e+00      5.03300e+00      2.20000e+01    719s
   861      3.28300e+00      5.03300e+00      2.20000e+01    721s
   863      3.14500e+00      5.03300e+00      2.20000e+01    723s
   865      2.78800e+00      5.03300e+00      2.20000e+01    724s
   867      2.96300e+00      5.03300e+00      2.20000e+01    726s
   869      3.57600e+00      5.03300e+00      2.20000e+01    727s
   871      3.35800e+00      5.03300e+00      2.20000e+01    729s
   873      3.34000e+00      5.03300e+00      2.20000e+01    731s
   875      3.10900e+00      5.03300e+00      2.20000e+01    732s
   877      3.09700e+00      5.03300e+00      2.20000e+01    734s
   879      3.03800e+00      5.03300e+00      2.20000e+01    736s
   881      3.19100e+00      5.03300e+00      2.20000e+01    738s
   883      3.51400e+00      5.03300e+00      2.20000e+01    739s
   885      3.26900e+00      5.03300e+00      2.20000e+01    741s
   887      3.01000e+00      5.03300e+00      2.20000e+01    743s
   889      3.06900e+00      5.03300e+00      2.20000e+01    744s
   891      3.19500e+00      5.03300e+00      2.20000e+01    746s
   893      3.25400e+00      5.03300e+00      2.20000e+01    748s
   895      3.25100e+00      5.03300e+00      2.20000e+01    749s
   897      3.11500e+00      5.03300e+00      2.20000e+01    751s
   899      3.13300e+00      5.03300e+00      2.20000e+01    753s
   901      2.58300e+00      5.03300e+00      2.20000e+01    755s
   903      2.76200e+00      5.03300e+00      2.20000e+01    756s
   905      2.93400e+00      5.03300e+00      2.20000e+01    758s
   907      3.64200e+00      5.03300e+00      2.20000e+01    760s
   909      3.81100e+00      5.03300e+00      2.20000e+01    761s
   911      3.36500e+00      5.03300e+00      2.20000e+01    763s
   913      2.66700e+00      5.03300e+00      2.20000e+01    764s
   915      2.96400e+00      5.03300e+00      2.20000e+01    766s
   917      3.20700e+00      5.03300e+00      2.20000e+01    768s
   919      3.80300e+00      5.03300e+00      2.20000e+01    770s
   921      3.98900e+00      5.03300e+00      2.20000e+01    771s
   923      3.42800e+00      5.03300e+00      2.20000e+01    773s
   925      2.95200e+00      5.03300e+00      2.20000e+01    775s
   927      2.47100e+00      5.03300e+00      2.20000e+01    777s
   929      3.12500e+00      5.03300e+00      2.20000e+01    778s
   931      3.59000e+00      5.03300e+00      2.20000e+01    780s
   933      3.96900e+00      5.03300e+00      2.20000e+01    782s
   935      3.49900e+00      5.03300e+00      2.20000e+01    783s
   937      3.02000e+00      5.03300e+00      2.20000e+01    785s
   939      2.74900e+00      5.03300e+00      2.20000e+01    787s
   941      3.00300e+00      5.03300e+00      2.20000e+01    789s
   943      3.56200e+00      5.03300e+00      2.20000e+01    790s
   945      3.83100e+00      5.03300e+00      2.20000e+01    792s
   947      3.60400e+00      5.03300e+00      2.20000e+01    793s
   949      3.22700e+00      5.03300e+00      2.20000e+01    795s
   951      2.52800e+00      5.03300e+00      2.20000e+01    797s
   953      2.57200e+00      5.03300e+00      2.20000e+01    799s
   955      3.15200e+00      5.03300e+00      2.20000e+01    800s
   957      4.43800e+00      5.03300e+00      2.20000e+01    802s
   959      4.24900e+00      5.03300e+00      2.20000e+01    804s
   961      3.71700e+00      5.03300e+00      2.20000e+01    805s
   963      2.68600e+00      5.03300e+00      2.20000e+01    807s
   965      2.70300e+00      5.03300e+00      2.20000e+01    809s
   967      3.26300e+00      5.03300e+00      2.20000e+01    810s
   969      4.26800e+00      5.03300e+00      2.20000e+01    812s
   971      4.11500e+00      5.03300e+00      2.20000e+01    814s
   973      3.58900e+00      5.03300e+00      2.20000e+01    815s
   975      2.62800e+00      5.03300e+00      2.20000e+01    817s
   977      2.73100e+00      5.03300e+00      2.20000e+01    819s
   979      3.25200e+00      5.03300e+00      2.20000e+01    820s
   981      3.98600e+00      5.03300e+00      2.20000e+01    822s
   983      4.25700e+00      5.03300e+00      2.20000e+01    824s
   985      3.99400e+00      5.03300e+00      2.20000e+01    825s
   987      2.73300e+00      5.03300e+00      2.20000e+01    827s
   989      2.44100e+00      5.03300e+00      2.20000e+01    829s
   991      3.02400e+00      5.03300e+00      2.20000e+01    830s
   993      3.88100e+00      5.03300e+00      2.20000e+01    832s
   995      4.26200e+00      5.03300e+00      2.20000e+01    834s
   997      3.92300e+00      5.03300e+00      2.20000e+01    835s
   999      2.94500e+00      5.03300e+00      2.20000e+01    837s
  1001      2.48300e+00      5.03300e+00      2.20000e+01    838s
  1003      2.40800e+00      5.03300e+00      2.20000e+01    840s
  1005      3.48900e+00      5.03300e+00      2.20000e+01    842s
  1007      4.23700e+00      5.03300e+00      2.20000e+01    844s
  1009      5.02200e+00      5.03300e+00      2.20000e+01    845s
  1011      3.67100e+00      5.03300e+00      2.20000e+01    847s
  1013      2.54300e+00      5.03300e+00      2.20000e+01    849s
  1015      2.33000e+00      5.03300e+00      2.20000e+01    850s
  1017      3.08000e+00      5.03300e+00      2.20000e+01    852s
  1019      4.39500e+00      5.03300e+00      2.20000e+01    854s
  1021      4.61700e+00      5.03300e+00      2.20000e+01    855s
  1023      3.85600e+00      5.03300e+00      2.20000e+01    857s
  1025      2.77100e+00      5.03300e+00      2.20000e+01    859s
  1027      2.24900e+00      5.03300e+00      2.20000e+01    860s
  1029      2.99800e+00      5.03300e+00      2.20000e+01    862s
  1031      4.23200e+00      5.03300e+00      2.20000e+01    864s
  1033      4.94100e+00      5.03300e+00      2.20000e+01    866s
  1035      3.98100e+00      5.03300e+00      2.20000e+01    867s
  1037      2.74800e+00      5.03300e+00      2.20000e+01    869s
  1039      2.03000e+00      5.03300e+00      2.20000e+01    871s
  1041      2.64600e+00      5.03300e+00      2.20000e+01    872s
  1043      4.14600e+00      5.03300e+00      2.20000e+01    874s
  1045      4.86600e+00      5.03300e+00      2.20000e+01    876s
  1047      4.14200e+00      5.03300e+00      2.20000e+01    878s
  1049      2.80500e+00      5.03300e+00      2.20000e+01    879s
  1051      2.37700e+00      5.03300e+00      2.20000e+01    881s
  1053      2.33700e+00      5.03300e+00      2.20000e+01    883s
  1055      3.42300e+00      5.03300e+00      2.20000e+01    885s
  1057      4.60000e+00      5.03300e+00      2.20000e+01    886s
  1059      4.97400e+00      5.15500e+00      2.20000e+01    888s
  1061      3.84700e+00      5.15500e+00      2.20000e+01    889s
  1063      2.54100e+00      5.15500e+00      2.20000e+01    891s
  1065      1.88000e+00      5.15500e+00      2.20000e+01    893s
  1067      3.08600e+00      5.15500e+00      2.20000e+01    894s
  1069      4.60300e+00      5.15500e+00      2.20000e+01    896s
  1071      5.38900e+00      5.38900e+00      2.20000e+01    898s
  1073      4.01400e+00      5.38900e+00      2.20000e+01    899s
  1075      2.50100e+00      5.38900e+00      2.20000e+01    901s
  1077      2.15500e+00      5.38900e+00      2.20000e+01    903s
  1079      3.08300e+00      5.38900e+00      2.20000e+01    904s
  1081      4.18700e+00      5.38900e+00      2.20000e+01    906s
  1083      5.13700e+00      5.38900e+00      2.20000e+01    908s
  1085      4.27700e+00      5.38900e+00      2.20000e+01    909s
  1087      2.91600e+00      5.38900e+00      2.20000e+01    911s
  1089      2.03800e+00      5.38900e+00      2.20000e+01    913s
  1091      2.91800e+00      5.38900e+00      2.20000e+01    915s
  1093      4.12000e+00      5.38900e+00      2.20000e+01    916s
  1095      5.00500e+00      5.38900e+00      2.20000e+01    918s
  1097      4.36000e+00      5.38900e+00      2.20000e+01    919s
  1099      3.21000e+00      5.38900e+00      2.20000e+01    921s
  1101      2.30700e+00      5.38900e+00      2.20000e+01    923s
  1103      1.95800e+00      5.38900e+00      2.20000e+01    925s
  1105      2.97500e+00      5.38900e+00      2.20000e+01    926s
  1107      4.41900e+00      5.38900e+00      2.20000e+01    928s
  1109      4.93700e+00      5.38900e+00      2.20000e+01    930s
  1111      3.77900e+00      5.38900e+00      2.20000e+01    931s
  1113      2.48600e+00      5.38900e+00      2.20000e+01    933s
  1115      2.01000e+00      5.38900e+00      2.20000e+01    935s
  1117      2.84000e+00      5.38900e+00      2.20000e+01    936s
  1119      4.28200e+00      5.38900e+00      2.20000e+01    938s
  1121      4.99300e+00      5.38900e+00      2.20000e+01    940s
  1123      4.03400e+00      5.38900e+00      2.20000e+01    941s
  1125      2.62500e+00      5.38900e+00      2.20000e+01    943s
  1127      2.04700e+00      5.38900e+00      2.20000e+01    945s
  1129      2.83900e+00      5.38900e+00      2.20000e+01    947s
  1131      4.11000e+00      5.38900e+00      2.20000e+01    948s
  1133      4.75700e+00      5.38900e+00      2.20000e+01    950s
  1135      4.38200e+00      5.38900e+00      2.20000e+01    951s
  1137      2.64900e+00      5.38900e+00      2.20000e+01    953s
  1139      2.12000e+00      5.38900e+00      2.20000e+01    955s
  1141      2.48400e+00      5.38900e+00      2.20000e+01    957s
  1143      4.07400e+00      5.38900e+00      2.20000e+01    958s
  1145      5.03700e+00      5.38900e+00      2.20000e+01    960s
  1147      4.42800e+00      5.38900e+00      2.20000e+01    962s
  1149      2.85100e+00      5.38900e+00      2.20000e+01    963s
  1151      2.69600e+00      5.38900e+00      2.20000e+01    965s
  1153      2.13700e+00      5.38900e+00      2.20000e+01    967s
  1155      2.55100e+00      5.38900e+00      2.20000e+01    969s
  1157      3.93900e+00      5.38900e+00      2.20000e+01    970s
  1159      4.00700e+00      5.38900e+00      2.20000e+01    972s
  1161      3.31900e+00      5.38900e+00      2.20000e+01    973s
  1163      2.73400e+00      5.38900e+00      2.20000e+01    975s
  1165      2.30500e+00      5.38900e+00      2.20000e+01    977s
  1167      2.59100e+00      5.38900e+00      2.20000e+01    979s
  1169      3.83500e+00      5.38900e+00      2.20000e+01    980s
  1171      3.89100e+00      5.38900e+00      2.20000e+01    982s
  1173      3.66600e+00      5.38900e+00      2.20000e+01    984s
  1175      2.86000e+00      5.38900e+00      2.20000e+01    985s
  1177      2.26900e+00      5.38900e+00      2.20000e+01    987s
  1179      2.67600e+00      5.38900e+00      2.20000e+01    989s
  1181      3.78400e+00      5.38900e+00      2.20000e+01    990s
  1183      4.35500e+00      5.38900e+00      2.20000e+01    992s
  1185      3.66900e+00      5.38900e+00      2.20000e+01    994s
  1187      2.77700e+00      5.38900e+00      2.20000e+01    996s
  1189      2.34100e+00      5.38900e+00      2.20000e+01    997s
  1191      2.76300e+00      5.38900e+00      2.20000e+01    999s
  1193      3.44600e+00      5.38900e+00      2.20000e+01   1001s
  1195      4.18300e+00      5.38900e+00      2.20000e+01   1002s
  1197      3.99000e+00      5.38900e+00      2.20000e+01   1004s
  1199      3.12900e+00      5.38900e+00      2.20000e+01   1006s
  1201      2.72000e+00      5.38900e+00      2.20000e+01   1007s
  1203      2.74600e+00      5.38900e+00      2.20000e+01   1009s
  1205      2.72600e+00      5.38900e+00      2.20000e+01   1011s
  1207      3.11200e+00      5.38900e+00      2.20000e+01   1012s
  1209      3.46200e+00      5.38900e+00      2.20000e+01   1014s
  1211      3.01700e+00      5.38900e+00      2.20000e+01   1016s
  1213      3.02600e+00      5.38900e+00      2.20000e+01   1018s
  1215      2.62800e+00      5.38900e+00      2.20000e+01   1019s
  1217      2.72900e+00      5.38900e+00      2.20000e+01   1021s
  1219      3.16500e+00      5.38900e+00      2.20000e+01   1023s
  1221      3.08200e+00      5.38900e+00      2.20000e+01   1024s
  1223      3.09400e+00      5.38900e+00      2.20000e+01   1026s
  1225      2.83000e+00      5.38900e+00      2.20000e+01   1028s
  1227      2.92600e+00      5.38900e+00      2.20000e+01   1029s
  1229      2.59400e+00      5.38900e+00      2.20000e+01   1031s
  1231      3.20400e+00      5.38900e+00      2.20000e+01   1033s
  1233      3.06900e+00      5.38900e+00      2.20000e+01   1034s
  1235      3.20900e+00      5.38900e+00      2.20000e+01   1036s
  1237      2.98500e+00      5.38900e+00      2.20000e+01   1038s
  1239      2.58600e+00      5.38900e+00      2.20000e+01   1040s
  1241      2.90900e+00      5.38900e+00      2.20000e+01   1041s
  1243      3.10300e+00      5.38900e+00      2.20000e+01   1043s
  1245      3.24900e+00      5.38900e+00      2.20000e+01   1045s
  1247      3.31500e+00      5.38900e+00      2.20000e+01   1047s
  1249      3.19000e+00      5.38900e+00      2.20000e+01   1048s
  1251      3.23800e+00      5.38900e+00      2.20000e+01   1050s
  1253      3.63300e+00      5.38900e+00      2.20000e+01   1051s
  1255      3.34400e+00      5.38900e+00      2.20000e+01   1053s
  1257      2.87400e+00      5.38900e+00      2.20000e+01   1055s
  1259      2.68300e+00      5.38900e+00      2.20000e+01   1057s
  1261      2.65700e+00      5.38900e+00      2.20000e+01   1058s
  1263      3.13200e+00      5.38900e+00      2.20000e+01   1060s
  1265      3.28200e+00      5.38900e+00      2.20000e+01   1062s
  1267      3.23900e+00      5.38900e+00      2.20000e+01   1063s
  1269      3.07300e+00      5.38900e+00      2.20000e+01   1065s
  1271      2.73900e+00      5.38900e+00      2.20000e+01   1067s
  1273      2.81700e+00      5.38900e+00      2.20000e+01   1068s
  1275      3.13500e+00      5.38900e+00      2.20000e+01   1070s
  1277      3.33000e+00      5.38900e+00      2.20000e+01   1072s
  1279      3.11800e+00      5.38900e+00      2.20000e+01   1074s
  1281      3.08700e+00      5.38900e+00      2.20000e+01   1075s
  1283      2.68200e+00      5.38900e+00      2.20000e+01   1077s
  1285      2.82100e+00      5.38900e+00      2.20000e+01   1079s
  1287      3.12800e+00      5.38900e+00      2.20000e+01   1080s
  1289      3.50200e+00      5.38900e+00      2.20000e+01   1082s
  1291      3.51700e+00      5.38900e+00      2.20000e+01   1084s
  1293      3.15800e+00      5.38900e+00      2.20000e+01   1085s
  1295      2.58000e+00      5.38900e+00      2.20000e+01   1087s
  1297      2.67700e+00      5.38900e+00      2.20000e+01   1089s
  1299      3.02700e+00      5.38900e+00      2.20000e+01   1090s
  1301      3.65600e+00      5.38900e+00      2.20000e+01   1092s
  1303      3.97600e+00      5.38900e+00      2.20000e+01   1094s
  1305      4.19800e+00      5.38900e+00      2.20000e+01   1095s
  1307      2.82600e+00      5.38900e+00      2.20000e+01   1097s
  1309      2.35200e+00      5.38900e+00      2.20000e+01   1099s
  1311      2.37800e+00      5.38900e+00      2.20000e+01   1101s
  1313      3.21400e+00      5.38900e+00      2.20000e+01   1102s
  1315      4.16800e+00      5.38900e+00      2.20000e+01   1104s
  1317      3.97700e+00      5.38900e+00      2.20000e+01   1106s
  1319      3.13500e+00      5.38900e+00      2.20000e+01   1107s
  1321      2.34300e+00      5.38900e+00      2.20000e+01   1109s
  1323      2.39600e+00      5.38900e+00      2.20000e+01   1111s
  1325      3.15600e+00      5.38900e+00      2.20000e+01   1113s
  1327      3.81900e+00      5.38900e+00      2.20000e+01   1114s
  1329      4.03500e+00      5.38900e+00      2.20000e+01   1116s
  1331      3.26500e+00      5.38900e+00      2.20000e+01   1117s
  1333      2.14400e+00      5.38900e+00      2.20000e+01   1119s
  1335      2.35100e+00      5.38900e+00      2.20000e+01   1121s
  1337      3.15600e+00      5.38900e+00      2.20000e+01   1123s
  1339      3.72900e+00      5.38900e+00      2.20000e+01   1124s
  1341      4.04500e+00      5.38900e+00      2.20000e+01   1126s
  1343      3.28400e+00      5.38900e+00      2.20000e+01   1128s
  1345      2.29900e+00      5.38900e+00      2.20000e+01   1129s
  1347      2.34900e+00      5.38900e+00      2.20000e+01   1131s
  1349      2.97700e+00      5.38900e+00      2.20000e+01   1133s
  1351      3.68100e+00      5.38900e+00      2.20000e+01   1134s
  1353      4.83900e+00      5.38900e+00      2.20000e+01   1136s
  1355      4.62000e+00      5.38900e+00      2.20000e+01   1138s
  1357      3.15300e+00      5.38900e+00      2.20000e+01   1140s
  1359      2.24200e+00      5.38900e+00      2.20000e+01   1141s
  1361      2.42000e+00      5.38900e+00      2.20000e+01   1143s
  1363      3.47900e+00      5.38900e+00      2.20000e+01   1145s
  1365      4.54000e+00      5.38900e+00      2.20000e+01   1146s
  1367      4.75600e+00      5.38900e+00      2.20000e+01   1148s
  1369      3.49100e+00      5.38900e+00      2.20000e+01   1150s
  1371      2.30900e+00      5.38900e+00      2.20000e+01   1151s
  1373      2.27400e+00      5.38900e+00      2.20000e+01   1153s
  1375      3.34200e+00      5.38900e+00      2.20000e+01   1155s
  1377      4.39100e+00      5.38900e+00      2.20000e+01   1156s
  1379      4.85600e+00      5.38900e+00      2.20000e+01   1158s
  1381      3.63600e+00      5.38900e+00      2.20000e+01   1160s
  1383      2.44600e+00      5.38900e+00      2.20000e+01   1162s
  1385      1.94900e+00      5.38900e+00      2.20000e+01   1163s
  1387      3.19500e+00      5.38900e+00      2.20000e+01   1165s
  1389      4.28900e+00      5.38900e+00      2.20000e+01   1167s
  1391      4.78300e+00      5.38900e+00      2.20000e+01   1168s
  1393      3.84100e+00      5.38900e+00      2.20000e+01   1170s
  1395      2.64900e+00      5.38900e+00      2.20000e+01   1172s
  1397      2.01300e+00      5.38900e+00      2.20000e+01   1174s
  1399      3.06200e+00      5.38900e+00      2.20000e+01   1175s
  1401      3.66400e+00      5.38900e+00      2.20000e+01   1177s
  1403      4.94300e+00      5.38900e+00      2.20000e+01   1179s
  1405      4.67800e+00      5.38900e+00      2.20000e+01   1180s
  1407      3.54900e+00      5.38900e+00      2.20000e+01   1182s
  1409      2.33800e+00      5.38900e+00      2.20000e+01   1184s
  1411      2.36600e+00      5.38900e+00      2.20000e+01   1186s
  1413      3.51200e+00      5.38900e+00      2.20000e+01   1187s
  1415      4.84200e+00      5.38900e+00      2.20000e+01   1189s
  1417      4.96200e+00      5.38900e+00      2.20000e+01   1191s
  1419      3.89100e+00      5.38900e+00      2.20000e+01   1192s
  1421      2.23600e+00      5.38900e+00      2.20000e+01   1194s
  1423      2.07300e+00      5.38900e+00      2.20000e+01   1196s
  1425      3.28900e+00      5.38900e+00      2.20000e+01   1197s
  1427      4.76200e+00      5.38900e+00      2.20000e+01   1199s
  1429      4.95000e+00      5.38900e+00      2.20000e+01   1200s
  1431      3.89600e+00      5.38900e+00      2.20000e+01   1202s
  1433      2.50600e+00      5.38900e+00      2.20000e+01   1204s
  1435      2.20000e+00      5.38900e+00      2.20000e+01   1206s
  1437      3.23100e+00      5.38900e+00      2.20000e+01   1207s
  1439      4.60000e+00      5.38900e+00      2.20000e+01   1209s
  1441      5.20400e+00      5.38900e+00      2.20000e+01   1211s
  1443      4.24500e+00      5.38900e+00      2.20000e+01   1212s
  1445      2.76500e+00      5.38900e+00      2.20000e+01   1214s
  1447      2.20900e+00      5.38900e+00      2.20000e+01   1216s
  1449      3.07900e+00      5.38900e+00      2.20000e+01   1217s
  1451      3.76100e+00      5.38900e+00      2.20000e+01   1219s
  1453      4.51900e+00      5.38900e+00      2.20000e+01   1221s
  1455      4.58800e+00      5.38900e+00      2.20000e+01   1222s
  1457      3.69100e+00      5.38900e+00      2.20000e+01   1224s
  1459      2.40700e+00      5.38900e+00      2.20000e+01   1226s
  1461      2.49100e+00      5.38900e+00      2.20000e+01   1227s
  1463      3.55800e+00      5.38900e+00      2.20000e+01   1229s
  1465      4.79800e+00      5.38900e+00      2.20000e+01   1231s
  1467      4.78300e+00      5.38900e+00      2.20000e+01   1232s
  1469      3.60900e+00      5.38900e+00      2.20000e+01   1234s
  1470      3.08000e+00      5.38900e+00      2.20000e+01   1235s
  1472      2.40400e+00      5.38900e+00      2.20000e+01   1237s
  1474      2.80000e+00      5.38900e+00      2.20000e+01   1238s
  1476      3.96900e+00      5.38900e+00      2.20000e+01   1240s
  1478      4.89400e+00      5.38900e+00      2.20000e+01   1242s
  1480      4.24400e+00      5.38900e+00      2.20000e+01   1244s
  1482      3.20600e+00      5.38900e+00      2.20000e+01   1245s
  1484      2.16600e+00      5.38900e+00      2.20000e+01   1247s
  1486      2.62200e+00      5.38900e+00      2.20000e+01   1249s
  1488      3.93900e+00      5.38900e+00      2.20000e+01   1250s
  1490      5.06700e+00      5.38900e+00      2.20000e+01   1252s
  1492      4.73400e+00      5.38900e+00      2.20000e+01   1254s
  1494      3.36200e+00      5.38900e+00      2.20000e+01   1255s
  1496      2.46700e+00      5.38900e+00      2.20000e+01   1257s
  1498      2.27300e+00      5.38900e+00      2.20000e+01   1259s
  1500      3.05100e+00      5.38900e+00      2.20000e+01   1261s
  1502      3.71900e+00      5.38900e+00      2.20000e+01   1262s
  1504      4.17800e+00      5.38900e+00      2.20000e+01   1264s
  1506      3.81400e+00      5.38900e+00      2.20000e+01   1265s
  1508      3.15100e+00      5.38900e+00      2.20000e+01   1267s
  1510      2.42000e+00      5.38900e+00      2.20000e+01   1269s
  1512      2.83700e+00      5.38900e+00      2.20000e+01   1270s
  1514      3.82000e+00      5.38900e+00      2.20000e+01   1272s
  1516      4.24200e+00      5.38900e+00      2.20000e+01   1274s
  1518      4.09200e+00      5.38900e+00      2.20000e+01   1275s
  1520      3.27900e+00      5.38900e+00      2.20000e+01   1277s
  1522      2.52600e+00      5.38900e+00      2.20000e+01   1279s
  1524      2.80400e+00      5.38900e+00      2.20000e+01   1281s
  1526      3.74000e+00      5.38900e+00      2.20000e+01   1282s
  1527      3.85700e+00      5.38900e+00      2.20000e+01   1283s
  1529      4.43200e+00      5.38900e+00      2.20000e+01   1285s
  1531      3.57400e+00      5.38900e+00      2.20000e+01   1286s
  1533      2.88100e+00      5.38900e+00      2.20000e+01   1288s
  1535      2.59100e+00      5.38900e+00      2.20000e+01   1290s
  1537      3.17300e+00      5.38900e+00      2.20000e+01   1291s
  1539      4.08400e+00      5.38900e+00      2.20000e+01   1293s
  1541      4.32300e+00      5.38900e+00      2.20000e+01   1295s
  1543      3.61600e+00      5.38900e+00      2.20000e+01   1296s
  1545      2.95500e+00      5.38900e+00      2.20000e+01   1298s
  1547      2.41900e+00      5.38900e+00      2.20000e+01   1300s
  1549      2.94100e+00      5.38900e+00      2.20000e+01   1301s
  1551      2.97600e+00      5.38900e+00      2.20000e+01   1303s
  1553      3.53700e+00      5.38900e+00      2.20000e+01   1305s
  1555      3.84700e+00      5.38900e+00      2.20000e+01   1306s
  1557      3.16200e+00      5.38900e+00      2.20000e+01   1308s
  1559      2.65700e+00      5.38900e+00      2.20000e+01   1310s
  1561      2.81700e+00      5.38900e+00      2.20000e+01   1311s
  1563      3.09300e+00      5.38900e+00      2.20000e+01   1313s
  1565      3.54400e+00      5.38900e+00      2.20000e+01   1315s
  1567      3.84800e+00      5.38900e+00      2.20000e+01   1316s
  1569      3.47400e+00      5.38900e+00      2.20000e+01   1318s
  1571      2.99800e+00      5.38900e+00      2.20000e+01   1319s
  1573      2.76600e+00      5.38900e+00      2.20000e+01   1321s
  1575      2.93300e+00      5.38900e+00      2.20000e+01   1323s
  1577      3.51400e+00      5.38900e+00      2.20000e+01   1325s
  1579      3.87900e+00      5.38900e+00      2.20000e+01   1326s
  1581      3.42300e+00      5.38900e+00      2.20000e+01   1328s
  1583      2.91800e+00      5.38900e+00      2.20000e+01   1330s
  1585      2.84700e+00      5.38900e+00      2.20000e+01   1331s
  1587      3.07200e+00      5.38900e+00      2.20000e+01   1333s
  1589      3.46500e+00      5.38900e+00      2.20000e+01   1335s
  1591      3.70300e+00      5.38900e+00      2.20000e+01   1336s
  1593      3.33500e+00      5.38900e+00      2.20000e+01   1338s
  1595      2.99500e+00      5.38900e+00      2.20000e+01   1340s
  1597      2.77600e+00      5.38900e+00      2.20000e+01   1342s
  1599      2.74100e+00      5.38900e+00      2.20000e+01   1343s
  1601      3.24300e+00      5.38900e+00      2.20000e+01   1345s
  1603      3.45000e+00      5.38900e+00      2.20000e+01   1347s
  1605      3.25800e+00      5.38900e+00      2.20000e+01   1348s
  1607      3.38300e+00      5.38900e+00      2.20000e+01   1350s
  1609      2.71500e+00      5.38900e+00      2.20000e+01   1352s
  1611      2.70900e+00      5.38900e+00      2.20000e+01   1353s
  1613      2.95700e+00      5.38900e+00      2.20000e+01   1355s
  1615      3.38500e+00      5.38900e+00      2.20000e+01   1357s
  1617      3.41900e+00      5.38900e+00      2.20000e+01   1358s
  1619      3.20200e+00      5.38900e+00      2.20000e+01   1360s
  1621      3.02400e+00      5.38900e+00      2.20000e+01   1362s
  1623      2.95100e+00      5.38900e+00      2.20000e+01   1363s
  1625      3.28100e+00      5.38900e+00      2.20000e+01   1365s
  1627      3.26100e+00      5.38900e+00      2.20000e+01   1367s
  1629      3.48400e+00      5.38900e+00      2.20000e+01   1369s
  1631      3.38800e+00      5.38900e+00      2.20000e+01   1370s
  1633      2.98000e+00      5.38900e+00      2.20000e+01   1372s
  1635      3.03000e+00      5.38900e+00      2.20000e+01   1374s
  1637      3.11700e+00      5.38900e+00      2.20000e+01   1376s
  1639      3.19600e+00      5.38900e+00      2.20000e+01   1377s
  1641      3.42700e+00      5.38900e+00      2.20000e+01   1379s
  1643      3.18700e+00      5.38900e+00      2.20000e+01   1380s
  1645      3.21300e+00      5.38900e+00      2.20000e+01   1382s
  1647      3.09600e+00      5.38900e+00      2.20000e+01   1384s
  1649      3.28100e+00      5.38900e+00      2.20000e+01   1386s
  1651      3.13400e+00      5.38900e+00      2.20000e+01   1387s
  1653      3.17200e+00      5.38900e+00      2.20000e+01   1389s
  1655      3.19200e+00      5.38900e+00      2.20000e+01   1391s
  1657      3.19200e+00      5.38900e+00      2.20000e+01   1393s
  1659      3.03300e+00      5.38900e+00      2.20000e+01   1394s
  1661      2.96100e+00      5.38900e+00      2.20000e+01   1396s
  1663      3.00800e+00      5.38900e+00      2.20000e+01   1398s
  1665      3.12500e+00      5.38900e+00      2.20000e+01   1399s
  1667      3.03400e+00      5.38900e+00      2.20000e+01   1401s
  1669      3.03400e+00      5.38900e+00      2.20000e+01   1403s
  1671      2.93100e+00      5.38900e+00      2.20000e+01   1404s
  1673      2.77100e+00      5.38900e+00      2.20000e+01   1406s
  1675      3.24800e+00      5.38900e+00      2.20000e+01   1407s
  1677      3.33900e+00      5.38900e+00      2.20000e+01   1409s
  1679      3.15200e+00      5.38900e+00      2.20000e+01   1411s
  1681      3.39100e+00      5.38900e+00      2.20000e+01   1413s
  1683      3.05400e+00      5.38900e+00      2.20000e+01   1414s
  1685      2.92000e+00      5.38900e+00      2.20000e+01   1416s
  1687      2.83900e+00      5.38900e+00      2.20000e+01   1417s
  1689      2.85200e+00      5.38900e+00      2.20000e+01   1419s
  1691      3.36400e+00      5.38900e+00      2.20000e+01   1421s
  1693      3.22400e+00      5.38900e+00      2.20000e+01   1422s
  1695      3.18400e+00      5.38900e+00      2.20000e+01   1424s
  1697      3.16700e+00      5.38900e+00      2.20000e+01   1426s
  1699      3.09000e+00      5.38900e+00      2.20000e+01   1427s
  1701      3.07200e+00      5.38900e+00      2.20000e+01   1429s
  1703      3.00600e+00      5.38900e+00      2.20000e+01   1431s
  1705      3.04900e+00      5.38900e+00      2.20000e+01   1432s
  1707      3.14300e+00      5.38900e+00      2.20000e+01   1434s
  1709      3.14400e+00      5.38900e+00      2.20000e+01   1436s
  1711      3.17600e+00      5.38900e+00      2.20000e+01   1438s
  1713      3.01300e+00      5.38900e+00      2.20000e+01   1439s
  1715      3.10100e+00      5.38900e+00      2.20000e+01   1441s
  1717      3.26700e+00      5.38900e+00      2.20000e+01   1442s
  1719      3.20300e+00      5.38900e+00      2.20000e+01   1444s
  1721      3.11000e+00      5.38900e+00      2.20000e+01   1446s
  1723      2.97200e+00      5.38900e+00      2.20000e+01   1447s
  1725      3.08200e+00      5.38900e+00      2.20000e+01   1449s
  1727      3.14400e+00      5.38900e+00      2.20000e+01   1450s
  1729      3.16300e+00      5.38900e+00      2.20000e+01   1452s
  1731      3.16100e+00      5.38900e+00      2.20000e+01   1454s
  1733      2.93600e+00      5.38900e+00      2.20000e+01   1455s
  1735      3.01200e+00      5.38900e+00      2.20000e+01   1457s
  1737      3.22200e+00      5.38900e+00      2.20000e+01   1459s
  1739      2.93000e+00      5.38900e+00      2.20000e+01   1460s
  1741      3.22300e+00      5.38900e+00      2.20000e+01   1462s
  1743      3.16300e+00      5.38900e+00      2.20000e+01   1464s
  1745      3.18100e+00      5.38900e+00      2.20000e+01   1465s
  1747      3.13900e+00      5.38900e+00      2.20000e+01   1467s
  1749      2.92200e+00      5.38900e+00      2.20000e+01   1469s
  1751      3.26200e+00      5.38900e+00      2.20000e+01   1470s
  1753      2.99700e+00      5.38900e+00      2.20000e+01   1472s
  1755      3.14600e+00      5.38900e+00      2.20000e+01   1474s
  1757      3.20600e+00      5.38900e+00      2.20000e+01   1475s
  1759      3.20600e+00      5.38900e+00      2.20000e+01   1477s
  1761      3.10700e+00      5.38900e+00      2.20000e+01   1479s
  1763      3.06400e+00      5.38900e+00      2.20000e+01   1480s
  1765      3.02000e+00      5.38900e+00      2.20000e+01   1482s
  1767      3.13300e+00      5.38900e+00      2.20000e+01   1484s
  1768      3.25100e+00      5.38900e+00      2.20000e+01   1485s
  1770      3.11200e+00      5.38900e+00      2.20000e+01   1486s
  1772      3.08700e+00      5.38900e+00      2.20000e+01   1488s
  1774      3.06800e+00      5.38900e+00      2.20000e+01   1490s
  1776      3.06400e+00      5.38900e+00      2.20000e+01   1491s
  1778      3.13900e+00      5.38900e+00      2.20000e+01   1493s
  1780      3.22200e+00      5.38900e+00      2.20000e+01   1495s
  1782      3.17300e+00      5.38900e+00      2.20000e+01   1496s
  1784      3.19000e+00      5.38900e+00      2.20000e+01   1498s
  1786      2.96600e+00      5.38900e+00      2.20000e+01   1499s
  1788      2.98200e+00      5.38900e+00      2.20000e+01   1501s
  1790      3.09100e+00      5.38900e+00      2.20000e+01   1503s
  1792      2.97000e+00      5.38900e+00      2.20000e+01   1505s
  1794      3.30700e+00      5.38900e+00      2.20000e+01   1506s
  1796      3.11200e+00      5.38900e+00      2.20000e+01   1508s
  1798      3.02200e+00      5.38900e+00      2.20000e+01   1509s
  1800      2.95400e+00      5.38900e+00      2.20000e+01   1511s
  1802      2.88800e+00      5.38900e+00      2.20000e+01   1513s
  1804      3.14900e+00      5.38900e+00      2.20000e+01   1514s
  1806      2.94400e+00      5.38900e+00      2.20000e+01   1516s
  1808      2.99000e+00      5.38900e+00      2.20000e+01   1518s
  1810      2.84500e+00      5.38900e+00      2.20000e+01   1519s
  1812      3.14200e+00      5.38900e+00      2.20000e+01   1521s
  1814      2.93500e+00      5.38900e+00      2.20000e+01   1522s
  1816      3.17400e+00      5.38900e+00      2.20000e+01   1524s
  1818      3.23700e+00      5.38900e+00      2.20000e+01   1526s
  1820      2.95100e+00      5.38900e+00      2.20000e+01   1528s
  1822      3.11200e+00      5.38900e+00      2.20000e+01   1529s
  1824      3.23000e+00      5.38900e+00      2.20000e+01   1531s
  1826      2.94800e+00      5.38900e+00      2.20000e+01   1533s
  1828      3.11600e+00      5.38900e+00      2.20000e+01   1534s
  1830      3.15100e+00      5.38900e+00      2.20000e+01   1536s
  1832      2.84800e+00      5.38900e+00      2.20000e+01   1538s
  1834      3.10000e+00      5.38900e+00      2.20000e+01   1539s
  1836      3.00700e+00      5.38900e+00      2.20000e+01   1541s
  1838      2.92200e+00      5.38900e+00      2.20000e+01   1543s
  1840      2.98300e+00      5.38900e+00      2.20000e+01   1544s
  1842      3.16800e+00      5.38900e+00      2.20000e+01   1546s
  1844      3.11300e+00      5.38900e+00      2.20000e+01   1548s
  1846      2.92500e+00      5.38900e+00      2.20000e+01   1549s
  1848      3.28400e+00      5.38900e+00      2.20000e+01   1551s
  1850      3.08100e+00      5.38900e+00      2.20000e+01   1552s
  1852      3.12000e+00      5.38900e+00      2.20000e+01   1554s
  1854      2.95500e+00      5.38900e+00      2.20000e+01   1556s
  1856      3.13200e+00      5.38900e+00      2.20000e+01   1558s
  1858      3.12400e+00      5.38900e+00      2.20000e+01   1560s
  1860      3.02500e+00      5.38900e+00      2.20000e+01   1561s
  1862      2.84100e+00      5.38900e+00      2.20000e+01   1563s
  1864      2.97500e+00      5.38900e+00      2.20000e+01   1565s
  1866      2.83800e+00      5.38900e+00      2.20000e+01   1566s
  1868      3.11600e+00      5.38900e+00      2.20000e+01   1568s
  1870      2.96900e+00      5.38900e+00      2.20000e+01   1570s
  1872      3.27500e+00      5.38900e+00      2.20000e+01   1571s
  1874      3.19300e+00      5.38900e+00      2.20000e+01   1573s
  1876      2.98900e+00      5.38900e+00      2.20000e+01   1575s
  1878      3.00600e+00      5.38900e+00      2.20000e+01   1576s
  1880      2.99200e+00      5.38900e+00      2.20000e+01   1578s
  1882      2.83700e+00      5.38900e+00      2.20000e+01   1580s
  1884      2.91900e+00      5.38900e+00      2.20000e+01   1581s
  1886      3.14800e+00      5.38900e+00      2.20000e+01   1583s
  1888      2.91400e+00      5.38900e+00      2.20000e+01   1585s
  1890      2.92000e+00      5.38900e+00      2.20000e+01   1586s
  1892      2.99000e+00      5.38900e+00      2.20000e+01   1588s
  1894      3.22500e+00      5.38900e+00      2.20000e+01   1590s
  1896      3.02900e+00      5.38900e+00      2.20000e+01   1592s
  1897      2.90000e+00      5.38900e+00      2.20000e+01   1593s
  1899      3.02900e+00      5.38900e+00      2.20000e+01   1594s
  1901      3.09300e+00      5.38900e+00      2.20000e+01   1596s
  1903      2.96700e+00      5.38900e+00      2.20000e+01   1597s
  1905      3.16300e+00      5.38900e+00      2.20000e+01   1599s
  1907      3.14800e+00      5.38900e+00      2.20000e+01   1601s
  1909      3.06800e+00      5.38900e+00      2.20000e+01   1603s
  1911      2.80600e+00      5.38900e+00      2.20000e+01   1604s
  1913      2.94100e+00      5.38900e+00      2.20000e+01   1606s
  1914      2.86300e+00      5.38900e+00      2.20000e+01   1607s
  1916      3.07000e+00      5.38900e+00      2.20000e+01   1609s
  1918      2.93800e+00      5.38900e+00      2.20000e+01   1610s
  1920      2.80700e+00      5.38900e+00      2.20000e+01   1612s
  1922      2.92200e+00      5.38900e+00      2.20000e+01   1614s
  1924      3.08300e+00      5.38900e+00      2.20000e+01   1615s
  1926      3.00600e+00      5.38900e+00      2.20000e+01   1617s
  1928      2.84800e+00      5.38900e+00      2.20000e+01   1619s
  1930      2.98800e+00      5.38900e+00      2.20000e+01   1621s
  1932      2.92000e+00      5.38900e+00      2.20000e+01   1622s
  1934      3.08500e+00      5.38900e+00      2.20000e+01   1624s
  1936      2.82400e+00      5.38900e+00      2.20000e+01   1626s
  1938      2.97900e+00      5.38900e+00      2.20000e+01   1627s
  1940      3.00100e+00      5.38900e+00      2.20000e+01   1629s
  1942      2.90800e+00      5.38900e+00      2.20000e+01   1631s
  1944      3.06300e+00      5.38900e+00      2.20000e+01   1632s
  1946      3.08500e+00      5.38900e+00      2.20000e+01   1634s
  1948      2.97200e+00      5.38900e+00      2.20000e+01   1636s
  1950      2.95400e+00      5.38900e+00      2.20000e+01   1638s
  1952      3.07800e+00      5.38900e+00      2.20000e+01   1639s
  1954      2.97700e+00      5.38900e+00      2.20000e+01   1641s
  1956      2.48200e+00      5.38900e+00      2.20000e+01   1643s
  1958      2.79000e+00      5.38900e+00      2.20000e+01   1644s
  1960      3.06500e+00      5.38900e+00      2.20000e+01   1646s
  1962      2.98400e+00      5.38900e+00      2.20000e+01   1648s
  1964      2.90500e+00      5.38900e+00      2.20000e+01   1649s
  1966      2.73700e+00      5.38900e+00      2.20000e+01   1651s
  1968      2.98900e+00      5.38900e+00      2.20000e+01   1653s
  1970      2.72800e+00      5.38900e+00      2.20000e+01   1654s
  1972      2.89800e+00      5.38900e+00      2.20000e+01   1656s
  1974      2.87000e+00      5.38900e+00      2.20000e+01   1658s
  1976      3.04700e+00      5.38900e+00      2.20000e+01   1659s
  1978      2.76100e+00      5.38900e+00      2.20000e+01   1661s
  1980      2.93700e+00      5.38900e+00      2.20000e+01   1663s
  1982      2.73400e+00      5.38900e+00      2.20000e+01   1664s
  1984      3.06100e+00      5.38900e+00      2.20000e+01   1666s
  1986      2.94400e+00      5.38900e+00      2.20000e+01   1668s
  1988      3.18100e+00      5.38900e+00      2.20000e+01   1669s
  1990      2.74100e+00      5.38900e+00      2.20000e+01   1671s
  1992      2.83400e+00      5.38900e+00      2.20000e+01   1673s
  1994      2.96900e+00      5.38900e+00      2.20000e+01   1675s
  1996      3.07100e+00      5.38900e+00      2.20000e+01   1676s
  1998      3.03700e+00      5.38900e+00      2.20000e+01   1678s
  2000      3.12700e+00      5.38900e+00      2.20000e+01   1680s
  2002      2.90400e+00      5.38900e+00      2.20000e+01   1681s
  2004      2.56200e+00      5.38900e+00      2.20000e+01   1683s
  2006      2.78900e+00      5.38900e+00      2.20000e+01   1684s
  2008      2.97000e+00      5.38900e+00      2.20000e+01   1686s
  2010      2.65600e+00      5.38900e+00      2.20000e+01   1688s
  2012      2.80700e+00      5.38900e+00      2.20000e+01   1690s
  2014      2.98000e+00      5.38900e+00      2.20000e+01   1691s
  2016      2.85000e+00      5.38900e+00      2.20000e+01   1693s
  2018      2.75100e+00      5.38900e+00      2.20000e+01   1695s
  2020      2.81400e+00      5.38900e+00      2.20000e+01   1696s
  2022      2.90500e+00      5.38900e+00      2.20000e+01   1698s
  2024      2.85600e+00      5.38900e+00      2.20000e+01   1700s
  2026      3.11000e+00      5.38900e+00      2.20000e+01   1701s
  2028      2.70800e+00      5.38900e+00      2.20000e+01   1703s
  2030      2.69200e+00      5.38900e+00      2.20000e+01   1704s
  2032      2.61500e+00      5.38900e+00      2.20000e+01   1706s
  2034      2.76600e+00      5.38900e+00      2.20000e+01   1708s
  2036      2.90500e+00      5.38900e+00      2.20000e+01   1709s
  2038      2.85600e+00      5.38900e+00      2.20000e+01   1711s
  2040      2.63500e+00      5.38900e+00      2.20000e+01   1712s
  2042      2.52100e+00      5.38900e+00      2.20000e+01   1714s
  2044      2.87300e+00      5.38900e+00      2.20000e+01   1716s
  2046      2.97700e+00      5.38900e+00      2.20000e+01   1717s
  2048      2.87400e+00      5.38900e+00      2.20000e+01   1719s
  2050      3.22800e+00      5.38900e+00      2.20000e+01   1721s
  2052      3.03100e+00      5.38900e+00      2.20000e+01   1722s
  2054      2.46000e+00      5.38900e+00      2.20000e+01   1724s
  2056      2.79700e+00      5.38900e+00      2.20000e+01   1726s
  2058      2.73700e+00      5.38900e+00      2.20000e+01   1727s
  2060      2.96000e+00      5.38900e+00      2.20000e+01   1729s
  2062      3.01000e+00      5.38900e+00      2.20000e+01   1731s
  2064      2.93500e+00      5.38900e+00      2.20000e+01   1732s
  2066      2.61400e+00      5.38900e+00      2.20000e+01   1734s
  2068      2.69000e+00      5.38900e+00      2.20000e+01   1736s
  2070      3.03900e+00      5.38900e+00      2.20000e+01   1738s
  2072      3.01600e+00      5.38900e+00      2.20000e+01   1739s
  2074      3.07900e+00      5.38900e+00      2.20000e+01   1741s
  2076      2.76500e+00      5.38900e+00      2.20000e+01   1743s
  2078      2.60200e+00      5.38900e+00      2.20000e+01   1744s
  2080      2.59000e+00      5.38900e+00      2.20000e+01   1746s
  2082      3.12500e+00      5.38900e+00      2.20000e+01   1748s
  2084      3.25900e+00      5.38900e+00      2.20000e+01   1750s
  2086      3.10300e+00      5.38900e+00      2.20000e+01   1751s
  2088      2.95600e+00      5.38900e+00      2.20000e+01   1753s
  2090      2.81400e+00      5.38900e+00      2.20000e+01   1755s
  2092      2.60400e+00      5.38900e+00      2.20000e+01   1756s
  2094      2.70700e+00      5.38900e+00      2.20000e+01   1758s
  2096      3.02200e+00      5.38900e+00      2.20000e+01   1760s
  2098      3.04500e+00      5.38900e+00      2.20000e+01   1762s
  2100      3.14200e+00      5.38900e+00      2.20000e+01   1763s
  2102      2.81100e+00      5.38900e+00      2.20000e+01   1765s
  2104      2.58600e+00      5.38900e+00      2.20000e+01   1767s
  2106      2.84900e+00      5.38900e+00      2.20000e+01   1768s
  2108      3.21800e+00      5.38900e+00      2.20000e+01   1770s
  2110      3.18600e+00      5.38900e+00      2.20000e+01   1771s
  2112      3.09300e+00      5.38900e+00      2.20000e+01   1772s
  2114      2.55000e+00      5.38900e+00      2.20000e+01   1774s
  2116      2.59600e+00      5.38900e+00      2.20000e+01   1775s
  2118      2.78200e+00      5.38900e+00      2.20000e+01   1777s
  2120      3.20700e+00      5.38900e+00      2.20000e+01   1779s
  2122      3.23600e+00      5.38900e+00      2.20000e+01   1781s
  2124      3.31800e+00      5.38900e+00      2.20000e+01   1782s
  2126      3.01200e+00      5.38900e+00      2.20000e+01   1784s
  2128      2.48700e+00      5.38900e+00      2.20000e+01   1786s
  2130      2.52900e+00      5.38900e+00      2.20000e+01   1787s
  2132      3.07100e+00      5.38900e+00      2.20000e+01   1789s
  2134      3.32500e+00      5.38900e+00      2.20000e+01   1791s
  2136      3.31000e+00      5.38900e+00      2.20000e+01   1792s
  2138      2.71200e+00      5.38900e+00      2.20000e+01   1794s
  2140      2.34600e+00      5.38900e+00      2.20000e+01   1796s
  2142      2.90900e+00      5.38900e+00      2.20000e+01   1797s
  2144      3.04700e+00      5.38900e+00      2.20000e+01   1799s
  2146      3.28600e+00      5.38900e+00      2.20000e+01   1801s
  2148      3.22900e+00      5.38900e+00      2.20000e+01   1803s
  2150      3.10600e+00      5.38900e+00      2.20000e+01   1804s
  2152      2.14700e+00      5.38900e+00      2.20000e+01   1806s
  2154      2.30000e+00      5.38900e+00      2.20000e+01   1808s
  2156      3.03200e+00      5.38900e+00      2.20000e+01   1809s
  2158      3.72800e+00      5.38900e+00      2.20000e+01   1811s
  2160      3.74800e+00      5.38900e+00      2.20000e+01   1813s
  2162      3.12700e+00      5.38900e+00      2.20000e+01   1814s
  2164      2.60700e+00      5.38900e+00      2.20000e+01   1816s
  2166      2.34900e+00      5.38900e+00      2.20000e+01   1818s
  2168      2.92800e+00      5.38900e+00      2.20000e+01   1819s
  2170      3.64600e+00      5.38900e+00      2.20000e+01   1821s
  2172      3.69600e+00      5.38900e+00      2.20000e+01   1823s
  2174      3.38100e+00      5.38900e+00      2.20000e+01   1824s
  2176      2.53600e+00      5.38900e+00      2.20000e+01   1826s
  2178      2.37100e+00      5.38900e+00      2.20000e+01   1828s
  2180      3.15900e+00      5.38900e+00      2.20000e+01   1830s
  2182      3.65700e+00      5.38900e+00      2.20000e+01   1831s
  2184      3.66000e+00      5.38900e+00      2.20000e+01   1833s
  2186      3.29100e+00      5.38900e+00      2.20000e+01   1835s
  2188      2.58900e+00      5.38900e+00      2.20000e+01   1836s
  2190      2.56700e+00      5.38900e+00      2.20000e+01   1838s
  2192      2.78000e+00      5.38900e+00      2.20000e+01   1840s
  2194      3.84500e+00      5.38900e+00      2.20000e+01   1841s
  2196      4.03000e+00      5.38900e+00      2.20000e+01   1843s
  2198      3.50400e+00      5.38900e+00      2.20000e+01   1845s
  2200      2.77200e+00      5.38900e+00      2.20000e+01   1846s
  2202      2.22400e+00      5.38900e+00      2.20000e+01   1848s
  2204      2.48700e+00      5.38900e+00      2.20000e+01   1850s
  2206      3.56200e+00      5.38900e+00      2.20000e+01   1851s
  2208      4.54900e+00      5.38900e+00      2.20000e+01   1853s
  2210      4.19600e+00      5.38900e+00      2.20000e+01   1855s
  2212      3.35800e+00      5.38900e+00      2.20000e+01   1856s
  2214      2.29900e+00      5.38900e+00      2.20000e+01   1858s
  2216      2.46600e+00      5.38900e+00      2.20000e+01   1859s
  2218      3.53100e+00      5.38900e+00      2.20000e+01   1861s
  2220      4.32200e+00      5.38900e+00      2.20000e+01   1863s
  2222      4.24900e+00      5.38900e+00      2.20000e+01   1864s
  2224      3.35000e+00      5.38900e+00      2.20000e+01   1866s
  2226      2.37500e+00      5.38900e+00      2.20000e+01   1868s
  2228      2.37400e+00      5.38900e+00      2.20000e+01   1869s
  2230      3.26500e+00      5.38900e+00      2.20000e+01   1871s
  2232      4.18400e+00      5.38900e+00      2.20000e+01   1873s
  2234      4.44400e+00      5.38900e+00      2.20000e+01   1874s
  2236      3.52600e+00      5.38900e+00      2.20000e+01   1876s
  2238      2.55600e+00      5.38900e+00      2.20000e+01   1878s
  2240      2.20700e+00      5.38900e+00      2.20000e+01   1880s
  2242      3.32900e+00      5.38900e+00      2.20000e+01   1881s
  2244      4.10100e+00      5.38900e+00      2.20000e+01   1883s
  2246      4.36800e+00      5.38900e+00      2.20000e+01   1885s
  2248      3.52700e+00      5.38900e+00      2.20000e+01   1886s
  2250      3.13300e+00      5.38900e+00      2.20000e+01   1888s
  2252      1.95100e+00      5.38900e+00      2.20000e+01   1890s
  2254      2.33600e+00      5.38900e+00      2.20000e+01   1892s
  2256      3.78900e+00      5.38900e+00      2.20000e+01   1893s
  2258      4.87400e+00      5.38900e+00      2.20000e+01   1895s
  2260      4.46700e+00      5.38900e+00      2.20000e+01   1897s
  2262      3.29100e+00      5.38900e+00      2.20000e+01   1898s
  2264      2.17800e+00      5.38900e+00      2.20000e+01   1900s
  2266      2.15300e+00      5.38900e+00      2.20000e+01   1902s
  2268      3.55000e+00      5.38900e+00      2.20000e+01   1903s
  2270      4.67200e+00      5.38900e+00      2.20000e+01   1905s
  2272      4.58000e+00      5.38900e+00      2.20000e+01   1906s
  2274      3.34100e+00      5.38900e+00      2.20000e+01   1908s
  2276      2.31800e+00      5.38900e+00      2.20000e+01   1910s
  2278      2.25500e+00      5.38900e+00      2.20000e+01   1912s
  2280      3.33900e+00      5.38900e+00      2.20000e+01   1913s
  2282      4.64400e+00      5.38900e+00      2.20000e+01   1915s
  2284      4.87900e+00      5.38900e+00      2.20000e+01   1917s
  2286      3.40600e+00      5.38900e+00      2.20000e+01   1919s
  2288      2.40800e+00      5.38900e+00      2.20000e+01   1920s
  2290      2.13600e+00      5.38900e+00      2.20000e+01   1922s
  2292      3.13000e+00      5.38900e+00      2.20000e+01   1924s
  2294      4.68300e+00      5.38900e+00      2.20000e+01   1925s
  2296      4.77900e+00      5.38900e+00      2.20000e+01   1927s
  2298      3.81700e+00      5.38900e+00      2.20000e+01   1929s
  2300      2.89200e+00      5.38900e+00      2.20000e+01   1931s
  2302      2.02300e+00      5.38900e+00      2.20000e+01   1932s
  2304      2.48100e+00      5.38900e+00      2.20000e+01   1934s
  2306      4.08100e+00      5.38900e+00      2.20000e+01   1935s
  2308      4.70700e+00      5.38900e+00      2.20000e+01   1937s
  2310      4.31500e+00      5.38900e+00      2.20000e+01   1939s
  2312      3.40300e+00      5.38900e+00      2.20000e+01   1940s
  2314      2.12300e+00      5.38900e+00      2.20000e+01   1942s
  2316      2.23400e+00      5.38900e+00      2.20000e+01   1944s
  2318      3.49600e+00      5.38900e+00      2.20000e+01   1945s
  2320      4.84300e+00      5.38900e+00      2.20000e+01   1947s
  2322      4.60600e+00      5.38900e+00      2.20000e+01   1949s
  2324      3.46900e+00      5.38900e+00      2.20000e+01   1950s
  2326      2.20700e+00      5.38900e+00      2.20000e+01   1952s
  2328      2.01000e+00      5.38900e+00      2.20000e+01   1954s
  2330      3.45500e+00      5.38900e+00      2.20000e+01   1955s
  2332      4.65500e+00      5.38900e+00      2.20000e+01   1957s
  2334      4.79500e+00      5.38900e+00      2.20000e+01   1959s
  2336      3.65400e+00      5.38900e+00      2.20000e+01   1960s
  2338      2.29000e+00      5.38900e+00      2.20000e+01   1962s
  2340      2.06900e+00      5.38900e+00      2.20000e+01   1964s
  2342      3.25500e+00      5.38900e+00      2.20000e+01   1965s
  2344      4.38900e+00      5.38900e+00      2.20000e+01   1967s
  2346      4.85400e+00      5.38900e+00      2.20000e+01   1969s
  2348      3.88700e+00      5.38900e+00      2.20000e+01   1970s
  2350      2.92500e+00      5.38900e+00      2.20000e+01   1972s
  2352      1.93800e+00      5.38900e+00      2.20000e+01   1974s
  2354      2.29300e+00      5.38900e+00      2.20000e+01   1975s
  2356      3.50100e+00      5.38900e+00      2.20000e+01   1977s
  2358      4.30700e+00      5.38900e+00      2.20000e+01   1979s
  2360      4.26000e+00      5.38900e+00      2.20000e+01   1980s
  2362      3.26200e+00      5.38900e+00      2.20000e+01   1982s
  2364      2.37200e+00      5.38900e+00      2.20000e+01   1984s
  2366      2.30400e+00      5.38900e+00      2.20000e+01   1985s
  2368      3.37500e+00      5.38900e+00      2.20000e+01   1987s
  2370      4.08100e+00      5.38900e+00      2.20000e+01   1989s
  2372      4.25500e+00      5.38900e+00      2.20000e+01   1990s
  2374      3.18500e+00      5.38900e+00      2.20000e+01   1992s
  2376      2.08800e+00      5.38900e+00      2.20000e+01   1993s
  2378      2.15200e+00      5.38900e+00      2.20000e+01   1995s
  2380      3.15300e+00      5.38900e+00      2.20000e+01   1997s
  2382      4.40000e+00      5.38900e+00      2.20000e+01   1999s
  2384      4.44900e+00      5.38900e+00      2.20000e+01   2000s
  2386      3.79400e+00      5.38900e+00      2.20000e+01   2002s
  2388      2.31100e+00      5.38900e+00      2.20000e+01   2004s
  2390      2.14300e+00      5.38900e+00      2.20000e+01   2005s
  2392      3.05300e+00      5.38900e+00      2.20000e+01   2007s
  2394      4.28700e+00      5.38900e+00      2.20000e+01   2009s
  2396      4.53000e+00      5.38900e+00      2.20000e+01   2010s
  2398      3.69000e+00      5.38900e+00      2.20000e+01   2012s
  2400      2.90200e+00      5.38900e+00      2.20000e+01   2013s
  2402      2.31500e+00      5.38900e+00      2.20000e+01   2015s
  2404      2.70200e+00      5.38900e+00      2.20000e+01   2017s
  2406      3.08400e+00      5.38900e+00      2.20000e+01   2019s
  2408      3.74600e+00      5.38900e+00      2.20000e+01   2020s
  2410      3.73300e+00      5.38900e+00      2.20000e+01   2022s
  2412      3.14400e+00      5.38900e+00      2.20000e+01   2023s
  2414      2.58500e+00      5.38900e+00      2.20000e+01   2025s
  2416      2.30200e+00      5.38900e+00      2.20000e+01   2027s
  2418      3.26500e+00      5.38900e+00      2.20000e+01   2028s
  2420      3.51900e+00      5.38900e+00      2.20000e+01   2030s
  2422      3.85200e+00      5.38900e+00      2.20000e+01   2032s
  2424      3.07500e+00      5.38900e+00      2.20000e+01   2033s
  2426      2.34500e+00      5.38900e+00      2.20000e+01   2035s
  2428      2.28900e+00      5.38900e+00      2.20000e+01   2037s
  2430      3.11600e+00      5.38900e+00      2.20000e+01   2038s
  2432      3.86800e+00      5.38900e+00      2.20000e+01   2040s
  2434      3.67300e+00      5.38900e+00      2.20000e+01   2042s
  2436      3.32000e+00      5.38900e+00      2.20000e+01   2043s
  2438      2.65800e+00      5.38900e+00      2.20000e+01   2045s
  2440      2.61800e+00      5.38900e+00      2.20000e+01   2047s
  2442      2.78900e+00      5.38900e+00      2.20000e+01   2048s
  2444      3.28500e+00      5.38900e+00      2.20000e+01   2050s
  2446      3.83900e+00      5.38900e+00      2.20000e+01   2052s
  2448      3.40800e+00      5.38900e+00      2.20000e+01   2053s
  2450      3.10200e+00      5.38900e+00      2.20000e+01   2055s
  2452      3.06900e+00      5.38900e+00      2.20000e+01   2057s
  2454      2.87400e+00      5.38900e+00      2.20000e+01   2058s
  2456      2.74700e+00      5.38900e+00      2.20000e+01   2060s
  2458      3.11400e+00      5.38900e+00      2.20000e+01   2062s
  2460      3.09400e+00      5.38900e+00      2.20000e+01   2063s
  2462      2.81700e+00      5.38900e+00      2.20000e+01   2065s
  2464      2.86400e+00      5.38900e+00      2.20000e+01   2067s
  2466      2.82800e+00      5.38900e+00      2.20000e+01   2069s
  2468      3.20500e+00      5.38900e+00      2.20000e+01   2070s
  2470      2.90800e+00      5.38900e+00      2.20000e+01   2072s
  2472      3.22100e+00      5.38900e+00      2.20000e+01   2074s
  2474      3.12200e+00      5.38900e+00      2.20000e+01   2075s
  2476      2.95300e+00      5.38900e+00      2.20000e+01   2077s
  2478      3.05700e+00      5.38900e+00      2.20000e+01   2079s
  2480      3.01100e+00      5.38900e+00      2.20000e+01   2081s
  2482      3.03800e+00      5.38900e+00      2.20000e+01   2082s
  2484      2.84300e+00      5.38900e+00      2.20000e+01   2084s
  2486      3.27800e+00      5.38900e+00      2.20000e+01   2085s
  2488      3.00800e+00      5.38900e+00      2.20000e+01   2087s
  2490      2.86900e+00      5.38900e+00      2.20000e+01   2089s
  2492      2.93400e+00      5.38900e+00      2.20000e+01   2090s
  2494      3.01400e+00      5.38900e+00      2.20000e+01   2092s
  2496      3.31000e+00      5.38900e+00      2.20000e+01   2094s
  2498      2.91900e+00      5.38900e+00      2.20000e+01   2096s

==================================================
Summary of results QAOA
--------------------------------------------------
Avg of QAOA obj (BQO obj):    5.39
Avg of QAOA obj (penalty):    -0.00
Avg of constraint violation:  0.00

Avg of QAOA obj:              5.39
STD of QAOA obj:              1.34
Avg of QAOA obj (feasible):   5.39
STD of QAOA obj (feasible):   1.20

Gamma angles:                 2.69
Beta angles:                  2.69

Best QAOA obj:                22.00
Modified best QAOA obj:       22.00
Best QAOA obj (feasible):     16.00

QAOA total time:              2096.31s
QAOA circuit depth:           46
==================================================

==================================================
Summary of results of 0-S24
--------------------------------------------------
Number of vertices:           24
Number of edges:              66

Vertex num in largest comp:   24
Edge num in largest comp:     66

Pre-processing running time:  0.00
Total solver time:            2095.53
Running time:                 2100.29

Upper bound:                  36.00
Objective value:              22.00

Partition 0:                  1, 4, 5, 6, 8, 10, 11, 12, 13, 16, 18, 20, 21, 22, 23
Partition 1:                  2, 3, 7, 9, 14, 15, 17, 19, 24
==================================================
