==================================================
Instance parameters
--------------------------------------------------
Number of vertices:           6
Number of edges:              14
Number of partitions:         3

Density (%):                  93
Name of instance:             seed1_band_pen_4.5_noise0.0
Is planar:                    False
==================================================

==================================================
Solver parameters
--------------------------------------------------
Method:                       QUBO
Peel:                         False
Decompose:                    False
Fold:                         False

Penalty Multiplier:           4.5
Gates Error Probability:      0.0
QAOA Num Levels:              1
QAOA Scipy Optimizer:         brute
==================================================

  iter        avg-obj        best avg-obj       best-obj      time
     0     -2.39770e+01     -2.39770e+01      4.00000e+00      1s
     4     -2.42965e+01     -2.39770e+01      6.00000e+00      2s
     8     -2.40370e+01     -2.39770e+01      6.00000e+00      3s
    12     -2.40320e+01     -2.39770e+01      6.00000e+00      4s
    16     -2.48445e+01     -2.39770e+01      6.00000e+00      6s
    20     -2.47535e+01     -2.36445e+01      6.00000e+00      7s
    25     -2.45880e+01     -2.36445e+01      7.00000e+00      8s
    29     -2.46650e+01     -2.30985e+01      7.00000e+00      9s
    33     -2.49035e+01     -2.30985e+01      7.00000e+00     10s
    38     -2.40705e+01     -2.30985e+01      7.00000e+00     11s
    42     -2.46770e+01     -2.30985e+01      7.00000e+00     12s
    47     -2.53380e+01     -2.30985e+01      7.00000e+00     13s
    52     -8.99050e+00     -8.99050e+00      7.00000e+00     14s
    57     -2.78375e+01     -7.72100e+00      7.00000e+00     16s
    62     -2.57410e+01     -7.72100e+00      7.00000e+00     17s
    67     -4.76745e+01     -7.72100e+00      7.00000e+00     18s
    71     -6.08970e+01     -7.72100e+00      7.00000e+00     19s
    76     -1.12355e+01     -7.72100e+00      7.00000e+00     20s
    81     -2.61980e+01     -7.63250e+00      7.00000e+00     21s
    86     -2.60795e+01     -7.63250e+00      7.00000e+00     22s
    91     -4.20370e+01     -7.63250e+00      7.00000e+00     24s
    95     -6.22595e+01     -7.63250e+00      7.00000e+00     25s
   100     -2.47360e+01     -7.63250e+00      7.00000e+00     26s
   105     -2.57305e+01     -7.63250e+00      7.00000e+00     27s
   109     -3.09780e+01     -7.63250e+00      7.00000e+00     28s
   113     -2.43485e+01     -7.63250e+00      7.00000e+00     29s
   117     -3.53995e+01     -7.63250e+00      7.00000e+00     30s
   122     -3.63740e+01     -7.63250e+00      7.00000e+00     31s
   127     -1.94700e+01     -7.63250e+00      7.00000e+00     32s
   132     -3.23105e+01     -7.63250e+00      7.00000e+00     34s
   136     -2.55390e+01     -7.63250e+00      7.00000e+00     35s
   141     -3.47480e+01     -7.63250e+00      7.00000e+00     36s
   147     -3.54970e+01     -7.63250e+00      7.00000e+00     37s
   152     -2.38230e+01     -7.63250e+00      7.00000e+00     38s
   156     -3.11295e+01     -7.63250e+00      7.00000e+00     39s
   160     -3.01675e+01     -7.63250e+00      7.00000e+00     40s
   165     -2.22680e+01     -7.63250e+00      7.00000e+00     41s
   170     -2.76315e+01     -7.63250e+00      7.00000e+00     43s
   174     -2.49715e+01     -7.63250e+00      7.00000e+00     44s
   179     -2.94465e+01     -7.63250e+00      7.00000e+00     45s
   183     -3.28770e+01     -7.63250e+00      7.00000e+00     46s
   187     -2.36285e+01     -7.63250e+00      7.00000e+00     47s
   192     -2.57330e+01     -7.63250e+00      7.00000e+00     48s
   196     -2.79765e+01     -7.63250e+00      7.00000e+00     49s
   200     -2.41125e+01     -7.63250e+00      7.00000e+00     51s
   205     -2.60580e+01     -7.63250e+00      7.00000e+00     52s
   210     -3.62340e+01     -7.63250e+00      7.00000e+00     53s
   215     -2.28340e+01     -7.63250e+00      7.00000e+00     54s
   221     -4.90765e+01     -7.63250e+00      7.00000e+00     55s
   225     -2.10655e+01     -7.63250e+00      7.00000e+00     56s
   229     -2.29820e+01     -7.63250e+00      7.00000e+00     57s
   234     -3.71815e+01     -7.63250e+00      7.00000e+00     58s
   238     -2.08980e+01     -7.63250e+00      7.00000e+00     59s
   242     -3.75665e+01     -7.63250e+00      7.00000e+00     60s
   247     -4.03580e+01     -7.63250e+00      7.00000e+00     62s
   251     -2.24100e+01     -7.63250e+00      7.00000e+00     63s
   255     -2.52265e+01     -7.63250e+00      7.00000e+00     64s
   259     -3.21545e+01     -7.63250e+00      7.00000e+00     65s
   264     -2.24980e+01     -7.63250e+00      7.00000e+00     66s
   269     -3.22540e+01     -7.63250e+00      7.00000e+00     67s
   273     -2.97480e+01     -7.63250e+00      7.00000e+00     68s
   278     -2.21260e+01     -7.63250e+00      7.00000e+00     69s
   282     -3.13810e+01     -7.63250e+00      7.00000e+00     70s
   286     -2.61885e+01     -7.63250e+00      7.00000e+00     71s
   290     -2.33190e+01     -7.63250e+00      7.00000e+00     72s
   295     -3.36545e+01     -7.63250e+00      7.00000e+00     73s
   299     -2.41845e+01     -7.63250e+00      7.00000e+00     74s
   303     -4.17265e+01     -7.63250e+00      7.00000e+00     75s
   308     -3.40565e+01     -7.63250e+00      7.00000e+00     77s
   313     -2.53185e+01     -7.63250e+00      7.00000e+00     78s
   318     -2.43840e+01     -7.63250e+00      7.00000e+00     79s
   323     -1.77840e+01     -7.63250e+00      7.00000e+00     80s
   328     -4.28845e+01     -7.63250e+00      7.00000e+00     81s
   333     -3.12940e+01     -7.63250e+00      7.00000e+00     82s
   338     -2.57615e+01     -7.63250e+00      7.00000e+00     83s
   343     -2.30605e+01     -7.63250e+00      7.00000e+00     84s
   348     -1.96200e+01     -7.63250e+00      7.00000e+00     85s
   352     -3.24195e+01     -7.63250e+00      7.00000e+00     86s
   357     -3.41620e+01     -7.63250e+00      7.00000e+00     87s
   362     -2.46535e+01     -7.63250e+00      7.00000e+00     89s
   366     -2.73120e+01     -7.63250e+00      7.00000e+00     90s
   370     -1.98210e+01     -7.63250e+00      7.00000e+00     91s
   375     -2.58570e+01     -7.63250e+00      7.00000e+00     92s
   379     -3.80110e+01     -7.63250e+00      7.00000e+00     93s
   384     -2.62775e+01     -7.63250e+00      7.00000e+00     94s
   389     -2.71445e+01     -7.63250e+00      7.00000e+00     95s
   394     -2.19940e+01     -7.63250e+00      7.00000e+00     96s
   399     -2.42855e+01     -7.63250e+00      7.00000e+00     97s
   404     -2.66780e+01     -7.63250e+00      7.00000e+00     98s
   409     -2.51085e+01     -7.63250e+00      7.00000e+00     99s
   414     -2.53455e+01     -7.63250e+00      7.00000e+00    101s
   419     -2.55110e+01     -7.63250e+00      7.00000e+00    102s
   423     -2.54180e+01     -7.63250e+00      7.00000e+00    103s
   427     -2.55470e+01     -7.63250e+00      7.00000e+00    104s
   431     -2.69590e+01     -7.63250e+00      7.00000e+00    105s
   436     -2.40020e+01     -7.63250e+00      7.00000e+00    106s
   440     -2.38640e+01     -7.63250e+00      7.00000e+00    107s
   444     -2.62110e+01     -7.63250e+00      7.00000e+00    108s
   448     -2.50990e+01     -7.63250e+00      7.00000e+00    109s
   453     -3.35740e+01     -7.63250e+00      7.00000e+00    110s
   457     -2.98440e+01     -7.63250e+00      7.00000e+00    111s
   462     -2.34060e+01     -7.63250e+00      7.00000e+00    113s
   467     -2.73210e+01     -7.63250e+00      7.00000e+00    114s
   472     -1.87705e+01     -7.63250e+00      7.00000e+00    115s
   476     -3.01825e+01     -7.63250e+00      7.00000e+00    116s
   480     -3.37725e+01     -7.63250e+00      7.00000e+00    117s
   484     -2.39975e+01     -7.63250e+00      7.00000e+00    118s
   489     -2.73480e+01     -7.63250e+00      7.00000e+00    119s
   493     -2.43415e+01     -7.63250e+00      7.00000e+00    120s
   498     -2.05575e+01     -7.63250e+00      7.00000e+00    121s
   503     -2.79450e+01     -7.63250e+00      7.00000e+00    122s
   508     -2.33520e+01     -7.63250e+00      7.00000e+00    124s
   513     -2.55105e+01     -7.63250e+00      7.00000e+00    125s
   517     -2.62205e+01     -7.63250e+00      7.00000e+00    126s
   521     -2.02255e+01     -7.63250e+00      7.00000e+00    127s
   526     -2.81225e+01     -7.63250e+00      7.00000e+00    128s
   531     -2.56785e+01     -7.63250e+00      7.00000e+00    129s
   535     -2.20335e+01     -7.63250e+00      7.00000e+00    130s
   539     -2.75275e+01     -7.63250e+00      7.00000e+00    131s
   543     -2.42475e+01     -7.63250e+00      7.00000e+00    132s
   547     -2.13765e+01     -7.63250e+00      7.00000e+00    133s
   552     -2.14630e+01     -7.63250e+00      7.00000e+00    135s
   557     -2.06950e+01     -7.63250e+00      7.00000e+00    136s
   562     -2.42340e+01     -7.63250e+00      7.00000e+00    137s
   567     -2.90815e+01     -7.63250e+00      7.00000e+00    138s
   571     -2.90585e+01     -7.63250e+00      7.00000e+00    139s
   575     -2.35270e+01     -7.63250e+00      7.00000e+00    140s
   580     -1.97760e+01     -7.63250e+00      7.00000e+00    141s
   585     -2.27300e+01     -7.63250e+00      7.00000e+00    142s
   589     -2.72255e+01     -7.63250e+00      7.00000e+00    143s
   594     -3.04110e+01     -7.63250e+00      7.00000e+00    145s
   599     -2.46320e+01     -7.63250e+00      7.00000e+00    146s
   604     -2.05865e+01     -7.63250e+00      7.00000e+00    147s
   609     -2.27430e+01     -7.63250e+00      7.00000e+00    148s
   613     -2.48225e+01     -7.63250e+00      7.00000e+00    149s
   617     -2.84560e+01     -7.63250e+00      7.00000e+00    150s
   621     -2.91245e+01     -7.63250e+00      7.00000e+00    151s
   625     -2.37595e+01     -7.63250e+00      7.00000e+00    152s
   630     -2.04790e+01     -7.63250e+00      7.00000e+00    153s
   635     -2.54410e+01     -7.63250e+00      7.00000e+00    154s
   640     -2.68690e+01     -7.63250e+00      7.00000e+00    155s
   645     -3.14900e+01     -7.63250e+00      7.00000e+00    157s
   649     -2.40075e+01     -7.63250e+00      7.00000e+00    158s
   653     -2.58040e+01     -7.63250e+00      7.00000e+00    159s
   658     -2.40675e+01     -7.63250e+00      7.00000e+00    160s
   662     -2.51640e+01     -7.63250e+00      7.00000e+00    161s
   667     -2.51035e+01     -7.63250e+00      7.00000e+00    162s
   671     -2.50120e+01     -7.63250e+00      7.00000e+00    163s
   676     -2.36405e+01     -7.63250e+00      7.00000e+00    164s
   680     -2.54325e+01     -7.63250e+00      7.00000e+00    165s
   685     -2.44550e+01     -7.63250e+00      7.00000e+00    166s
   690     -2.52795e+01     -7.63250e+00      7.00000e+00    168s
   694     -2.52625e+01     -7.63250e+00      7.00000e+00    169s
   700     -2.50075e+01     -7.63250e+00      7.00000e+00    170s
   705     -2.47875e+01     -7.63250e+00      7.00000e+00    171s
   710     -2.54220e+01     -7.63250e+00      7.00000e+00    172s
   715     -2.44335e+01     -7.63250e+00      7.00000e+00    173s
   719     -2.39825e+01     -7.63250e+00      7.00000e+00    175s
   724     -2.44500e+01     -7.63250e+00      7.00000e+00    176s
   728     -2.40175e+01     -7.63250e+00      7.00000e+00    177s
   733     -2.44395e+01     -7.63250e+00      7.00000e+00    178s
   737     -2.53125e+01     -7.63250e+00      7.00000e+00    179s
   742     -2.43090e+01     -7.63250e+00      7.00000e+00    180s
   747     -2.51335e+01     -7.63250e+00      7.00000e+00    181s
   752     -2.45535e+01     -7.63250e+00      7.00000e+00    183s
   756     -2.42670e+01     -7.63250e+00      7.00000e+00    184s
   761     -2.40595e+01     -7.63250e+00      7.00000e+00    185s
   765     -2.43175e+01     -7.63250e+00      7.00000e+00    186s
   770     -2.51325e+01     -7.63250e+00      7.00000e+00    187s
   774     -2.42070e+01     -7.63250e+00      7.00000e+00    188s
   779     -2.34315e+01     -7.63250e+00      7.00000e+00    189s
   783     -2.45020e+01     -7.63250e+00      7.00000e+00    190s
   788     -2.34530e+01     -7.63250e+00      7.00000e+00    192s
   793     -2.50755e+01     -7.63250e+00      7.00000e+00    193s
   798     -2.49190e+01     -7.63250e+00      7.00000e+00    194s
   801     -2.40525e+01     -7.63250e+00      7.00000e+00    195s
   805     -2.48585e+01     -7.63250e+00      7.00000e+00    196s
   809     -2.53545e+01     -7.63250e+00      7.00000e+00    197s
   814     -2.37950e+01     -7.63250e+00      7.00000e+00    198s
   818     -2.40855e+01     -7.63250e+00      7.00000e+00    200s
   823     -2.37130e+01     -7.63250e+00      7.00000e+00    201s
   827     -2.32130e+01     -7.63250e+00      7.00000e+00    202s
   832     -2.58470e+01     -7.63250e+00      7.00000e+00    203s
   836     -2.41410e+01     -7.63250e+00      7.00000e+00    204s
   840     -2.35350e+01     -7.63250e+00      7.00000e+00    205s
   844     -2.45095e+01     -7.63250e+00      7.00000e+00    206s
   848     -2.40015e+01     -7.63250e+00      7.00000e+00    207s
   852     -2.58050e+01     -7.63250e+00      7.00000e+00    208s
   857     -2.59735e+01     -7.63250e+00      7.00000e+00    210s
   862     -2.33130e+01     -7.63250e+00      7.00000e+00    211s
   866     -2.52170e+01     -7.63250e+00      7.00000e+00    212s
   871     -2.41695e+01     -7.63250e+00      7.00000e+00    213s
   875     -2.48115e+01     -7.63250e+00      7.00000e+00    214s
   880     -2.52920e+01     -7.63250e+00      7.00000e+00    215s
   885     -2.46835e+01     -7.63250e+00      7.00000e+00    216s
   890     -2.40590e+01     -7.63250e+00      7.00000e+00    217s
   894     -2.41735e+01     -7.63250e+00      7.00000e+00    219s
   899     -2.40295e+01     -7.63250e+00      7.00000e+00    220s
   904     -2.48245e+01     -7.63250e+00      7.00000e+00    221s
   909     -2.39620e+01     -7.63250e+00      7.00000e+00    222s
   913     -2.28905e+01     -7.63250e+00      7.00000e+00    223s
   917     -2.47115e+01     -7.63250e+00      7.00000e+00    224s
   922     -2.55290e+01     -7.63250e+00      7.00000e+00    225s
   927     -2.42050e+01     -7.63250e+00      7.00000e+00    226s
   931     -2.46680e+01     -7.63250e+00      7.00000e+00    227s
   936     -2.42330e+01     -7.63250e+00      7.00000e+00    229s
   941     -2.36235e+01     -7.63250e+00      7.00000e+00    230s
   946     -2.44545e+01     -7.63250e+00      7.00000e+00    231s
   951     -2.36195e+01     -7.63250e+00      7.00000e+00    232s
   956     -2.38925e+01     -7.63250e+00      7.00000e+00    233s
   961     -2.44220e+01     -7.63250e+00      7.00000e+00    234s
   966     -2.46995e+01     -7.63250e+00      7.00000e+00    235s
   970     -2.43725e+01     -7.63250e+00      7.00000e+00    236s
   975     -2.46710e+01     -7.63250e+00      7.00000e+00    238s
   980     -2.40715e+01     -7.63250e+00      7.00000e+00    239s
   984     -2.50150e+01     -7.63250e+00      7.00000e+00    240s
   988     -2.55220e+01     -7.63250e+00      7.00000e+00    241s
   992     -2.45340e+01     -7.63250e+00      7.00000e+00    242s
   997     -2.50480e+01     -7.63250e+00      7.00000e+00    243s
  1001     -2.41365e+01     -7.63250e+00      7.00000e+00    244s
  1005     -2.41800e+01     -7.63250e+00      7.00000e+00    245s
  1009     -2.43690e+01     -7.63250e+00      7.00000e+00    246s
  1014     -2.45500e+01     -7.63250e+00      7.00000e+00    247s
  1019     -2.43045e+01     -7.63250e+00      7.00000e+00    249s
  1024     -2.36735e+01     -7.63250e+00      7.00000e+00    250s
  1029     -2.45835e+01     -7.63250e+00      7.00000e+00    251s
  1033     -2.55205e+01     -7.63250e+00      7.00000e+00    252s
  1037     -2.52465e+01     -7.63250e+00      7.00000e+00    253s
  1042     -2.44735e+01     -7.63250e+00      7.00000e+00    254s
  1046     -2.38285e+01     -7.63250e+00      7.00000e+00    255s
  1051     -2.43325e+01     -7.63250e+00      7.00000e+00    256s
  1055     -2.42415e+01     -7.63250e+00      7.00000e+00    257s
  1060     -2.49040e+01     -7.63250e+00      7.00000e+00    258s
  1064     -2.40580e+01     -7.63250e+00      7.00000e+00    259s
  1069     -2.40505e+01     -7.63250e+00      7.00000e+00    261s
  1073     -2.44935e+01     -7.63250e+00      7.00000e+00    262s
  1077     -2.53585e+01     -7.63250e+00      7.00000e+00    263s
  1082     -2.44235e+01     -7.63250e+00      7.00000e+00    264s
  1086     -2.40595e+01     -7.63250e+00      7.00000e+00    265s
  1090     -2.44050e+01     -7.63250e+00      7.00000e+00    266s
  1095     -2.47690e+01     -7.63250e+00      7.00000e+00    267s
  1100     -2.44475e+01     -7.63250e+00      7.00000e+00    268s
  1106     -2.60190e+01     -7.63250e+00      7.00000e+00    269s
  1112     -2.50450e+01     -7.63250e+00      7.00000e+00    270s
  1117     -2.57655e+01     -7.63250e+00      7.00000e+00    272s
  1123     -2.42800e+01     -7.63250e+00      7.00000e+00    273s
  1127     -2.54500e+01     -7.63250e+00      7.00000e+00    274s
  1133     -2.46920e+01     -7.63250e+00      7.00000e+00    275s
  1138     -2.51110e+01     -7.63250e+00      7.00000e+00    276s
  1143     -2.50100e+01     -7.63250e+00      7.00000e+00    277s
  1148     -2.48225e+01     -7.63250e+00      7.00000e+00    278s
  1153     -2.55845e+01     -7.63250e+00      7.00000e+00    279s
  1157     -2.43525e+01     -7.63250e+00      7.00000e+00    280s
  1162     -2.49360e+01     -7.63250e+00      7.00000e+00    282s
  1167     -2.56770e+01     -7.63250e+00      7.00000e+00    283s
  1172     -2.54550e+01     -7.63250e+00      7.00000e+00    284s
  1176     -2.45730e+01     -7.63250e+00      7.00000e+00    285s
  1181     -2.55910e+01     -7.63250e+00      7.00000e+00    286s
  1186     -2.50645e+01     -7.63250e+00      7.00000e+00    287s
  1191     -2.54385e+01     -7.63250e+00      7.00000e+00    288s
  1196     -2.40095e+01     -7.63250e+00      7.00000e+00    289s
  1201     -2.46830e+01     -7.63250e+00      7.00000e+00    291s
  1206     -2.50180e+01     -7.63250e+00      7.00000e+00    292s
  1211     -2.37495e+01     -7.63250e+00      7.00000e+00    293s
  1216     -2.48510e+01     -7.63250e+00      7.00000e+00    294s
  1221     -2.43725e+01     -7.63250e+00      7.00000e+00    295s
  1225     -2.54530e+01     -7.63250e+00      7.00000e+00    296s
  1230     -2.47390e+01     -7.63250e+00      7.00000e+00    297s
  1235     -2.57530e+01     -7.63250e+00      7.00000e+00    298s
  1239     -2.40105e+01     -7.63250e+00      7.00000e+00    300s
  1244     -2.41215e+01     -7.63250e+00      7.00000e+00    301s
  1249     -2.54140e+01     -7.63250e+00      7.00000e+00    302s
  1253     -2.38115e+01     -7.63250e+00      7.00000e+00    303s
  1258     -2.35795e+01     -7.63250e+00      7.00000e+00    304s
  1262     -2.40965e+01     -7.63250e+00      7.00000e+00    305s
  1266     -2.43155e+01     -7.63250e+00      7.00000e+00    306s
  1272     -2.43970e+01     -7.63250e+00      7.00000e+00    307s
  1277     -2.41960e+01     -7.63250e+00      7.00000e+00    308s
  1283     -2.48505e+01     -7.63250e+00      7.00000e+00    310s
  1288     -2.45010e+01     -7.63250e+00      7.00000e+00    311s
  1293     -2.43440e+01     -7.63250e+00      7.00000e+00    312s
  1298     -2.44730e+01     -7.63250e+00      7.00000e+00    313s
  1302     -2.42845e+01     -7.63250e+00      7.00000e+00    314s
  1306     -2.58160e+01     -7.63250e+00      7.00000e+00    315s
  1311     -2.34470e+01     -7.63250e+00      7.00000e+00    316s
  1316     -2.56130e+01     -7.63250e+00      7.00000e+00    318s
  1321     -2.50910e+01     -7.63250e+00      7.00000e+00    319s
  1326     -2.54375e+01     -7.63250e+00      7.00000e+00    320s
  1331     -2.47170e+01     -7.63250e+00      7.00000e+00    321s
  1336     -2.39070e+01     -7.63250e+00      7.00000e+00    322s
  1341     -2.54575e+01     -7.63250e+00      7.00000e+00    323s
  1346     -2.44730e+01     -7.63250e+00      7.00000e+00    325s
  1351     -2.42380e+01     -7.63250e+00      7.00000e+00    326s
  1357     -2.44060e+01     -7.63250e+00      7.00000e+00    327s
  1362     -2.49975e+01     -7.63250e+00      7.00000e+00    328s
  1367     -2.61185e+01     -7.63250e+00      7.00000e+00    329s
  1372     -2.45220e+01     -7.63250e+00      7.00000e+00    330s
  1376     -2.52980e+01     -7.63250e+00      7.00000e+00    331s
  1381     -2.57560e+01     -7.63250e+00      7.00000e+00    332s
  1385     -2.49385e+01     -7.63250e+00      7.00000e+00    333s
  1389     -2.54420e+01     -7.63250e+00      7.00000e+00    334s
  1395     -2.70695e+01     -7.63250e+00      7.00000e+00    335s
  1400     -2.39555e+01     -7.63250e+00      7.00000e+00    336s
  1405     -2.45715e+01     -7.63250e+00      7.00000e+00    337s
  1410     -2.41030e+01     -7.63250e+00      7.00000e+00    339s
  1414     -2.52780e+01     -7.63250e+00      7.00000e+00    340s
  1419     -2.43580e+01     -7.63250e+00      7.00000e+00    341s
  1424     -2.47660e+01     -7.63250e+00      7.00000e+00    342s
  1428     -2.41765e+01     -7.63250e+00      7.00000e+00    343s
  1432     -2.45645e+01     -7.63250e+00      7.00000e+00    344s
  1437     -2.40025e+01     -7.63250e+00      7.00000e+00    345s
  1442     -2.51780e+01     -7.63250e+00      7.00000e+00    347s
  1447     -2.57400e+01     -7.63250e+00      7.00000e+00    348s
  1452     -2.42565e+01     -7.63250e+00      7.00000e+00    349s
  1457     -2.54730e+01     -7.63250e+00      7.00000e+00    350s
  1461     -2.40790e+01     -7.63250e+00      7.00000e+00    351s
  1465     -2.44250e+01     -7.63250e+00      7.00000e+00    352s
  1470     -2.37050e+01     -7.63250e+00      7.00000e+00    354s
  1474     -2.47145e+01     -7.63250e+00      7.00000e+00    355s
  1478     -2.44625e+01     -7.63250e+00      7.00000e+00    356s
  1483     -2.41825e+01     -7.63250e+00      7.00000e+00    357s
  1487     -2.34595e+01     -7.63250e+00      7.00000e+00    358s
  1492     -2.41875e+01     -7.63250e+00      7.00000e+00    359s
  1496     -2.45990e+01     -7.63250e+00      7.00000e+00    360s
  1501     -2.48540e+01     -7.63250e+00      7.00000e+00    361s
  1505     -2.49810e+01     -7.63250e+00      7.00000e+00    362s
  1510     -2.47250e+01     -7.63250e+00      7.00000e+00    363s
  1515     -2.45795e+01     -7.63250e+00      7.00000e+00    365s
  1519     -2.47130e+01     -7.63250e+00      7.00000e+00    366s
  1524     -2.43220e+01     -7.63250e+00      7.00000e+00    367s
  1528     -2.45545e+01     -7.63250e+00      7.00000e+00    368s
  1533     -2.46355e+01     -7.63250e+00      7.00000e+00    369s
  1538     -2.44090e+01     -7.63250e+00      7.00000e+00    370s
  1543     -2.51550e+01     -7.63250e+00      7.00000e+00    371s
  1548     -2.46740e+01     -7.63250e+00      7.00000e+00    372s
  1552     -2.37225e+01     -7.63250e+00      7.00000e+00    373s
  1557     -2.41425e+01     -7.63250e+00      7.00000e+00    375s
  1562     -2.42145e+01     -7.63250e+00      7.00000e+00    376s
  1566     -2.42950e+01     -7.63250e+00      7.00000e+00    377s
  1570     -2.52325e+01     -7.63250e+00      7.00000e+00    378s
  1574     -2.42740e+01     -7.63250e+00      7.00000e+00    379s
  1578     -2.44785e+01     -7.63250e+00      7.00000e+00    380s
  1583     -2.47030e+01     -7.63250e+00      7.00000e+00    381s
  1587     -2.48935e+01     -7.63250e+00      7.00000e+00    382s
  1591     -2.43110e+01     -7.63250e+00      7.00000e+00    383s
  1595     -2.41360e+01     -7.63250e+00      7.00000e+00    384s
  1599     -2.45025e+01     -7.63250e+00      7.00000e+00    385s
  1604     -2.61370e+01     -7.63250e+00      7.00000e+00    386s
  1609     -2.47335e+01     -7.63250e+00      7.00000e+00    387s
  1613     -2.52275e+01     -7.63250e+00      7.00000e+00    388s
  1618     -2.39920e+01     -7.63250e+00      7.00000e+00    389s
  1623     -2.39805e+01     -7.63250e+00      7.00000e+00    391s
  1628     -2.65355e+01     -7.63250e+00      7.00000e+00    392s
  1633     -2.61295e+01     -7.63250e+00      7.00000e+00    393s
  1637     -2.49675e+01     -7.63250e+00      7.00000e+00    394s
  1642     -2.57605e+01     -7.63250e+00      7.00000e+00    395s
  1647     -2.37590e+01     -7.63250e+00      7.00000e+00    397s
  1652     -2.50830e+01     -7.63250e+00      7.00000e+00    398s
  1657     -2.47885e+01     -7.63250e+00      7.00000e+00    399s
  1662     -2.56060e+01     -7.63250e+00      7.00000e+00    400s
  1667     -2.42450e+01     -7.63250e+00      7.00000e+00    401s
  1672     -2.45800e+01     -7.63250e+00      7.00000e+00    402s
  1676     -2.45695e+01     -7.63250e+00      7.00000e+00    404s
  1681     -2.44395e+01     -7.63250e+00      7.00000e+00    405s
  1685     -2.42320e+01     -7.63250e+00      7.00000e+00    406s
  1689     -2.40670e+01     -7.63250e+00      7.00000e+00    407s
  1693     -2.39865e+01     -7.63250e+00      7.00000e+00    408s
  1697     -2.47185e+01     -7.63250e+00      7.00000e+00    409s
  1701     -2.36325e+01     -7.63250e+00      7.00000e+00    410s
  1706     -2.49520e+01     -7.63250e+00      7.00000e+00    411s
  1710     -2.42615e+01     -7.63250e+00      7.00000e+00    412s
  1714     -2.48060e+01     -7.63250e+00      7.00000e+00    413s
  1718     -2.44260e+01     -7.63250e+00      7.00000e+00    414s
  1723     -2.51630e+01     -7.63250e+00      7.00000e+00    415s
  1727     -2.34850e+01     -7.63250e+00      7.00000e+00    416s
  1732     -2.49420e+01     -7.63250e+00      7.00000e+00    418s
  1736     -2.48110e+01     -7.63250e+00      7.00000e+00    419s
  1741     -2.36350e+01     -7.63250e+00      7.00000e+00    420s
  1745     -2.53785e+01     -7.63250e+00      7.00000e+00    421s
  1750     -2.47085e+01     -7.63250e+00      7.00000e+00    422s
  1754     -2.45685e+01     -7.63250e+00      7.00000e+00    423s
  1758     -2.55060e+01     -7.63250e+00      7.00000e+00    424s
  1762     -2.48510e+01     -7.63250e+00      7.00000e+00    425s
  1766     -2.41100e+01     -7.63250e+00      7.00000e+00    426s
  1770     -2.51285e+01     -7.63250e+00      7.00000e+00    427s
  1774     -2.41760e+01     -7.63250e+00      7.00000e+00    428s
  1779     -2.42860e+01     -7.63250e+00      7.00000e+00    430s
  1784     -2.48985e+01     -7.63250e+00      7.00000e+00    431s
  1788     -2.35015e+01     -7.63250e+00      7.00000e+00    432s
  1793     -2.51430e+01     -7.63250e+00      7.00000e+00    433s
  1797     -2.53130e+01     -7.63250e+00      7.00000e+00    434s
  1801     -2.45915e+01     -7.63250e+00      7.00000e+00    435s
  1806     -2.46110e+01     -7.63250e+00      7.00000e+00    437s
  1811     -2.37780e+01     -7.63250e+00      7.00000e+00    438s
  1815     -2.45565e+01     -7.63250e+00      7.00000e+00    439s
  1820     -2.53060e+01     -7.63250e+00      7.00000e+00    440s
  1825     -2.48830e+01     -7.63250e+00      7.00000e+00    441s
  1830     -2.52310e+01     -7.63250e+00      7.00000e+00    442s
  1835     -2.41305e+01     -7.63250e+00      7.00000e+00    444s
  1839     -2.51600e+01     -7.63250e+00      7.00000e+00    445s
  1844     -2.42235e+01     -7.63250e+00      7.00000e+00    446s
  1848     -2.37245e+01     -7.63250e+00      7.00000e+00    447s
  1853     -1.96035e+01     -7.63250e+00      7.00000e+00    448s
  1858     -2.27900e+01     -7.63250e+00      7.00000e+00    450s
  1862     -2.43410e+01     -7.63250e+00      7.00000e+00    451s
  1866     -2.66565e+01     -7.63250e+00      7.00000e+00    452s
  1871     -3.03265e+01     -7.63250e+00      7.00000e+00    453s
  1875     -2.31545e+01     -7.63250e+00      7.00000e+00    454s
  1880     -2.03845e+01     -7.63250e+00      7.00000e+00    455s
  1885     -2.42750e+01     -7.63250e+00      7.00000e+00    456s
  1890     -2.63220e+01     -7.63250e+00      7.00000e+00    457s
  1895     -3.13585e+01     -7.63250e+00      7.00000e+00    458s
  1899     -2.46995e+01     -7.63250e+00      7.00000e+00    459s
  1904     -1.98355e+01     -7.63250e+00      7.00000e+00    461s
  1908     -2.12035e+01     -7.63250e+00      7.00000e+00    462s
  1912     -2.49965e+01     -7.63250e+00      7.00000e+00    463s
  1917     -2.93295e+01     -7.63250e+00      7.00000e+00    464s
  1922     -2.83745e+01     -7.63250e+00      7.00000e+00    465s
  1927     -2.10110e+01     -7.63250e+00      7.00000e+00    466s
  1932     -2.05450e+01     -7.63250e+00      7.00000e+00    467s
  1937     -2.47095e+01     -7.63250e+00      7.00000e+00    468s
  1942     -3.02655e+01     -7.63250e+00      7.00000e+00    470s
  1946     -2.88420e+01     -7.63250e+00      7.00000e+00    471s
  1951     -2.67655e+01     -7.63250e+00      7.00000e+00    472s
  1955     -2.90910e+01     -7.63250e+00      7.00000e+00    473s
  1960     -2.15870e+01     -7.63250e+00      7.00000e+00    474s
  1965     -2.79155e+01     -7.63250e+00      7.00000e+00    475s
  1970     -2.10605e+01     -7.63250e+00      7.00000e+00    476s
  1975     -2.55695e+01     -7.63250e+00      7.00000e+00    478s
  1979     -2.85425e+01     -7.63250e+00      7.00000e+00    479s
  1984     -2.18590e+01     -7.63250e+00      7.00000e+00    480s
  1989     -2.78410e+01     -7.63250e+00      7.00000e+00    481s
  1994     -2.29485e+01     -7.63250e+00      7.00000e+00    482s
  1999     -2.49225e+01     -7.63250e+00      7.00000e+00    483s
  2004     -3.52980e+01     -7.63250e+00      7.00000e+00    485s
  2008     -2.67010e+01     -7.63250e+00      7.00000e+00    486s
  2013     -2.52940e+01     -7.63250e+00      7.00000e+00    487s
  2018     -2.55180e+01     -7.63250e+00      7.00000e+00    488s
  2023     -2.04435e+01     -7.63250e+00      7.00000e+00    489s
  2027     -3.22745e+01     -7.63250e+00      7.00000e+00    490s
  2031     -3.02500e+01     -7.63250e+00      7.00000e+00    491s
  2035     -2.31085e+01     -7.63250e+00      7.00000e+00    492s
  2040     -2.85540e+01     -7.63250e+00      7.00000e+00    493s
  2045     -1.96440e+01     -7.63250e+00      7.00000e+00    495s
  2050     -2.43515e+01     -7.63250e+00      7.00000e+00    496s
  2054     -2.58475e+01     -7.63250e+00      7.00000e+00    497s
  2059     -2.55655e+01     -7.63250e+00      7.00000e+00    498s
  2064     -2.43100e+01     -7.63250e+00      7.00000e+00    499s
  2070     -2.65605e+01     -7.63250e+00      7.00000e+00    500s
  2074     -2.47225e+01     -7.63250e+00      7.00000e+00    502s
  2079     -2.56225e+01     -7.63250e+00      7.00000e+00    503s
  2084     -2.52205e+01     -7.63250e+00      7.00000e+00    504s
  2088     -2.52440e+01     -7.63250e+00      7.00000e+00    505s
  2093     -2.57710e+01     -7.63250e+00      7.00000e+00    506s
  2097     -2.43505e+01     -7.63250e+00      7.00000e+00    507s
  2102     -3.18670e+01     -7.63250e+00      7.00000e+00    508s
  2107     -3.47565e+01     -7.63250e+00      7.00000e+00    509s
  2111     -2.36595e+01     -7.63250e+00      7.00000e+00    510s
  2115     -2.75910e+01     -7.63250e+00      7.00000e+00    511s
  2120     -2.04075e+01     -7.63250e+00      7.00000e+00    512s
  2125     -2.66875e+01     -7.63250e+00      7.00000e+00    514s
  2129     -3.87215e+01     -7.63250e+00      7.00000e+00    515s
  2133     -2.87265e+01     -7.63250e+00      7.00000e+00    516s
  2137     -2.52360e+01     -7.63250e+00      7.00000e+00    517s
  2142     -2.67695e+01     -7.63250e+00      7.00000e+00    518s
  2145     -1.94700e+01     -7.63250e+00      7.00000e+00    519s
  2149     -2.40255e+01     -7.63250e+00      7.00000e+00    520s
  2154     -4.48995e+01     -7.63250e+00      7.00000e+00    521s
  2159     -2.90945e+01     -7.63250e+00      7.00000e+00    522s
  2164     -2.61300e+01     -7.63250e+00      7.00000e+00    523s
  2169     -2.15940e+01     -7.63250e+00      7.00000e+00    524s
  2174     -2.25555e+01     -7.63250e+00      7.00000e+00    526s
  2179     -4.39890e+01     -7.63250e+00      7.00000e+00    527s
  2184     -2.65640e+01     -7.63250e+00      7.00000e+00    528s
  2189     -2.73760e+01     -7.63250e+00      7.00000e+00    529s
  2194     -2.00260e+01     -7.63250e+00      7.00000e+00    530s
  2198     -1.94865e+01     -7.63250e+00      7.00000e+00    531s
  2202     -2.09785e+01     -7.63250e+00      7.00000e+00    532s
  2207     -2.97395e+01     -7.63250e+00      7.00000e+00    533s
  2212     -2.46335e+01     -7.63250e+00      7.00000e+00    535s
  2216     -2.38100e+01     -7.63250e+00      7.00000e+00    536s
  2221     -3.36050e+01     -7.63250e+00      7.00000e+00    537s
  2226     -2.15170e+01     -7.63250e+00      7.00000e+00    538s
  2231     -2.98795e+01     -7.63250e+00      7.00000e+00    539s
  2236     -2.62545e+01     -7.63250e+00      7.00000e+00    540s
  2240     -2.32885e+01     -7.63250e+00      7.00000e+00    541s
  2244     -3.24325e+01     -7.63250e+00      7.00000e+00    543s
  2249     -2.39985e+01     -7.63250e+00      7.00000e+00    544s
  2254     -1.98430e+01     -7.63250e+00      7.00000e+00    545s
  2259     -4.00135e+01     -7.63250e+00      7.00000e+00    546s
  2263     -2.20180e+01     -7.63250e+00      7.00000e+00    547s
  2269     -4.92280e+01     -7.63250e+00      7.00000e+00    548s
  2273     -3.61580e+01     -7.63250e+00      7.00000e+00    549s
  2278     -1.77675e+01     -7.63250e+00      7.00000e+00    550s
  2282     -3.82305e+01     -7.63250e+00      7.00000e+00    551s
  2287     -2.35970e+01     -7.63250e+00      7.00000e+00    553s
  2292     -3.90730e+01     -7.63250e+00      7.00000e+00    554s
  2297     -3.97605e+01     -7.63250e+00      7.00000e+00    555s
  2301     -2.48645e+01     -7.63250e+00      7.00000e+00    556s
  2305     -2.95490e+01     -7.63250e+00      7.00000e+00    557s
  2309     -3.18820e+01     -7.63250e+00      7.00000e+00    558s
  2313     -2.33770e+01     -7.63250e+00      7.00000e+00    559s
  2318     -2.60545e+01     -7.63250e+00      7.00000e+00    560s
  2323     -2.58015e+01     -7.63250e+00      7.00000e+00    561s
  2327     -2.53505e+01     -7.63250e+00      7.00000e+00    562s
  2332     -3.30820e+01     -7.63250e+00      7.00000e+00    563s
  2336     -2.64175e+01     -7.63250e+00      7.00000e+00    565s
  2341     -2.36995e+01     -7.63250e+00      7.00000e+00    566s
  2346     -2.71620e+01     -7.63250e+00      7.00000e+00    567s
  2350     -2.40200e+01     -7.63250e+00      7.00000e+00    568s
  2354     -2.15265e+01     -7.63250e+00      7.00000e+00    569s
  2359     -3.06225e+01     -7.63250e+00      7.00000e+00    570s
  2364     -2.47960e+01     -7.63250e+00      7.00000e+00    571s
  2369     -4.12385e+01     -7.63250e+00      7.00000e+00    572s
  2373     -3.13210e+01     -7.63250e+00      7.00000e+00    573s
  2377     -2.04485e+01     -7.63250e+00      7.00000e+00    574s
  2381     -3.00840e+01     -7.63250e+00      7.00000e+00    575s
  2386     -2.53535e+01     -7.63250e+00      7.00000e+00    576s
  2390     -2.97355e+01     -7.63250e+00      7.00000e+00    577s
  2395     -4.26815e+01     -7.63250e+00      7.00000e+00    579s
  2399     -2.42390e+01     -7.63250e+00      7.00000e+00    580s
  2403     -7.74500e+00     -7.63250e+00      7.00000e+00    581s
  2408     -3.21775e+01     -7.63250e+00      7.00000e+00    582s
  2413     -2.36715e+01     -7.63250e+00      7.00000e+00    583s
  2418     -5.54935e+01     -7.63250e+00      7.00000e+00    584s
  2423     -4.23385e+01     -7.63250e+00      7.00000e+00    585s
  2427     -7.94950e+00     -7.63250e+00      7.00000e+00    586s
  2432     -3.09095e+01     -7.63250e+00      7.00000e+00    587s
  2437     -2.35445e+01     -7.63250e+00      7.00000e+00    589s
  2442     -5.20675e+01     -7.63250e+00      7.00000e+00    590s
  2447     -4.70310e+01     -7.63250e+00      7.00000e+00    591s
  2451     -2.47365e+01     -7.63250e+00      7.00000e+00    592s
  2456     -2.41680e+01     -7.63250e+00      7.00000e+00    593s
  2461     -2.51890e+01     -7.63250e+00      7.00000e+00    594s
  2466     -2.44485e+01     -7.63250e+00      7.00000e+00    595s
  2470     -2.52880e+01     -7.63250e+00      7.00000e+00    596s
  2474     -2.49530e+01     -7.63250e+00      7.00000e+00    597s
  2478     -2.45775e+01     -7.63250e+00      7.00000e+00    599s
  2482     -2.43930e+01     -7.63250e+00      7.00000e+00    600s
  2487     -2.52840e+01     -7.63250e+00      7.00000e+00    601s
  2491     -2.46125e+01     -7.63250e+00      7.00000e+00    602s
  2496     -2.48410e+01     -7.63250e+00      7.00000e+00    603s

==================================================
Summary of results QAOA
--------------------------------------------------
Avg of QAOA obj (BQO obj):    2.43
Avg of QAOA obj (penalty):    -10.07
Avg of constraint violation:  1.53

Feasible percentage (%):      23.30
Avg of pure feasible obj:     2.73

Avg of QAOA obj:              -7.63
STD of QAOA obj:              5.07

Avg of QAOA obj (feasible):   3.33
STD of QAOA obj (feasible):   0.56

Gamma angles:                 0.13
Beta angles:                  3.46

Best QAOA obj:                7.00
Modified best QAOA obj:       7.00
Best QAOA obj (feasible):     7.00

QAOA total time:              603.73s
QAOA circuit depth:           15
==================================================

==================================================
Summary of results of 0-S6
--------------------------------------------------
Number of vertices:           6
Number of edges:              14

Vertex num in largest comp:   6
Edge num in largest comp:     14

Pre-processing running time:  0.00
Total solver time:            602.88
Running time:                 607.50

Upper bound:                  9.00
Objective value:              7.00

Partition 0:                  1, 4, 6             
Partition 1:                  2                   
Partition 2:                  3, 5                
==================================================
