==================================================
Instance parameters
--------------------------------------------------
Number of vertices:           6
Number of edges:              14
Number of partitions:         3

Density (%):                  93
Name of instance:             seed1_band_pen_1.0_noise0.0
Is planar:                    False
==================================================

==================================================
Solver parameters
--------------------------------------------------
Method:                       QUBO
Peel:                         False
Decompose:                    False
Fold:                         False

Penalty Multiplier:           1.0
QAOA Num Levels:              1
QAOA Scipy Optimizer:         brute
==================================================

  iter        avg-obj        best avg-obj       best-obj      time
     4     -4.60567e+00     -4.44233e+00      6.00000e+00      1s
    12     -4.62900e+00     -4.44233e+00      6.00000e+00      2s
    21     -4.68600e+00     -4.44233e+00      6.00000e+00      3s
    30     -4.83867e+00     -4.44233e+00      7.00000e+00      4s
    38     -4.70633e+00     -4.35033e+00      7.00000e+00      5s
    46     -4.66633e+00     -4.35033e+00      7.00000e+00      6s
    55     -1.71700e+00     -1.70733e+00      7.00000e+00      8s
    64     -4.98967e+00     -1.70733e+00      7.00000e+00      9s
    72     -7.54167e+00     -1.70733e+00      7.00000e+00     10s
    79     -1.79667e+00     -1.61167e+00      7.00000e+00     11s
    87     -4.64433e+00     -1.61167e+00      7.00000e+00     12s
    94     -8.89167e+00     -1.61167e+00      7.00000e+00     13s
   101     -2.59333e+00     -1.61167e+00      7.00000e+00     14s
   110     -4.44233e+00     -2.77000e-01      7.00000e+00     15s
   118     -1.08860e+01     -2.77000e-01      7.00000e+00     16s
   125     -3.69300e+00     -2.77000e-01      7.00000e+00     17s
   132     -3.20033e+00     -2.77000e-01      7.00000e+00     18s
   140     -7.28867e+00     -2.77000e-01      7.00000e+00     19s
   148     -6.90100e+00     -2.77000e-01      7.00000e+00     20s
   155     -6.56667e-01      1.49667e-01      7.00000e+00     21s
   163     -5.34867e+00      1.49667e-01      7.00000e+00     22s
   171     -1.30330e+01      1.49667e-01      7.00000e+00     24s
   179     -4.29000e-01      1.49667e-01      7.00000e+00     25s
   188     -5.78400e+00      1.49667e-01      7.00000e+00     26s
   196     -1.24947e+01      1.49667e-01      7.00000e+00     27s
   203     -3.79333e-01      1.49667e-01      7.00000e+00     28s
   212     -4.56400e+00      1.49667e-01      7.00000e+00     29s
   221     -1.28183e+01      1.49667e-01      7.00000e+00     30s
   229     -7.84333e-01      1.49667e-01      7.00000e+00     31s
   236     -4.31833e+00      1.49667e-01      7.00000e+00     32s
   243     -1.36150e+01      1.49667e-01      7.00000e+00     33s
   251     -2.88300e+00      1.49667e-01      7.00000e+00     34s
   259     -4.48700e+00      1.49667e-01      7.00000e+00     36s
   266     -9.60567e+00      1.49667e-01      7.00000e+00     37s
   273     -8.29467e+00      1.49667e-01      7.00000e+00     38s
   281     -3.10267e+00      1.49667e-01      7.00000e+00     39s
   289     -7.08467e+00      1.49667e-01      7.00000e+00     40s
   297     -9.28900e+00      1.49667e-01      7.00000e+00     41s
   303     -2.12200e+00      1.49667e-01      7.00000e+00     42s
   310     -4.23967e+00      1.49667e-01      7.00000e+00     43s
   318     -1.11980e+01      1.49667e-01      7.00000e+00     44s
   326     -2.88833e+00      1.49667e-01      7.00000e+00     45s
   334     -4.66067e+00      1.49667e-01      7.00000e+00     46s
   341     -9.54167e+00      1.49667e-01      7.00000e+00     47s
   350     -4.74233e+00      1.49667e-01      7.00000e+00     48s
   358     -3.93533e+00      1.49667e-01      7.00000e+00     49s
   365     -6.37133e+00      1.49667e-01      7.00000e+00     50s
   372     -7.61667e+00      1.49667e-01      7.00000e+00     51s
   379     -3.04967e+00      1.49667e-01      7.00000e+00     53s
   388     -5.28700e+00      1.49667e-01      7.00000e+00     54s
   397     -7.22467e+00      1.49667e-01      7.00000e+00     55s
   404     -3.61867e+00      1.49667e-01      7.00000e+00     56s
   411     -4.33167e+00      1.49667e-01      7.00000e+00     57s
   419     -7.32267e+00      1.49667e-01      7.00000e+00     58s
   428     -2.95767e+00      1.49667e-01      7.00000e+00     59s
   435     -4.28367e+00      1.49667e-01      7.00000e+00     60s
   443     -7.19333e+00      1.49667e-01      7.00000e+00     61s
   452     -4.42500e+00      1.49667e-01      7.00000e+00     62s
   461     -4.59433e+00      1.49667e-01      7.00000e+00     63s
   470     -5.83667e+00      1.49667e-01      7.00000e+00     64s
   479     -3.90333e+00      1.49667e-01      7.00000e+00     66s
   488     -4.74033e+00      1.49667e-01      7.00000e+00     67s
   497     -5.26667e+00      1.49667e-01      7.00000e+00     68s
   506     -4.60800e+00      1.49667e-01      7.00000e+00     69s
   515     -5.10500e+00      1.49667e-01      7.00000e+00     70s
   524     -4.68333e+00      1.49667e-01      7.00000e+00     71s
   533     -4.12800e+00      1.49667e-01      7.00000e+00     72s
   542     -4.91400e+00      1.49667e-01      7.00000e+00     73s
   551     -4.89267e+00      1.49667e-01      7.00000e+00     74s
   560     -4.60933e+00      1.49667e-01      7.00000e+00     75s
   569     -4.58567e+00      1.49667e-01      7.00000e+00     76s
   578     -5.01467e+00      1.49667e-01      7.00000e+00     77s
   587     -4.83533e+00      1.49667e-01      7.00000e+00     78s
   596     -4.51200e+00      1.49667e-01      7.00000e+00     79s
   605     -5.01000e+00      1.49667e-01      7.00000e+00     80s
   613     -4.39567e+00      1.49667e-01      7.00000e+00     81s
   622     -4.69500e+00      1.49667e-01      7.00000e+00     83s
   630     -4.68600e+00      1.49667e-01      7.00000e+00     84s
   638     -4.71233e+00      1.49667e-01      7.00000e+00     85s
   647     -4.25267e+00      1.49667e-01      7.00000e+00     86s
   656     -4.88633e+00      1.49667e-01      7.00000e+00     87s
   664     -4.76200e+00      1.49667e-01      7.00000e+00     88s
   673     -4.99367e+00      1.49667e-01      7.00000e+00     89s
   681     -4.45867e+00      1.49667e-01      7.00000e+00     90s
   689     -4.71267e+00      1.49667e-01      7.00000e+00     91s
   697     -4.91833e+00      1.49667e-01      7.00000e+00     92s
   706     -4.94467e+00      1.49667e-01      7.00000e+00     93s
   714     -4.54200e+00      1.49667e-01      7.00000e+00     94s
   722     -4.62433e+00      1.49667e-01      7.00000e+00     95s
   731     -4.64567e+00      1.49667e-01      7.00000e+00     96s
   740     -4.59233e+00      1.49667e-01      7.00000e+00     97s
   749     -4.79000e+00      1.49667e-01      7.00000e+00     98s
   758     -4.82167e+00      1.49667e-01      7.00000e+00    100s
   766     -4.76567e+00      1.49667e-01      7.00000e+00    101s
   775     -4.78133e+00      1.49667e-01      7.00000e+00    102s
   783     -4.42967e+00      1.49667e-01      7.00000e+00    103s
   791     -4.67767e+00      1.49667e-01      7.00000e+00    104s
   800     -4.74600e+00      1.49667e-01      7.00000e+00    105s
   809     -4.70367e+00      1.49667e-01      7.00000e+00    106s
   818     -4.77533e+00      1.49667e-01      7.00000e+00    107s
   827     -4.65000e+00      1.49667e-01      7.00000e+00    108s
   835     -4.71100e+00      1.49667e-01      7.00000e+00    109s
   844     -5.06567e+00      1.49667e-01      7.00000e+00    110s
   853     -4.75533e+00      1.49667e-01      7.00000e+00    111s
   862     -4.63333e+00      1.49667e-01      7.00000e+00    112s
   871     -4.60800e+00      1.49667e-01      7.00000e+00    113s
   880     -4.68500e+00      1.49667e-01      7.00000e+00    115s
   889     -4.51800e+00      1.49667e-01      7.00000e+00    116s
   897     -4.72067e+00      1.49667e-01      7.00000e+00    117s
   906     -4.66733e+00      1.49667e-01      7.00000e+00    118s
   915     -4.60433e+00      1.49667e-01      7.00000e+00    119s
   924     -4.57333e+00      1.49667e-01      7.00000e+00    120s
   933     -4.60300e+00      1.49667e-01      7.00000e+00    121s
   942     -4.62933e+00      1.49667e-01      7.00000e+00    122s
   951     -4.65567e+00      1.49667e-01      7.00000e+00    123s
   959     -4.73467e+00      1.49667e-01      7.00000e+00    124s
   968     -4.79967e+00      1.49667e-01      7.00000e+00    126s
   977     -4.57800e+00      1.49667e-01      7.00000e+00    127s
   986     -4.65533e+00      1.49667e-01      7.00000e+00    128s
   995     -4.60000e+00      1.49667e-01      7.00000e+00    129s
  1004     -4.83433e+00      1.49667e-01      7.00000e+00    130s
  1013     -4.60233e+00      1.49667e-01      7.00000e+00    131s
  1022     -4.77733e+00      1.49667e-01      7.00000e+00    132s
  1031     -4.79833e+00      1.49667e-01      7.00000e+00    133s
  1038     -4.88633e+00      1.49667e-01      7.00000e+00    134s
  1046     -4.72067e+00      1.49667e-01      7.00000e+00    135s
  1054     -5.10400e+00      1.49667e-01      7.00000e+00    136s
  1063     -4.76100e+00      1.49667e-01      7.00000e+00    137s
  1072     -4.77933e+00      1.49667e-01      7.00000e+00    138s
  1081     -5.05433e+00      1.49667e-01      7.00000e+00    139s
  1090     -4.91100e+00      1.49667e-01      7.00000e+00    141s
  1099     -4.73233e+00      1.49667e-01      7.00000e+00    142s
  1108     -5.21200e+00      1.49667e-01      7.00000e+00    143s
  1115     -4.89467e+00      1.49667e-01      7.00000e+00    144s
  1125     -4.78833e+00      1.49667e-01      7.00000e+00    145s
  1135     -4.86233e+00      1.49667e-01      7.00000e+00    146s
  1144     -5.64200e+00      1.49667e-01      7.00000e+00    147s
  1152     -4.93167e+00      1.49667e-01      7.00000e+00    148s
  1162     -4.59700e+00      1.49667e-01      7.00000e+00    149s
  1172     -5.01833e+00      1.49667e-01      7.00000e+00    150s
  1182     -6.14567e+00      1.49667e-01      7.00000e+00    151s
  1191     -5.52933e+00      1.49667e-01      7.00000e+00    152s
  1201     -5.04433e+00      1.49667e-01      7.00000e+00    153s
  1212     -4.80767e+00      1.49667e-01      7.00000e+00    154s
  1223     -4.83967e+00      1.49667e-01      7.00000e+00    156s
  1234     -5.13767e+00      1.49667e-01      7.00000e+00    157s
  1244     -6.18933e+00      1.49667e-01      7.00000e+00    158s
  1253     -5.38233e+00      1.49667e-01      7.00000e+00    159s
  1264     -5.10367e+00      1.49667e-01      7.00000e+00    160s
  1275     -4.79133e+00      1.49667e-01      7.00000e+00    161s
  1286     -4.93200e+00      1.49667e-01      7.00000e+00    162s
  1297     -5.12200e+00      1.49667e-01      7.00000e+00    163s
  1307     -5.94233e+00      1.49667e-01      7.00000e+00    164s
  1316     -5.74600e+00      1.49667e-01      7.00000e+00    165s
  1326     -4.78000e+00      1.49667e-01      7.00000e+00    166s
  1336     -4.63500e+00      1.49667e-01      7.00000e+00    167s
  1346     -5.52733e+00      1.49667e-01      7.00000e+00    168s
  1355     -5.49633e+00      1.49667e-01      7.00000e+00    169s
  1363     -4.56067e+00      1.49667e-01      7.00000e+00    170s
  1373     -4.67833e+00      1.49667e-01      7.00000e+00    171s
  1383     -5.36433e+00      1.49667e-01      7.00000e+00    173s
  1392     -5.70933e+00      1.49667e-01      7.00000e+00    174s
  1402     -4.76433e+00      1.49667e-01      7.00000e+00    175s
  1411     -4.96667e+00      1.49667e-01      7.00000e+00    176s
  1420     -4.95767e+00      1.49667e-01      7.00000e+00    177s
  1429     -4.78800e+00      1.49667e-01      7.00000e+00    178s
  1438     -4.45800e+00      1.49667e-01      7.00000e+00    179s
  1447     -4.93700e+00      1.49667e-01      7.00000e+00    180s
  1456     -4.66467e+00      1.49667e-01      7.00000e+00    181s
  1465     -4.86400e+00      1.49667e-01      7.00000e+00    182s
  1474     -4.72100e+00      1.49667e-01      7.00000e+00    183s
  1483     -4.47800e+00      1.49667e-01      7.00000e+00    184s
  1492     -4.71333e+00      1.49667e-01      7.00000e+00    185s
  1501     -4.48833e+00      1.49667e-01      7.00000e+00    186s
  1510     -4.78033e+00      1.49667e-01      7.00000e+00    187s
  1518     -4.88667e+00      1.49667e-01      7.00000e+00    188s
  1525     -4.65800e+00      1.49667e-01      7.00000e+00    189s
  1533     -4.34033e+00      1.49667e-01      7.00000e+00    190s
  1542     -4.81200e+00      1.49667e-01      7.00000e+00    192s
  1551     -4.49067e+00      1.49667e-01      7.00000e+00    193s
  1560     -4.50133e+00      1.49667e-01      7.00000e+00    194s
  1569     -4.65900e+00      1.49667e-01      7.00000e+00    195s
  1578     -4.38567e+00      1.49667e-01      7.00000e+00    196s
  1587     -4.62833e+00      1.49667e-01      7.00000e+00    197s
  1595     -4.67167e+00      1.49667e-01      7.00000e+00    198s
  1603     -4.69833e+00      1.49667e-01      7.00000e+00    199s
  1612     -4.44300e+00      1.49667e-01      7.00000e+00    200s
  1620     -4.59867e+00      1.49667e-01      7.00000e+00    201s
  1628     -4.82467e+00      1.49667e-01      7.00000e+00    202s
  1637     -4.47300e+00      1.49667e-01      7.00000e+00    203s
  1646     -4.65967e+00      1.49667e-01      7.00000e+00    204s
  1654     -4.86133e+00      1.49667e-01      7.00000e+00    205s
  1663     -4.58100e+00      1.49667e-01      7.00000e+00    207s
  1672     -4.31633e+00      1.49667e-01      7.00000e+00    208s
  1680     -4.77267e+00      1.49667e-01      7.00000e+00    209s
  1688     -4.73533e+00      1.49667e-01      7.00000e+00    210s
  1697     -4.55667e+00      1.49667e-01      7.00000e+00    211s
  1706     -4.91700e+00      1.49667e-01      7.00000e+00    212s
  1715     -4.83900e+00      1.49667e-01      7.00000e+00    213s
  1723     -4.49200e+00      1.49667e-01      7.00000e+00    214s
  1731     -5.06933e+00      1.49667e-01      7.00000e+00    215s
  1740     -4.89033e+00      1.49667e-01      7.00000e+00    216s
  1749     -4.72067e+00      1.49667e-01      7.00000e+00    217s
  1758     -4.76000e+00      1.49667e-01      7.00000e+00    218s
  1766     -4.61700e+00      1.49667e-01      7.00000e+00    219s
  1775     -4.69233e+00      1.49667e-01      7.00000e+00    220s
  1784     -4.47567e+00      1.49667e-01      7.00000e+00    221s
  1791     -4.92033e+00      1.49667e-01      7.00000e+00    223s
  1800     -4.58800e+00      1.49667e-01      7.00000e+00    224s
  1807     -4.58100e+00      1.49667e-01      7.00000e+00    225s
  1815     -4.83000e+00      1.49667e-01      7.00000e+00    226s
  1823     -4.25600e+00      1.49667e-01      7.00000e+00    227s
  1831     -4.70733e+00      1.49667e-01      7.00000e+00    228s
  1840     -4.60867e+00      1.49667e-01      7.00000e+00    229s
  1849     -4.63100e+00      1.49667e-01      7.00000e+00    230s
  1857     -4.92433e+00      1.49667e-01      7.00000e+00    231s
  1864     -4.57467e+00      1.49667e-01      7.00000e+00    232s
  1872     -4.65467e+00      1.49667e-01      7.00000e+00    233s
  1880     -4.73833e+00      1.49667e-01      7.00000e+00    234s
  1888     -4.70067e+00      1.49667e-01      7.00000e+00    235s
  1896     -4.58067e+00      1.49667e-01      7.00000e+00    236s
  1905     -4.87733e+00      1.49667e-01      7.00000e+00    237s
  1914     -4.74600e+00      1.49667e-01      7.00000e+00    238s
  1923     -4.82167e+00      1.49667e-01      7.00000e+00    240s
  1932     -4.80100e+00      1.49667e-01      7.00000e+00    241s
  1940     -4.70067e+00      1.49667e-01      7.00000e+00    242s
  1948     -4.62133e+00      1.49667e-01      7.00000e+00    243s
  1956     -4.92767e+00      1.49667e-01      7.00000e+00    244s
  1965     -4.41800e+00      1.49667e-01      7.00000e+00    245s
  1974     -4.75233e+00      1.49667e-01      7.00000e+00    246s
  1983     -5.09433e+00      1.49667e-01      7.00000e+00    247s
  1991     -4.27000e+00      1.49667e-01      7.00000e+00    248s
  1999     -4.78333e+00      1.49667e-01      7.00000e+00    249s
  2008     -5.58933e+00      1.49667e-01      7.00000e+00    250s
  2017     -4.28500e+00      1.49667e-01      7.00000e+00    251s
  2026     -5.36367e+00      1.49667e-01      7.00000e+00    252s
  2035     -4.95233e+00      1.49667e-01      7.00000e+00    253s
  2042     -4.36400e+00      1.49667e-01      7.00000e+00    254s
  2051     -5.63767e+00      1.49667e-01      7.00000e+00    255s
  2060     -5.21633e+00      1.49667e-01      7.00000e+00    256s
  2068     -3.56000e+00      1.49667e-01      7.00000e+00    257s
  2077     -6.43333e+00      1.49667e-01      7.00000e+00    259s
  2086     -4.65867e+00      1.49667e-01      7.00000e+00    260s
  2095     -3.22567e+00      1.49667e-01      7.00000e+00    261s
  2104     -8.95567e+00      1.49667e-01      7.00000e+00    262s
  2112     -4.78633e+00      1.49667e-01      7.00000e+00    263s
  2120     -2.57000e+00      1.49667e-01      7.00000e+00    264s
  2128     -8.35967e+00      1.49667e-01      7.00000e+00    265s
  2137     -4.78800e+00      1.49667e-01      7.00000e+00    266s
  2146     -2.48833e+00      1.49667e-01      7.00000e+00    267s
  2155     -1.07217e+01      1.49667e-01      7.00000e+00    268s
  2164     -5.03400e+00      1.49667e-01      7.00000e+00    269s
  2174     -3.78533e+00      1.49667e-01      7.00000e+00    270s
  2184     -6.26300e+00      1.49667e-01      7.00000e+00    271s
  2193     -4.10433e+00      1.49667e-01      7.00000e+00    272s
  2202     -8.74600e+00      1.49667e-01      7.00000e+00    273s
  2211     -5.09733e+00      1.49667e-01      7.00000e+00    274s
  2221     -2.39100e+00      1.49667e-01      7.00000e+00    275s
  2230     -1.25947e+01      1.49667e-01      7.00000e+00    276s
  2240     -5.76233e+00      1.49667e-01      7.00000e+00    278s
  2250     -4.82567e+00      1.49667e-01      7.00000e+00    279s
  2259     -7.44567e+00      1.49667e-01      7.00000e+00    280s
  2267     -5.27900e+00      1.49667e-01      7.00000e+00    281s
  2275     -5.99300e+00      1.49667e-01      7.00000e+00    282s
  2283     -8.22333e+00      1.49667e-01      7.00000e+00    283s
  2291     -5.68967e+00      1.49667e-01      7.00000e+00    284s
  2301     -7.25800e+00      1.49667e-01      7.00000e+00    285s
  2311     -4.76867e+00      1.49667e-01      7.00000e+00    286s
  2320     -1.07133e+00      1.49667e-01      7.00000e+00    287s
  2327     -1.07697e+01      1.49667e-01      7.00000e+00    288s
  2335     -5.15933e+00      1.49667e-01      7.00000e+00    289s
  2345     -7.34000e-01      1.49667e-01      7.00000e+00    290s
  2354     -1.14047e+01      1.49667e-01      7.00000e+00    291s
  2363     -4.94200e+00      1.49667e-01      7.00000e+00    292s
  2372     -5.29667e-01      1.49667e-01      7.00000e+00    293s
  2381     -9.74767e+00      1.49667e-01      7.00000e+00    294s
  2390     -5.39833e+00      1.49667e-01      7.00000e+00    295s
  2399     -4.45800e+00      1.49667e-01      7.00000e+00    297s
  2407     -7.53833e+00      1.49667e-01      7.00000e+00    298s
  2416     -4.60467e+00      1.49667e-01      7.00000e+00    299s
  2425     -5.34767e+00      1.49667e-01      7.00000e+00    300s
  2434     -4.85300e+00      1.49667e-01      7.00000e+00    301s
  2443     -3.17067e+00      1.49667e-01      7.00000e+00    302s
  2450     -4.75567e+00      1.49667e-01      7.00000e+00    303s
  2459     -5.24367e+00      1.49667e-01      7.00000e+00    304s
  2468     -5.01700e+00      1.49667e-01      7.00000e+00    305s
  2477     -5.28200e+00      1.49667e-01      7.00000e+00    306s
  2486     -4.72367e+00      1.49667e-01      7.00000e+00    307s
  2495     -4.15900e+00      1.49667e-01      7.00000e+00    308s

==================================================
Summary of results QAOA
--------------------------------------------------
Avg of QAOA obj (BQO obj):    2.61
Avg of QAOA obj (penalty):    -2.46
Avg of constraint violation:  2.02

Feasible percentage (%):      8.80
Avg of pure feasible obj:     2.68

Avg of QAOA obj:              0.15
STD of QAOA obj:              1.62

Avg of QAOA obj (feasible):   3.82
STD of QAOA obj (feasible):   0.54

Gamma angles:                 0.38
Beta angles:                  0.38

Best QAOA obj:                7.00
Modified best QAOA obj:       7.00
Best QAOA obj (feasible):     7.00

QAOA total time:              308.69s
QAOA circuit depth:           15
==================================================

==================================================
Summary of results of 0-S6
--------------------------------------------------
Number of vertices:           6
Number of edges:              14

Vertex num in largest comp:   6
Edge num in largest comp:     14

Pre-processing running time:  0.00
Total solver time:            308.22
Running time:                 310.81

Upper bound:                  9.00
Objective value:              7.00

Partition 0:                  1, 4, 6             
Partition 1:                  3, 5                
Partition 2:                  2                   
==================================================
