==================================================
Instance parameters
--------------------------------------------------
Number of vertices:           6
Number of edges:              14
Number of partitions:         3

Density (%):                  93
Name of instance:             seed1_band_pen2.0_noise0.01
Is planar:                    False
==================================================

==================================================
Solver parameters
--------------------------------------------------
Method:                       R-QUBO
Peel:                         False
Decompose:                    False
Fold:                         False

Penalty Multiplier:           2.0
Gates Error Probability:      0.01
QAOA Num Levels:              1
QAOA Scipy Optimizer:         brute
==================================================

  iter        avg-obj        best avg-obj       best-obj      time
     1     -1.07080e+01     -9.84800e+00      7.00000e+00      1s
     5     -1.05020e+01     -9.56900e+00      7.00000e+00      2s
    10     -1.02570e+01     -9.41900e+00      7.00000e+00      4s
    14     -1.03700e+01     -9.41900e+00      7.00000e+00      5s
    19     -1.02400e+01     -9.41900e+00      7.00000e+00      6s
    24     -1.01230e+01     -9.41900e+00      7.00000e+00      7s
    29     -1.01450e+01     -9.41900e+00      7.00000e+00      8s
    33     -1.02790e+01     -9.41900e+00      7.00000e+00      9s
    38     -9.77500e+00     -9.41900e+00      7.00000e+00     10s
    42     -1.04340e+01     -9.21400e+00      7.00000e+00     11s
    47     -9.85700e+00     -9.21400e+00      7.00000e+00     13s
    51     -4.66900e+00     -4.66900e+00      7.00000e+00     14s
    55      2.47000e-01      1.23900e+00      7.00000e+00     15s
    60     -9.18000e+00      1.23900e+00      7.00000e+00     16s
    64     -1.31800e+01      1.23900e+00      7.00000e+00     17s
    69     -2.98060e+01      1.23900e+00      7.00000e+00     19s
    73     -1.90120e+01      1.23900e+00      7.00000e+00     20s
    77      4.56000e-01      1.23900e+00      7.00000e+00     21s
    81     -3.50200e+00      1.53100e+00      7.00000e+00     22s
    85     -9.64800e+00      1.53100e+00      7.00000e+00     23s
    89     -1.47550e+01      1.53100e+00      7.00000e+00     24s
    93     -2.93030e+01      1.53100e+00      7.00000e+00     25s
    97     -2.21100e+01      1.53100e+00      7.00000e+00     26s
   101     -8.72800e+00      1.53100e+00      7.00000e+00     28s
   105     -1.00640e+01      1.53100e+00      7.00000e+00     29s
   109     -9.71700e+00      1.53100e+00      7.00000e+00     30s
   113     -1.13000e+01      1.53100e+00      7.00000e+00     31s
   117     -2.27860e+01      1.53100e+00      7.00000e+00     32s
   121     -2.17270e+01      1.53100e+00      7.00000e+00     33s
   125     -9.32000e+00      1.53100e+00      7.00000e+00     34s
   129     -8.55200e+00      1.53100e+00      7.00000e+00     36s
   133     -1.01820e+01      1.53100e+00      7.00000e+00     37s
   137     -1.09120e+01      1.53100e+00      7.00000e+00     38s
   141     -2.13990e+01      1.53100e+00      7.00000e+00     39s
   145     -2.28100e+01      1.53100e+00      7.00000e+00     40s
   149     -1.00580e+01      1.53100e+00      7.00000e+00     41s
   153     -1.78470e+01      1.53100e+00      7.00000e+00     42s
   157     -1.65550e+01      1.53100e+00      7.00000e+00     43s
   161     -8.95700e+00      1.53100e+00      7.00000e+00     45s
   165     -1.39700e+01      1.53100e+00      7.00000e+00     46s
   169     -9.87000e+00      1.53100e+00      7.00000e+00     47s
   173     -7.31400e+00      1.53100e+00      7.00000e+00     48s
   177     -1.73080e+01      1.53100e+00      7.00000e+00     49s
   181     -1.75980e+01      1.53100e+00      7.00000e+00     50s
   185     -9.58300e+00      1.53100e+00      7.00000e+00     51s
   189     -1.29930e+01      1.53100e+00      7.00000e+00     52s
   193     -1.13310e+01      1.53100e+00      7.00000e+00     54s
   197     -6.51800e+00      1.53100e+00      7.00000e+00     55s
   201     -1.20770e+01      1.53100e+00      7.00000e+00     56s
   205     -1.59010e+01      1.53100e+00      7.00000e+00     57s
   209     -1.19950e+01      1.53100e+00      7.00000e+00     58s
   213     -1.04170e+01      1.53100e+00      7.00000e+00     59s
   217     -1.16130e+01      1.53100e+00      7.00000e+00     60s
   221     -8.09000e+00      1.53100e+00      7.00000e+00     62s
   225     -1.05410e+01      1.53100e+00      7.00000e+00     63s
   229     -1.69330e+01      1.53100e+00      7.00000e+00     64s
   233     -1.23590e+01      1.53100e+00      7.00000e+00     65s
   237     -1.01970e+01      1.53100e+00      7.00000e+00     66s
   241     -1.24260e+01      1.53100e+00      7.00000e+00     67s
   245     -8.35300e+00      1.53100e+00      7.00000e+00     68s
   249     -1.00170e+01      1.53100e+00      7.00000e+00     70s
   253     -9.37700e+00      1.53100e+00      7.00000e+00     71s
   257     -1.12310e+01      1.53100e+00      7.00000e+00     72s
   260     -9.63700e+00      1.53100e+00      7.00000e+00     73s
   264     -1.06890e+01      1.53100e+00      7.00000e+00     74s
   268     -1.45330e+01      1.53100e+00      7.00000e+00     75s
   272     -1.25210e+01      1.53100e+00      7.00000e+00     76s
   276     -9.76200e+00      1.53100e+00      7.00000e+00     77s
   280     -1.03420e+01      1.53100e+00      7.00000e+00     79s
   284     -1.04200e+01      1.53100e+00      7.00000e+00     80s
   288     -1.03890e+01      1.53100e+00      7.00000e+00     81s
   292     -1.40300e+01      1.53100e+00      7.00000e+00     82s
   296     -1.31840e+01      1.53100e+00      7.00000e+00     84s
   300     -9.46800e+00      1.53100e+00      7.00000e+00     85s
   304     -9.90700e+00      1.53100e+00      7.00000e+00     86s
   308     -1.02990e+01      1.53100e+00      7.00000e+00     87s
   312     -1.01460e+01      1.53100e+00      7.00000e+00     88s
   316     -1.26770e+01      1.53100e+00      7.00000e+00     90s
   320     -1.39390e+01      1.53100e+00      7.00000e+00     91s
   324     -1.03700e+01      1.53100e+00      7.00000e+00     92s
   328     -9.75700e+00      1.53100e+00      7.00000e+00     93s
   332     -1.04660e+01      1.53100e+00      7.00000e+00     94s
   336     -9.68200e+00      1.53100e+00      7.00000e+00     95s
   340     -1.26980e+01      1.53100e+00      7.00000e+00     96s
   344     -1.46710e+01      1.53100e+00      7.00000e+00     98s
   348     -1.04430e+01      1.53100e+00      7.00000e+00     99s
   352     -1.02530e+01      1.53100e+00      7.00000e+00    100s
   356     -1.14020e+01      1.53100e+00      7.00000e+00    101s
   360     -9.88900e+00      1.53100e+00      7.00000e+00    102s
   364     -1.10840e+01      1.53100e+00      7.00000e+00    103s
   368     -1.15500e+01      1.53100e+00      7.00000e+00    105s
   372     -1.06350e+01      1.53100e+00      7.00000e+00    106s
   376     -9.18700e+00      1.53100e+00      7.00000e+00    107s
   380     -1.13840e+01      1.53100e+00      7.00000e+00    108s
   384     -1.00630e+01      1.53100e+00      7.00000e+00    110s
   388     -1.06350e+01      1.53100e+00      7.00000e+00    111s
   392     -1.22900e+01      1.53100e+00      7.00000e+00    112s
   396     -1.15720e+01      1.53100e+00      7.00000e+00    113s
   400     -9.86700e+00      1.53100e+00      7.00000e+00    114s
   404     -1.08340e+01      1.53100e+00      7.00000e+00    115s
   407     -1.08440e+01      1.53100e+00      7.00000e+00    116s
   411     -1.01670e+01      1.53100e+00      7.00000e+00    118s
   415     -1.11460e+01      1.53100e+00      7.00000e+00    119s
   418     -1.13240e+01      1.53100e+00      7.00000e+00    120s
   422     -1.00110e+01      1.53100e+00      7.00000e+00    121s
   426     -1.04790e+01      1.53100e+00      7.00000e+00    122s
   430     -1.06600e+01      1.53100e+00      7.00000e+00    123s
   434     -1.03180e+01      1.53100e+00      7.00000e+00    124s
   438     -1.03180e+01      1.53100e+00      7.00000e+00    126s
   441     -1.12220e+01      1.53100e+00      7.00000e+00    127s
   444     -1.11040e+01      1.53100e+00      7.00000e+00    128s
   448     -1.02090e+01      1.53100e+00      7.00000e+00    129s
   451     -1.00540e+01      1.53100e+00      7.00000e+00    130s
   455     -1.00350e+01      1.53100e+00      7.00000e+00    131s
   459     -1.04120e+01      1.53100e+00      7.00000e+00    132s
   463     -1.00690e+01      1.53100e+00      7.00000e+00    133s
   467     -1.06980e+01      1.53100e+00      7.00000e+00    135s
   471     -1.05420e+01      1.53100e+00      7.00000e+00    136s
   475     -1.02990e+01      1.53100e+00      7.00000e+00    137s
   479     -1.02200e+01      1.53100e+00      7.00000e+00    138s
   483     -1.06660e+01      1.53100e+00      7.00000e+00    139s
   487     -1.06540e+01      1.53100e+00      7.00000e+00    141s
   491     -1.05110e+01      1.53100e+00      7.00000e+00    142s
   495     -1.04720e+01      1.53100e+00      7.00000e+00    143s
   499     -1.01220e+01      1.53100e+00      7.00000e+00    144s
   503     -9.51500e+00      1.53100e+00      7.00000e+00    145s
   507     -9.18600e+00      1.53100e+00      7.00000e+00    147s
   511     -1.02070e+01      1.53100e+00      7.00000e+00    148s
   515     -9.86700e+00      1.53100e+00      7.00000e+00    149s
   518     -1.00160e+01      1.53100e+00      7.00000e+00    150s
   522     -9.45100e+00      1.53100e+00      7.00000e+00    151s
   526     -9.99200e+00      1.53100e+00      7.00000e+00    153s
   530     -1.04580e+01      1.53100e+00      7.00000e+00    154s
   534     -9.83000e+00      1.53100e+00      7.00000e+00    155s
   538     -9.80500e+00      1.53100e+00      7.00000e+00    156s
   542     -9.98300e+00      1.53100e+00      7.00000e+00    157s
   546     -1.04540e+01      1.53100e+00      7.00000e+00    159s
   550     -1.04320e+01      1.53100e+00      7.00000e+00    160s
   554     -9.54600e+00      1.53100e+00      7.00000e+00    161s
   558     -1.01780e+01      1.53100e+00      7.00000e+00    162s
   562     -9.92800e+00      1.53100e+00      7.00000e+00    163s
   566     -1.08210e+01      1.53100e+00      7.00000e+00    164s
   570     -9.93200e+00      1.53100e+00      7.00000e+00    165s
   574     -9.94200e+00      1.53100e+00      7.00000e+00    167s
   578     -1.07360e+01      1.53100e+00      7.00000e+00    168s
   582     -9.52000e+00      1.53100e+00      7.00000e+00    169s
   586     -1.00740e+01      1.53100e+00      7.00000e+00    170s
   590     -1.05820e+01      1.53100e+00      7.00000e+00    171s
   594     -1.02470e+01      1.53100e+00      7.00000e+00    173s
   598     -1.00060e+01      1.53100e+00      7.00000e+00    174s
   602     -9.82200e+00      1.53100e+00      7.00000e+00    175s
   606     -9.78100e+00      1.53100e+00      7.00000e+00    176s
   610     -9.33900e+00      1.53100e+00      7.00000e+00    178s
   614     -9.56800e+00      1.53100e+00      7.00000e+00    179s
   617     -1.05650e+01      1.53100e+00      7.00000e+00    180s
   621     -9.72300e+00      1.53100e+00      7.00000e+00    181s
   625     -1.01300e+01      1.53100e+00      7.00000e+00    182s
   629     -9.75100e+00      1.53100e+00      7.00000e+00    183s
   633     -9.55300e+00      1.53100e+00      7.00000e+00    184s
   636     -1.02160e+01      1.53100e+00      7.00000e+00    185s
   640     -1.05420e+01      1.53100e+00      7.00000e+00    186s
   644     -1.03160e+01      1.53100e+00      7.00000e+00    188s
   648     -9.88600e+00      1.53100e+00      7.00000e+00    189s
   652     -9.71000e+00      1.53100e+00      7.00000e+00    190s
   656     -9.47600e+00      1.53100e+00      7.00000e+00    191s
   660     -1.00380e+01      1.53100e+00      7.00000e+00    192s
   664     -1.00260e+01      1.53100e+00      7.00000e+00    194s
   668     -9.35300e+00      1.53100e+00      7.00000e+00    195s
   672     -9.90600e+00      1.53100e+00      7.00000e+00    196s
   676     -1.03320e+01      1.53100e+00      7.00000e+00    197s
   680     -9.40600e+00      1.53100e+00      7.00000e+00    199s
   684     -1.06150e+01      1.53100e+00      7.00000e+00    200s
   687     -1.01370e+01      1.53100e+00      7.00000e+00    201s
   690     -9.71100e+00      1.53100e+00      7.00000e+00    202s
   694     -9.84000e+00      1.53100e+00      7.00000e+00    203s
   698     -9.92000e+00      1.53100e+00      7.00000e+00    204s
   702     -9.96300e+00      1.53100e+00      7.00000e+00    205s
   706     -9.25700e+00      1.53100e+00      7.00000e+00    207s
   709     -1.00750e+01      1.53100e+00      7.00000e+00    208s
   713     -9.87200e+00      1.53100e+00      7.00000e+00    209s
   717     -9.06400e+00      1.53100e+00      7.00000e+00    210s
   721     -9.59200e+00      1.53100e+00      7.00000e+00    211s
   724     -1.01050e+01      1.53100e+00      7.00000e+00    212s
   728     -9.49300e+00      1.53100e+00      7.00000e+00    213s
   732     -9.67100e+00      1.53100e+00      7.00000e+00    214s
   736     -9.69900e+00      1.53100e+00      7.00000e+00    216s
   740     -9.22200e+00      1.53100e+00      7.00000e+00    217s
   744     -9.90200e+00      1.53100e+00      7.00000e+00    218s
   748     -9.94400e+00      1.53100e+00      7.00000e+00    219s
   752     -1.15740e+01      1.53100e+00      7.00000e+00    220s
   756     -1.23700e+01      1.53100e+00      7.00000e+00    221s
   760     -1.03150e+01      1.53100e+00      7.00000e+00    222s
   764     -1.02700e+01      1.53100e+00      7.00000e+00    223s
   768     -1.35590e+01      1.53100e+00      7.00000e+00    225s
   772     -1.09470e+01      1.53100e+00      7.00000e+00    226s
   776     -1.03410e+01      1.53100e+00      7.00000e+00    227s
   780     -1.29950e+01      1.53100e+00      7.00000e+00    228s
   784     -1.13830e+01      1.53100e+00      7.00000e+00    230s
   788     -9.82800e+00      1.53100e+00      7.00000e+00    231s
   792     -1.25450e+01      1.53100e+00      7.00000e+00    232s
   796     -1.12070e+01      1.53100e+00      7.00000e+00    233s
   800     -9.69800e+00      1.53100e+00      7.00000e+00    234s
   804     -1.23230e+01      1.53100e+00      7.00000e+00    236s
   808     -1.17940e+01      1.53100e+00      7.00000e+00    237s
   812     -9.98600e+00      1.53100e+00      7.00000e+00    238s
   816     -1.17850e+01      1.53100e+00      7.00000e+00    239s
   820     -1.21000e+01      1.53100e+00      7.00000e+00    240s
   824     -1.02910e+01      1.53100e+00      7.00000e+00    241s
   828     -1.16610e+01      1.53100e+00      7.00000e+00    242s
   832     -1.29720e+01      1.53100e+00      7.00000e+00    244s
   836     -1.00350e+01      1.53100e+00      7.00000e+00    245s
   840     -1.16750e+01      1.53100e+00      7.00000e+00    246s
   844     -1.27050e+01      1.53100e+00      7.00000e+00    247s
   848     -1.02090e+01      1.53100e+00      7.00000e+00    248s
   852     -1.00150e+01      1.53100e+00      7.00000e+00    249s
   856     -8.81200e+00      1.53100e+00      7.00000e+00    251s
   860     -9.56700e+00      1.53100e+00      7.00000e+00    252s
   864     -9.95300e+00      1.53100e+00      7.00000e+00    253s
   868     -8.37200e+00      1.53100e+00      7.00000e+00    254s
   872     -9.61000e+00      1.53100e+00      7.00000e+00    255s
   876     -9.36100e+00      1.53100e+00      7.00000e+00    257s
   880     -8.34800e+00      1.53100e+00      7.00000e+00    258s
   884     -9.17400e+00      1.53100e+00      7.00000e+00    259s
   887     -1.03650e+01      1.53100e+00      7.00000e+00    260s
   891     -9.04900e+00      1.53100e+00      7.00000e+00    261s
   895     -8.90600e+00      1.53100e+00      7.00000e+00    262s
   898     -1.01030e+01      1.53100e+00      7.00000e+00    263s
   902     -9.87800e+00      1.53100e+00      7.00000e+00    264s
   906     -8.10800e+00      1.53100e+00      7.00000e+00    265s
   910     -9.46600e+00      1.53100e+00      7.00000e+00    267s
   914     -9.82500e+00      1.53100e+00      7.00000e+00    268s
   918     -7.76200e+00      1.53100e+00      7.00000e+00    269s
   922     -9.08900e+00      1.53100e+00      7.00000e+00    270s
   925     -9.88500e+00      1.53100e+00      7.00000e+00    271s
   929     -7.95500e+00      1.53100e+00      7.00000e+00    272s
   933     -8.44000e+00      1.53100e+00      7.00000e+00    273s
   937     -9.43400e+00      1.53100e+00      7.00000e+00    274s
   941     -8.07900e+00      1.53100e+00      7.00000e+00    276s
   945     -8.51800e+00      1.53100e+00      7.00000e+00    277s
   949     -1.00170e+01      1.53100e+00      7.00000e+00    278s
   953     -1.01520e+01      1.53100e+00      7.00000e+00    279s
   957     -1.03840e+01      1.53100e+00      7.00000e+00    280s
   961     -9.85300e+00      1.53100e+00      7.00000e+00    281s
   965     -1.00940e+01      1.53100e+00      7.00000e+00    282s
   969     -1.03030e+01      1.53100e+00      7.00000e+00    284s
   973     -9.88600e+00      1.53100e+00      7.00000e+00    285s
   977     -9.60700e+00      1.53100e+00      7.00000e+00    286s
   981     -9.51700e+00      1.53100e+00      7.00000e+00    287s
   985     -1.00460e+01      1.53100e+00      7.00000e+00    288s
   989     -9.95600e+00      1.53100e+00      7.00000e+00    290s
   993     -9.97400e+00      1.53100e+00      7.00000e+00    291s
   997     -1.05440e+01      1.53100e+00      7.00000e+00    292s
  1001     -9.64900e+00      1.53100e+00      7.00000e+00    293s
  1005     -1.04220e+01      1.53100e+00      7.00000e+00    294s
  1009     -9.70400e+00      1.53100e+00      7.00000e+00    296s
  1013     -1.03410e+01      1.53100e+00      7.00000e+00    297s
  1017     -1.05290e+01      1.53100e+00      7.00000e+00    298s
  1021     -9.94600e+00      1.53100e+00      7.00000e+00    299s
  1025     -9.99400e+00      1.53100e+00      7.00000e+00    300s
  1029     -1.00950e+01      1.53100e+00      7.00000e+00    301s
  1033     -1.04290e+01      1.53100e+00      7.00000e+00    303s
  1037     -1.03810e+01      1.53100e+00      7.00000e+00    304s
  1041     -1.04510e+01      1.53100e+00      7.00000e+00    305s
  1045     -1.00040e+01      1.53100e+00      7.00000e+00    306s
  1049     -1.01330e+01      1.53100e+00      7.00000e+00    308s
  1053     -9.96600e+00      1.53100e+00      7.00000e+00    309s
  1057     -9.87200e+00      1.53100e+00      7.00000e+00    310s
  1061     -1.02150e+01      1.53100e+00      7.00000e+00    311s
  1065     -1.05830e+01      1.53100e+00      7.00000e+00    312s
  1069     -9.68000e+00      1.53100e+00      7.00000e+00    313s
  1073     -9.54500e+00      1.53100e+00      7.00000e+00    315s
  1077     -1.01350e+01      1.53100e+00      7.00000e+00    316s
  1081     -1.00730e+01      1.53100e+00      7.00000e+00    317s
  1085     -1.03620e+01      1.53100e+00      7.00000e+00    318s
  1089     -1.00000e+01      1.53100e+00      7.00000e+00    319s
  1093     -1.02590e+01      1.53100e+00      7.00000e+00    321s
  1097     -9.38900e+00      1.53100e+00      7.00000e+00    322s
  1100     -1.01370e+01      1.53100e+00      7.00000e+00    323s
  1104     -1.01070e+01      1.53100e+00      7.00000e+00    324s
  1108     -9.48000e+00      1.53100e+00      7.00000e+00    325s
  1112     -1.01850e+01      1.53100e+00      7.00000e+00    327s
  1116     -9.25500e+00      1.53100e+00      7.00000e+00    328s
  1120     -9.70300e+00      1.53100e+00      7.00000e+00    329s
  1124     -1.01870e+01      1.53100e+00      7.00000e+00    330s
  1128     -1.03400e+01      1.53100e+00      7.00000e+00    331s
  1132     -9.84400e+00      1.53100e+00      7.00000e+00    333s
  1136     -9.93000e+00      1.53100e+00      7.00000e+00    334s
  1140     -1.01370e+01      1.53100e+00      7.00000e+00    335s
  1143     -9.50000e+00      1.53100e+00      7.00000e+00    336s
  1147     -1.06510e+01      1.53100e+00      7.00000e+00    337s
  1151     -9.46900e+00      1.53100e+00      7.00000e+00    338s
  1154     -1.03120e+01      1.53100e+00      7.00000e+00    339s
  1158     -9.95800e+00      1.53100e+00      7.00000e+00    340s
  1162     -9.81700e+00      1.53100e+00      7.00000e+00    342s
  1166     -1.04360e+01      1.53100e+00      7.00000e+00    343s
  1170     -1.01020e+01      1.53100e+00      7.00000e+00    344s
  1174     -9.79700e+00      1.53100e+00      7.00000e+00    345s
  1178     -9.42500e+00      1.53100e+00      7.00000e+00    346s
  1182     -9.37500e+00      1.53100e+00      7.00000e+00    347s
  1186     -1.00790e+01      1.53100e+00      7.00000e+00    349s
  1190     -1.01880e+01      1.53100e+00      7.00000e+00    350s
  1194     -1.04020e+01      1.53100e+00      7.00000e+00    351s
  1198     -1.01850e+01      1.53100e+00      7.00000e+00    352s
  1202     -1.01010e+01      1.53100e+00      7.00000e+00    353s
  1206     -1.03970e+01      1.53100e+00      7.00000e+00    354s
  1210     -1.06860e+01      1.53100e+00      7.00000e+00    355s
  1214     -1.01090e+01      1.53100e+00      7.00000e+00    356s
  1218     -9.97200e+00      1.53100e+00      7.00000e+00    358s
  1222     -9.60500e+00      1.53100e+00      7.00000e+00    359s
  1226     -1.02110e+01      1.53100e+00      7.00000e+00    360s
  1230     -1.00130e+01      1.53100e+00      7.00000e+00    361s
  1234     -9.85000e+00      1.53100e+00      7.00000e+00    362s
  1238     -9.74000e+00      1.53100e+00      7.00000e+00    364s
  1242     -9.57300e+00      1.53100e+00      7.00000e+00    365s
  1246     -1.04960e+01      1.53100e+00      7.00000e+00    366s
  1250     -9.47700e+00      1.53100e+00      7.00000e+00    367s
  1255     -9.82300e+00      1.53100e+00      7.00000e+00    368s
  1258     -9.95800e+00      1.53100e+00      7.00000e+00    369s
  1262     -1.05400e+01      1.53100e+00      7.00000e+00    371s
  1266     -1.01550e+01      1.53100e+00      7.00000e+00    372s
  1270     -1.00310e+01      1.53100e+00      7.00000e+00    373s
  1274     -9.74500e+00      1.53100e+00      7.00000e+00    374s
  1278     -9.89300e+00      1.53100e+00      7.00000e+00    375s
  1282     -9.63800e+00      1.53100e+00      7.00000e+00    376s
  1286     -9.89800e+00      1.53100e+00      7.00000e+00    377s
  1289     -9.83000e+00      1.53100e+00      7.00000e+00    378s
  1293     -1.00880e+01      1.53100e+00      7.00000e+00    380s
  1297     -9.85700e+00      1.53100e+00      7.00000e+00    381s
  1301     -1.02200e+01      1.53100e+00      7.00000e+00    382s
  1305     -9.89200e+00      1.53100e+00      7.00000e+00    383s
  1309     -9.54100e+00      1.53100e+00      7.00000e+00    384s
  1313     -9.69500e+00      1.53100e+00      7.00000e+00    385s
  1317     -9.94100e+00      1.53100e+00      7.00000e+00    387s
  1321     -1.05630e+01      1.53100e+00      7.00000e+00    388s
  1325     -1.05560e+01      1.53100e+00      7.00000e+00    389s
  1329     -9.39700e+00      1.53100e+00      7.00000e+00    390s
  1333     -9.90900e+00      1.53100e+00      7.00000e+00    391s
  1337     -9.85700e+00      1.53100e+00      7.00000e+00    393s
  1341     -9.54600e+00      1.53100e+00      7.00000e+00    394s
  1345     -1.04590e+01      1.53100e+00      7.00000e+00    395s
  1349     -1.00750e+01      1.53100e+00      7.00000e+00    396s
  1353     -9.60600e+00      1.53100e+00      7.00000e+00    397s
  1357     -9.85800e+00      1.53100e+00      7.00000e+00    399s
  1361     -9.72000e+00      1.53100e+00      7.00000e+00    400s
  1365     -9.94000e+00      1.53100e+00      7.00000e+00    401s
  1369     -1.02180e+01      1.53100e+00      7.00000e+00    402s
  1373     -9.53400e+00      1.53100e+00      7.00000e+00    403s
  1377     -1.03200e+01      1.53100e+00      7.00000e+00    405s
  1381     -9.86500e+00      1.53100e+00      7.00000e+00    406s
  1385     -1.02860e+01      1.53100e+00      7.00000e+00    407s
  1389     -1.01600e+01      1.53100e+00      7.00000e+00    408s
  1393     -9.62800e+00      1.53100e+00      7.00000e+00    409s
  1397     -9.92300e+00      1.53100e+00      7.00000e+00    410s
  1401     -1.00370e+01      1.53100e+00      7.00000e+00    412s
  1405     -1.07630e+01      1.53100e+00      7.00000e+00    413s
  1409     -1.01470e+01      1.53100e+00      7.00000e+00    414s
  1413     -1.00540e+01      1.53100e+00      7.00000e+00    416s
  1417     -9.70000e+00      1.53100e+00      7.00000e+00    417s
  1421     -9.54200e+00      1.53100e+00      7.00000e+00    418s
  1425     -9.83100e+00      1.53100e+00      7.00000e+00    419s
  1429     -1.00000e+01      1.53100e+00      7.00000e+00    420s
  1433     -1.07320e+01      1.53100e+00      7.00000e+00    421s
  1436     -1.00010e+01      1.53100e+00      7.00000e+00    422s
  1440     -9.78500e+00      1.53100e+00      7.00000e+00    424s
  1444     -9.08700e+00      1.53100e+00      7.00000e+00    425s
  1448     -9.56400e+00      1.53100e+00      7.00000e+00    426s
  1452     -9.63600e+00      1.53100e+00      7.00000e+00    427s
  1456     -1.00920e+01      1.53100e+00      7.00000e+00    428s
  1460     -1.04330e+01      1.53100e+00      7.00000e+00    429s
  1463     -9.68800e+00      1.53100e+00      7.00000e+00    430s
  1467     -9.99900e+00      1.53100e+00      7.00000e+00    432s
  1471     -1.02930e+01      1.53100e+00      7.00000e+00    433s
  1475     -1.02200e+01      1.53100e+00      7.00000e+00    434s
  1479     -9.85700e+00      1.53100e+00      7.00000e+00    435s
  1483     -1.00120e+01      1.53100e+00      7.00000e+00    436s
  1487     -1.01040e+01      1.53100e+00      7.00000e+00    438s
  1491     -1.01340e+01      1.53100e+00      7.00000e+00    439s
  1495     -1.01330e+01      1.53100e+00      7.00000e+00    440s
  1499     -1.02590e+01      1.53100e+00      7.00000e+00    441s
  1503     -1.01180e+01      1.53100e+00      7.00000e+00    443s
  1507     -9.01000e+00      1.53100e+00      7.00000e+00    444s
  1511     -9.95200e+00      1.53100e+00      7.00000e+00    445s
  1515     -9.39800e+00      1.53100e+00      7.00000e+00    446s
  1519     -9.61000e+00      1.53100e+00      7.00000e+00    447s
  1523     -1.07750e+01      1.53100e+00      7.00000e+00    448s
  1527     -1.01930e+01      1.53100e+00      7.00000e+00    450s
  1531     -9.21000e+00      1.53100e+00      7.00000e+00    451s
  1535     -1.01050e+01      1.53100e+00      7.00000e+00    452s
  1539     -1.02670e+01      1.53100e+00      7.00000e+00    453s
  1543     -9.44200e+00      1.53100e+00      7.00000e+00    454s
  1547     -9.93500e+00      1.53100e+00      7.00000e+00    455s
  1550     -9.94800e+00      1.53100e+00      7.00000e+00    456s
  1554     -8.03900e+00      1.53100e+00      7.00000e+00    458s
  1558     -7.86700e+00      1.53100e+00      7.00000e+00    459s
  1562     -1.04760e+01      1.53100e+00      7.00000e+00    460s
  1566     -8.39000e+00      1.53100e+00      7.00000e+00    461s
  1570     -8.14800e+00      1.53100e+00      7.00000e+00    462s
  1574     -9.47700e+00      1.53100e+00      7.00000e+00    464s
  1578     -9.04600e+00      1.53100e+00      7.00000e+00    465s
  1582     -8.13200e+00      1.53100e+00      7.00000e+00    466s
  1586     -9.93300e+00      1.53100e+00      7.00000e+00    467s
  1590     -8.51800e+00      1.53100e+00      7.00000e+00    468s
  1594     -8.04100e+00      1.53100e+00      7.00000e+00    470s
  1598     -1.01310e+01      1.53100e+00      7.00000e+00    471s
  1602     -9.30000e+00      1.53100e+00      7.00000e+00    472s
  1606     -8.76600e+00      1.53100e+00      7.00000e+00    473s
  1610     -9.43800e+00      1.53100e+00      7.00000e+00    474s
  1614     -9.16300e+00      1.53100e+00      7.00000e+00    476s
  1618     -8.86400e+00      1.53100e+00      7.00000e+00    477s
  1622     -1.01590e+01      1.53100e+00      7.00000e+00    478s
  1626     -9.36800e+00      1.53100e+00      7.00000e+00    479s
  1630     -8.37500e+00      1.53100e+00      7.00000e+00    481s
  1634     -9.50100e+00      1.53100e+00      7.00000e+00    482s
  1638     -9.91700e+00      1.53100e+00      7.00000e+00    483s
  1642     -8.22300e+00      1.53100e+00      7.00000e+00    484s
  1646     -9.22700e+00      1.53100e+00      7.00000e+00    485s
  1650     -1.00420e+01      1.53100e+00      7.00000e+00    486s
  1654     -1.17650e+01      1.53100e+00      7.00000e+00    488s
  1658     -1.18500e+01      1.53100e+00      7.00000e+00    489s
  1662     -9.64000e+00      1.53100e+00      7.00000e+00    490s
  1666     -1.20750e+01      1.53100e+00      7.00000e+00    491s
  1670     -1.12190e+01      1.53100e+00      7.00000e+00    492s
  1674     -1.02480e+01      1.53100e+00      7.00000e+00    494s
  1678     -1.20420e+01      1.53100e+00      7.00000e+00    495s
  1682     -1.16550e+01      1.53100e+00      7.00000e+00    496s
  1686     -1.02720e+01      1.53100e+00      7.00000e+00    497s
  1690     -1.23140e+01      1.53100e+00      7.00000e+00    498s
  1694     -1.22810e+01      1.53100e+00      7.00000e+00    499s
  1698     -1.00850e+01      1.53100e+00      7.00000e+00    501s
  1702     -1.12290e+01      1.53100e+00      7.00000e+00    502s
  1706     -1.36800e+01      1.53100e+00      7.00000e+00    503s
  1709     -1.17470e+01      1.53100e+00      7.00000e+00    504s
  1713     -9.76000e+00      1.53100e+00      7.00000e+00    505s
  1717     -1.26560e+01      1.53100e+00      7.00000e+00    506s
  1721     -1.19060e+01      1.53100e+00      7.00000e+00    507s
  1725     -9.85000e+00      1.53100e+00      7.00000e+00    509s
  1729     -1.27090e+01      1.53100e+00      7.00000e+00    510s
  1733     -1.15470e+01      1.53100e+00      7.00000e+00    511s
  1737     -9.81600e+00      1.53100e+00      7.00000e+00    512s
  1741     -1.17870e+01      1.53100e+00      7.00000e+00    513s
  1745     -1.22800e+01      1.53100e+00      7.00000e+00    514s
  1749     -9.44700e+00      1.53100e+00      7.00000e+00    515s
  1753     -9.35700e+00      1.53100e+00      7.00000e+00    516s
  1757     -9.26600e+00      1.53100e+00      7.00000e+00    517s
  1761     -1.00150e+01      1.53100e+00      7.00000e+00    519s
  1765     -9.91800e+00      1.53100e+00      7.00000e+00    520s
  1769     -9.54100e+00      1.53100e+00      7.00000e+00    521s
  1773     -1.00700e+01      1.53100e+00      7.00000e+00    522s
  1777     -9.86400e+00      1.53100e+00      7.00000e+00    523s
  1781     -9.43300e+00      1.53100e+00      7.00000e+00    525s
  1785     -1.06100e+01      1.53100e+00      7.00000e+00    526s
  1789     -1.03880e+01      1.53100e+00      7.00000e+00    527s
  1793     -8.92400e+00      1.53100e+00      7.00000e+00    528s
  1797     -1.02840e+01      1.53100e+00      7.00000e+00    529s
  1801     -9.99700e+00      1.53100e+00      7.00000e+00    530s
  1805     -9.35000e+00      1.53100e+00      7.00000e+00    532s
  1809     -9.60700e+00      1.53100e+00      7.00000e+00    533s
  1813     -9.92800e+00      1.53100e+00      7.00000e+00    534s
  1817     -9.37800e+00      1.53100e+00      7.00000e+00    535s
  1821     -9.37100e+00      1.53100e+00      7.00000e+00    536s
  1825     -1.01490e+01      1.53100e+00      7.00000e+00    537s
  1829     -9.71500e+00      1.53100e+00      7.00000e+00    539s
  1833     -9.95400e+00      1.53100e+00      7.00000e+00    540s
  1837     -9.79400e+00      1.53100e+00      7.00000e+00    541s
  1841     -9.93700e+00      1.53100e+00      7.00000e+00    542s
  1845     -1.01390e+01      1.53100e+00      7.00000e+00    543s
  1849     -9.82800e+00      1.53100e+00      7.00000e+00    545s
  1853     -1.02530e+01      1.53100e+00      7.00000e+00    546s
  1857     -9.64000e+00      1.53100e+00      7.00000e+00    547s
  1861     -1.02800e+01      1.53100e+00      7.00000e+00    548s
  1864     -9.95400e+00      1.53100e+00      7.00000e+00    549s
  1868     -1.03340e+01      1.53100e+00      7.00000e+00    551s
  1871     -1.07290e+01      1.53100e+00      7.00000e+00    552s
  1874     -9.75600e+00      1.53100e+00      7.00000e+00    553s
  1877     -1.02930e+01      1.53100e+00      7.00000e+00    554s
  1880     -1.02330e+01      1.53100e+00      7.00000e+00    555s
  1883     -9.85700e+00      1.53100e+00      7.00000e+00    557s
  1885     -9.79600e+00      1.53100e+00      7.00000e+00    558s
  1888     -9.55500e+00      1.53100e+00      7.00000e+00    559s
  1891     -1.02950e+01      1.53100e+00      7.00000e+00    560s
  1894     -9.77700e+00      1.53100e+00      7.00000e+00    562s
  1896     -1.04080e+01      1.53100e+00      7.00000e+00    563s
  1899     -1.01750e+01      1.53100e+00      7.00000e+00    564s
  1901     -1.03430e+01      1.53100e+00      7.00000e+00    565s
  1904     -1.01210e+01      1.53100e+00      7.00000e+00    566s
  1907     -1.05200e+01      1.53100e+00      7.00000e+00    567s
  1909     -1.05580e+01      1.53100e+00      7.00000e+00    569s
  1912     -1.02300e+01      1.53100e+00      7.00000e+00    570s
  1914     -1.01620e+01      1.53100e+00      7.00000e+00    571s
  1917     -9.52100e+00      1.53100e+00      7.00000e+00    572s
  1921     -9.66100e+00      1.53100e+00      7.00000e+00    574s
  1924     -1.01270e+01      1.53100e+00      7.00000e+00    575s
  1926     -9.99000e+00      1.53100e+00      7.00000e+00    576s
  1929     -9.28300e+00      1.53100e+00      7.00000e+00    577s
  1932     -1.00530e+01      1.53100e+00      7.00000e+00    579s
  1935     -1.02970e+01      1.53100e+00      7.00000e+00    580s
  1937     -9.29800e+00      1.53100e+00      7.00000e+00    581s
  1940     -1.03640e+01      1.53100e+00      7.00000e+00    582s
  1943     -1.05870e+01      1.53100e+00      7.00000e+00    583s
  1946     -1.01620e+01      1.53100e+00      7.00000e+00    585s
  1948     -1.00580e+01      1.53100e+00      7.00000e+00    586s
  1951     -1.05350e+01      1.53100e+00      7.00000e+00    587s
  1953     -1.03950e+01      1.53100e+00      7.00000e+00    588s
  1957     -9.69000e+00      1.53100e+00      7.00000e+00    590s
  1961     -1.01130e+01      1.53100e+00      7.00000e+00    592s
  1965     -1.00030e+01      1.53100e+00      7.00000e+00    593s
  1967     -9.90900e+00      1.53100e+00      7.00000e+00    594s
  1970     -1.01030e+01      1.53100e+00      7.00000e+00    595s
  1972     -9.61200e+00      1.53100e+00      7.00000e+00    596s
  1975     -1.03600e+01      1.53100e+00      7.00000e+00    597s
  1978     -9.81500e+00      1.53100e+00      7.00000e+00    598s
  1982     -1.04670e+01      1.53100e+00      7.00000e+00    600s
  1984     -1.06740e+01      1.53100e+00      7.00000e+00    601s
  1987     -9.73200e+00      1.53100e+00      7.00000e+00    602s
  1991     -1.02730e+01      1.53100e+00      7.00000e+00    604s
  1995     -9.88400e+00      1.53100e+00      7.00000e+00    605s
  1998     -1.09030e+01      1.53100e+00      7.00000e+00    606s
  2001     -9.65700e+00      1.53100e+00      7.00000e+00    608s
  2003     -1.09980e+01      1.53100e+00      7.00000e+00    609s
  2007     -1.04820e+01      1.53100e+00      7.00000e+00    610s
  2010     -9.93900e+00      1.53100e+00      7.00000e+00    611s
  2012     -9.90000e+00      1.53100e+00      7.00000e+00    613s
  2015     -1.01060e+01      1.53100e+00      7.00000e+00    614s
  2017     -1.00590e+01      1.53100e+00      7.00000e+00    615s
  2020     -1.05180e+01      1.53100e+00      7.00000e+00    616s
  2024     -9.61800e+00      1.53100e+00      7.00000e+00    618s
  2028     -1.03020e+01      1.53100e+00      7.00000e+00    620s
  2031     -1.07160e+01      1.53100e+00      7.00000e+00    621s
  2034     -1.01010e+01      1.53100e+00      7.00000e+00    622s
  2037     -9.83900e+00      1.53100e+00      7.00000e+00    623s
  2040     -1.01080e+01      1.53100e+00      7.00000e+00    625s
  2043     -1.05120e+01      1.53100e+00      7.00000e+00    626s
  2046     -9.94100e+00      1.53100e+00      7.00000e+00    627s
  2049     -9.52700e+00      1.53100e+00      7.00000e+00    629s
  2053     -1.10540e+01      1.53100e+00      7.00000e+00    630s
  2056     -1.13500e+01      1.53100e+00      7.00000e+00    631s
  2059     -1.08700e+01      1.53100e+00      7.00000e+00    633s
  2062     -1.04320e+01      1.53100e+00      7.00000e+00    634s
  2064     -1.08900e+01      1.53100e+00      7.00000e+00    635s
  2067     -1.18640e+01      1.53100e+00      7.00000e+00    637s
  2070     -1.09780e+01      1.53100e+00      7.00000e+00    638s
  2073     -1.01440e+01      1.53100e+00      7.00000e+00    639s
  2075     -1.00390e+01      1.53100e+00      7.00000e+00    640s
  2078     -1.02410e+01      1.53100e+00      7.00000e+00    642s
  2082     -1.14170e+01      1.53100e+00      7.00000e+00    643s
  2086     -1.03210e+01      1.53100e+00      7.00000e+00    645s
  2089     -1.03040e+01      1.53100e+00      7.00000e+00    646s
  2092     -1.01610e+01      1.53100e+00      7.00000e+00    648s
  2095     -1.08250e+01      1.53100e+00      7.00000e+00    649s
  2098     -1.11950e+01      1.53100e+00      7.00000e+00    650s
  2101     -1.00140e+01      1.53100e+00      7.00000e+00    651s
  2104     -1.13900e+01      1.53100e+00      7.00000e+00    653s
  2106     -1.16410e+01      1.53100e+00      7.00000e+00    654s
  2109     -1.18130e+01      1.53100e+00      7.00000e+00    655s
  2113     -1.00840e+01      1.53100e+00      7.00000e+00    656s
  2116     -1.06300e+01      1.53100e+00      7.00000e+00    658s
  2120     -1.10990e+01      1.53100e+00      7.00000e+00    659s
  2123     -1.00870e+01      1.53100e+00      7.00000e+00    660s
  2126     -1.02280e+01      1.53100e+00      7.00000e+00    661s
  2128     -1.09270e+01      1.53100e+00      7.00000e+00    662s
  2131     -1.16820e+01      1.53100e+00      7.00000e+00    664s
  2135     -1.12340e+01      1.53100e+00      7.00000e+00    665s
  2137     -1.05870e+01      1.53100e+00      7.00000e+00    666s
  2141     -1.09460e+01      1.53100e+00      7.00000e+00    667s
  2144     -1.10370e+01      1.53100e+00      7.00000e+00    669s
  2147     -1.02270e+01      1.53100e+00      7.00000e+00    670s
  2151     -1.11240e+01      1.53100e+00      7.00000e+00    671s
  2154     -1.39120e+01      1.53100e+00      7.00000e+00    672s
  2157     -1.39680e+01      1.53100e+00      7.00000e+00    674s
  2160     -1.16730e+01      1.53100e+00      7.00000e+00    675s
  2163     -1.01670e+01      1.53100e+00      7.00000e+00    676s
  2166     -1.04150e+01      1.53100e+00      7.00000e+00    677s
  2168     -1.00320e+01      1.53100e+00      7.00000e+00    679s
  2172     -8.59500e+00      1.53100e+00      7.00000e+00    680s
  2175     -1.00770e+01      1.53100e+00      7.00000e+00    681s
  2178     -1.35460e+01      1.53100e+00      7.00000e+00    682s
  2182     -1.36340e+01      1.53100e+00      7.00000e+00    684s
  2184     -1.16770e+01      1.53100e+00      7.00000e+00    685s
  2187     -9.56500e+00      1.53100e+00      7.00000e+00    686s
  2190     -9.60500e+00      1.53100e+00      7.00000e+00    687s
  2192     -1.02570e+01      1.53100e+00      7.00000e+00    689s
  2195     -9.85400e+00      1.53100e+00      7.00000e+00    690s
  2198     -9.44600e+00      1.53100e+00      7.00000e+00    691s
  2200     -1.01470e+01      1.53100e+00      7.00000e+00    692s
  2203     -1.29830e+01      1.53100e+00      7.00000e+00    693s
  2206     -1.42950e+01      1.53100e+00      7.00000e+00    695s
  2209     -1.31290e+01      1.53100e+00      7.00000e+00    696s
  2213     -9.95100e+00      1.53100e+00      7.00000e+00    697s
  2216     -1.12550e+01      1.53100e+00      7.00000e+00    698s
  2219     -1.08720e+01      1.53100e+00      7.00000e+00    700s
  2222     -9.59300e+00      1.53100e+00      7.00000e+00    701s
  2225     -9.87300e+00      1.53100e+00      7.00000e+00    702s
  2228     -1.39950e+01      1.53100e+00      7.00000e+00    703s
  2231     -1.44710e+01      1.53100e+00      7.00000e+00    704s
  2235     -1.10980e+01      1.53100e+00      7.00000e+00    706s
  2237     -9.67500e+00      1.53100e+00      7.00000e+00    707s
  2240     -9.59300e+00      1.53100e+00      7.00000e+00    708s
  2242     -1.05370e+01      1.53100e+00      7.00000e+00    709s
  2245     -1.01560e+01      1.53100e+00      7.00000e+00    710s
  2247     -9.09600e+00      1.53100e+00      7.00000e+00    711s
  2250     -1.01540e+01      1.53100e+00      7.00000e+00    713s
  2253     -7.29600e+00      1.53100e+00      7.00000e+00    714s
  2255     -9.11000e+00      1.53100e+00      7.00000e+00    715s
  2258     -1.14570e+01      1.53100e+00      7.00000e+00    716s
  2260     -1.15640e+01      1.53100e+00      7.00000e+00    717s
  2263     -1.01600e+01      1.53100e+00      7.00000e+00    718s
  2267     -1.34790e+01      1.53100e+00      7.00000e+00    719s
  2269     -1.55470e+01      1.53100e+00      7.00000e+00    721s
  2273     -1.25270e+01      1.53100e+00      7.00000e+00    722s
  2276     -7.87000e+00      1.53100e+00      7.00000e+00    723s
  2279     -8.56400e+00      1.53100e+00      7.00000e+00    724s
  2282     -1.22330e+01      1.53100e+00      7.00000e+00    725s
  2285     -1.12920e+01      1.53100e+00      7.00000e+00    727s
  2288     -9.71300e+00      1.53100e+00      7.00000e+00    728s
  2290     -1.09280e+01      1.53100e+00      7.00000e+00    729s
  2293     -1.56730e+01      1.53100e+00      7.00000e+00    730s
  2295     -1.70480e+01      1.53100e+00      7.00000e+00    731s
  2298     -1.16930e+01      1.53100e+00      7.00000e+00    732s
  2301     -8.01500e+00      1.53100e+00      7.00000e+00    733s
  2304     -7.27700e+00      1.53100e+00      7.00000e+00    734s
  2307     -1.28760e+01      1.53100e+00      7.00000e+00    736s
  2310     -1.37150e+01      1.53100e+00      7.00000e+00    737s
  2313     -9.39400e+00      1.53100e+00      7.00000e+00    738s
  2316     -1.29310e+01      1.53100e+00      7.00000e+00    740s
  2319     -1.88070e+01      1.53100e+00      7.00000e+00    741s
  2322     -1.65190e+01      1.53100e+00      7.00000e+00    742s
  2325     -8.49500e+00      1.53100e+00      7.00000e+00    743s
  2329     -8.82500e+00      1.53100e+00      7.00000e+00    745s
  2331     -1.23000e+01      1.53100e+00      7.00000e+00    746s
  2334     -1.34980e+01      1.53100e+00      7.00000e+00    747s
  2338     -1.00050e+01      1.53100e+00      7.00000e+00    749s
  2341     -1.37740e+01      1.53100e+00      7.00000e+00    750s
  2344     -1.96200e+01      1.53100e+00      7.00000e+00    751s
  2348     -1.29190e+01      1.53100e+00      7.00000e+00    753s
  2352     -1.71480e+01      1.53100e+00      7.00000e+00    754s
  2355     -2.51510e+01      1.53100e+00      7.00000e+00    755s
  2358     -2.10370e+01      1.53100e+00      7.00000e+00    757s
  2361     -1.20600e+01      1.53100e+00      7.00000e+00    758s
  2364     -8.92200e+00      1.53100e+00      7.00000e+00    759s
  2368     -1.11890e+01      1.53100e+00      7.00000e+00    761s
  2371     -8.54900e+00      1.53100e+00      7.00000e+00    762s
  2374     -9.03800e+00      1.53100e+00      7.00000e+00    763s
  2377     -1.86620e+01      1.53100e+00      7.00000e+00    764s
  2381     -2.49070e+01      1.53100e+00      7.00000e+00    766s
  2384     -1.68960e+01      1.53100e+00      7.00000e+00    767s
  2388     -9.20500e+00      1.53100e+00      7.00000e+00    768s
  2391     -1.09600e+01      1.53100e+00      7.00000e+00    769s
  2395     -8.44800e+00      1.53100e+00      7.00000e+00    771s
  2399     -1.00530e+01      1.53100e+00      7.00000e+00    773s
  2401     -1.62440e+01      1.53100e+00      7.00000e+00    774s
  2404     -2.98050e+01      1.53100e+00      7.00000e+00    775s
  2407     -2.63520e+01      1.53100e+00      7.00000e+00    776s
  2410     -1.46210e+01      1.53100e+00      7.00000e+00    777s
  2413     -9.20700e+00      1.53100e+00      7.00000e+00    778s
  2415     -8.07700e+00      1.53100e+00      7.00000e+00    779s
  2418     -3.20000e+00      1.53100e+00      7.00000e+00    780s
  2421      1.57700e+00      1.57700e+00      7.00000e+00    782s
  2424     -7.12800e+00      1.57700e+00      7.00000e+00    783s
  2428     -2.83080e+01      1.57700e+00      7.00000e+00    784s
  2431     -2.75410e+01      1.57700e+00      7.00000e+00    785s
  2435     -1.31550e+01      1.57700e+00      7.00000e+00    787s
  2437     -9.53700e+00      1.57700e+00      7.00000e+00    788s
  2440     -8.41800e+00      1.57700e+00      7.00000e+00    789s
  2443     -2.49500e+00      1.57700e+00      7.00000e+00    790s
  2446      9.81000e-01      1.57700e+00      7.00000e+00    792s
  2449     -9.90000e+00      1.57700e+00      7.00000e+00    793s
  2452     -1.07520e+01      1.57700e+00      7.00000e+00    794s
  2455     -9.78100e+00      1.57700e+00      7.00000e+00    795s
  2458     -9.00900e+00      1.57700e+00      7.00000e+00    797s
  2460     -9.81900e+00      1.57700e+00      7.00000e+00    798s
  2463     -1.01440e+01      1.57700e+00      7.00000e+00    799s
  2466     -9.49000e+00      1.57700e+00      7.00000e+00    800s
  2468     -9.79700e+00      1.57700e+00      7.00000e+00    801s
  2470     -9.36300e+00      1.57700e+00      7.00000e+00    803s
  2473     -9.84300e+00      1.57700e+00      7.00000e+00    804s
  2475     -1.04030e+01      1.57700e+00      7.00000e+00    805s
  2477     -1.02150e+01      1.57700e+00      7.00000e+00    806s
  2480     -1.00820e+01      1.57700e+00      7.00000e+00    807s
  2482     -9.21500e+00      1.57700e+00      7.00000e+00    809s
  2485     -1.04250e+01      1.57700e+00      7.00000e+00    810s
  2487     -9.71000e+00      1.57700e+00      7.00000e+00    811s
  2490     -1.01240e+01      1.57700e+00      7.00000e+00    812s
  2493     -9.72400e+00      1.57700e+00      7.00000e+00    813s
  2495     -1.01700e+01      1.57700e+00      7.00000e+00    814s
  2499     -1.03500e+01      1.57700e+00      7.00000e+00    816s

==================================================
Summary of results QAOA
--------------------------------------------------
Avg of QAOA obj (BQO obj):    2.83
Avg of QAOA obj (penalty):    -1.25
Avg of constraint violation:  0.13

Feasible percentage (%):      88.70
Avg of pure feasible obj:     2.77

Avg of QAOA obj:              1.58
STD of QAOA obj:              3.50

Avg of QAOA obj (feasible):   2.83
STD of QAOA obj (feasible):   0.54

Gamma angles:                 6.15
Beta angles:                  2.69

Best QAOA obj:                7.00
Modified best QAOA obj:       7.00
Best QAOA obj (feasible):     7.00

QAOA total time:              815.87s
QAOA circuit depth:           26
==================================================

==================================================
Summary of results of 0-S6
--------------------------------------------------
Number of vertices:           6
Number of edges:              14

Vertex num in largest comp:   6
Edge num in largest comp:     14

Pre-processing running time:  0.00
Total solver time:            815.87
Running time:                 821.62

Upper bound:                  9.00
Objective value:              7.00

Partition 0:                  1, 4, 6             
Partition 1:                  2                   
Partition 2:                  3, 5                
==================================================
