==================================================
Instance parameters
--------------------------------------------------
Number of vertices:           6
Number of edges:              14
Number of partitions:         3

Density (%):                  93
Name of instance:             seed1_band_pen1.0
Is planar:                    False
==================================================

==================================================
Solver parameters
--------------------------------------------------
Method:                       R-QUBO
Peel:                         False
Decompose:                    False
Fold:                         False

QAOA Num Levels:              1
QAOA Scipy Optimizer:         brute
==================================================

  iter        avg-obj        best avg-obj       best-obj      time
     3     -4.27700e+00     -3.92400e+00      7.00000e+00      1s
    12     -4.00900e+00     -3.60400e+00      7.00000e+00      2s
    21     -4.06700e+00     -3.60400e+00      7.00000e+00      3s
    30     -3.64700e+00     -3.60400e+00      7.00000e+00      4s
    39     -4.09200e+00     -3.60400e+00      7.00000e+00      5s
    49     -3.86400e+00     -3.60400e+00      7.00000e+00      6s
    60     -3.46300e+00      1.25600e+00      7.00000e+00      8s
    71     -1.12690e+01      1.25600e+00      7.00000e+00      9s
    81     -2.61000e-01      1.25600e+00      7.00000e+00     10s
    91     -8.43400e+00      1.25600e+00      7.00000e+00     11s
   101     -1.38100e+00      1.25600e+00      7.00000e+00     12s
   112     -3.62300e+00      1.47200e+00      7.00000e+00     13s
   122     -1.15300e+01      1.47200e+00      7.00000e+00     14s
   132     -1.85800e+00      1.53300e+00      7.00000e+00     15s
   142     -1.39820e+01      1.53300e+00      7.00000e+00     16s
   152     -8.76000e-01      1.53300e+00      7.00000e+00     17s
   162     -3.75100e+00      1.53300e+00      7.00000e+00     18s
   172     -9.91700e+00      1.53300e+00      7.00000e+00     19s
   182     -2.43200e+00      1.53300e+00      7.00000e+00     20s
   191     -1.07080e+01      1.53300e+00      7.00000e+00     21s
   201     -3.95700e+00      1.53300e+00      7.00000e+00     23s
   211     -3.30600e+00      1.53300e+00      7.00000e+00     24s
   221     -7.39500e+00      1.53300e+00      7.00000e+00     25s
   231     -3.77100e+00      1.53300e+00      7.00000e+00     26s
   240     -6.96800e+00      1.53300e+00      7.00000e+00     27s
   249     -4.17000e+00      1.53300e+00      7.00000e+00     28s
   258     -4.80500e+00      1.53300e+00      7.00000e+00     29s
   268     -6.22900e+00      1.53300e+00      7.00000e+00     30s
   277     -5.26800e+00      1.53300e+00      7.00000e+00     31s
   287     -4.39300e+00      1.53300e+00      7.00000e+00     32s
   297     -3.78700e+00      1.53300e+00      7.00000e+00     33s
   306     -5.43100e+00      1.53300e+00      7.00000e+00     34s
   315     -4.75000e+00      1.53300e+00      7.00000e+00     35s
   325     -4.29900e+00      1.53300e+00      7.00000e+00     36s
   335     -3.76900e+00      1.53300e+00      7.00000e+00     38s
   344     -4.74300e+00      1.53300e+00      7.00000e+00     39s
   353     -4.65300e+00      1.53300e+00      7.00000e+00     40s
   362     -4.28100e+00      1.53300e+00      7.00000e+00     41s
   371     -4.20500e+00      1.53300e+00      7.00000e+00     42s
   380     -4.75200e+00      1.53300e+00      7.00000e+00     43s
   389     -4.52300e+00      1.53300e+00      7.00000e+00     44s
   398     -3.82000e+00      1.53300e+00      7.00000e+00     45s
   407     -4.64100e+00      1.53300e+00      7.00000e+00     46s
   417     -5.37300e+00      1.53300e+00      7.00000e+00     47s
   427     -4.45500e+00      1.53300e+00      7.00000e+00     48s
   437     -4.04900e+00      1.53300e+00      7.00000e+00     49s
   447     -4.19800e+00      1.53300e+00      7.00000e+00     50s
   457     -4.50900e+00      1.53300e+00      7.00000e+00     51s
   467     -4.96600e+00      1.53300e+00      7.00000e+00     52s
   477     -4.49500e+00      1.53300e+00      7.00000e+00     53s
   486     -3.89800e+00      1.53300e+00      7.00000e+00     54s
   495     -4.22800e+00      1.53300e+00      7.00000e+00     55s
   504     -4.56700e+00      1.53300e+00      7.00000e+00     56s
   513     -4.03200e+00      1.53300e+00      7.00000e+00     57s
   522     -3.89100e+00      1.53300e+00      7.00000e+00     59s
   531     -4.49800e+00      1.53300e+00      7.00000e+00     60s
   540     -4.17900e+00      1.53300e+00      7.00000e+00     61s
   549     -4.01600e+00      1.53300e+00      7.00000e+00     62s
   558     -4.12900e+00      1.53300e+00      7.00000e+00     63s
   566     -4.25800e+00      1.53300e+00      7.00000e+00     64s
   574     -4.10500e+00      1.53300e+00      7.00000e+00     65s
   583     -4.30900e+00      1.53300e+00      7.00000e+00     66s
   592     -4.45700e+00      1.53300e+00      7.00000e+00     67s
   601     -3.81900e+00      1.53300e+00      7.00000e+00     68s
   610     -3.94900e+00      1.53300e+00      7.00000e+00     69s
   619     -3.79400e+00      1.53300e+00      7.00000e+00     70s
   628     -4.05300e+00      1.53300e+00      7.00000e+00     71s
   637     -3.93700e+00      1.53300e+00      7.00000e+00     72s
   646     -3.80000e+00      1.53300e+00      7.00000e+00     73s
   655     -3.43800e+00      1.53300e+00      7.00000e+00     74s
   664     -4.25700e+00      1.53300e+00      7.00000e+00     75s
   673     -4.29600e+00      1.53300e+00      7.00000e+00     76s
   682     -3.50400e+00      1.53300e+00      7.00000e+00     78s
   691     -3.69900e+00      1.53300e+00      7.00000e+00     79s
   699     -4.62700e+00      1.53300e+00      7.00000e+00     80s
   708     -3.95100e+00      1.53300e+00      7.00000e+00     81s
   718     -3.89600e+00      1.53300e+00      7.00000e+00     82s
   727     -3.49900e+00      1.53300e+00      7.00000e+00     83s
   737     -3.99600e+00      1.53300e+00      7.00000e+00     84s
   745     -3.88800e+00      1.53300e+00      7.00000e+00     85s
   754     -4.51900e+00      1.53300e+00      7.00000e+00     86s
   763     -3.90600e+00      1.53300e+00      7.00000e+00     87s
   772     -4.27200e+00      1.53300e+00      7.00000e+00     88s
   781     -4.61500e+00      1.53300e+00      7.00000e+00     89s
   790     -4.24900e+00      1.53300e+00      7.00000e+00     90s
   800     -4.19300e+00      1.53300e+00      7.00000e+00     92s
   810     -4.53200e+00      1.53300e+00      7.00000e+00     93s
   819     -5.70100e+00      1.53300e+00      7.00000e+00     94s
   828     -4.74600e+00      1.53300e+00      7.00000e+00     95s
   837     -4.44700e+00      1.53300e+00      7.00000e+00     96s
   846     -4.53700e+00      1.53300e+00      7.00000e+00     97s
   854     -4.21500e+00      1.53300e+00      7.00000e+00     98s
   863     -3.84000e+00      1.53300e+00      7.00000e+00     99s
   872     -4.12400e+00      1.53300e+00      7.00000e+00    100s
   880     -4.66800e+00      1.53300e+00      7.00000e+00    101s
   888     -4.55000e+00      1.53300e+00      7.00000e+00    102s
   897     -4.03700e+00      1.53300e+00      7.00000e+00    103s
   905     -4.05600e+00      1.53300e+00      7.00000e+00    104s
   914     -3.66900e+00      1.53300e+00      7.00000e+00    105s
   923     -4.36500e+00      1.53300e+00      7.00000e+00    106s
   932     -3.91800e+00      1.53300e+00      7.00000e+00    107s
   941     -3.74100e+00      1.53300e+00      7.00000e+00    109s
   950     -4.28100e+00      1.53300e+00      7.00000e+00    110s
   959     -3.82400e+00      1.53300e+00      7.00000e+00    111s
   968     -3.91600e+00      1.53300e+00      7.00000e+00    112s
   977     -3.99400e+00      1.53300e+00      7.00000e+00    113s
   986     -3.88800e+00      1.53300e+00      7.00000e+00    114s
   995     -3.68900e+00      1.53300e+00      7.00000e+00    115s
  1003     -3.86000e+00      1.53300e+00      7.00000e+00    116s
  1012     -3.92100e+00      1.53300e+00      7.00000e+00    117s
  1021     -4.15100e+00      1.53300e+00      7.00000e+00    118s
  1030     -4.06500e+00      1.53300e+00      7.00000e+00    119s
  1039     -4.30200e+00      1.53300e+00      7.00000e+00    121s
  1047     -4.04500e+00      1.53300e+00      7.00000e+00    122s
  1055     -3.92500e+00      1.53300e+00      7.00000e+00    123s
  1064     -4.04400e+00      1.53300e+00      7.00000e+00    124s
  1073     -4.34400e+00      1.53300e+00      7.00000e+00    125s
  1082     -4.19800e+00      1.53300e+00      7.00000e+00    126s
  1090     -3.71700e+00      1.53300e+00      7.00000e+00    127s
  1099     -3.91200e+00      1.53300e+00      7.00000e+00    128s
  1108     -3.77900e+00      1.53300e+00      7.00000e+00    129s
  1117     -4.18600e+00      1.53300e+00      7.00000e+00    130s
  1126     -4.20000e+00      1.53300e+00      7.00000e+00    131s
  1135     -4.16900e+00      1.53300e+00      7.00000e+00    132s
  1143     -3.80000e+00      1.53300e+00      7.00000e+00    133s
  1152     -3.91400e+00      1.53300e+00      7.00000e+00    134s
  1161     -3.84000e+00      1.53300e+00      7.00000e+00    135s
  1170     -3.54700e+00      1.53300e+00      7.00000e+00    137s
  1179     -3.44500e+00      1.53300e+00      7.00000e+00    138s
  1188     -4.07600e+00      1.53300e+00      7.00000e+00    139s
  1197     -3.96800e+00      1.53300e+00      7.00000e+00    140s
  1206     -4.19500e+00      1.53300e+00      7.00000e+00    141s
  1215     -4.12100e+00      1.53300e+00      7.00000e+00    142s
  1224     -4.06400e+00      1.53300e+00      7.00000e+00    143s
  1232     -3.97100e+00      1.53300e+00      7.00000e+00    144s
  1241     -3.84800e+00      1.53300e+00      7.00000e+00    145s
  1249     -3.73100e+00      1.53300e+00      7.00000e+00    146s
  1257     -4.17900e+00      1.53300e+00      7.00000e+00    147s
  1265     -3.83800e+00      1.53300e+00      7.00000e+00    148s
  1273     -4.28100e+00      1.53300e+00      7.00000e+00    149s
  1281     -3.95200e+00      1.53300e+00      7.00000e+00    150s
  1290     -4.12800e+00      1.53300e+00      7.00000e+00    152s
  1299     -3.75100e+00      1.53300e+00      7.00000e+00    153s
  1308     -3.73600e+00      1.53300e+00      7.00000e+00    154s
  1317     -3.84000e+00      1.53300e+00      7.00000e+00    155s
  1326     -3.82400e+00      1.53300e+00      7.00000e+00    156s
  1335     -3.74700e+00      1.53300e+00      7.00000e+00    157s
  1343     -4.06000e+00      1.53300e+00      7.00000e+00    158s
  1352     -3.79100e+00      1.53300e+00      7.00000e+00    159s
  1361     -3.95900e+00      1.53300e+00      7.00000e+00    160s
  1370     -3.89700e+00      1.53300e+00      7.00000e+00    161s
  1378     -4.17400e+00      1.53300e+00      7.00000e+00    162s
  1387     -4.23600e+00      1.53300e+00      7.00000e+00    163s
  1396     -3.52500e+00      1.53300e+00      7.00000e+00    164s
  1405     -3.85700e+00      1.53300e+00      7.00000e+00    165s
  1413     -3.97300e+00      1.53300e+00      7.00000e+00    166s
  1421     -4.07600e+00      1.53300e+00      7.00000e+00    167s
  1430     -4.25900e+00      1.53300e+00      7.00000e+00    168s
  1439     -3.77400e+00      1.53300e+00      7.00000e+00    170s
  1448     -4.11700e+00      1.53300e+00      7.00000e+00    171s
  1456     -4.12800e+00      1.53300e+00      7.00000e+00    172s
  1464     -3.64800e+00      1.53300e+00      7.00000e+00    173s
  1473     -3.68400e+00      1.53300e+00      7.00000e+00    174s
  1482     -4.09300e+00      1.53300e+00      7.00000e+00    175s
  1491     -4.26200e+00      1.53300e+00      7.00000e+00    176s
  1499     -4.30300e+00      1.53300e+00      7.00000e+00    177s
  1508     -4.23100e+00      1.53300e+00      7.00000e+00    178s
  1517     -4.04900e+00      1.53300e+00      7.00000e+00    179s
  1525     -4.07700e+00      1.53300e+00      7.00000e+00    180s
  1534     -4.11100e+00      1.53300e+00      7.00000e+00    181s
  1543     -3.64600e+00      1.53300e+00      7.00000e+00    182s
  1552     -4.29600e+00      1.53300e+00      7.00000e+00    184s
  1561     -3.85700e+00      1.53300e+00      7.00000e+00    185s
  1570     -3.60000e+00      1.53300e+00      7.00000e+00    186s
  1579     -3.89800e+00      1.53300e+00      7.00000e+00    187s
  1588     -3.98400e+00      1.53300e+00      7.00000e+00    188s
  1596     -4.04800e+00      1.53300e+00      7.00000e+00    189s
  1605     -4.75500e+00      1.53300e+00      7.00000e+00    190s
  1614     -3.74900e+00      1.53300e+00      7.00000e+00    191s
  1623     -3.96900e+00      1.53300e+00      7.00000e+00    192s
  1631     -4.56100e+00      1.53300e+00      7.00000e+00    193s
  1640     -4.33500e+00      1.53300e+00      7.00000e+00    194s
  1649     -4.12000e+00      1.53300e+00      7.00000e+00    195s
  1658     -5.01400e+00      1.53300e+00      7.00000e+00    196s
  1666     -4.92400e+00      1.53300e+00      7.00000e+00    197s
  1675     -4.19300e+00      1.53300e+00      7.00000e+00    199s
  1684     -4.15800e+00      1.53300e+00      7.00000e+00    200s
  1692     -5.08300e+00      1.53300e+00      7.00000e+00    201s
  1701     -3.88700e+00      1.53300e+00      7.00000e+00    202s
  1710     -4.16400e+00      1.53300e+00      7.00000e+00    203s
  1719     -5.25900e+00      1.53300e+00      7.00000e+00    204s
  1728     -4.75200e+00      1.53300e+00      7.00000e+00    205s
  1737     -3.83900e+00      1.53300e+00      7.00000e+00    206s
  1746     -4.61200e+00      1.53300e+00      7.00000e+00    207s
  1754     -3.71400e+00      1.53300e+00      7.00000e+00    208s
  1763     -3.63800e+00      1.53300e+00      7.00000e+00    209s
  1772     -3.95300e+00      1.53300e+00      7.00000e+00    210s
  1780     -3.98100e+00      1.53300e+00      7.00000e+00    211s
  1789     -3.32900e+00      1.53300e+00      7.00000e+00    212s
  1798     -4.25100e+00      1.53300e+00      7.00000e+00    213s
  1806     -3.28900e+00      1.53300e+00      7.00000e+00    215s
  1815     -3.59300e+00      1.53300e+00      7.00000e+00    216s
  1824     -3.68300e+00      1.53300e+00      7.00000e+00    217s
  1832     -3.57100e+00      1.53300e+00      7.00000e+00    218s
  1841     -3.41000e+00      1.53300e+00      7.00000e+00    219s
  1850     -3.94400e+00      1.53300e+00      7.00000e+00    220s
  1859     -4.11700e+00      1.53300e+00      7.00000e+00    221s
  1868     -3.98100e+00      1.53300e+00      7.00000e+00    222s
  1876     -3.81300e+00      1.53300e+00      7.00000e+00    223s
  1884     -3.58100e+00      1.53300e+00      7.00000e+00    224s
  1893     -3.96000e+00      1.53300e+00      7.00000e+00    226s
  1902     -4.02800e+00      1.53300e+00      7.00000e+00    227s
  1910     -4.33400e+00      1.53300e+00      7.00000e+00    228s
  1919     -4.37600e+00      1.53300e+00      7.00000e+00    229s
  1927     -3.95400e+00      1.53300e+00      7.00000e+00    230s
  1936     -3.73300e+00      1.53300e+00      7.00000e+00    231s
  1945     -4.44100e+00      1.53300e+00      7.00000e+00    232s
  1953     -4.28000e+00      1.53300e+00      7.00000e+00    233s
  1962     -4.05800e+00      1.53300e+00      7.00000e+00    234s
  1971     -4.08200e+00      1.53300e+00      7.00000e+00    235s
  1980     -4.32100e+00      1.53300e+00      7.00000e+00    236s
  1988     -3.94200e+00      1.53300e+00      7.00000e+00    237s
  1996     -3.96900e+00      1.53300e+00      7.00000e+00    238s
  2005     -4.67500e+00      1.53300e+00      7.00000e+00    240s
  2013     -3.57500e+00      1.53300e+00      7.00000e+00    241s
  2022     -3.81300e+00      1.53300e+00      7.00000e+00    242s
  2031     -4.60300e+00      1.53300e+00      7.00000e+00    243s
  2039     -4.09500e+00      1.53300e+00      7.00000e+00    244s
  2047     -4.43300e+00      1.53300e+00      7.00000e+00    245s
  2056     -4.36300e+00      1.53300e+00      7.00000e+00    246s
  2063     -3.93100e+00      1.53300e+00      7.00000e+00    247s
  2072     -4.35500e+00      1.53300e+00      7.00000e+00    248s
  2081     -4.90700e+00      1.53300e+00      7.00000e+00    249s
  2090     -4.34800e+00      1.53300e+00      7.00000e+00    250s
  2099     -4.01200e+00      1.53300e+00      7.00000e+00    251s
  2108     -4.75400e+00      1.53300e+00      7.00000e+00    252s
  2117     -5.09800e+00      1.53300e+00      7.00000e+00    254s
  2126     -4.13700e+00      1.53300e+00      7.00000e+00    255s
  2135     -4.39900e+00      1.53300e+00      7.00000e+00    256s
  2144     -4.97500e+00      1.53300e+00      7.00000e+00    257s
  2153     -3.87400e+00      1.53300e+00      7.00000e+00    258s
  2162     -3.99000e+00      1.53300e+00      7.00000e+00    259s
  2171     -5.68400e+00      1.53300e+00      7.00000e+00    260s
  2180     -4.98700e+00      1.53300e+00      7.00000e+00    261s
  2188     -3.99500e+00      1.53300e+00      7.00000e+00    262s
  2197     -4.61600e+00      1.53300e+00      7.00000e+00    263s
  2206     -5.88600e+00      1.53300e+00      7.00000e+00    264s
  2215     -3.91900e+00      1.53300e+00      7.00000e+00    265s
  2224     -4.12400e+00      1.53300e+00      7.00000e+00    266s
  2233     -6.31600e+00      1.53300e+00      7.00000e+00    267s
  2242     -4.96300e+00      1.53300e+00      7.00000e+00    269s
  2250     -4.04100e+00      1.53300e+00      7.00000e+00    270s
  2259     -7.35500e+00      1.53300e+00      7.00000e+00    271s
  2268     -3.81700e+00      1.53300e+00      7.00000e+00    272s
  2277     -6.55200e+00      1.53300e+00      7.00000e+00    273s
  2286     -4.69600e+00      1.53300e+00      7.00000e+00    274s
  2295     -4.16000e+00      1.53300e+00      7.00000e+00    275s
  2303     -1.06740e+01      1.53300e+00      7.00000e+00    276s
  2313     -3.20100e+00      1.53300e+00      7.00000e+00    277s
  2323     -1.77500e+00      1.53300e+00      7.00000e+00    278s
  2332     -1.19220e+01      1.53300e+00      7.00000e+00    279s
  2341     -2.90000e+00      1.53300e+00      7.00000e+00    280s
  2350     -4.02100e+00      1.53300e+00      7.00000e+00    281s
  2360     -7.08200e+00      1.53300e+00      7.00000e+00    282s
  2370      1.06000e+00      1.53300e+00      7.00000e+00    283s
  2379     -1.53670e+01      1.53300e+00      7.00000e+00    284s
  2389     -3.37600e+00      1.53300e+00      7.00000e+00    285s
  2399     -4.04800e+00      1.53600e+00      7.00000e+00    286s
  2408     -8.47600e+00      1.53600e+00      7.00000e+00    288s
  2417     -1.57500e+00      1.53600e+00      7.00000e+00    289s
  2425     -4.93900e+00      1.53600e+00      7.00000e+00    290s
  2434     -6.19200e+00      1.53600e+00      7.00000e+00    291s
  2443     -1.94000e-01      1.53600e+00      7.00000e+00    292s
  2452     -3.80300e+00      1.53600e+00      7.00000e+00    293s
  2461     -4.49000e+00      1.53600e+00      7.00000e+00    294s
  2470     -4.26900e+00      1.53600e+00      7.00000e+00    295s
  2479     -4.32300e+00      1.53600e+00      7.00000e+00    296s
  2488     -4.24500e+00      1.53600e+00      7.00000e+00    297s
  2497     -4.06200e+00      1.53600e+00      7.00000e+00    298s

==================================================
Summary of results QAOA
--------------------------------------------------
Avg of QAOA obj (BQO obj):    2.85
Avg of QAOA obj (penalty):    -1.31
Avg of constraint violation:  0.27

Avg of QAOA obj:              1.54
STD of QAOA obj:              2.02
Avg of QAOA obj (feasible):   2.92
STD of QAOA obj (feasible):   0.56

Gamma angles:                 6.03
Beta angles:                  5.90

Best QAOA obj:                7.00
Modified best QAOA obj:       7.00
Best QAOA obj (feasible):     7.00

QAOA total time:              298.64s
QAOA circuit depth:           19
==================================================

==================================================
Summary of results of 0-S6
--------------------------------------------------
Number of vertices:           6
Number of edges:              14

Vertex num in largest comp:   6
Edge num in largest comp:     14

Pre-processing running time:  0.00
Total solver time:            298.39
Running time:                 300.99

Upper bound:                  9.00
Objective value:              7.00

Partition 0:                  1, 4, 6             
Partition 1:                  2                   
Partition 2:                  3, 5                
==================================================
