==================================================
Instance parameters
--------------------------------------------------
Number of vertices:           6
Number of edges:              14
Number of partitions:         3

Density (%):                  93
Name of instance:             seed1_band_pen_1.8
Is planar:                    False
==================================================

==================================================
Solver parameters
--------------------------------------------------
Method:                       QUBO
Peel:                         False
Decompose:                    False
Fold:                         False

QAOA Num Levels:              1
QAOA Scipy Optimizer:         brute
==================================================

  iter        avg-obj        best avg-obj       best-obj      time
     2     -9.15560e+00     -8.98040e+00      6.00000e+00      1s
     8     -9.36060e+00     -8.80560e+00      6.00000e+00      2s
    13     -9.33200e+00     -8.80260e+00      6.00000e+00      3s
    19     -9.61500e+00     -8.80260e+00      7.00000e+00      4s
    24     -9.57460e+00     -8.80260e+00      7.00000e+00      5s
    30     -9.11880e+00     -8.80260e+00      7.00000e+00      7s
    35     -9.33280e+00     -8.80260e+00      7.00000e+00      8s
    40     -9.43440e+00     -8.63100e+00      7.00000e+00      9s
    46     -8.70140e+00     -8.63100e+00      7.00000e+00     10s
    51     -6.19480e+00     -6.19480e+00      7.00000e+00     11s
    57     -7.20800e+00     -2.81220e+00      7.00000e+00     12s
    63     -9.12020e+00     -2.81220e+00      7.00000e+00     13s
    69     -1.89838e+01     -2.81220e+00      7.00000e+00     14s
    75     -7.83720e+00     -2.81220e+00      7.00000e+00     15s
    81     -6.55140e+00     -2.78820e+00      7.00000e+00     17s
    87     -9.12480e+00     -2.78820e+00      7.00000e+00     18s
    93     -1.79068e+01     -2.78820e+00      7.00000e+00     19s
    99     -9.60240e+00     -2.78820e+00      7.00000e+00     20s
   105     -3.79380e+00     -1.51200e+00      7.00000e+00     21s
   111     -9.28540e+00     -1.51200e+00      7.00000e+00     22s
   117     -2.01394e+01     -1.51200e+00      7.00000e+00     23s
   123     -1.61234e+01     -1.51200e+00      7.00000e+00     24s
   129     -2.76740e+00     -1.51200e+00      7.00000e+00     25s
   135     -1.05044e+01     -1.51200e+00      7.00000e+00     27s
   140     -1.44352e+01     -1.51200e+00      7.00000e+00     28s
   146     -2.27246e+01     -1.51200e+00      7.00000e+00     29s
   151     -5.97440e+00     -1.51200e+00      7.00000e+00     30s
   157     -9.33300e+00     -1.51200e+00      7.00000e+00     31s
   163     -9.31340e+00     -1.51200e+00      7.00000e+00     32s
   169     -2.43128e+01     -1.51200e+00      7.00000e+00     33s
   175     -7.33760e+00     -1.51200e+00      7.00000e+00     34s
   181     -8.68640e+00     -1.51200e+00      7.00000e+00     35s
   186     -9.06280e+00     -1.51200e+00      7.00000e+00     36s
   192     -2.12584e+01     -1.51200e+00      7.00000e+00     37s
   198     -1.32080e+01     -1.51200e+00      7.00000e+00     38s
   203     -5.72880e+00     -1.51200e+00      7.00000e+00     39s
   209     -1.09118e+01     -1.51200e+00      7.00000e+00     41s
   215     -1.26912e+01     -1.51200e+00      7.00000e+00     42s
   221     -1.83714e+01     -1.51200e+00      7.00000e+00     43s
   226     -6.56780e+00     -1.51200e+00      7.00000e+00     44s
   232     -1.07282e+01     -1.51200e+00      7.00000e+00     45s
   238     -9.94160e+00     -1.51200e+00      7.00000e+00     46s
   244     -2.00674e+01     -1.51200e+00      7.00000e+00     47s
   250     -8.95980e+00     -1.51200e+00      7.00000e+00     48s
   256     -9.76800e+00     -1.51200e+00      7.00000e+00     50s
   262     -9.12040e+00     -1.51200e+00      7.00000e+00     51s
   268     -1.41896e+01     -1.51200e+00      7.00000e+00     52s
   274     -9.72920e+00     -1.51200e+00      7.00000e+00     53s
   279     -8.42080e+00     -1.51200e+00      7.00000e+00     54s
   284     -1.02802e+01     -1.51200e+00      7.00000e+00     55s
   290     -1.09476e+01     -1.51200e+00      7.00000e+00     56s
   296     -1.31552e+01     -1.51200e+00      7.00000e+00     57s
   302     -9.42460e+00     -1.51200e+00      7.00000e+00     59s
   308     -1.04664e+01     -1.51200e+00      7.00000e+00     60s
   314     -8.80060e+00     -1.51200e+00      7.00000e+00     61s
   320     -1.02816e+01     -1.51200e+00      7.00000e+00     62s
   326     -9.01980e+00     -1.51200e+00      7.00000e+00     63s
   331     -1.05962e+01     -1.51200e+00      7.00000e+00     64s
   336     -9.08620e+00     -1.51200e+00      7.00000e+00     65s
   342     -9.83900e+00     -1.51200e+00      7.00000e+00     67s
   347     -9.59820e+00     -1.51200e+00      7.00000e+00     68s
   353     -1.06062e+01     -1.51200e+00      7.00000e+00     69s
   358     -1.13792e+01     -1.51200e+00      7.00000e+00     70s
   364     -8.91640e+00     -1.51200e+00      7.00000e+00     71s
   370     -8.94780e+00     -1.51200e+00      7.00000e+00     72s
   376     -9.44860e+00     -1.51200e+00      7.00000e+00     73s
   382     -1.16402e+01     -1.51200e+00      7.00000e+00     74s
   387     -8.93340e+00     -1.51200e+00      7.00000e+00     75s
   393     -9.06240e+00     -1.51200e+00      7.00000e+00     76s
   399     -8.79940e+00     -1.51200e+00      7.00000e+00     78s
   404     -9.32340e+00     -1.51200e+00      7.00000e+00     79s
   410     -9.98580e+00     -1.51200e+00      7.00000e+00     80s
   415     -8.46460e+00     -1.51200e+00      7.00000e+00     81s
   421     -1.02836e+01     -1.51200e+00      7.00000e+00     82s
   426     -8.93960e+00     -1.51200e+00      7.00000e+00     83s
   432     -1.14932e+01     -1.51200e+00      7.00000e+00     84s
   437     -8.82240e+00     -1.51200e+00      7.00000e+00     85s
   443     -1.00310e+01     -1.51200e+00      7.00000e+00     86s
   448     -9.46040e+00     -1.51200e+00      7.00000e+00     87s
   454     -7.04680e+00     -1.51200e+00      7.00000e+00     89s
   460     -1.09978e+01     -1.51200e+00      7.00000e+00     90s
   466     -9.17860e+00     -1.51200e+00      7.00000e+00     91s
   472     -1.25094e+01     -1.51200e+00      7.00000e+00     92s
   477     -6.83180e+00     -1.51200e+00      7.00000e+00     93s
   483     -1.08028e+01     -1.51200e+00      7.00000e+00     94s
   488     -8.27980e+00     -1.51200e+00      7.00000e+00     95s
   494     -1.24724e+01     -1.51200e+00      7.00000e+00     96s
   500     -9.22200e+00     -1.51200e+00      7.00000e+00     98s
   506     -8.44180e+00     -1.51200e+00      7.00000e+00     99s
   512     -9.52500e+00     -1.51200e+00      7.00000e+00    100s
   517     -9.86120e+00     -1.51200e+00      7.00000e+00    101s
   523     -1.15744e+01     -1.51200e+00      7.00000e+00    102s
   528     -6.76000e+00     -1.51200e+00      7.00000e+00    103s
   533     -1.05008e+01     -1.51200e+00      7.00000e+00    104s
   539     -8.14420e+00     -1.51200e+00      7.00000e+00    105s
   545     -1.28180e+01     -1.51200e+00      7.00000e+00    106s
   551     -8.28980e+00     -1.51200e+00      7.00000e+00    108s
   556     -8.35580e+00     -1.51200e+00      7.00000e+00    109s
   562     -9.38060e+00     -1.51200e+00      7.00000e+00    110s
   567     -9.01220e+00     -1.51200e+00      7.00000e+00    111s
   572     -1.14400e+01     -1.51200e+00      7.00000e+00    112s
   578     -7.51540e+00     -1.51200e+00      7.00000e+00    113s
   584     -9.89800e+00     -1.51200e+00      7.00000e+00    114s
   589     -8.65720e+00     -1.51200e+00      7.00000e+00    115s
   594     -1.15396e+01     -1.51200e+00      7.00000e+00    116s
   600     -9.36660e+00     -1.51200e+00      7.00000e+00    118s
   605     -8.96400e+00     -1.51200e+00      7.00000e+00    119s
   611     -9.23440e+00     -1.51200e+00      7.00000e+00    120s
   615     -8.66840e+00     -1.51200e+00      7.00000e+00    121s
   621     -9.64560e+00     -1.51200e+00      7.00000e+00    122s
   626     -8.74440e+00     -1.51200e+00      7.00000e+00    123s
   632     -9.64480e+00     -1.51200e+00      7.00000e+00    124s
   637     -8.89880e+00     -1.51200e+00      7.00000e+00    125s
   643     -8.96820e+00     -1.51200e+00      7.00000e+00    126s
   648     -9.76280e+00     -1.51200e+00      7.00000e+00    127s
   654     -1.00386e+01     -1.51200e+00      7.00000e+00    129s
   660     -9.80040e+00     -1.51200e+00      7.00000e+00    130s
   666     -8.26240e+00     -1.51200e+00      7.00000e+00    131s
   672     -9.28420e+00     -1.51200e+00      7.00000e+00    132s
   677     -9.53880e+00     -1.51200e+00      7.00000e+00    133s
   683     -1.02464e+01     -1.51200e+00      7.00000e+00    134s
   689     -8.92040e+00     -1.51200e+00      7.00000e+00    136s
   694     -8.23060e+00     -1.51200e+00      7.00000e+00    137s
   700     -9.00300e+00     -1.51200e+00      7.00000e+00    138s
   705     -1.03272e+01     -1.51200e+00      7.00000e+00    139s
   711     -9.17280e+00     -1.51200e+00      7.00000e+00    140s
   717     -8.01400e+00     -1.51200e+00      7.00000e+00    141s
   723     -8.98600e+00     -1.51200e+00      7.00000e+00    142s
   728     -1.00072e+01     -1.51200e+00      7.00000e+00    143s
   734     -1.00636e+01     -1.51200e+00      7.00000e+00    144s
   740     -8.31320e+00     -1.51200e+00      7.00000e+00    146s
   745     -8.43560e+00     -1.51200e+00      7.00000e+00    147s
   750     -9.18920e+00     -1.51200e+00      7.00000e+00    148s
   756     -1.03002e+01     -1.51200e+00      7.00000e+00    149s
   761     -9.47900e+00     -1.51200e+00      7.00000e+00    150s
   767     -8.14620e+00     -1.51200e+00      7.00000e+00    151s
   773     -8.89960e+00     -1.51200e+00      7.00000e+00    152s
   778     -9.94920e+00     -1.51200e+00      7.00000e+00    153s
   784     -9.80980e+00     -1.51200e+00      7.00000e+00    154s
   789     -8.70800e+00     -1.51200e+00      7.00000e+00    156s
   795     -8.61460e+00     -1.51200e+00      7.00000e+00    157s
   801     -9.48960e+00     -1.51200e+00      7.00000e+00    158s
   807     -1.01146e+01     -1.51200e+00      7.00000e+00    159s
   812     -9.16820e+00     -1.51200e+00      7.00000e+00    160s
   818     -8.37040e+00     -1.51200e+00      7.00000e+00    161s
   823     -9.06980e+00     -1.51200e+00      7.00000e+00    162s
   829     -9.62200e+00     -1.51200e+00      7.00000e+00    163s
   835     -9.66640e+00     -1.51200e+00      7.00000e+00    165s
   840     -8.59600e+00     -1.51200e+00      7.00000e+00    166s
   846     -8.47640e+00     -1.51200e+00      7.00000e+00    167s
   851     -9.75380e+00     -1.51200e+00      7.00000e+00    168s
   857     -9.20260e+00     -1.51200e+00      7.00000e+00    169s
   862     -9.32280e+00     -1.51200e+00      7.00000e+00    170s
   868     -9.23680e+00     -1.51200e+00      7.00000e+00    171s
   873     -8.99140e+00     -1.51200e+00      7.00000e+00    173s
   878     -9.17140e+00     -1.51200e+00      7.00000e+00    174s
   884     -9.41900e+00     -1.51200e+00      7.00000e+00    175s
   889     -9.08360e+00     -1.51200e+00      7.00000e+00    176s
   894     -9.12780e+00     -1.51200e+00      7.00000e+00    177s
   899     -9.20280e+00     -1.51200e+00      7.00000e+00    178s
   905     -9.31060e+00     -1.51200e+00      7.00000e+00    179s
   911     -9.20380e+00     -1.51200e+00      7.00000e+00    180s
   917     -8.91000e+00     -1.51200e+00      7.00000e+00    181s
   922     -9.35440e+00     -1.51200e+00      7.00000e+00    183s
   928     -9.45760e+00     -1.51200e+00      7.00000e+00    184s
   933     -9.49020e+00     -1.51200e+00      7.00000e+00    185s
   939     -9.11600e+00     -1.51200e+00      7.00000e+00    186s
   944     -8.78420e+00     -1.51200e+00      7.00000e+00    187s
   949     -8.98000e+00     -1.51200e+00      7.00000e+00    188s
   954     -9.16480e+00     -1.51200e+00      7.00000e+00    189s
   960     -9.16860e+00     -1.51200e+00      7.00000e+00    190s
   965     -9.55260e+00     -1.51200e+00      7.00000e+00    191s
   970     -9.25380e+00     -1.51200e+00      7.00000e+00    192s
   976     -9.30840e+00     -1.51200e+00      7.00000e+00    194s
   982     -9.20720e+00     -1.51200e+00      7.00000e+00    195s
   987     -8.96120e+00     -1.51200e+00      7.00000e+00    196s
   993     -9.28900e+00     -1.51200e+00      7.00000e+00    197s
   998     -8.97360e+00     -1.51200e+00      7.00000e+00    198s
  1003     -8.84080e+00     -1.51200e+00      7.00000e+00    199s
  1009     -9.33320e+00     -1.51200e+00      7.00000e+00    200s
  1014     -9.06600e+00     -1.51200e+00      7.00000e+00    201s
  1020     -9.27140e+00     -1.51200e+00      7.00000e+00    203s
  1026     -9.03400e+00     -1.51200e+00      7.00000e+00    204s
  1031     -9.29340e+00     -1.51200e+00      7.00000e+00    205s
  1037     -9.16760e+00     -1.51200e+00      7.00000e+00    206s
  1043     -9.18880e+00     -1.51200e+00      7.00000e+00    207s
  1049     -9.58420e+00     -1.51200e+00      7.00000e+00    208s
  1054     -8.79280e+00     -1.51200e+00      7.00000e+00    210s
  1060     -9.28440e+00     -1.51200e+00      7.00000e+00    211s
  1065     -9.14440e+00     -1.51200e+00      7.00000e+00    212s
  1071     -9.37440e+00     -1.51200e+00      7.00000e+00    213s
  1076     -9.14700e+00     -1.51200e+00      7.00000e+00    214s
  1082     -9.39460e+00     -1.51200e+00      7.00000e+00    215s
  1087     -9.24220e+00     -1.51200e+00      7.00000e+00    216s
  1092     -8.77240e+00     -1.51200e+00      7.00000e+00    217s
  1097     -8.88880e+00     -1.51200e+00      7.00000e+00    218s
  1102     -8.60640e+00     -1.51200e+00      7.00000e+00    220s
  1108     -8.95500e+00     -1.51200e+00      7.00000e+00    221s
  1113     -9.32100e+00     -1.51200e+00      7.00000e+00    222s
  1118     -9.30740e+00     -1.51200e+00      7.00000e+00    223s
  1124     -9.48540e+00     -1.51200e+00      7.00000e+00    224s
  1128     -9.28240e+00     -1.51200e+00      7.00000e+00    225s
  1134     -9.74680e+00     -1.51200e+00      7.00000e+00    226s
  1139     -9.23640e+00     -1.51200e+00      7.00000e+00    227s
  1145     -9.05780e+00     -1.51200e+00      7.00000e+00    228s
  1150     -9.27240e+00     -1.51200e+00      7.00000e+00    229s
  1156     -8.92280e+00     -1.51200e+00      7.00000e+00    230s
  1161     -9.23740e+00     -1.51200e+00      7.00000e+00    231s
  1166     -9.35860e+00     -1.51200e+00      7.00000e+00    232s
  1171     -8.96180e+00     -1.51200e+00      7.00000e+00    233s
  1176     -9.15520e+00     -1.51200e+00      7.00000e+00    234s
  1182     -9.56980e+00     -1.51200e+00      7.00000e+00    236s
  1187     -8.91200e+00     -1.51200e+00      7.00000e+00    237s
  1193     -9.20040e+00     -1.51200e+00      7.00000e+00    238s
  1199     -9.09820e+00     -1.51200e+00      7.00000e+00    239s
  1204     -9.48840e+00     -1.51200e+00      7.00000e+00    240s
  1210     -9.26800e+00     -1.51200e+00      7.00000e+00    241s
  1215     -9.64840e+00     -1.51200e+00      7.00000e+00    243s
  1221     -9.43320e+00     -1.51200e+00      7.00000e+00    244s
  1226     -9.22280e+00     -1.51200e+00      7.00000e+00    245s
  1231     -9.58540e+00     -1.51200e+00      7.00000e+00    246s
  1236     -9.07300e+00     -1.51200e+00      7.00000e+00    247s
  1242     -9.14660e+00     -1.51200e+00      7.00000e+00    248s
  1248     -9.20220e+00     -1.51200e+00      7.00000e+00    249s
  1254     -9.90400e+00     -1.51200e+00      7.00000e+00    250s
  1260     -9.55840e+00     -1.51200e+00      7.00000e+00    252s
  1266     -9.80440e+00     -1.51200e+00      7.00000e+00    253s
  1271     -1.00156e+01     -1.51200e+00      7.00000e+00    254s
  1277     -9.62420e+00     -1.51200e+00      7.00000e+00    255s
  1283     -9.80940e+00     -1.51200e+00      7.00000e+00    256s
  1289     -9.36980e+00     -1.51200e+00      7.00000e+00    257s
  1295     -9.73260e+00     -1.51200e+00      7.00000e+00    258s
  1301     -9.22780e+00     -1.51200e+00      7.00000e+00    260s
  1307     -1.04074e+01     -1.51200e+00      7.00000e+00    261s
  1313     -9.06820e+00     -1.51200e+00      7.00000e+00    262s
  1320     -1.02264e+01     -1.51200e+00      7.00000e+00    263s
  1325     -9.12480e+00     -1.51200e+00      7.00000e+00    264s
  1331     -9.82040e+00     -1.51200e+00      7.00000e+00    265s
  1337     -9.12320e+00     -1.51200e+00      7.00000e+00    266s
  1343     -1.03420e+01     -1.51200e+00      7.00000e+00    267s
  1349     -8.80160e+00     -1.51200e+00      7.00000e+00    269s
  1355     -1.01378e+01     -1.51200e+00      7.00000e+00    270s
  1361     -9.62680e+00     -1.51200e+00      7.00000e+00    271s
  1367     -1.01040e+01     -1.51200e+00      7.00000e+00    272s
  1373     -9.60280e+00     -1.51200e+00      7.00000e+00    273s
  1378     -9.91940e+00     -1.51200e+00      7.00000e+00    274s
  1385     -9.39920e+00     -1.51200e+00      7.00000e+00    275s
  1390     -9.47140e+00     -1.51200e+00      7.00000e+00    276s
  1397     -8.96100e+00     -1.51200e+00      7.00000e+00    277s
  1403     -9.95420e+00     -1.51200e+00      7.00000e+00    279s
  1408     -1.00196e+01     -1.51200e+00      7.00000e+00    280s
  1413     -9.33460e+00     -1.51200e+00      7.00000e+00    281s
  1419     -1.03278e+01     -1.51200e+00      7.00000e+00    282s
  1425     -9.40260e+00     -1.51200e+00      7.00000e+00    283s
  1431     -9.99420e+00     -1.51200e+00      7.00000e+00    284s
  1436     -9.12940e+00     -1.51200e+00      7.00000e+00    285s
  1441     -9.88680e+00     -1.51200e+00      7.00000e+00    286s
  1447     -9.29880e+00     -1.51200e+00      7.00000e+00    287s
  1452     -9.34860e+00     -1.51200e+00      7.00000e+00    289s
  1458     -9.39160e+00     -1.51200e+00      7.00000e+00    290s
  1463     -8.77800e+00     -1.51200e+00      7.00000e+00    291s
  1469     -9.78540e+00     -1.51200e+00      7.00000e+00    292s
  1474     -8.87200e+00     -1.51200e+00      7.00000e+00    293s
  1480     -9.13660e+00     -1.51200e+00      7.00000e+00    294s
  1485     -9.12440e+00     -1.51200e+00      7.00000e+00    295s
  1490     -9.20300e+00     -1.51200e+00      7.00000e+00    297s
  1496     -9.31980e+00     -1.51200e+00      7.00000e+00    298s
  1501     -9.07320e+00     -1.51200e+00      7.00000e+00    299s
  1506     -9.53880e+00     -1.51200e+00      7.00000e+00    300s
  1511     -9.49840e+00     -1.51200e+00      7.00000e+00    301s
  1517     -9.30480e+00     -1.51200e+00      7.00000e+00    302s
  1522     -9.46120e+00     -1.51200e+00      7.00000e+00    303s
  1528     -8.78100e+00     -1.51200e+00      7.00000e+00    304s
  1534     -9.13180e+00     -1.51200e+00      7.00000e+00    306s
  1538     -9.52340e+00     -1.51200e+00      7.00000e+00    307s
  1544     -8.94080e+00     -1.51200e+00      7.00000e+00    308s
  1549     -9.20460e+00     -1.51200e+00      7.00000e+00    309s
  1554     -9.29440e+00     -1.51200e+00      7.00000e+00    310s
  1559     -9.66880e+00     -1.51200e+00      7.00000e+00    311s
  1565     -9.09840e+00     -1.51200e+00      7.00000e+00    312s
  1570     -9.25900e+00     -1.51200e+00      7.00000e+00    313s
  1575     -8.88040e+00     -1.51200e+00      7.00000e+00    314s
  1580     -8.89480e+00     -1.51200e+00      7.00000e+00    315s
  1585     -9.26520e+00     -1.51200e+00      7.00000e+00    316s
  1591     -9.28660e+00     -1.51200e+00      7.00000e+00    317s
  1596     -9.37680e+00     -1.51200e+00      7.00000e+00    319s
  1601     -9.34080e+00     -1.51200e+00      7.00000e+00    320s
  1606     -9.15200e+00     -1.51200e+00      7.00000e+00    321s
  1611     -9.39080e+00     -1.51200e+00      7.00000e+00    322s
  1616     -9.26160e+00     -1.51200e+00      7.00000e+00    323s
  1621     -9.43740e+00     -1.51200e+00      7.00000e+00    324s
  1626     -9.12740e+00     -1.51200e+00      7.00000e+00    325s
  1632     -9.04600e+00     -1.51200e+00      7.00000e+00    326s
  1638     -9.32260e+00     -1.51200e+00      7.00000e+00    327s
  1643     -9.40820e+00     -1.51200e+00      7.00000e+00    329s
  1648     -9.23460e+00     -1.51200e+00      7.00000e+00    330s
  1653     -8.88040e+00     -1.51200e+00      7.00000e+00    331s
  1659     -9.30900e+00     -1.51200e+00      7.00000e+00    332s
  1664     -9.00860e+00     -1.51200e+00      7.00000e+00    333s
  1668     -9.37520e+00     -1.51200e+00      7.00000e+00    334s
  1673     -9.23920e+00     -1.51200e+00      7.00000e+00    335s
  1678     -9.16180e+00     -1.51200e+00      7.00000e+00    336s
  1683     -9.17140e+00     -1.51200e+00      7.00000e+00    337s
  1689     -9.32700e+00     -1.51200e+00      7.00000e+00    338s
  1694     -9.47320e+00     -1.51200e+00      7.00000e+00    340s
  1700     -9.08740e+00     -1.51200e+00      7.00000e+00    341s
  1705     -9.32380e+00     -1.51200e+00      7.00000e+00    342s
  1710     -8.49040e+00     -1.51200e+00      7.00000e+00    343s
  1716     -9.71540e+00     -1.51200e+00      7.00000e+00    344s
  1721     -9.07060e+00     -1.51200e+00      7.00000e+00    345s
  1726     -9.26000e+00     -1.51200e+00      7.00000e+00    347s
  1731     -9.05360e+00     -1.51200e+00      7.00000e+00    348s
  1736     -9.26820e+00     -1.51200e+00      7.00000e+00    349s
  1741     -9.33680e+00     -1.51200e+00      7.00000e+00    350s
  1746     -9.52560e+00     -1.51200e+00      7.00000e+00    351s
  1751     -9.04360e+00     -1.51200e+00      7.00000e+00    352s
  1756     -9.06380e+00     -1.51200e+00      7.00000e+00    353s
  1761     -9.39320e+00     -1.51200e+00      7.00000e+00    354s
  1766     -9.58140e+00     -1.51200e+00      7.00000e+00    355s
  1771     -9.44600e+00     -1.51200e+00      7.00000e+00    356s
  1776     -9.12400e+00     -1.51200e+00      7.00000e+00    357s
  1782     -9.18200e+00     -1.51200e+00      7.00000e+00    359s
  1787     -9.07420e+00     -1.51200e+00      7.00000e+00    360s
  1792     -9.27680e+00     -1.51200e+00      7.00000e+00    361s
  1797     -8.88820e+00     -1.51200e+00      7.00000e+00    362s
  1802     -8.84820e+00     -1.51200e+00      7.00000e+00    363s
  1807     -8.54500e+00     -1.51200e+00      7.00000e+00    364s
  1812     -9.20280e+00     -1.51200e+00      7.00000e+00    365s
  1817     -9.37480e+00     -1.51200e+00      7.00000e+00    366s
  1822     -9.57700e+00     -1.51200e+00      7.00000e+00    367s
  1827     -9.23760e+00     -1.51200e+00      7.00000e+00    369s
  1832     -8.56080e+00     -1.51200e+00      7.00000e+00    370s
  1837     -9.63600e+00     -1.51200e+00      7.00000e+00    371s
  1843     -9.83780e+00     -1.51200e+00      7.00000e+00    372s
  1848     -9.26880e+00     -1.51200e+00      7.00000e+00    373s
  1853     -8.51300e+00     -1.51200e+00      7.00000e+00    374s
  1858     -7.85020e+00     -1.51200e+00      7.00000e+00    375s
  1863     -9.67280e+00     -1.51200e+00      7.00000e+00    376s
  1868     -1.05402e+01     -1.51200e+00      7.00000e+00    377s
  1873     -1.00266e+01     -1.51200e+00      7.00000e+00    378s
  1878     -7.87540e+00     -1.51200e+00      7.00000e+00    379s
  1883     -8.12740e+00     -1.51200e+00      7.00000e+00    381s
  1889     -9.34420e+00     -1.51200e+00      7.00000e+00    382s
  1894     -1.06804e+01     -1.51200e+00      7.00000e+00    383s
  1899     -9.41960e+00     -1.51200e+00      7.00000e+00    384s
  1904     -6.69740e+00     -1.51200e+00      7.00000e+00    385s
  1909     -8.46640e+00     -1.51200e+00      7.00000e+00    386s
  1914     -9.78880e+00     -1.51200e+00      7.00000e+00    387s
  1919     -1.21784e+01     -1.51200e+00      7.00000e+00    388s
  1924     -9.77980e+00     -1.51200e+00      7.00000e+00    389s
  1929     -6.54100e+00     -1.51200e+00      7.00000e+00    390s
  1934     -8.03880e+00     -1.51200e+00      7.00000e+00    391s
  1939     -1.03658e+01     -1.51200e+00      7.00000e+00    393s
  1945     -1.22620e+01     -1.51200e+00      7.00000e+00    394s
  1950     -9.24840e+00     -1.51200e+00      7.00000e+00    395s
  1955     -6.25560e+00     -1.51200e+00      7.00000e+00    396s
  1960     -8.51020e+00     -1.51200e+00      7.00000e+00    397s
  1965     -1.14018e+01     -1.51200e+00      7.00000e+00    398s
  1970     -1.38332e+01     -1.51200e+00      7.00000e+00    399s
  1975     -8.33160e+00     -1.51200e+00      7.00000e+00    400s
  1980     -6.19180e+00     -1.51200e+00      7.00000e+00    401s
  1986     -8.68080e+00     -1.51200e+00      7.00000e+00    403s
  1991     -1.24774e+01     -1.51200e+00      7.00000e+00    404s
  1997     -1.25058e+01     -1.51200e+00      7.00000e+00    405s
  2003     -6.21920e+00     -1.51200e+00      7.00000e+00    406s
  2008     -6.77380e+00     -1.51200e+00      7.00000e+00    407s
  2013     -9.83980e+00     -1.51200e+00      7.00000e+00    408s
  2018     -1.38060e+01     -1.51200e+00      7.00000e+00    409s
  2024     -9.90900e+00     -1.51200e+00      7.00000e+00    410s
  2029     -5.94560e+00     -1.51200e+00      7.00000e+00    412s
  2035     -8.23800e+00     -1.51200e+00      7.00000e+00    413s
  2040     -1.17856e+01     -1.51200e+00      7.00000e+00    414s
  2045     -1.41272e+01     -1.51200e+00      7.00000e+00    415s
  2050     -8.55500e+00     -1.51200e+00      7.00000e+00    416s
  2055     -6.50040e+00     -1.51200e+00      7.00000e+00    417s
  2060     -7.39880e+00     -1.51200e+00      7.00000e+00    418s
  2066     -1.20456e+01     -1.51200e+00      7.00000e+00    419s
  2071     -1.24516e+01     -1.51200e+00      7.00000e+00    420s
  2076     -7.59700e+00     -1.51200e+00      7.00000e+00    422s
  2081     -6.37140e+00     -1.51200e+00      7.00000e+00    423s
  2086     -8.80660e+00     -1.51200e+00      7.00000e+00    424s
  2092     -1.33186e+01     -1.51200e+00      7.00000e+00    425s
  2097     -1.12432e+01     -1.51200e+00      7.00000e+00    426s
  2102     -9.87180e+00     -1.51200e+00      7.00000e+00    427s
  2107     -8.11460e+00     -1.51200e+00      7.00000e+00    428s
  2112     -9.17420e+00     -1.51200e+00      7.00000e+00    429s
  2117     -1.25092e+01     -1.51200e+00      7.00000e+00    430s
  2122     -8.49180e+00     -1.51200e+00      7.00000e+00    432s
  2127     -1.01256e+01     -1.51200e+00      7.00000e+00    433s
  2132     -7.39420e+00     -1.51200e+00      7.00000e+00    434s
  2137     -9.30260e+00     -1.51200e+00      7.00000e+00    435s
  2143     -1.09914e+01     -1.51200e+00      7.00000e+00    436s
  2148     -9.13620e+00     -1.51200e+00      7.00000e+00    437s
  2152     -1.43146e+01     -1.51200e+00      7.00000e+00    438s
  2158     -9.04820e+00     -1.51200e+00      7.00000e+00    439s
  2163     -1.04828e+01     -1.51200e+00      7.00000e+00    440s
  2168     -9.89500e+00     -1.51200e+00      7.00000e+00    441s
  2173     -5.96160e+00     -1.51200e+00      7.00000e+00    442s
  2179     -1.56228e+01     -1.51200e+00      7.00000e+00    444s
  2184     -7.66120e+00     -1.51200e+00      7.00000e+00    445s
  2190     -1.30618e+01     -1.51200e+00      7.00000e+00    446s
  2195     -5.91500e+00     -1.51200e+00      7.00000e+00    447s
  2200     -8.92340e+00     -1.51200e+00      7.00000e+00    448s
  2205     -2.01388e+01     -1.51200e+00      7.00000e+00    449s
  2211     -7.89780e+00     -1.51200e+00      7.00000e+00    450s
  2217     -1.25782e+01     -1.51200e+00      7.00000e+00    451s
  2223     -5.01100e+00     -1.51200e+00      7.00000e+00    453s
  2229     -2.08168e+01     -1.51200e+00      7.00000e+00    454s
  2234     -9.65540e+00     -1.51200e+00      7.00000e+00    455s
  2239     -1.25192e+01     -1.51200e+00      7.00000e+00    456s
  2245     -5.20920e+00     -1.51200e+00      7.00000e+00    457s
  2250     -9.22180e+00     -1.51200e+00      7.00000e+00    458s
  2255     -2.06330e+01     -1.51200e+00      7.00000e+00    459s
  2261     -8.99700e+00     -1.51200e+00      7.00000e+00    460s
  2267     -1.37490e+01     -1.51200e+00      7.00000e+00    461s
  2273     -6.72680e+00     -1.51200e+00      7.00000e+00    463s
  2278     -1.93016e+01     -1.51200e+00      7.00000e+00    464s
  2283     -1.30692e+01     -1.51200e+00      7.00000e+00    465s
  2289     -1.21152e+01     -1.51200e+00      7.00000e+00    466s
  2295     -7.79300e+00     -1.51200e+00      7.00000e+00    467s
  2300     -9.50500e+00     -1.51200e+00      7.00000e+00    468s
  2305     -1.57996e+01     -1.51200e+00      7.00000e+00    469s
  2310     -1.02418e+01     -1.51200e+00      7.00000e+00    470s
  2315     -1.10760e+01     -1.51200e+00      7.00000e+00    471s
  2321     -8.21960e+00     -1.51200e+00      7.00000e+00    472s
  2326     -1.23596e+01     -1.51200e+00      7.00000e+00    473s
  2332     -1.38306e+01     -1.51200e+00      7.00000e+00    475s
  2338     -9.97180e+00     -1.51200e+00      7.00000e+00    476s
  2343     -1.08660e+01     -1.51200e+00      7.00000e+00    477s
  2348     -8.35260e+00     -1.51200e+00      7.00000e+00    478s
  2354     -1.23076e+01     -1.51200e+00      7.00000e+00    479s
  2360     -1.01378e+01     -1.51200e+00      7.00000e+00    480s
  2366     -9.84780e+00     -1.51200e+00      7.00000e+00    482s
  2371     -9.10720e+00     -1.51200e+00      7.00000e+00    483s
  2376     -1.06046e+01     -1.51200e+00      7.00000e+00    484s
  2381     -1.29444e+01     -1.51200e+00      7.00000e+00    485s
  2386     -9.12780e+00     -1.51200e+00      7.00000e+00    486s
  2391     -9.68400e+00     -1.51200e+00      7.00000e+00    487s
  2396     -8.61260e+00     -1.51200e+00      7.00000e+00    488s
  2401     -1.00776e+01     -1.51200e+00      7.00000e+00    489s
  2407     -1.16700e+01     -1.51200e+00      7.00000e+00    490s
  2412     -9.27880e+00     -1.51200e+00      7.00000e+00    491s
  2418     -9.07680e+00     -1.51200e+00      7.00000e+00    492s
  2423     -8.12000e+00     -1.51200e+00      7.00000e+00    493s
  2429     -1.21664e+01     -1.51200e+00      7.00000e+00    495s
  2434     -1.00248e+01     -1.51200e+00      7.00000e+00    496s
  2439     -9.55740e+00     -1.51200e+00      7.00000e+00    497s
  2444     -8.29220e+00     -1.51200e+00      7.00000e+00    498s
  2449     -9.25500e+00     -1.51200e+00      7.00000e+00    499s
  2454     -1.26750e+01     -1.51200e+00      7.00000e+00    500s
  2459     -1.04452e+01     -1.51200e+00      7.00000e+00    501s
  2464     -9.69700e+00     -1.51200e+00      7.00000e+00    502s
  2469     -9.55440e+00     -1.51200e+00      7.00000e+00    503s
  2474     -8.89460e+00     -1.51200e+00      7.00000e+00    504s
  2480     -1.35430e+01     -1.51200e+00      7.00000e+00    506s
  2485     -9.35760e+00     -1.51200e+00      7.00000e+00    507s
  2490     -1.01156e+01     -1.51200e+00      7.00000e+00    508s
  2495     -8.63260e+00     -1.51200e+00      7.00000e+00    509s

==================================================
Summary of results QAOA
--------------------------------------------------
Avg of QAOA obj (BQO obj):    2.50
Avg of QAOA obj (penalty):    -4.01
Avg of constraint violation:  1.73

Avg of QAOA obj:              -1.51
STD of QAOA obj:              2.34
Avg of QAOA obj (feasible):   3.60
STD of QAOA obj (feasible):   0.54

Gamma angles:                 0.26
Beta angles:                  0.38

Best QAOA obj:                7.00
Modified best QAOA obj:       7.00
Best QAOA obj (feasible):     7.00

QAOA total time:              509.69s
QAOA circuit depth:           15
==================================================

==================================================
Summary of results of 0-S6
--------------------------------------------------
Number of vertices:           6
Number of edges:              14

Vertex num in largest comp:   6
Edge num in largest comp:     14

Pre-processing running time:  0.00
Total solver time:            508.78
Running time:                 512.84

Upper bound:                  9.00
Objective value:              7.00

Partition 0:                  1, 4, 6             
Partition 1:                  3, 5                
Partition 2:                  2                   
==================================================
