==================================================
Instance parameters
--------------------------------------------------
Number of vertices:           7
Number of edges:              18
Number of partitions:         3

Density (%):                  86
Name of instance:             seed1_band_pen_3.0_noise0.0
Is planar:                    False
==================================================

==================================================
Solver parameters
--------------------------------------------------
Method:                       QUBO
Peel:                         False
Decompose:                    False
Fold:                         False

Penalty Multiplier:           3.0
Gates Error Probability:      0.0
QAOA Num Levels:              1
QAOA Scipy Optimizer:         brute
==================================================

  iter        avg-obj        best avg-obj       best-obj      time
     1     -2.56090e+01     -2.48800e+01      5.00000e+00      1s
     4     -2.55390e+01     -2.48800e+01      8.00000e+00      2s
     7     -2.57475e+01     -2.48800e+01      8.00000e+00      3s
    11     -2.52130e+01     -2.48595e+01      8.00000e+00      4s
    15     -2.60120e+01     -2.48595e+01      8.00000e+00      5s
    18     -2.50425e+01     -2.48595e+01      8.00000e+00      6s
    22     -2.57240e+01     -2.48565e+01      8.00000e+00      7s
    25     -2.60235e+01     -2.48095e+01      8.00000e+00      8s
    29     -2.48755e+01     -2.48095e+01      8.00000e+00     10s
    33     -2.55725e+01     -2.44220e+01      8.00000e+00     11s
    37     -2.44450e+01     -2.44220e+01      8.00000e+00     12s
    41     -2.58415e+01     -2.44220e+01      8.00000e+00     13s
    45     -2.55355e+01     -2.44220e+01      8.00000e+00     14s
    49     -2.62730e+01     -2.44220e+01      8.00000e+00     15s
    53     -7.89600e+00     -7.89600e+00      8.00000e+00     16s
    57     -2.82455e+01     -7.89600e+00      8.00000e+00     17s
    61     -2.93385e+01     -7.89600e+00      8.00000e+00     18s
    65     -3.13195e+01     -7.89600e+00      8.00000e+00     20s
    69     -6.38930e+01     -7.89600e+00      8.00000e+00     21s
    73     -4.40685e+01     -7.89600e+00      8.00000e+00     22s
    77     -8.10050e+00     -7.89600e+00      8.00000e+00     23s
    81     -2.62630e+01     -7.89600e+00      8.00000e+00     24s
    85     -2.98870e+01     -7.89600e+00      8.00000e+00     26s
    89     -2.81965e+01     -7.89600e+00      8.00000e+00     27s
    93     -6.12575e+01     -7.89600e+00      8.00000e+00     28s
    97     -4.93960e+01     -7.89600e+00      8.00000e+00     29s
   101     -2.19685e+01     -7.89600e+00      8.00000e+00     30s
   104     -2.07500e+01     -7.89600e+00      8.00000e+00     31s
   108     -2.82970e+01     -7.89600e+00      8.00000e+00     32s
   111     -2.62200e+01     -7.89600e+00      8.00000e+00     33s
   115     -3.36725e+01     -7.89600e+00      8.00000e+00     34s
   119     -5.12555e+01     -7.89600e+00      8.00000e+00     35s
   123     -3.54765e+01     -7.89600e+00      8.00000e+00     36s
   127     -1.87930e+01     -7.89600e+00      8.00000e+00     37s
   131     -2.65925e+01     -7.89600e+00      8.00000e+00     38s
   135     -2.73855e+01     -7.89600e+00      8.00000e+00     40s
   139     -3.10505e+01     -7.89600e+00      8.00000e+00     41s
   143     -5.01805e+01     -7.89600e+00      8.00000e+00     42s
   147     -3.91895e+01     -7.89600e+00      8.00000e+00     43s
   151     -2.34110e+01     -7.89600e+00      8.00000e+00     44s
   155     -2.51420e+01     -7.89600e+00      8.00000e+00     45s
   159     -2.67595e+01     -7.89600e+00      8.00000e+00     47s
   163     -2.73265e+01     -7.89600e+00      8.00000e+00     48s
   167     -4.02075e+01     -7.89600e+00      8.00000e+00     49s
   171     -3.95670e+01     -7.89600e+00      8.00000e+00     50s
   175     -2.34905e+01     -7.89600e+00      8.00000e+00     51s
   179     -2.47240e+01     -7.89600e+00      8.00000e+00     53s
   183     -2.74975e+01     -7.89600e+00      8.00000e+00     54s
   187     -2.65290e+01     -7.89600e+00      8.00000e+00     55s
   191     -3.85365e+01     -7.89600e+00      8.00000e+00     56s
   195     -4.30175e+01     -7.89600e+00      8.00000e+00     57s
   199     -2.57710e+01     -7.89600e+00      8.00000e+00     58s
   203     -2.67810e+01     -7.89600e+00      8.00000e+00     60s
   207     -3.75585e+01     -7.89600e+00      8.00000e+00     61s
   212     -2.65395e+01     -7.89600e+00      8.00000e+00     62s
   216     -3.01570e+01     -7.89600e+00      8.00000e+00     63s
   220     -3.77740e+01     -7.89600e+00      8.00000e+00     64s
   224     -2.65945e+01     -7.89600e+00      8.00000e+00     65s
   228     -2.88025e+01     -7.89600e+00      8.00000e+00     66s
   231     -3.76655e+01     -7.89600e+00      8.00000e+00     67s
   235     -3.02575e+01     -7.89600e+00      8.00000e+00     68s
   239     -2.58710e+01     -7.89600e+00      8.00000e+00     69s
   243     -3.68965e+01     -7.89600e+00      8.00000e+00     70s
   247     -3.07660e+01     -7.89600e+00      8.00000e+00     72s
   251     -2.38905e+01     -7.89600e+00      8.00000e+00     73s
   255     -3.55360e+01     -7.89600e+00      8.00000e+00     74s
   260     -3.90000e+01     -7.89600e+00      8.00000e+00     75s
   264     -1.97625e+01     -7.89600e+00      8.00000e+00     77s
   268     -3.21300e+01     -7.89600e+00      8.00000e+00     78s
   272     -3.52070e+01     -7.89600e+00      8.00000e+00     79s
   276     -2.31160e+01     -7.89600e+00      8.00000e+00     80s
   280     -3.83125e+01     -7.89600e+00      8.00000e+00     81s
   284     -4.18530e+01     -7.89600e+00      8.00000e+00     82s
   288     -1.97250e+01     -7.89600e+00      8.00000e+00     83s
   291     -2.46320e+01     -7.89600e+00      8.00000e+00     84s
   296     -3.71240e+01     -7.89600e+00      8.00000e+00     85s
   300     -2.52595e+01     -7.89600e+00      8.00000e+00     86s
   304     -3.38920e+01     -7.89600e+00      8.00000e+00     87s
   308     -4.72585e+01     -7.89600e+00      8.00000e+00     89s
   312     -2.62725e+01     -7.89600e+00      8.00000e+00     90s
   316     -1.77030e+01     -7.89600e+00      8.00000e+00     91s
   320     -2.97320e+01     -7.89600e+00      8.00000e+00     92s
   324     -2.68265e+01     -7.89600e+00      8.00000e+00     94s
   328     -3.13610e+01     -7.89600e+00      8.00000e+00     95s
   332     -4.80220e+01     -7.89600e+00      8.00000e+00     96s
   336     -2.91635e+01     -7.89600e+00      8.00000e+00     97s
   340     -1.65430e+01     -7.89600e+00      8.00000e+00     98s
   343     -2.57660e+01     -7.89600e+00      8.00000e+00     99s
   347     -2.84375e+01     -7.89600e+00      8.00000e+00    100s
   351     -2.74535e+01     -7.89600e+00      8.00000e+00    101s
   355     -4.13980e+01     -7.89600e+00      8.00000e+00    103s
   359     -4.17545e+01     -7.89600e+00      8.00000e+00    104s
   363     -2.22970e+01     -7.89600e+00      8.00000e+00    105s
   367     -1.94560e+01     -7.89600e+00      8.00000e+00    106s
   371     -2.50955e+01     -7.89600e+00      8.00000e+00    107s
   375     -2.60605e+01     -7.89600e+00      8.00000e+00    108s
   379     -4.04685e+01     -7.89600e+00      8.00000e+00    109s
   383     -4.20965e+01     -7.89600e+00      8.00000e+00    111s
   387     -2.42610e+01     -7.89600e+00      8.00000e+00    112s
   391     -1.88955e+01     -7.89600e+00      8.00000e+00    113s
   395     -2.36590e+01     -7.89600e+00      8.00000e+00    114s
   398     -2.45240e+01     -7.89600e+00      8.00000e+00    115s
   402     -2.85320e+01     -7.89600e+00      8.00000e+00    116s
   406     -3.76775e+01     -7.89600e+00      8.00000e+00    117s
   410     -3.27860e+01     -7.89600e+00      8.00000e+00    119s
   414     -2.14100e+01     -7.89600e+00      8.00000e+00    120s
   418     -2.05925e+01     -7.89600e+00      8.00000e+00    121s
   422     -2.38195e+01     -7.89600e+00      8.00000e+00    122s
   426     -2.75255e+01     -7.89600e+00      8.00000e+00    124s
   430     -3.69185e+01     -7.89600e+00      8.00000e+00    125s
   434     -3.30475e+01     -7.89600e+00      8.00000e+00    126s
   438     -2.22110e+01     -7.89600e+00      8.00000e+00    127s
   441     -2.09225e+01     -7.89600e+00      8.00000e+00    128s
   445     -2.35710e+01     -7.89600e+00      8.00000e+00    129s
   449     -2.56870e+01     -7.89600e+00      8.00000e+00    130s
   453     -3.14065e+01     -7.89600e+00      8.00000e+00    131s
   457     -3.42090e+01     -7.89600e+00      8.00000e+00    132s
   461     -2.63655e+01     -7.89600e+00      8.00000e+00    133s
   464     -2.43760e+01     -7.89600e+00      8.00000e+00    134s
   470     -2.38635e+01     -7.89600e+00      8.00000e+00    136s
   474     -2.42765e+01     -7.89600e+00      8.00000e+00    137s
   477     -3.09030e+01     -7.89600e+00      8.00000e+00    138s
   481     -3.46440e+01     -7.89600e+00      8.00000e+00    139s
   485     -2.78310e+01     -7.89600e+00      8.00000e+00    140s
   489     -2.49515e+01     -7.89600e+00      8.00000e+00    141s
   493     -2.47365e+01     -7.89600e+00      8.00000e+00    142s
   497     -2.29390e+01     -7.89600e+00      8.00000e+00    143s
   502     -2.73285e+01     -7.89600e+00      8.00000e+00    145s
   506     -3.00535e+01     -7.89600e+00      8.00000e+00    146s
   510     -2.61510e+01     -7.89600e+00      8.00000e+00    147s
   514     -2.65090e+01     -7.89600e+00      8.00000e+00    148s
   518     -2.62865e+01     -7.89600e+00      8.00000e+00    149s
   522     -2.38540e+01     -7.89600e+00      8.00000e+00    150s
   525     -2.64325e+01     -7.89600e+00      8.00000e+00    151s
   529     -2.98900e+01     -7.89600e+00      8.00000e+00    152s
   533     -2.79005e+01     -7.89600e+00      8.00000e+00    154s
   537     -2.54310e+01     -7.89600e+00      8.00000e+00    155s
   541     -2.66460e+01     -7.89600e+00      8.00000e+00    156s
   546     -2.34710e+01     -7.89600e+00      8.00000e+00    157s
   550     -2.52635e+01     -7.89600e+00      8.00000e+00    158s
   554     -2.64965e+01     -7.89600e+00      8.00000e+00    159s
   558     -2.67480e+01     -7.89600e+00      8.00000e+00    160s
   561     -2.52955e+01     -7.89600e+00      8.00000e+00    161s
   565     -2.58580e+01     -7.89600e+00      8.00000e+00    162s
   569     -2.63065e+01     -7.89600e+00      8.00000e+00    164s
   573     -2.52300e+01     -7.89600e+00      8.00000e+00    165s
   578     -2.63490e+01     -7.89600e+00      8.00000e+00    166s
   582     -2.60895e+01     -7.89600e+00      8.00000e+00    167s
   586     -2.57270e+01     -7.89600e+00      8.00000e+00    168s
   590     -2.64755e+01     -7.89600e+00      8.00000e+00    169s
   594     -2.60775e+01     -7.89600e+00      8.00000e+00    171s
   598     -2.61720e+01     -7.89600e+00      8.00000e+00    172s
   602     -2.42470e+01     -7.89600e+00      8.00000e+00    173s
   606     -2.48880e+01     -7.89600e+00      8.00000e+00    174s
   610     -2.54480e+01     -7.89600e+00      8.00000e+00    175s
   614     -2.55695e+01     -7.89600e+00      8.00000e+00    176s
   618     -2.81125e+01     -7.89600e+00      8.00000e+00    177s
   621     -2.85345e+01     -7.89600e+00      8.00000e+00    178s
   624     -2.67935e+01     -7.89600e+00      8.00000e+00    179s
   628     -2.45390e+01     -7.89600e+00      8.00000e+00    180s
   632     -2.47950e+01     -7.89600e+00      8.00000e+00    182s
   636     -2.63725e+01     -7.89600e+00      8.00000e+00    183s
   640     -2.65980e+01     -7.89600e+00      8.00000e+00    184s
   644     -2.84040e+01     -7.89600e+00      8.00000e+00    185s
   648     -2.60720e+01     -7.89600e+00      8.00000e+00    186s
   653     -2.61710e+01     -7.89600e+00      8.00000e+00    187s
   657     -2.43470e+01     -7.89600e+00      8.00000e+00    188s
   661     -2.46060e+01     -7.89600e+00      8.00000e+00    190s
   665     -2.81635e+01     -7.89600e+00      8.00000e+00    191s
   669     -2.64150e+01     -7.89600e+00      8.00000e+00    192s
   673     -2.50385e+01     -7.89600e+00      8.00000e+00    193s
   677     -2.63260e+01     -7.89600e+00      8.00000e+00    194s
   681     -2.48600e+01     -7.89600e+00      8.00000e+00    195s
   685     -2.47745e+01     -7.89600e+00      8.00000e+00    197s
   689     -2.63445e+01     -7.89600e+00      8.00000e+00    198s
   693     -2.70465e+01     -7.89600e+00      8.00000e+00    199s
   697     -2.52605e+01     -7.89600e+00      8.00000e+00    200s
   701     -2.65110e+01     -7.89600e+00      8.00000e+00    202s
   705     -2.54725e+01     -7.89600e+00      8.00000e+00    203s
   708     -2.44410e+01     -7.89600e+00      8.00000e+00    204s
   712     -2.49580e+01     -7.89600e+00      8.00000e+00    205s
   715     -2.81220e+01     -7.89600e+00      8.00000e+00    206s
   719     -2.53275e+01     -7.89600e+00      8.00000e+00    207s
   723     -2.45585e+01     -7.89600e+00      8.00000e+00    208s
   727     -2.55420e+01     -7.89600e+00      8.00000e+00    209s
   731     -2.40245e+01     -7.89600e+00      8.00000e+00    210s
   735     -2.50100e+01     -7.89600e+00      8.00000e+00    211s
   739     -2.64745e+01     -7.89600e+00      8.00000e+00    213s
   742     -2.68205e+01     -7.89600e+00      8.00000e+00    214s
   746     -2.51315e+01     -7.89600e+00      8.00000e+00    215s
   749     -2.55920e+01     -7.89600e+00      8.00000e+00    216s
   753     -2.40145e+01     -7.89600e+00      8.00000e+00    217s
   757     -2.35105e+01     -7.89600e+00      8.00000e+00    218s
   761     -2.50225e+01     -7.89600e+00      8.00000e+00    220s
   765     -2.64935e+01     -7.89600e+00      8.00000e+00    221s
   769     -2.69495e+01     -7.89600e+00      8.00000e+00    222s
   772     -2.66475e+01     -7.89600e+00      8.00000e+00    223s
   776     -2.55650e+01     -7.89600e+00      8.00000e+00    224s
   780     -2.41810e+01     -7.89600e+00      8.00000e+00    225s
   784     -2.53685e+01     -7.89600e+00      8.00000e+00    226s
   788     -2.59590e+01     -7.89600e+00      8.00000e+00    227s
   792     -2.69510e+01     -7.89600e+00      8.00000e+00    228s
   796     -2.56385e+01     -7.89600e+00      8.00000e+00    229s
   800     -2.59825e+01     -7.89600e+00      8.00000e+00    230s
   804     -2.49385e+01     -7.89600e+00      8.00000e+00    231s
   808     -2.43745e+01     -7.89600e+00      8.00000e+00    233s
   812     -2.57080e+01     -7.89600e+00      8.00000e+00    234s
   816     -2.59970e+01     -7.89600e+00      8.00000e+00    235s
   820     -2.62605e+01     -7.89600e+00      8.00000e+00    236s
   824     -2.55175e+01     -7.89600e+00      8.00000e+00    237s
   828     -2.54220e+01     -7.89600e+00      8.00000e+00    238s
   831     -2.37355e+01     -7.89600e+00      8.00000e+00    239s
   835     -2.50430e+01     -7.89600e+00      8.00000e+00    240s
   839     -2.64235e+01     -7.89600e+00      8.00000e+00    241s
   843     -2.69340e+01     -7.89600e+00      8.00000e+00    243s
   847     -2.58555e+01     -7.89600e+00      8.00000e+00    244s
   851     -2.55430e+01     -7.89600e+00      8.00000e+00    245s
   855     -2.54865e+01     -7.89600e+00      8.00000e+00    246s
   859     -2.47410e+01     -7.89600e+00      8.00000e+00    247s
   863     -2.59255e+01     -7.89600e+00      8.00000e+00    248s
   867     -2.57170e+01     -7.89600e+00      8.00000e+00    249s
   871     -2.61795e+01     -7.89600e+00      8.00000e+00    251s
   875     -2.57200e+01     -7.89600e+00      8.00000e+00    252s
   879     -2.43440e+01     -7.89600e+00      8.00000e+00    253s
   883     -2.58345e+01     -7.89600e+00      8.00000e+00    254s
   886     -2.49735e+01     -7.89600e+00      8.00000e+00    255s
   890     -2.60125e+01     -7.89600e+00      8.00000e+00    256s
   894     -2.52915e+01     -7.89600e+00      8.00000e+00    257s
   898     -2.53395e+01     -7.89600e+00      8.00000e+00    258s
   901     -2.54860e+01     -7.89600e+00      8.00000e+00    259s
   904     -2.56360e+01     -7.89600e+00      8.00000e+00    260s
   908     -2.56865e+01     -7.89600e+00      8.00000e+00    261s
   912     -2.53870e+01     -7.89600e+00      8.00000e+00    262s
   916     -2.57830e+01     -7.89600e+00      8.00000e+00    263s
   920     -2.54510e+01     -7.89600e+00      8.00000e+00    264s
   924     -2.48125e+01     -7.89600e+00      8.00000e+00    266s
   928     -2.61960e+01     -7.89600e+00      8.00000e+00    267s
   932     -2.52125e+01     -7.89600e+00      8.00000e+00    268s
   936     -2.52350e+01     -7.89600e+00      8.00000e+00    269s
   940     -2.56475e+01     -7.89600e+00      8.00000e+00    271s
   944     -2.57035e+01     -7.89600e+00      8.00000e+00    272s
   949     -2.49450e+01     -7.89600e+00      8.00000e+00    273s
   953     -2.57620e+01     -7.89600e+00      8.00000e+00    274s
   957     -2.56355e+01     -7.89600e+00      8.00000e+00    275s
   961     -2.54860e+01     -7.89600e+00      8.00000e+00    276s
   966     -2.57775e+01     -7.89600e+00      8.00000e+00    277s
   970     -2.49180e+01     -7.89600e+00      8.00000e+00    278s
   974     -2.53410e+01     -7.89600e+00      8.00000e+00    279s
   978     -2.54170e+01     -7.89600e+00      8.00000e+00    281s
   982     -2.47735e+01     -7.89600e+00      8.00000e+00    282s
   986     -2.54005e+01     -7.89600e+00      8.00000e+00    283s
   990     -2.61365e+01     -7.89600e+00      8.00000e+00    284s
   994     -2.50970e+01     -7.89600e+00      8.00000e+00    285s
   998     -2.55745e+01     -7.89600e+00      8.00000e+00    286s
  1002     -2.51735e+01     -7.89600e+00      8.00000e+00    287s
  1006     -2.53780e+01     -7.89600e+00      8.00000e+00    288s
  1010     -2.52275e+01     -7.89600e+00      8.00000e+00    289s
  1014     -2.50625e+01     -7.89600e+00      8.00000e+00    291s
  1019     -2.55595e+01     -7.89600e+00      8.00000e+00    292s
  1023     -2.54700e+01     -7.89600e+00      8.00000e+00    293s
  1027     -2.53560e+01     -7.89600e+00      8.00000e+00    294s
  1031     -2.58105e+01     -7.89600e+00      8.00000e+00    295s
  1035     -2.52950e+01     -7.89600e+00      8.00000e+00    296s
  1040     -2.61270e+01     -7.89600e+00      8.00000e+00    297s
  1044     -2.59075e+01     -7.89600e+00      8.00000e+00    299s
  1048     -2.48315e+01     -7.89600e+00      8.00000e+00    300s
  1052     -2.51755e+01     -7.89600e+00      8.00000e+00    301s
  1056     -2.58615e+01     -7.89600e+00      8.00000e+00    302s
  1060     -2.56010e+01     -7.89600e+00      8.00000e+00    303s
  1064     -2.61310e+01     -7.89600e+00      8.00000e+00    304s
  1068     -2.69260e+01     -7.89600e+00      8.00000e+00    305s
  1072     -2.54935e+01     -7.89600e+00      8.00000e+00    306s
  1076     -2.52590e+01     -7.89600e+00      8.00000e+00    307s
  1080     -2.51000e+01     -7.89600e+00      8.00000e+00    309s
  1084     -2.51035e+01     -7.89600e+00      8.00000e+00    310s
  1088     -2.54505e+01     -7.89600e+00      8.00000e+00    311s
  1091     -2.52175e+01     -7.89600e+00      8.00000e+00    312s
  1095     -2.49775e+01     -7.89600e+00      8.00000e+00    313s
  1099     -2.52410e+01     -7.89600e+00      8.00000e+00    314s
  1103     -2.48055e+01     -7.89600e+00      8.00000e+00    315s
  1107     -2.52410e+01     -7.89600e+00      8.00000e+00    317s
  1110     -2.55495e+01     -7.89600e+00      8.00000e+00    318s
  1114     -2.55140e+01     -7.89600e+00      8.00000e+00    319s
  1118     -2.56280e+01     -7.89600e+00      8.00000e+00    320s
  1122     -2.48010e+01     -7.89600e+00      8.00000e+00    321s
  1125     -2.62760e+01     -7.89600e+00      8.00000e+00    322s
  1129     -2.58955e+01     -7.89600e+00      8.00000e+00    323s
  1133     -2.44105e+01     -7.89600e+00      8.00000e+00    324s
  1137     -2.48570e+01     -7.89600e+00      8.00000e+00    325s
  1141     -2.59565e+01     -7.89600e+00      8.00000e+00    326s
  1145     -2.47760e+01     -7.89600e+00      8.00000e+00    328s
  1148     -2.60770e+01     -7.89600e+00      8.00000e+00    329s
  1151     -2.58725e+01     -7.89600e+00      8.00000e+00    330s
  1154     -2.57005e+01     -7.89600e+00      8.00000e+00    331s
  1158     -2.60055e+01     -7.89600e+00      8.00000e+00    332s
  1162     -2.60325e+01     -7.89600e+00      8.00000e+00    333s
  1166     -2.49365e+01     -7.89600e+00      8.00000e+00    334s
  1170     -2.65065e+01     -7.89600e+00      8.00000e+00    335s
  1174     -2.52130e+01     -7.89600e+00      8.00000e+00    336s
  1177     -2.55390e+01     -7.89600e+00      8.00000e+00    337s
  1181     -2.51095e+01     -7.89600e+00      8.00000e+00    338s
  1185     -2.52960e+01     -7.89600e+00      8.00000e+00    339s
  1189     -2.54045e+01     -7.89600e+00      8.00000e+00    340s
  1193     -2.63235e+01     -7.89600e+00      8.00000e+00    341s
  1197     -2.51575e+01     -7.89600e+00      8.00000e+00    342s
  1201     -2.48115e+01     -7.89600e+00      8.00000e+00    344s
  1205     -2.59430e+01     -7.89600e+00      8.00000e+00    345s
  1209     -2.48415e+01     -7.89600e+00      8.00000e+00    346s
  1213     -2.59805e+01     -7.89600e+00      8.00000e+00    347s
  1217     -2.51165e+01     -7.89600e+00      8.00000e+00    348s
  1221     -2.68640e+01     -7.89600e+00      8.00000e+00    349s
  1225     -2.56225e+01     -7.89600e+00      8.00000e+00    350s
  1229     -2.57745e+01     -7.89600e+00      8.00000e+00    352s
  1233     -2.49995e+01     -7.89600e+00      8.00000e+00    353s
  1238     -2.57990e+01     -7.89600e+00      8.00000e+00    354s
  1242     -2.52245e+01     -7.89600e+00      8.00000e+00    355s
  1246     -2.52265e+01     -7.89600e+00      8.00000e+00    356s
  1250     -2.50830e+01     -7.89600e+00      8.00000e+00    357s
  1254     -2.57420e+01     -7.89600e+00      8.00000e+00    358s
  1258     -2.49050e+01     -7.89600e+00      8.00000e+00    359s
  1262     -2.50555e+01     -7.89600e+00      8.00000e+00    360s
  1265     -2.56170e+01     -7.89600e+00      8.00000e+00    362s
  1268     -2.54235e+01     -7.89600e+00      8.00000e+00    363s
  1272     -2.53455e+01     -7.89600e+00      8.00000e+00    364s
  1276     -2.62645e+01     -7.89600e+00      8.00000e+00    365s
  1280     -2.49520e+01     -7.89600e+00      8.00000e+00    366s
  1284     -2.51745e+01     -7.89600e+00      8.00000e+00    367s
  1289     -2.49760e+01     -7.89600e+00      8.00000e+00    368s
  1293     -2.50805e+01     -7.89600e+00      8.00000e+00    369s
  1298     -2.54225e+01     -7.89600e+00      8.00000e+00    371s
  1303     -2.56825e+01     -7.89600e+00      8.00000e+00    372s
  1308     -2.53835e+01     -7.89600e+00      8.00000e+00    373s
  1312     -2.52765e+01     -7.89600e+00      8.00000e+00    374s
  1316     -2.52090e+01     -7.89600e+00      8.00000e+00    375s
  1320     -2.56465e+01     -7.89600e+00      8.00000e+00    376s
  1324     -2.60480e+01     -7.89600e+00      8.00000e+00    377s
  1327     -2.57630e+01     -7.89600e+00      8.00000e+00    378s
  1331     -2.54190e+01     -7.89600e+00      8.00000e+00    379s
  1335     -2.61525e+01     -7.89600e+00      8.00000e+00    381s
  1339     -2.63090e+01     -7.89600e+00      8.00000e+00    382s
  1343     -2.55650e+01     -7.89600e+00      8.00000e+00    383s
  1347     -2.50580e+01     -7.89600e+00      8.00000e+00    384s
  1351     -2.56335e+01     -7.89600e+00      8.00000e+00    385s
  1355     -2.51870e+01     -7.89600e+00      8.00000e+00    386s
  1358     -2.48230e+01     -7.89600e+00      8.00000e+00    387s
  1362     -2.50750e+01     -7.89600e+00      8.00000e+00    388s
  1366     -2.55985e+01     -7.89600e+00      8.00000e+00    389s
  1370     -2.53320e+01     -7.89600e+00      8.00000e+00    390s
  1374     -2.50305e+01     -7.89600e+00      8.00000e+00    392s
  1378     -2.53845e+01     -7.89600e+00      8.00000e+00    393s
  1382     -2.53550e+01     -7.89600e+00      8.00000e+00    394s
  1386     -2.54915e+01     -7.89600e+00      8.00000e+00    395s
  1390     -2.46115e+01     -7.89600e+00      8.00000e+00    397s
  1394     -2.54400e+01     -7.89600e+00      8.00000e+00    398s
  1397     -2.55350e+01     -7.89600e+00      8.00000e+00    399s
  1401     -2.53860e+01     -7.89600e+00      8.00000e+00    400s
  1405     -2.52885e+01     -7.89600e+00      8.00000e+00    401s
  1409     -2.50825e+01     -7.89600e+00      8.00000e+00    402s
  1413     -2.51105e+01     -7.89600e+00      8.00000e+00    403s
  1417     -2.59160e+01     -7.89600e+00      8.00000e+00    404s
  1421     -2.55780e+01     -7.89600e+00      8.00000e+00    406s
  1425     -2.50550e+01     -7.89600e+00      8.00000e+00    407s
  1430     -2.52020e+01     -7.89600e+00      8.00000e+00    408s
  1434     -2.62015e+01     -7.89600e+00      8.00000e+00    409s
  1438     -2.59695e+01     -7.89600e+00      8.00000e+00    410s
  1441     -2.67055e+01     -7.89600e+00      8.00000e+00    411s
  1445     -2.60430e+01     -7.89600e+00      8.00000e+00    413s
  1449     -2.55525e+01     -7.89600e+00      8.00000e+00    414s
  1452     -2.53170e+01     -7.89600e+00      8.00000e+00    415s
  1455     -2.51235e+01     -7.89600e+00      8.00000e+00    416s
  1459     -2.61810e+01     -7.89600e+00      8.00000e+00    417s
  1463     -2.52765e+01     -7.89600e+00      8.00000e+00    418s
  1467     -2.51405e+01     -7.89600e+00      8.00000e+00    419s
  1471     -2.58410e+01     -7.89600e+00      8.00000e+00    420s
  1475     -2.57685e+01     -7.89600e+00      8.00000e+00    421s
  1479     -2.49465e+01     -7.89600e+00      8.00000e+00    422s
  1482     -2.46680e+01     -7.89600e+00      8.00000e+00    423s
  1486     -2.59460e+01     -7.89600e+00      8.00000e+00    424s
  1490     -2.56220e+01     -7.89600e+00      8.00000e+00    425s
  1494     -2.55865e+01     -7.89600e+00      8.00000e+00    426s
  1498     -2.52250e+01     -7.89600e+00      8.00000e+00    427s
  1502     -2.53325e+01     -7.89600e+00      8.00000e+00    429s
  1505     -2.58670e+01     -7.89600e+00      8.00000e+00    430s
  1508     -2.56095e+01     -7.89600e+00      8.00000e+00    431s
  1512     -2.45220e+01     -7.89600e+00      8.00000e+00    432s
  1516     -2.61765e+01     -7.89600e+00      8.00000e+00    433s
  1520     -2.53815e+01     -7.89600e+00      8.00000e+00    434s
  1524     -2.59425e+01     -7.89600e+00      8.00000e+00    435s
  1527     -2.52995e+01     -7.89600e+00      8.00000e+00    436s
  1531     -2.54870e+01     -7.89600e+00      8.00000e+00    437s
  1535     -2.54840e+01     -7.89600e+00      8.00000e+00    438s
  1538     -2.57965e+01     -7.89600e+00      8.00000e+00    439s
  1542     -2.58510e+01     -7.89600e+00      8.00000e+00    440s
  1546     -2.55035e+01     -7.89600e+00      8.00000e+00    442s
  1550     -2.55790e+01     -7.89600e+00      8.00000e+00    443s
  1554     -2.49880e+01     -7.89600e+00      8.00000e+00    444s
  1558     -2.53555e+01     -7.89600e+00      8.00000e+00    445s
  1562     -2.64485e+01     -7.89600e+00      8.00000e+00    446s
  1566     -2.52195e+01     -7.89600e+00      8.00000e+00    447s
  1570     -2.52905e+01     -7.89600e+00      8.00000e+00    449s
  1573     -2.53155e+01     -7.89600e+00      8.00000e+00    450s
  1577     -2.56990e+01     -7.89600e+00      8.00000e+00    451s
  1580     -2.58275e+01     -7.89600e+00      8.00000e+00    452s
  1583     -2.62715e+01     -7.89600e+00      8.00000e+00    453s
  1587     -2.52300e+01     -7.89600e+00      8.00000e+00    454s
  1591     -2.56725e+01     -7.89600e+00      8.00000e+00    455s
  1596     -2.61120e+01     -7.89600e+00      8.00000e+00    456s
  1600     -2.56100e+01     -7.89600e+00      8.00000e+00    457s
  1604     -2.57145e+01     -7.89600e+00      8.00000e+00    458s
  1608     -2.57165e+01     -7.89600e+00      8.00000e+00    459s
  1612     -2.55010e+01     -7.89600e+00      8.00000e+00    460s
  1615     -2.51130e+01     -7.89600e+00      8.00000e+00    461s
  1619     -2.48585e+01     -7.89600e+00      8.00000e+00    462s
  1623     -2.60335e+01     -7.89600e+00      8.00000e+00    463s
  1627     -2.53315e+01     -7.89600e+00      8.00000e+00    464s
  1631     -2.58375e+01     -7.89600e+00      8.00000e+00    466s
  1635     -2.58290e+01     -7.89600e+00      8.00000e+00    467s
  1639     -2.44325e+01     -7.89600e+00      8.00000e+00    468s
  1643     -2.55025e+01     -7.89600e+00      8.00000e+00    469s
  1647     -2.54860e+01     -7.89600e+00      8.00000e+00    470s
  1651     -2.55620e+01     -7.89600e+00      8.00000e+00    471s
  1655     -2.56210e+01     -7.89600e+00      8.00000e+00    472s
  1659     -2.68615e+01     -7.89600e+00      8.00000e+00    473s
  1663     -2.45990e+01     -7.89600e+00      8.00000e+00    475s
  1667     -2.46325e+01     -7.89600e+00      8.00000e+00    476s
  1671     -2.43325e+01     -7.89600e+00      8.00000e+00    477s
  1675     -2.63330e+01     -7.89600e+00      8.00000e+00    478s
  1679     -2.62685e+01     -7.89600e+00      8.00000e+00    479s
  1683     -2.65040e+01     -7.89600e+00      8.00000e+00    480s
  1687     -2.63445e+01     -7.89600e+00      8.00000e+00    482s
  1690     -2.45445e+01     -7.89600e+00      8.00000e+00    483s
  1694     -2.52050e+01     -7.89600e+00      8.00000e+00    484s
  1698     -2.52060e+01     -7.89600e+00      8.00000e+00    485s
  1702     -2.57140e+01     -7.89600e+00      8.00000e+00    486s
  1705     -2.69110e+01     -7.89600e+00      8.00000e+00    487s
  1709     -2.71610e+01     -7.89600e+00      8.00000e+00    488s
  1713     -2.54875e+01     -7.89600e+00      8.00000e+00    489s
  1717     -2.40335e+01     -7.89600e+00      8.00000e+00    490s
  1721     -2.52060e+01     -7.89600e+00      8.00000e+00    491s
  1725     -2.53545e+01     -7.89600e+00      8.00000e+00    493s
  1728     -2.72755e+01     -7.89600e+00      8.00000e+00    494s
  1732     -2.64910e+01     -7.89600e+00      8.00000e+00    495s
  1736     -2.66440e+01     -7.89600e+00      8.00000e+00    496s
  1740     -2.36455e+01     -7.89600e+00      8.00000e+00    497s
  1743     -2.35925e+01     -7.89600e+00      8.00000e+00    498s
  1747     -2.48495e+01     -7.89600e+00      8.00000e+00    499s
  1751     -2.49950e+01     -7.89600e+00      8.00000e+00    500s
  1755     -2.62415e+01     -7.89600e+00      8.00000e+00    501s
  1759     -2.80375e+01     -7.89600e+00      8.00000e+00    502s
  1763     -2.50180e+01     -7.89600e+00      8.00000e+00    503s
  1767     -2.36885e+01     -7.89600e+00      8.00000e+00    505s
  1771     -2.55045e+01     -7.89600e+00      8.00000e+00    506s
  1775     -2.47260e+01     -7.89600e+00      8.00000e+00    507s
  1779     -2.61990e+01     -7.89600e+00      8.00000e+00    508s
  1783     -2.69145e+01     -7.89600e+00      8.00000e+00    510s
  1787     -2.40930e+01     -7.89600e+00      8.00000e+00    511s
  1791     -2.39835e+01     -7.89600e+00      8.00000e+00    512s
  1795     -2.51625e+01     -7.89600e+00      8.00000e+00    513s
  1799     -2.59670e+01     -7.89600e+00      8.00000e+00    514s
  1803     -2.47045e+01     -7.89600e+00      8.00000e+00    515s
  1807     -2.75090e+01     -7.89600e+00      8.00000e+00    516s
  1810     -2.67475e+01     -7.89600e+00      8.00000e+00    517s
  1814     -2.38095e+01     -7.89600e+00      8.00000e+00    518s
  1818     -2.52870e+01     -7.89600e+00      8.00000e+00    519s
  1822     -2.55270e+01     -7.89600e+00      8.00000e+00    521s
  1826     -2.53740e+01     -7.89600e+00      8.00000e+00    522s
  1830     -2.52315e+01     -7.89600e+00      8.00000e+00    523s
  1834     -2.77665e+01     -7.89600e+00      8.00000e+00    524s
  1838     -2.45720e+01     -7.89600e+00      8.00000e+00    525s
  1842     -2.47705e+01     -7.89600e+00      8.00000e+00    527s
  1846     -2.64880e+01     -7.89600e+00      8.00000e+00    528s
  1849     -2.54985e+01     -7.89600e+00      8.00000e+00    529s
  1853     -2.64770e+01     -7.89600e+00      8.00000e+00    530s
  1857     -2.83260e+01     -7.89600e+00      8.00000e+00    531s
  1861     -2.55880e+01     -7.89600e+00      8.00000e+00    532s
  1865     -2.44870e+01     -7.89600e+00      8.00000e+00    533s
  1869     -2.47580e+01     -7.89600e+00      8.00000e+00    535s
  1873     -2.53930e+01     -7.89600e+00      8.00000e+00    536s
  1877     -2.65515e+01     -7.89600e+00      8.00000e+00    537s
  1881     -2.82960e+01     -7.89600e+00      8.00000e+00    538s
  1885     -2.63395e+01     -7.89600e+00      8.00000e+00    539s
  1889     -2.51405e+01     -7.89600e+00      8.00000e+00    541s
  1892     -2.51570e+01     -7.89600e+00      8.00000e+00    542s
  1896     -2.38880e+01     -7.89600e+00      8.00000e+00    543s
  1900     -2.55540e+01     -7.89600e+00      8.00000e+00    544s
  1903     -2.44890e+01     -7.89600e+00      8.00000e+00    545s
  1907     -2.55600e+01     -7.89600e+00      8.00000e+00    546s
  1911     -2.55265e+01     -7.89600e+00      8.00000e+00    547s
  1915     -2.57985e+01     -7.89600e+00      8.00000e+00    548s
  1919     -2.66285e+01     -7.89600e+00      8.00000e+00    550s
  1924     -2.62520e+01     -7.89600e+00      8.00000e+00    551s
  1928     -2.52160e+01     -7.89600e+00      8.00000e+00    552s
  1932     -2.61815e+01     -7.89600e+00      8.00000e+00    553s
  1936     -2.56520e+01     -7.89600e+00      8.00000e+00    554s
  1940     -2.59645e+01     -7.89600e+00      8.00000e+00    555s
  1943     -2.67525e+01     -7.89600e+00      8.00000e+00    556s
  1947     -2.60385e+01     -7.89600e+00      8.00000e+00    558s
  1950     -2.58430e+01     -7.89600e+00      8.00000e+00    559s
  1954     -2.11425e+01     -7.89600e+00      8.00000e+00    560s
  1957     -2.26945e+01     -7.89600e+00      8.00000e+00    561s
  1961     -2.42870e+01     -7.89600e+00      8.00000e+00    562s
  1965     -2.74425e+01     -7.89600e+00      8.00000e+00    563s
  1969     -3.37970e+01     -7.89600e+00      8.00000e+00    564s
  1973     -2.93520e+01     -7.89600e+00      8.00000e+00    565s
  1977     -2.12635e+01     -7.89600e+00      8.00000e+00    566s
  1981     -2.17255e+01     -7.89600e+00      8.00000e+00    567s
  1985     -2.46410e+01     -7.89600e+00      8.00000e+00    569s
  1989     -2.74855e+01     -7.89600e+00      8.00000e+00    570s
  1993     -3.20990e+01     -7.89600e+00      8.00000e+00    571s
  1996     -3.11245e+01     -7.89600e+00      8.00000e+00    572s
  2000     -2.61175e+01     -7.89600e+00      8.00000e+00    573s
  2004     -2.59160e+01     -7.89600e+00      8.00000e+00    574s
  2008     -2.19635e+01     -7.89600e+00      8.00000e+00    575s
  2011     -2.38935e+01     -7.89600e+00      8.00000e+00    577s
  2015     -3.23195e+01     -7.89600e+00      8.00000e+00    578s
  2019     -3.52325e+01     -7.89600e+00      8.00000e+00    579s
  2023     -2.74990e+01     -7.89600e+00      8.00000e+00    580s
  2027     -2.50320e+01     -7.89600e+00      8.00000e+00    581s
  2031     -2.38275e+01     -7.89600e+00      8.00000e+00    582s
  2035     -2.21790e+01     -7.89600e+00      8.00000e+00    583s
  2039     -3.16975e+01     -7.89600e+00      8.00000e+00    584s
  2043     -3.58595e+01     -7.89600e+00      8.00000e+00    586s
  2047     -2.83700e+01     -7.89600e+00      8.00000e+00    587s
  2051     -2.40375e+01     -7.89600e+00      8.00000e+00    588s
  2055     -2.25415e+01     -7.89600e+00      8.00000e+00    589s
  2059     -2.07480e+01     -7.89600e+00      8.00000e+00    590s
  2063     -2.71895e+01     -7.89600e+00      8.00000e+00    591s
  2067     -3.64660e+01     -7.89600e+00      8.00000e+00    593s
  2071     -3.32670e+01     -7.89600e+00      8.00000e+00    594s
  2075     -2.40465e+01     -7.89600e+00      8.00000e+00    595s
  2079     -2.31340e+01     -7.89600e+00      8.00000e+00    596s
  2082     -2.09240e+01     -7.89600e+00      8.00000e+00    597s
  2086     -2.36650e+01     -7.89600e+00      8.00000e+00    598s
  2090     -3.58710e+01     -7.89600e+00      8.00000e+00    599s
  2094     -3.62505e+01     -7.89600e+00      8.00000e+00    600s
  2098     -2.69840e+01     -7.89600e+00      8.00000e+00    602s
  2102     -2.68985e+01     -7.89600e+00      8.00000e+00    603s
  2106     -2.73655e+01     -7.89600e+00      8.00000e+00    604s
  2110     -2.26280e+01     -7.89600e+00      8.00000e+00    605s
  2114     -3.12195e+01     -7.89600e+00      8.00000e+00    606s
  2118     -3.84240e+01     -7.89600e+00      8.00000e+00    607s
  2122     -2.90195e+01     -7.89600e+00      8.00000e+00    608s
  2126     -2.61630e+01     -7.89600e+00      8.00000e+00    610s
  2130     -2.89805e+01     -7.89600e+00      8.00000e+00    611s
  2134     -2.28120e+01     -7.89600e+00      8.00000e+00    612s
  2138     -2.89685e+01     -7.89600e+00      8.00000e+00    613s
  2141     -3.83865e+01     -7.89600e+00      8.00000e+00    614s
  2146     -3.04700e+01     -7.89600e+00      8.00000e+00    615s
  2150     -2.55640e+01     -7.89600e+00      8.00000e+00    616s
  2154     -3.54035e+01     -7.89600e+00      8.00000e+00    618s
  2158     -2.57555e+01     -7.89600e+00      8.00000e+00    619s
  2162     -2.50175e+01     -7.89600e+00      8.00000e+00    620s
  2166     -3.82365e+01     -7.89600e+00      8.00000e+00    621s
  2170     -3.08645e+01     -7.89600e+00      8.00000e+00    622s
  2174     -2.48660e+01     -7.89600e+00      8.00000e+00    623s
  2178     -3.45830e+01     -7.89600e+00      8.00000e+00    624s
  2183     -2.36170e+01     -7.89600e+00      8.00000e+00    626s
  2187     -2.72630e+01     -7.89600e+00      8.00000e+00    627s
  2191     -4.00040e+01     -7.89600e+00      8.00000e+00    628s
  2195     -2.91945e+01     -7.89600e+00      8.00000e+00    629s
  2199     -2.46130e+01     -7.89600e+00      8.00000e+00    630s
  2203     -3.64910e+01     -7.89600e+00      8.00000e+00    631s
  2207     -2.99120e+01     -7.89600e+00      8.00000e+00    632s
  2211     -2.11895e+01     -7.89600e+00      8.00000e+00    633s
  2214     -3.47475e+01     -7.89600e+00      8.00000e+00    635s
  2218     -4.33930e+01     -7.89600e+00      8.00000e+00    636s
  2222     -2.51670e+01     -7.89600e+00      8.00000e+00    637s
  2226     -3.07965e+01     -7.89600e+00      8.00000e+00    638s
  2230     -3.56100e+01     -7.89600e+00      8.00000e+00    639s
  2234     -2.02515e+01     -7.89600e+00      8.00000e+00    640s
  2237     -2.59335e+01     -7.89600e+00      8.00000e+00    641s
  2241     -4.45005e+01     -7.89600e+00      8.00000e+00    643s
  2245     -3.11805e+01     -7.89600e+00      8.00000e+00    644s
  2249     -2.66200e+01     -7.89600e+00      8.00000e+00    645s
  2252     -3.44935e+01     -7.89600e+00      8.00000e+00    646s
  2256     -3.62280e+01     -7.89600e+00      8.00000e+00    647s
  2260     -2.05065e+01     -7.89600e+00      8.00000e+00    648s
  2264     -3.49545e+01     -7.89600e+00      8.00000e+00    649s
  2268     -3.98540e+01     -7.89600e+00      8.00000e+00    651s
  2272     -2.35400e+01     -7.89600e+00      8.00000e+00    652s
  2276     -3.19525e+01     -7.89600e+00      8.00000e+00    653s
  2281     -3.37920e+01     -7.89600e+00      8.00000e+00    654s
  2285     -1.97715e+01     -7.89600e+00      8.00000e+00    656s
  2288     -3.23100e+01     -7.89600e+00      8.00000e+00    657s
  2292     -4.15205e+01     -7.89600e+00      8.00000e+00    658s
  2296     -2.36860e+01     -7.89600e+00      8.00000e+00    659s
  2300     -2.54140e+01     -7.89600e+00      8.00000e+00    660s
  2304     -3.09550e+01     -7.89600e+00      8.00000e+00    661s
  2308     -3.00765e+01     -7.89600e+00      8.00000e+00    662s
  2312     -2.54635e+01     -7.89600e+00      8.00000e+00    663s
  2316     -3.38485e+01     -7.89600e+00      8.00000e+00    664s
  2319     -3.76965e+01     -7.89600e+00      8.00000e+00    665s
  2323     -2.86605e+01     -7.89600e+00      8.00000e+00    666s
  2326     -2.70785e+01     -7.89600e+00      8.00000e+00    668s
  2330     -3.30660e+01     -7.89600e+00      8.00000e+00    669s
  2333     -2.93140e+01     -7.89600e+00      8.00000e+00    670s
  2336     -2.53100e+01     -7.89600e+00      8.00000e+00    671s
  2340     -3.26805e+01     -7.89600e+00      8.00000e+00    672s
  2344     -3.61210e+01     -7.89600e+00      8.00000e+00    673s
  2347     -2.77025e+01     -7.89600e+00      8.00000e+00    674s
  2351     -3.12200e+01     -7.89600e+00      8.00000e+00    675s
  2355     -4.92195e+01     -7.89600e+00      8.00000e+00    676s
  2359     -3.40375e+01     -7.89600e+00      8.00000e+00    677s
  2363     -2.54535e+01     -7.89600e+00      8.00000e+00    678s
  2367     -2.95095e+01     -7.89600e+00      8.00000e+00    679s
  2371     -1.92620e+01     -7.89600e+00      8.00000e+00    680s
  2375     -2.77475e+01     -7.89600e+00      8.00000e+00    681s
  2379     -4.89975e+01     -7.89600e+00      8.00000e+00    683s
  2383     -3.70675e+01     -7.89600e+00      8.00000e+00    684s
  2387     -2.56310e+01     -7.89600e+00      8.00000e+00    685s
  2391     -3.02020e+01     -7.89600e+00      8.00000e+00    686s
  2395     -2.08215e+01     -7.89600e+00      8.00000e+00    687s
  2399     -2.49655e+01     -7.89600e+00      8.00000e+00    689s
  2403     -5.21635e+01     -7.89600e+00      8.00000e+00    690s
  2406     -5.58595e+01     -7.89600e+00      8.00000e+00    691s
  2410     -3.01630e+01     -7.89600e+00      8.00000e+00    692s
  2414     -2.87005e+01     -7.89600e+00      8.00000e+00    693s
  2418     -2.79425e+01     -7.89600e+00      8.00000e+00    694s
  2421     -1.50435e+01     -7.89600e+00      8.00000e+00    695s
  2425     -3.09175e+01     -7.89600e+00      8.00000e+00    696s
  2429     -5.80925e+01     -7.89600e+00      8.00000e+00    697s
  2433     -4.02695e+01     -7.89600e+00      8.00000e+00    699s
  2437     -2.65645e+01     -7.89600e+00      8.00000e+00    700s
  2441     -3.19680e+01     -7.89600e+00      8.00000e+00    701s
  2445     -1.70745e+01     -7.89600e+00      8.00000e+00    702s
  2449     -2.55670e+01     -7.89600e+00      8.00000e+00    703s
  2453     -2.57335e+01     -7.89600e+00      8.00000e+00    704s
  2458     -2.52105e+01     -7.89600e+00      8.00000e+00    706s
  2462     -2.49480e+01     -7.89600e+00      8.00000e+00    707s
  2466     -2.49770e+01     -7.89600e+00      8.00000e+00    708s
  2470     -2.56610e+01     -7.89600e+00      8.00000e+00    709s
  2473     -2.48835e+01     -7.89600e+00      8.00000e+00    710s
  2477     -2.55545e+01     -7.89600e+00      8.00000e+00    711s
  2481     -2.52755e+01     -7.89600e+00      8.00000e+00    712s
  2485     -2.51705e+01     -7.89600e+00      8.00000e+00    713s
  2489     -2.50365e+01     -7.89600e+00      8.00000e+00    715s
  2493     -2.50850e+01     -7.89600e+00      8.00000e+00    716s
  2497     -2.62430e+01     -7.89600e+00      8.00000e+00    717s

==================================================
Summary of results QAOA
--------------------------------------------------
Avg of QAOA obj (BQO obj):    2.41
Avg of QAOA obj (penalty):    -10.31
Avg of constraint violation:  1.90

Feasible percentage (%):      15.30
Avg of pure feasible obj:     2.61

Avg of QAOA obj:              -7.90
STD of QAOA obj:              4.55

Avg of QAOA obj (feasible):   3.81
STD of QAOA obj (feasible):   0.67

Gamma angles:                 0.13
Beta angles:                  0.38

Best QAOA obj:                8.00
Modified best QAOA obj:       8.00
Best QAOA obj (feasible):     8.00

QAOA total time:              718.19s
QAOA circuit depth:           16
==================================================

==================================================
Summary of results of 0-S7
--------------------------------------------------
Number of vertices:           7
Number of edges:              18

Vertex num in largest comp:   7
Edge num in largest comp:     18

Pre-processing running time:  0.00
Total solver time:            717.38
Running time:                 721.66

Upper bound:                  11.00
Objective value:              8.00

Partition 0:                  1, 4, 5, 7          
Partition 1:                  2                   
Partition 2:                  3, 6                
==================================================
