==================================================
Instance parameters
--------------------------------------------------
Number of vertices:           7
Number of edges:              18
Number of partitions:         3

Density (%):                  86
Name of instance:             seed1_band_pen_1.0_noise0.0
Is planar:                    False
==================================================

==================================================
Solver parameters
--------------------------------------------------
Method:                       QUBO
Peel:                         False
Decompose:                    False
Fold:                         False

Penalty Multiplier:           1.0
Gates Error Probability:      0.0
QAOA Num Levels:              1
QAOA Scipy Optimizer:         brute
==================================================

  iter        avg-obj        best avg-obj       best-obj      time
     0     -7.85633e+00     -7.85633e+00      5.00000e+00      1s
     2     -7.67000e+00     -7.67000e+00      5.00000e+00      2s
     6     -7.80200e+00     -7.67000e+00      7.00000e+00      3s
     9     -7.60950e+00     -7.60950e+00      7.00000e+00      5s
    11     -7.93233e+00     -7.60950e+00      7.00000e+00      6s
    13     -8.07367e+00     -7.60950e+00      7.00000e+00      7s
    15     -7.71350e+00     -7.60950e+00      7.00000e+00      8s
    19     -8.02117e+00     -7.60950e+00      7.00000e+00      9s
    22     -7.87500e+00     -7.60950e+00      7.00000e+00     10s
    24     -7.90767e+00     -7.60950e+00      7.00000e+00     12s
    26     -7.63200e+00     -7.60950e+00      7.00000e+00     13s
    29     -7.57583e+00     -7.54100e+00      7.00000e+00     14s
    33     -7.96133e+00     -7.54100e+00      7.00000e+00     15s
    36     -7.75950e+00     -7.54100e+00      7.00000e+00     16s
    38     -7.68300e+00     -7.54100e+00      7.00000e+00     18s
    40     -8.21550e+00     -7.54100e+00      7.00000e+00     19s
    43     -7.59933e+00     -7.54100e+00      7.00000e+00     20s
    47     -7.54167e+00     -7.54100e+00      7.00000e+00     22s
    50     -7.81300e+00     -7.54100e+00      7.00000e+00     23s
    52     -3.92683e+00     -3.92683e+00      7.00000e+00     24s
    55     -3.42000e+00     -2.95900e+00      7.00000e+00     25s
    58     -7.19150e+00     -2.95900e+00      7.00000e+00     26s
    62     -7.81850e+00     -2.95900e+00      7.00000e+00     28s
    64     -8.48517e+00     -2.95900e+00      7.00000e+00     29s
    66     -1.02423e+01     -2.95900e+00      7.00000e+00     30s
    68     -1.34087e+01     -2.95900e+00      7.00000e+00     31s
    70     -1.52928e+01     -2.95900e+00      7.00000e+00     32s
    73     -1.15865e+01     -2.95900e+00      7.00000e+00     33s
    76     -4.42733e+00     -2.95900e+00      7.00000e+00     34s
    78     -2.88000e+00     -2.88000e+00      7.00000e+00     36s
    81     -4.96683e+00     -2.88000e+00      7.00000e+00     37s
    84     -7.73483e+00     -2.88000e+00      7.00000e+00     38s
    88     -7.99083e+00     -2.88000e+00      8.00000e+00     39s
    91     -1.14313e+01     -2.88000e+00      8.00000e+00     41s
    93     -1.41047e+01     -2.88000e+00      8.00000e+00     42s
    95     -1.52533e+01     -2.88000e+00      8.00000e+00     43s
    99     -7.81917e+00     -2.88000e+00      8.00000e+00     45s
   102     -2.34833e+00     -2.34833e+00      8.00000e+00     46s
   104     -1.57517e+00     -1.23000e+00      8.00000e+00     47s
   107     -6.17750e+00     -1.23000e+00      8.00000e+00     49s
   110     -8.44400e+00     -1.23000e+00      8.00000e+00     50s
   114     -9.28650e+00     -1.23000e+00      8.00000e+00     51s
   117     -1.69575e+01     -1.23000e+00      8.00000e+00     53s
   119     -2.08180e+01     -1.23000e+00      8.00000e+00     54s
   121     -2.03368e+01     -1.23000e+00      8.00000e+00     55s
   124     -9.82300e+00     -1.23000e+00      8.00000e+00     56s
   128     -1.10367e+00     -1.10367e+00      8.00000e+00     57s
   130     -3.71700e+00     -1.10367e+00      8.00000e+00     59s
   133     -7.95767e+00     -1.10367e+00      8.00000e+00     60s
   135     -8.35433e+00     -1.10367e+00      8.00000e+00     62s
   138     -8.47533e+00     -1.10367e+00      8.00000e+00     63s
   141     -1.52628e+01     -1.10367e+00      8.00000e+00     64s
   143     -1.98950e+01     -1.10367e+00      8.00000e+00     65s
   145     -2.07883e+01     -1.10367e+00      8.00000e+00     66s
   148     -1.18592e+01     -1.10367e+00      8.00000e+00     68s
   151     -4.47150e+00     -1.10367e+00      8.00000e+00     69s
   156     -5.32333e+00     -1.10367e+00      8.00000e+00     70s
   158     -7.91667e+00     -1.10367e+00      8.00000e+00     71s
   160     -7.96183e+00     -1.10367e+00      8.00000e+00     73s
   162     -7.71833e+00     -1.10367e+00      8.00000e+00     74s
   165     -1.25525e+01     -1.10367e+00      8.00000e+00     75s
   169     -2.30472e+01     -1.10367e+00      8.00000e+00     76s
   172     -1.81518e+01     -1.10367e+00      8.00000e+00     78s
   174     -9.69817e+00     -1.10367e+00      8.00000e+00     79s
   176     -3.41883e+00     -1.10367e+00      8.00000e+00     80s
   180     -4.54150e+00     -1.10367e+00      8.00000e+00     81s
   183     -8.01017e+00     -1.10367e+00      8.00000e+00     83s
   185     -7.99950e+00     -1.10367e+00      8.00000e+00     84s
   187     -8.02867e+00     -1.10367e+00      8.00000e+00     85s
   190     -1.43662e+01     -1.10367e+00      8.00000e+00     86s
   194     -2.32510e+01     -1.10367e+00      8.00000e+00     88s
   197     -1.63045e+01     -1.10367e+00      8.00000e+00     89s
   199     -7.77850e+00     -1.10367e+00      8.00000e+00     90s
   201     -5.51867e+00     -1.10367e+00      8.00000e+00     91s
   204     -4.12033e+00     -1.10367e+00      8.00000e+00     92s
   208     -7.54600e+00     -1.10367e+00      8.00000e+00     93s
   210     -7.37183e+00     -1.10367e+00      8.00000e+00     95s
   212     -7.74350e+00     -1.10367e+00      8.00000e+00     96s
   214     -1.07388e+01     -1.10367e+00      8.00000e+00     98s
   217     -1.84973e+01     -1.10367e+00      8.00000e+00     99s
   221     -1.96825e+01     -1.10367e+00      8.00000e+00    100s
   223     -1.28315e+01     -1.10367e+00      8.00000e+00    101s
   225     -6.52917e+00     -1.10367e+00      8.00000e+00    103s
   227     -3.71900e+00     -1.10367e+00      8.00000e+00    104s
   230     -5.52817e+00     -1.10367e+00      8.00000e+00    105s
   233     -7.48883e+00     -1.10367e+00      8.00000e+00    106s
   235     -7.01500e+00     -1.10367e+00      8.00000e+00    108s
   237     -8.03267e+00     -1.10367e+00      8.00000e+00    109s
   240     -1.45055e+01     -1.10367e+00      8.00000e+00    110s
   245     -2.02352e+01     -1.10367e+00      8.00000e+00    112s
   247     -1.44815e+01     -1.10367e+00      8.00000e+00    113s
   249     -7.93467e+00     -1.10367e+00      8.00000e+00    114s
   251     -6.20600e+00     -1.10367e+00      8.00000e+00    115s
   254     -5.99033e+00     -1.10367e+00      8.00000e+00    117s
   258     -6.59600e+00     -1.10367e+00      8.00000e+00    118s
   261     -7.21917e+00     -1.10367e+00      8.00000e+00    119s
   263     -8.84683e+00     -1.10367e+00      8.00000e+00    120s
   266     -1.50690e+01     -1.10367e+00      8.00000e+00    122s
   269     -1.79055e+01     -1.10367e+00      8.00000e+00    123s
   272     -1.32467e+01     -1.10367e+00      8.00000e+00    124s
   274     -8.62967e+00     -1.10367e+00      8.00000e+00    125s
   276     -5.89150e+00     -1.10367e+00      8.00000e+00    127s
   278     -5.46150e+00     -1.10367e+00      8.00000e+00    128s
   281     -6.74083e+00     -1.10367e+00      8.00000e+00    129s
   284     -6.19267e+00     -1.10367e+00      8.00000e+00    131s
   286     -7.26667e+00     -1.10367e+00      8.00000e+00    132s
   288     -9.53100e+00     -1.10367e+00      8.00000e+00    133s
   291     -1.60877e+01     -1.10367e+00      8.00000e+00    135s
   294     -1.71367e+01     -1.10367e+00      8.00000e+00    136s
   296     -1.46855e+01     -1.10367e+00      8.00000e+00    137s
   298     -9.75000e+00     -1.10367e+00      8.00000e+00    138s
   300     -7.74683e+00     -1.10367e+00      8.00000e+00    139s
   303     -7.32333e+00     -1.10367e+00      8.00000e+00    141s
   306     -6.86333e+00     -1.10367e+00      8.00000e+00    142s
   308     -5.91367e+00     -1.10367e+00      8.00000e+00    143s
   310     -6.14700e+00     -1.10367e+00      8.00000e+00    144s
   312     -7.55467e+00     -1.10367e+00      8.00000e+00    145s
   315     -1.26085e+01     -1.10367e+00      8.00000e+00    146s
   318     -1.48765e+01     -1.10367e+00      8.00000e+00    147s
   320     -1.38942e+01     -1.10367e+00      8.00000e+00    149s
   322     -1.04083e+01     -1.10367e+00      8.00000e+00    150s
   324     -8.05550e+00     -1.10367e+00      8.00000e+00    152s
   328     -7.42483e+00     -1.10367e+00      8.00000e+00    153s
   330     -7.10767e+00     -1.10367e+00      8.00000e+00    154s
   332     -6.47533e+00     -1.10367e+00      8.00000e+00    155s
   334     -5.85000e+00     -1.10367e+00      8.00000e+00    156s
   337     -8.09517e+00     -1.10367e+00      8.00000e+00    158s
   341     -1.49790e+01     -1.10367e+00      8.00000e+00    159s
   343     -1.46300e+01     -1.10367e+00      8.00000e+00    160s
   345     -1.27635e+01     -1.10367e+00      8.00000e+00    161s
   347     -9.89517e+00     -1.10367e+00      8.00000e+00    162s
   350     -7.81517e+00     -1.10367e+00      8.00000e+00    164s
   354     -8.38933e+00     -1.10367e+00      8.00000e+00    165s
   356     -6.98650e+00     -1.10367e+00      8.00000e+00    166s
   358     -5.84667e+00     -1.10367e+00      8.00000e+00    168s
   360     -5.88333e+00     -1.10367e+00      8.00000e+00    169s
   363     -8.98483e+00     -1.10367e+00      8.00000e+00    170s
   367     -1.30272e+01     -1.10367e+00      8.00000e+00    171s
   369     -1.20382e+01     -1.10367e+00      8.00000e+00    172s
   372     -9.34100e+00     -1.10367e+00      8.00000e+00    174s
   374     -8.10883e+00     -1.10367e+00      8.00000e+00    175s
   378     -8.15833e+00     -1.10367e+00      8.00000e+00    176s
   381     -6.66583e+00     -1.10367e+00      8.00000e+00    178s
   383     -5.56700e+00     -1.10367e+00      8.00000e+00    180s
   385     -6.16117e+00     -1.10367e+00      8.00000e+00    181s
   389     -1.09867e+01     -1.10367e+00      8.00000e+00    182s
   392     -1.32843e+01     -1.10367e+00      8.00000e+00    183s
   394     -1.19028e+01     -1.10367e+00      8.00000e+00    185s
   396     -9.84750e+00     -1.10367e+00      8.00000e+00    186s
   398     -8.26100e+00     -1.10367e+00      8.00000e+00    187s
   401     -8.28300e+00     -1.10367e+00      8.00000e+00    188s
   404     -7.99067e+00     -1.10367e+00      8.00000e+00    189s
   406     -7.34717e+00     -1.10367e+00      8.00000e+00    190s
   409     -6.07117e+00     -1.10367e+00      8.00000e+00    192s
   413     -8.85550e+00     -1.10367e+00      8.00000e+00    193s
   416     -1.17283e+01     -1.10367e+00      8.00000e+00    195s
   418     -1.09543e+01     -1.10367e+00      8.00000e+00    196s
   420     -1.02545e+01     -1.10367e+00      8.00000e+00    197s
   423     -8.25500e+00     -1.10367e+00      8.00000e+00    199s
   427     -7.86850e+00     -1.10367e+00      8.00000e+00    200s
   429     -7.92983e+00     -1.10367e+00      8.00000e+00    201s
   431     -6.86767e+00     -1.10367e+00      8.00000e+00    202s
   432     -6.20533e+00     -1.10367e+00      8.00000e+00    203s
   434     -6.09850e+00     -1.10367e+00      8.00000e+00    204s
   437     -8.14167e+00     -1.10367e+00      8.00000e+00    205s
   440     -1.11615e+01     -1.10367e+00      8.00000e+00    207s
   442     -1.13623e+01     -1.10367e+00      8.00000e+00    208s
   444     -1.04758e+01     -1.10367e+00      8.00000e+00    209s
   446     -8.86850e+00     -1.10367e+00      8.00000e+00    210s
   450     -7.73833e+00     -1.10367e+00      8.00000e+00    211s
   453     -8.13267e+00     -1.10367e+00      8.00000e+00    213s
   455     -8.19783e+00     -1.10367e+00      8.00000e+00    214s
   457     -7.00267e+00     -1.10367e+00      8.00000e+00    215s
   460     -6.76683e+00     -1.10367e+00      8.00000e+00    216s
   464     -8.75267e+00     -1.10367e+00      8.00000e+00    218s
   466     -1.02967e+01     -1.10367e+00      8.00000e+00    219s
   468     -9.88250e+00     -1.10367e+00      8.00000e+00    220s
   470     -9.39600e+00     -1.10367e+00      8.00000e+00    221s
   474     -7.94150e+00     -1.10367e+00      8.00000e+00    222s
   477     -7.77233e+00     -1.10367e+00      8.00000e+00    223s
   480     -7.62417e+00     -1.10367e+00      8.00000e+00    225s
   482     -7.09567e+00     -1.10367e+00      8.00000e+00    226s
   485     -7.08933e+00     -1.10367e+00      8.00000e+00    228s
   489     -9.22117e+00     -1.10367e+00      8.00000e+00    229s
   492     -1.01887e+01     -1.10367e+00      8.00000e+00    231s
   494     -9.67433e+00     -1.10367e+00      8.00000e+00    233s
   496     -8.32133e+00     -1.10367e+00      8.00000e+00    234s
   500     -8.11400e+00     -1.10367e+00      8.00000e+00    235s
   502     -7.83983e+00     -1.10367e+00      8.00000e+00    236s
   504     -7.92417e+00     -1.10367e+00      8.00000e+00    237s
   506     -7.64800e+00     -1.10367e+00      8.00000e+00    238s
   508     -7.65133e+00     -1.10367e+00      8.00000e+00    239s
   512     -7.50667e+00     -1.10367e+00      8.00000e+00    241s
   515     -9.23917e+00     -1.10367e+00      8.00000e+00    242s
   517     -9.44250e+00     -1.10367e+00      8.00000e+00    243s
   520     -8.76183e+00     -1.10367e+00      8.00000e+00    245s
   522     -8.21317e+00     -1.10367e+00      8.00000e+00    246s
   525     -7.91317e+00     -1.10367e+00      8.00000e+00    247s
   527     -8.02150e+00     -1.10367e+00      8.00000e+00    248s
   529     -7.90383e+00     -1.10367e+00      8.00000e+00    250s
   531     -7.87033e+00     -1.10367e+00      8.00000e+00    251s
   534     -7.37933e+00     -1.10367e+00      8.00000e+00    252s
   538     -8.22517e+00     -1.10367e+00      8.00000e+00    254s
   540     -8.55017e+00     -1.10367e+00      8.00000e+00    255s
   542     -9.25683e+00     -1.10367e+00      8.00000e+00    256s
   545     -9.02750e+00     -1.10367e+00      8.00000e+00    258s
   549     -7.50683e+00     -1.10367e+00      8.00000e+00    259s
   551     -7.71583e+00     -1.10367e+00      8.00000e+00    260s
   553     -7.51717e+00     -1.10367e+00      8.00000e+00    261s
   555     -7.99333e+00     -1.10367e+00      8.00000e+00    263s
   558     -7.85850e+00     -1.10367e+00      8.00000e+00    264s
   562     -7.47850e+00     -1.10367e+00      8.00000e+00    265s
   565     -8.57867e+00     -1.10367e+00      8.00000e+00    266s
   567     -8.47633e+00     -1.10367e+00      8.00000e+00    268s
   569     -8.41083e+00     -1.10367e+00      8.00000e+00    269s
   572     -8.19583e+00     -1.10367e+00      8.00000e+00    270s
   575     -7.63017e+00     -1.10367e+00      8.00000e+00    271s
   577     -7.46750e+00     -1.10367e+00      8.00000e+00    273s
   579     -7.89200e+00     -1.10367e+00      8.00000e+00    274s
   581     -8.18117e+00     -1.10367e+00      8.00000e+00    275s
   585     -8.04283e+00     -1.10367e+00      8.00000e+00    277s
   588     -7.94717e+00     -1.10367e+00      8.00000e+00    278s
   591     -8.89733e+00     -1.10367e+00      8.00000e+00    279s
   594     -8.51133e+00     -1.10367e+00      8.00000e+00    281s
   597     -8.27950e+00     -1.10367e+00      8.00000e+00    282s
   600     -7.72167e+00     -1.10367e+00      8.00000e+00    283s
   602     -7.96333e+00     -1.10367e+00      8.00000e+00    284s
   604     -7.65550e+00     -1.10367e+00      8.00000e+00    286s
   606     -7.82767e+00     -1.10367e+00      8.00000e+00    287s
   609     -8.00683e+00     -1.10367e+00      8.00000e+00    288s
   613     -7.49900e+00     -1.10367e+00      8.00000e+00    289s
   615     -8.31400e+00     -1.10367e+00      8.00000e+00    291s
   617     -7.66783e+00     -1.10367e+00      8.00000e+00    292s
   620     -8.11867e+00     -1.10367e+00      8.00000e+00    293s
   624     -8.00067e+00     -1.10367e+00      8.00000e+00    294s
   626     -7.65917e+00     -1.10367e+00      8.00000e+00    296s
   628     -7.61883e+00     -1.10367e+00      8.00000e+00    297s
   631     -7.89033e+00     -1.10367e+00      8.00000e+00    299s
   633     -8.28500e+00     -1.10367e+00      8.00000e+00    300s
   637     -7.80200e+00     -1.10367e+00      8.00000e+00    301s
   639     -7.62750e+00     -1.10367e+00      8.00000e+00    302s
   641     -7.88650e+00     -1.10367e+00      8.00000e+00    304s
   644     -8.52367e+00     -1.10367e+00      8.00000e+00    305s
   649     -7.73717e+00     -1.10367e+00      8.00000e+00    307s
   651     -7.31850e+00     -1.10367e+00      8.00000e+00    308s
   653     -7.28467e+00     -1.10367e+00      8.00000e+00    309s
   655     -7.24150e+00     -1.10367e+00      8.00000e+00    310s
   657     -8.16400e+00     -1.10367e+00      8.00000e+00    311s
   661     -8.04933e+00     -1.10367e+00      8.00000e+00    312s
   663     -7.48467e+00     -1.10367e+00      8.00000e+00    314s
   665     -7.60950e+00     -1.10367e+00      8.00000e+00    315s
   667     -8.36650e+00     -1.10367e+00      8.00000e+00    316s
   669     -8.05500e+00     -1.10367e+00      8.00000e+00    317s
   672     -7.96267e+00     -1.10367e+00      8.00000e+00    318s
   675     -7.70817e+00     -1.10367e+00      8.00000e+00    319s
   677     -7.56417e+00     -1.10367e+00      8.00000e+00    321s
   679     -7.72583e+00     -1.10367e+00      8.00000e+00    322s
   681     -7.93933e+00     -1.10367e+00      8.00000e+00    323s
   686     -7.78167e+00     -1.10367e+00      8.00000e+00    324s
   689     -7.63300e+00     -1.10367e+00      8.00000e+00    326s
   691     -7.39583e+00     -1.10367e+00      8.00000e+00    327s
   693     -7.96750e+00     -1.10367e+00      8.00000e+00    329s
   696     -8.52383e+00     -1.10367e+00      8.00000e+00    330s
   700     -7.96583e+00     -1.10367e+00      8.00000e+00    331s
   702     -7.33200e+00     -1.10367e+00      8.00000e+00    332s
   705     -7.87483e+00     -1.10367e+00      8.00000e+00    334s
   708     -8.06417e+00     -1.10367e+00      8.00000e+00    335s
   712     -7.76500e+00     -1.10367e+00      8.00000e+00    337s
   715     -7.99600e+00     -1.10367e+00      8.00000e+00    338s
   717     -7.81850e+00     -1.10367e+00      8.00000e+00    339s
   720     -8.31217e+00     -1.10367e+00      8.00000e+00    341s
   724     -7.81233e+00     -1.10367e+00      8.00000e+00    342s
   728     -7.69600e+00     -1.10367e+00      8.00000e+00    343s
   730     -7.92433e+00     -1.10367e+00      8.00000e+00    344s
   732     -7.89517e+00     -1.10367e+00      8.00000e+00    345s
   735     -8.13083e+00     -1.10367e+00      8.00000e+00    347s
   738     -7.39850e+00     -1.10367e+00      8.00000e+00    348s
   741     -7.65800e+00     -1.10367e+00      8.00000e+00    349s
   743     -7.99600e+00     -1.10367e+00      8.00000e+00    350s
   745     -8.28483e+00     -1.10367e+00      8.00000e+00    352s
   748     -8.14350e+00     -1.10367e+00      8.00000e+00    353s
   752     -7.88733e+00     -1.10367e+00      8.00000e+00    354s
   755     -7.87950e+00     -1.10367e+00      8.00000e+00    355s
   757     -7.54650e+00     -1.10367e+00      8.00000e+00    356s
   759     -7.97367e+00     -1.10367e+00      8.00000e+00    357s
   762     -7.78350e+00     -1.10367e+00      8.00000e+00    358s
   767     -7.46117e+00     -1.10367e+00      8.00000e+00    360s
   771     -7.92733e+00     -1.10367e+00      8.00000e+00    361s
   773     -7.82467e+00     -1.10367e+00      8.00000e+00    363s
   775     -8.07233e+00     -1.10367e+00      8.00000e+00    364s
   778     -7.58517e+00     -1.10367e+00      8.00000e+00    365s
   782     -7.93400e+00     -1.10367e+00      8.00000e+00    367s
   784     -7.68233e+00     -1.10367e+00      8.00000e+00    368s
   786     -8.05967e+00     -1.10367e+00      8.00000e+00    369s
   788     -8.01050e+00     -1.10367e+00      8.00000e+00    371s
   792     -7.82717e+00     -1.10367e+00      8.00000e+00    372s
   794     -8.35183e+00     -1.10367e+00      8.00000e+00    373s
   796     -8.15000e+00     -1.10367e+00      8.00000e+00    374s
   798     -8.03433e+00     -1.10367e+00      8.00000e+00    376s
   801     -7.90183e+00     -1.10367e+00      8.00000e+00    377s
   804     -8.29967e+00     -1.10367e+00      8.00000e+00    378s
   806     -7.53233e+00     -1.10367e+00      8.00000e+00    379s
   808     -7.80183e+00     -1.10367e+00      8.00000e+00    380s
   810     -7.48067e+00     -1.10367e+00      8.00000e+00    381s
   812     -7.89717e+00     -1.10367e+00      8.00000e+00    382s
   815     -7.53483e+00     -1.10367e+00      8.00000e+00    383s
   818     -7.67533e+00     -1.10367e+00      8.00000e+00    385s
   820     -8.33550e+00     -1.10367e+00      8.00000e+00    386s
   822     -7.71400e+00     -1.10367e+00      8.00000e+00    387s
   825     -7.97933e+00     -1.10367e+00      8.00000e+00    389s
   829     -8.15017e+00     -1.10367e+00      8.00000e+00    390s
   831     -8.00933e+00     -1.10367e+00      8.00000e+00    391s
   834     -7.89250e+00     -1.10367e+00      8.00000e+00    393s
   836     -7.89183e+00     -1.10367e+00      8.00000e+00    394s
   840     -7.67450e+00     -1.10367e+00      8.00000e+00    395s
   844     -7.73933e+00     -1.10367e+00      8.00000e+00    396s
   846     -7.76750e+00     -1.10367e+00      8.00000e+00    397s
   848     -7.82117e+00     -1.10367e+00      8.00000e+00    399s
   850     -7.65850e+00     -1.10367e+00      8.00000e+00    400s
   853     -7.93933e+00     -1.10367e+00      8.00000e+00    401s
   856     -8.17867e+00     -1.10367e+00      8.00000e+00    402s
   859     -7.71917e+00     -1.10367e+00      8.00000e+00    403s
   861     -7.91167e+00     -1.10367e+00      8.00000e+00    405s
   863     -7.60017e+00     -1.10367e+00      8.00000e+00    406s
   866     -7.80167e+00     -1.10367e+00      8.00000e+00    407s
   869     -7.82650e+00     -1.10367e+00      8.00000e+00    408s
   871     -7.46217e+00     -1.10367e+00      8.00000e+00    409s
   873     -8.00617e+00     -1.10367e+00      8.00000e+00    410s
   875     -8.28750e+00     -1.10367e+00      8.00000e+00    411s
   878     -7.96350e+00     -1.10367e+00      8.00000e+00    412s
   881     -7.69967e+00     -1.10367e+00      8.00000e+00    413s
   883     -7.76867e+00     -1.10367e+00      8.00000e+00    415s
   885     -8.29800e+00     -1.10367e+00      8.00000e+00    416s
   887     -7.61050e+00     -1.10367e+00      8.00000e+00    417s
   890     -7.29750e+00     -1.10367e+00      8.00000e+00    418s
   894     -7.70350e+00     -1.10367e+00      8.00000e+00    420s
   896     -7.69933e+00     -1.10367e+00      8.00000e+00    421s
   898     -7.88700e+00     -1.10367e+00      8.00000e+00    423s
   900     -7.57150e+00     -1.10367e+00      8.00000e+00    424s
   904     -7.63717e+00     -1.10367e+00      8.00000e+00    425s
   907     -7.89283e+00     -1.10367e+00      8.00000e+00    426s
   909     -7.83150e+00     -1.10367e+00      8.00000e+00    427s
   911     -8.02850e+00     -1.10367e+00      8.00000e+00    428s
   913     -7.68033e+00     -1.10367e+00      8.00000e+00    430s
   917     -7.73067e+00     -1.10367e+00      8.00000e+00    431s
   920     -7.59050e+00     -1.10367e+00      8.00000e+00    432s
   922     -7.82383e+00     -1.10367e+00      8.00000e+00    434s
   924     -7.98233e+00     -1.10367e+00      8.00000e+00    435s
   927     -7.73117e+00     -1.10367e+00      8.00000e+00    436s
   931     -8.01617e+00     -1.10367e+00      8.00000e+00    437s
   933     -7.73283e+00     -1.10367e+00      8.00000e+00    438s
   935     -8.01850e+00     -1.10367e+00      8.00000e+00    439s
   937     -7.83450e+00     -1.10367e+00      8.00000e+00    441s
   940     -7.77817e+00     -1.10367e+00      8.00000e+00    442s
   943     -7.38367e+00     -1.10367e+00      8.00000e+00    443s
   945     -7.38417e+00     -1.10367e+00      8.00000e+00    444s
   947     -7.55667e+00     -1.10367e+00      8.00000e+00    445s
   950     -7.57233e+00     -1.10367e+00      8.00000e+00    447s
   953     -7.58067e+00     -1.10367e+00      8.00000e+00    448s
   956     -7.56033e+00     -1.10367e+00      8.00000e+00    449s
   958     -7.80800e+00     -1.10367e+00      8.00000e+00    451s
   960     -7.65750e+00     -1.10367e+00      8.00000e+00    452s
   963     -7.79900e+00     -1.10367e+00      8.00000e+00    453s
   967     -7.52117e+00     -1.10367e+00      8.00000e+00    454s
   969     -7.05167e+00     -1.10367e+00      8.00000e+00    455s
   971     -7.46417e+00     -1.10367e+00      8.00000e+00    457s
   973     -7.42100e+00     -1.10367e+00      8.00000e+00    458s
   975     -7.99133e+00     -1.10367e+00      8.00000e+00    459s
   980     -7.25600e+00     -1.10367e+00      8.00000e+00    460s
   982     -7.36350e+00     -1.10367e+00      8.00000e+00    461s
   984     -7.96117e+00     -1.10367e+00      8.00000e+00    462s
   986     -7.86083e+00     -1.10367e+00      8.00000e+00    464s
   989     -7.70583e+00     -1.10367e+00      8.00000e+00    465s
   993     -7.65750e+00     -1.10367e+00      8.00000e+00    466s
   995     -7.69850e+00     -1.10367e+00      8.00000e+00    468s
   997     -7.75667e+00     -1.10367e+00      8.00000e+00    469s
   999     -7.80317e+00     -1.10367e+00      8.00000e+00    471s
  1003     -7.31183e+00     -1.10367e+00      8.00000e+00    472s
  1006     -7.33500e+00     -1.10367e+00      8.00000e+00    473s
  1008     -7.18150e+00     -1.10367e+00      8.00000e+00    474s
  1010     -7.82883e+00     -1.10367e+00      8.00000e+00    476s
  1014     -7.80033e+00     -1.10367e+00      8.00000e+00    477s
  1019     -6.92767e+00     -1.10367e+00      8.00000e+00    478s
  1022     -7.19617e+00     -1.10367e+00      8.00000e+00    479s
  1024     -8.13283e+00     -1.10367e+00      8.00000e+00    481s
  1026     -8.05717e+00     -1.10367e+00      8.00000e+00    482s
  1029     -7.44783e+00     -1.10367e+00      8.00000e+00    483s
  1033     -7.04767e+00     -1.10367e+00      8.00000e+00    485s
  1035     -7.56083e+00     -1.10367e+00      8.00000e+00    486s
  1037     -7.76100e+00     -1.10367e+00      8.00000e+00    487s
  1039     -7.60833e+00     -1.10367e+00      8.00000e+00    488s
  1042     -7.08667e+00     -1.10367e+00      8.00000e+00    489s
  1045     -6.97167e+00     -1.10367e+00      8.00000e+00    490s
  1047     -7.49850e+00     -1.10367e+00      8.00000e+00    492s
  1049     -8.08900e+00     -1.10367e+00      8.00000e+00    493s
  1052     -7.86317e+00     -1.10367e+00      8.00000e+00    494s
  1055     -7.52167e+00     -1.10367e+00      8.00000e+00    495s
  1058     -7.30767e+00     -1.10367e+00      8.00000e+00    497s
  1060     -7.58483e+00     -1.10367e+00      8.00000e+00    498s
  1062     -7.72617e+00     -1.10367e+00      8.00000e+00    499s
  1064     -7.97917e+00     -1.10367e+00      8.00000e+00    500s
  1068     -7.59083e+00     -1.10367e+00      8.00000e+00    502s
  1071     -7.26283e+00     -1.10367e+00      8.00000e+00    503s
  1073     -7.62550e+00     -1.10367e+00      8.00000e+00    504s
  1075     -7.71400e+00     -1.10367e+00      8.00000e+00    505s
  1078     -7.19183e+00     -1.10367e+00      8.00000e+00    507s
  1083     -7.65100e+00     -1.10367e+00      8.00000e+00    508s
  1085     -7.80900e+00     -1.10367e+00      8.00000e+00    509s
  1087     -7.58717e+00     -1.10367e+00      8.00000e+00    510s
  1089     -7.41000e+00     -1.10367e+00      8.00000e+00    511s
  1091     -7.53900e+00     -1.10367e+00      8.00000e+00    512s
  1095     -7.37467e+00     -1.10367e+00      8.00000e+00    513s
  1098     -7.52133e+00     -1.10367e+00      8.00000e+00    515s
  1101     -7.49200e+00     -1.10367e+00      8.00000e+00    516s
  1103     -7.67500e+00     -1.10367e+00      8.00000e+00    517s
  1107     -7.14617e+00     -1.10367e+00      8.00000e+00    519s
  1112     -8.11383e+00     -1.10367e+00      8.00000e+00    520s
  1115     -7.72800e+00     -1.10367e+00      8.00000e+00    522s
  1117     -7.48117e+00     -1.10367e+00      8.00000e+00    523s
  1120     -7.32417e+00     -1.10367e+00      8.00000e+00    524s
  1124     -8.07117e+00     -1.10367e+00      8.00000e+00    525s
  1128     -7.57250e+00     -1.10367e+00      8.00000e+00    526s
  1130     -7.24417e+00     -1.10367e+00      8.00000e+00    528s
  1131     -7.09650e+00     -1.10367e+00      8.00000e+00    529s
  1133     -7.70300e+00     -1.10367e+00      8.00000e+00    530s
  1137     -7.79383e+00     -1.10367e+00      8.00000e+00    531s
  1140     -7.59433e+00     -1.10367e+00      8.00000e+00    532s
  1142     -7.53467e+00     -1.10367e+00      8.00000e+00    533s
  1144     -7.57650e+00     -1.10367e+00      8.00000e+00    535s
  1147     -7.38250e+00     -1.10367e+00      8.00000e+00    536s
  1151     -7.82283e+00     -1.10367e+00      8.00000e+00    537s
  1153     -7.79933e+00     -1.10367e+00      8.00000e+00    538s
  1156     -7.43433e+00     -1.10367e+00      8.00000e+00    540s
  1159     -7.65733e+00     -1.10367e+00      8.00000e+00    541s
  1162     -7.90950e+00     -1.10367e+00      8.00000e+00    542s
  1166     -7.80467e+00     -1.10367e+00      8.00000e+00    543s
  1168     -7.41483e+00     -1.10367e+00      8.00000e+00    545s
  1171     -7.64550e+00     -1.10367e+00      8.00000e+00    546s
  1174     -7.88650e+00     -1.10367e+00      8.00000e+00    547s
  1178     -7.43933e+00     -1.10367e+00      8.00000e+00    549s
  1181     -7.68067e+00     -1.10367e+00      8.00000e+00    550s
  1183     -7.51600e+00     -1.10367e+00      8.00000e+00    551s
  1185     -7.81917e+00     -1.10367e+00      8.00000e+00    552s
  1188     -7.86900e+00     -1.10367e+00      8.00000e+00    554s
  1192     -7.15533e+00     -1.10367e+00      8.00000e+00    555s
  1194     -7.85583e+00     -1.10367e+00      8.00000e+00    556s
  1196     -7.69050e+00     -1.10367e+00      8.00000e+00    557s
  1198     -7.78650e+00     -1.10367e+00      8.00000e+00    558s
  1201     -7.91583e+00     -1.10367e+00      8.00000e+00    559s
  1206     -7.84033e+00     -1.10367e+00      8.00000e+00    561s
  1208     -7.64600e+00     -1.10367e+00      8.00000e+00    562s
  1210     -8.10217e+00     -1.10367e+00      8.00000e+00    563s
  1212     -7.64783e+00     -1.10367e+00      8.00000e+00    564s
  1215     -7.79333e+00     -1.10367e+00      8.00000e+00    566s
  1218     -7.48417e+00     -1.10367e+00      8.00000e+00    567s
  1220     -8.10900e+00     -1.10367e+00      8.00000e+00    568s
  1222     -7.77433e+00     -1.10367e+00      8.00000e+00    569s
  1225     -7.95667e+00     -1.10367e+00      8.00000e+00    571s
  1229     -7.70983e+00     -1.10367e+00      8.00000e+00    572s
  1232     -7.68250e+00     -1.10367e+00      8.00000e+00    573s
  1234     -7.37950e+00     -1.10367e+00      8.00000e+00    575s
  1236     -7.49583e+00     -1.10367e+00      8.00000e+00    576s
  1239     -7.81717e+00     -1.10367e+00      8.00000e+00    577s
  1243     -7.64100e+00     -1.10367e+00      8.00000e+00    578s
  1245     -7.62267e+00     -1.10367e+00      8.00000e+00    579s
  1247     -7.80150e+00     -1.10367e+00      8.00000e+00    581s
  1249     -7.62433e+00     -1.10367e+00      8.00000e+00    582s
  1252     -7.51317e+00     -1.10367e+00      8.00000e+00    583s
  1256     -8.15983e+00     -1.10367e+00      8.00000e+00    584s
  1259     -7.89133e+00     -1.10367e+00      8.00000e+00    586s
  1261     -7.76733e+00     -1.10367e+00      8.00000e+00    587s
  1264     -7.99817e+00     -1.10367e+00      8.00000e+00    588s
  1269     -7.72117e+00     -1.10367e+00      8.00000e+00    589s
  1272     -7.63867e+00     -1.10367e+00      8.00000e+00    591s
  1274     -7.62767e+00     -1.10367e+00      8.00000e+00    592s
  1276     -8.03333e+00     -1.10367e+00      8.00000e+00    593s
  1279     -7.55683e+00     -1.10367e+00      8.00000e+00    594s
  1283     -7.90800e+00     -1.10367e+00      8.00000e+00    596s
  1286     -7.72583e+00     -1.10367e+00      8.00000e+00    597s
  1288     -7.75383e+00     -1.10367e+00      8.00000e+00    599s
  1290     -7.79450e+00     -1.10367e+00      8.00000e+00    600s
  1295     -8.22433e+00     -1.10367e+00      8.00000e+00    601s
  1298     -7.46183e+00     -1.10367e+00      8.00000e+00    602s
  1300     -8.18083e+00     -1.10367e+00      8.00000e+00    603s
  1302     -7.64417e+00     -1.10367e+00      8.00000e+00    604s
  1304     -7.74283e+00     -1.10367e+00      8.00000e+00    606s
  1307     -7.94250e+00     -1.10367e+00      8.00000e+00    607s
  1311     -7.91733e+00     -1.10367e+00      8.00000e+00    608s
  1313     -7.79367e+00     -1.10367e+00      8.00000e+00    609s
  1315     -7.87600e+00     -1.10367e+00      8.00000e+00    610s
  1317     -8.14667e+00     -1.10367e+00      8.00000e+00    611s
  1320     -7.87283e+00     -1.10367e+00      8.00000e+00    613s
  1324     -7.47583e+00     -1.10367e+00      8.00000e+00    614s
  1326     -7.78450e+00     -1.10367e+00      8.00000e+00    615s
  1328     -7.91233e+00     -1.10367e+00      8.00000e+00    616s
  1330     -8.01217e+00     -1.10367e+00      8.00000e+00    617s
  1332     -7.80150e+00     -1.10367e+00      8.00000e+00    618s
  1335     -7.53683e+00     -1.10367e+00      8.00000e+00    620s
  1338     -8.08033e+00     -1.10367e+00      8.00000e+00    621s
  1340     -7.54450e+00     -1.10367e+00      8.00000e+00    622s
  1342     -7.95383e+00     -1.10367e+00      8.00000e+00    623s
  1345     -7.69217e+00     -1.10367e+00      8.00000e+00    625s
  1349     -7.95900e+00     -1.10367e+00      8.00000e+00    626s
  1352     -7.54517e+00     -1.10367e+00      8.00000e+00    627s
  1354     -7.68083e+00     -1.10367e+00      8.00000e+00    629s
  1356     -7.60783e+00     -1.10367e+00      8.00000e+00    630s
  1359     -7.91217e+00     -1.10367e+00      8.00000e+00    631s
  1363     -7.96917e+00     -1.10367e+00      8.00000e+00    632s
  1365     -7.70883e+00     -1.10367e+00      8.00000e+00    633s
  1367     -7.58567e+00     -1.10367e+00      8.00000e+00    635s
  1369     -7.77183e+00     -1.10367e+00      8.00000e+00    636s
  1372     -7.88517e+00     -1.10367e+00      8.00000e+00    637s
  1375     -8.00050e+00     -1.10367e+00      8.00000e+00    638s
  1377     -7.98967e+00     -1.10367e+00      8.00000e+00    639s
  1380     -7.86967e+00     -1.10367e+00      8.00000e+00    641s
  1382     -8.24050e+00     -1.10367e+00      8.00000e+00    642s
  1386     -7.89450e+00     -1.10367e+00      8.00000e+00    643s
  1390     -7.91817e+00     -1.10367e+00      8.00000e+00    644s
  1392     -7.87433e+00     -1.10367e+00      8.00000e+00    645s
  1394     -7.77850e+00     -1.10367e+00      8.00000e+00    646s
  1396     -7.82033e+00     -1.10367e+00      8.00000e+00    648s
  1401     -7.77700e+00     -1.10367e+00      8.00000e+00    649s
  1403     -7.77550e+00     -1.10367e+00      8.00000e+00    650s
  1405     -7.76733e+00     -1.10367e+00      8.00000e+00    651s
  1408     -7.74067e+00     -1.10367e+00      8.00000e+00    653s
  1411     -7.79133e+00     -1.10367e+00      8.00000e+00    654s
  1415     -7.93050e+00     -1.10367e+00      8.00000e+00    655s
  1417     -8.10167e+00     -1.10367e+00      8.00000e+00    656s
  1419     -7.68883e+00     -1.10367e+00      8.00000e+00    657s
  1422     -8.00533e+00     -1.10367e+00      8.00000e+00    659s
  1424     -7.58483e+00     -1.10367e+00      8.00000e+00    660s
  1428     -8.08683e+00     -1.10367e+00      8.00000e+00    661s
  1431     -8.00583e+00     -1.10367e+00      8.00000e+00    662s
  1433     -7.58550e+00     -1.10367e+00      8.00000e+00    664s
  1435     -8.02267e+00     -1.10367e+00      8.00000e+00    665s
  1438     -7.68700e+00     -1.10367e+00      8.00000e+00    666s
  1441     -8.25200e+00     -1.10367e+00      8.00000e+00    667s
  1443     -8.34983e+00     -1.10367e+00      8.00000e+00    668s
  1445     -7.86133e+00     -1.10367e+00      8.00000e+00    669s
  1447     -7.62367e+00     -1.10367e+00      8.00000e+00    670s
  1451     -7.83533e+00     -1.10367e+00      8.00000e+00    671s
  1455     -8.29067e+00     -1.10367e+00      8.00000e+00    673s
  1458     -7.93850e+00     -1.10367e+00      8.00000e+00    674s
  1460     -7.63450e+00     -1.10367e+00      8.00000e+00    675s
  1462     -7.50833e+00     -1.10367e+00      8.00000e+00    676s
  1465     -8.13167e+00     -1.10367e+00      8.00000e+00    677s
  1468     -7.68600e+00     -1.10367e+00      8.00000e+00    679s
  1471     -7.80533e+00     -1.10367e+00      8.00000e+00    680s
  1473     -7.89317e+00     -1.10367e+00      8.00000e+00    681s
  1476     -7.61333e+00     -1.10367e+00      8.00000e+00    683s
  1480     -7.68750e+00     -1.10367e+00      8.00000e+00    684s
  1482     -7.60750e+00     -1.10367e+00      8.00000e+00    685s
  1484     -8.02600e+00     -1.10367e+00      8.00000e+00    686s
  1486     -7.96417e+00     -1.10367e+00      8.00000e+00    688s
  1488     -7.81267e+00     -1.10367e+00      8.00000e+00    689s
  1492     -7.69550e+00     -1.10367e+00      8.00000e+00    690s
  1495     -7.95033e+00     -1.10367e+00      8.00000e+00    692s
  1497     -7.74417e+00     -1.10367e+00      8.00000e+00    693s
  1499     -7.79283e+00     -1.10367e+00      8.00000e+00    694s
  1502     -8.04067e+00     -1.10367e+00      8.00000e+00    695s
  1506     -8.09900e+00     -1.10367e+00      8.00000e+00    697s
  1508     -7.83550e+00     -1.10367e+00      8.00000e+00    698s
  1510     -7.54167e+00     -1.10367e+00      8.00000e+00    699s
  1512     -7.69217e+00     -1.10367e+00      8.00000e+00    700s
  1517     -7.68000e+00     -1.10367e+00      8.00000e+00    701s
  1521     -7.82250e+00     -1.10367e+00      8.00000e+00    702s
  1523     -8.01100e+00     -1.10367e+00      8.00000e+00    704s
  1525     -7.82517e+00     -1.10367e+00      8.00000e+00    705s
  1527     -8.15500e+00     -1.10367e+00      8.00000e+00    706s
  1531     -7.70383e+00     -1.10367e+00      8.00000e+00    707s
  1534     -8.05000e+00     -1.10367e+00      8.00000e+00    708s
  1536     -8.16083e+00     -1.10367e+00      8.00000e+00    710s
  1538     -8.00250e+00     -1.10367e+00      8.00000e+00    711s
  1541     -8.24283e+00     -1.10367e+00      8.00000e+00    712s
  1545     -7.71767e+00     -1.10367e+00      8.00000e+00    713s
  1547     -7.74117e+00     -1.10367e+00      8.00000e+00    714s
  1549     -7.67500e+00     -1.10367e+00      8.00000e+00    716s
  1551     -7.75483e+00     -1.10367e+00      8.00000e+00    717s
  1554     -7.86250e+00     -1.10367e+00      8.00000e+00    718s
  1558     -8.32550e+00     -1.10367e+00      8.00000e+00    719s
  1561     -7.58383e+00     -1.10367e+00      8.00000e+00    721s
  1563     -8.01300e+00     -1.10367e+00      8.00000e+00    722s
  1565     -8.04017e+00     -1.10367e+00      8.00000e+00    723s
  1568     -7.84067e+00     -1.10367e+00      8.00000e+00    724s
  1572     -8.04833e+00     -1.10367e+00      8.00000e+00    726s
  1574     -7.65050e+00     -1.10367e+00      8.00000e+00    727s
  1576     -7.80767e+00     -1.10367e+00      8.00000e+00    728s
  1578     -7.59017e+00     -1.10367e+00      8.00000e+00    729s
  1581     -7.84950e+00     -1.10367e+00      8.00000e+00    730s
  1584     -7.67700e+00     -1.10367e+00      8.00000e+00    731s
  1586     -7.91583e+00     -1.10367e+00      8.00000e+00    732s
  1588     -7.63967e+00     -1.10367e+00      8.00000e+00    733s
  1591     -8.09583e+00     -1.10367e+00      8.00000e+00    735s
  1594     -8.23333e+00     -1.10367e+00      8.00000e+00    736s
  1598     -8.10700e+00     -1.10367e+00      8.00000e+00    737s
  1600     -7.46233e+00     -1.10367e+00      8.00000e+00    738s
  1602     -7.73167e+00     -1.10367e+00      8.00000e+00    739s
  1604     -7.69967e+00     -1.10367e+00      8.00000e+00    740s
  1608     -7.93383e+00     -1.10367e+00      8.00000e+00    742s
  1612     -8.11783e+00     -1.10367e+00      8.00000e+00    743s
  1614     -7.70333e+00     -1.10367e+00      8.00000e+00    744s
  1616     -7.79383e+00     -1.10367e+00      8.00000e+00    745s
  1618     -7.65400e+00     -1.10367e+00      8.00000e+00    747s
  1621     -8.11983e+00     -1.10367e+00      8.00000e+00    748s
  1625     -7.79017e+00     -1.10367e+00      8.00000e+00    749s
  1627     -7.84883e+00     -1.10367e+00      8.00000e+00    750s
  1630     -7.66817e+00     -1.10367e+00      8.00000e+00    752s
  1632     -7.85550e+00     -1.10367e+00      8.00000e+00    753s
  1634     -7.98233e+00     -1.10367e+00      8.00000e+00    754s
  1638     -8.21417e+00     -1.10367e+00      8.00000e+00    755s
  1640     -8.16917e+00     -1.10367e+00      8.00000e+00    756s
  1642     -7.99600e+00     -1.10367e+00      8.00000e+00    758s
  1644     -8.39083e+00     -1.10367e+00      8.00000e+00    759s
  1647     -8.24500e+00     -1.10367e+00      8.00000e+00    760s
  1651     -7.67633e+00     -1.10367e+00      8.00000e+00    761s
  1653     -7.87067e+00     -1.10367e+00      8.00000e+00    763s
  1655     -7.51767e+00     -1.10367e+00      8.00000e+00    765s
  1657     -7.83583e+00     -1.10367e+00      8.00000e+00    766s
  1660     -7.43950e+00     -1.10367e+00      8.00000e+00    767s
  1662     -8.07200e+00     -1.10367e+00      8.00000e+00    769s
  1664     -7.76767e+00     -1.10367e+00      8.00000e+00    770s
  1666     -7.65933e+00     -1.10367e+00      8.00000e+00    771s
  1669     -7.72483e+00     -1.10367e+00      8.00000e+00    772s
  1672     -7.95283e+00     -1.10367e+00      8.00000e+00    773s
  1674     -7.90850e+00     -1.10367e+00      8.00000e+00    774s
  1676     -7.92067e+00     -1.10367e+00      8.00000e+00    775s
  1678     -7.97550e+00     -1.10367e+00      8.00000e+00    776s
  1681     -7.42767e+00     -1.10367e+00      8.00000e+00    777s
  1686     -7.55733e+00     -1.10367e+00      8.00000e+00    779s
  1688     -8.00883e+00     -1.10367e+00      8.00000e+00    780s
  1690     -8.08483e+00     -1.10367e+00      8.00000e+00    781s
  1693     -7.95533e+00     -1.10367e+00      8.00000e+00    783s
  1697     -7.51667e+00     -1.10367e+00      8.00000e+00    784s
  1700     -8.07100e+00     -1.10367e+00      8.00000e+00    785s
  1702     -7.75650e+00     -1.10367e+00      8.00000e+00    787s
  1704     -7.95600e+00     -1.10367e+00      8.00000e+00    788s
  1706     -8.08883e+00     -1.10367e+00      8.00000e+00    789s
  1710     -7.44333e+00     -1.10367e+00      8.00000e+00    790s
  1712     -8.02517e+00     -1.10367e+00      8.00000e+00    791s
  1714     -8.03550e+00     -1.10367e+00      8.00000e+00    793s
  1716     -8.08967e+00     -1.10367e+00      8.00000e+00    794s
  1718     -7.95483e+00     -1.10367e+00      8.00000e+00    795s
  1723     -7.91000e+00     -1.10367e+00      8.00000e+00    797s
  1725     -8.05167e+00     -1.10367e+00      8.00000e+00    798s
  1727     -8.05250e+00     -1.10367e+00      8.00000e+00    799s
  1730     -7.79733e+00     -1.10367e+00      8.00000e+00    801s
  1735     -7.64367e+00     -1.10367e+00      8.00000e+00    802s
  1737     -7.50400e+00     -1.10367e+00      8.00000e+00    803s
  1739     -7.77133e+00     -1.10367e+00      8.00000e+00    804s
  1741     -7.98200e+00     -1.10367e+00      8.00000e+00    806s
  1744     -7.89517e+00     -1.10367e+00      8.00000e+00    807s
  1748     -8.00917e+00     -1.10367e+00      8.00000e+00    808s
  1750     -7.57117e+00     -1.10367e+00      8.00000e+00    809s
  1752     -8.40900e+00     -1.10367e+00      8.00000e+00    811s
  1754     -8.03600e+00     -1.10367e+00      8.00000e+00    812s
  1758     -8.08683e+00     -1.10367e+00      8.00000e+00    813s
  1760     -8.22583e+00     -1.10367e+00      8.00000e+00    814s
  1762     -7.90450e+00     -1.10367e+00      8.00000e+00    815s
  1764     -7.89850e+00     -1.10367e+00      8.00000e+00    816s
  1767     -7.89717e+00     -1.10367e+00      8.00000e+00    818s
  1771     -7.71233e+00     -1.10367e+00      8.00000e+00    819s
  1773     -7.44900e+00     -1.10367e+00      8.00000e+00    821s
  1775     -7.86283e+00     -1.10367e+00      8.00000e+00    822s
  1777     -8.24867e+00     -1.10367e+00      8.00000e+00    823s
  1780     -7.78267e+00     -1.10367e+00      8.00000e+00    824s
  1784     -7.74033e+00     -1.10367e+00      8.00000e+00    825s
  1786     -8.21767e+00     -1.10367e+00      8.00000e+00    827s
  1788     -7.76600e+00     -1.10367e+00      8.00000e+00    828s
  1790     -7.77833e+00     -1.10367e+00      8.00000e+00    829s
  1793     -7.70117e+00     -1.10367e+00      8.00000e+00    830s
  1797     -7.99517e+00     -1.10367e+00      8.00000e+00    831s
  1799     -7.67517e+00     -1.10367e+00      8.00000e+00    833s
  1802     -7.80350e+00     -1.10367e+00      8.00000e+00    834s
  1805     -8.24450e+00     -1.10367e+00      8.00000e+00    836s
  1810     -8.60800e+00     -1.10367e+00      8.00000e+00    837s
  1812     -7.67017e+00     -1.10367e+00      8.00000e+00    838s
  1814     -7.43550e+00     -1.10367e+00      8.00000e+00    840s
  1816     -7.81300e+00     -1.10367e+00      8.00000e+00    841s
  1818     -7.43417e+00     -1.10367e+00      8.00000e+00    842s
  1822     -8.08600e+00     -1.10367e+00      8.00000e+00    843s
  1824     -7.82800e+00     -1.10367e+00      8.00000e+00    844s
  1826     -7.66467e+00     -1.10367e+00      8.00000e+00    845s
  1829     -8.03467e+00     -1.10367e+00      8.00000e+00    846s
  1833     -7.96617e+00     -1.10367e+00      8.00000e+00    847s
  1836     -8.07350e+00     -1.10367e+00      8.00000e+00    849s
  1838     -7.88283e+00     -1.10367e+00      8.00000e+00    850s
  1839     -7.70167e+00     -1.10367e+00      8.00000e+00    851s
  1841     -7.86733e+00     -1.10367e+00      8.00000e+00    853s
  1845     -7.67000e+00     -1.10367e+00      8.00000e+00    854s
  1848     -7.68367e+00     -1.10367e+00      8.00000e+00    855s
  1850     -7.88450e+00     -1.10367e+00      8.00000e+00    856s
  1852     -7.96950e+00     -1.10367e+00      8.00000e+00    857s
  1855     -8.10700e+00     -1.10367e+00      8.00000e+00    859s
  1859     -7.90883e+00     -1.10367e+00      8.00000e+00    860s
  1861     -7.86033e+00     -1.10367e+00      8.00000e+00    861s
  1863     -7.70350e+00     -1.10367e+00      8.00000e+00    863s
  1866     -7.58200e+00     -1.10367e+00      8.00000e+00    864s
  1870     -7.99617e+00     -1.10367e+00      8.00000e+00    865s
  1872     -8.04333e+00     -1.10367e+00      8.00000e+00    866s
  1874     -7.97850e+00     -1.10367e+00      8.00000e+00    867s
  1876     -7.82983e+00     -1.10367e+00      8.00000e+00    869s
  1879     -8.19800e+00     -1.10367e+00      8.00000e+00    870s
  1882     -8.35667e+00     -1.10367e+00      8.00000e+00    871s
  1884     -8.00583e+00     -1.10367e+00      8.00000e+00    873s
  1886     -8.13567e+00     -1.10367e+00      8.00000e+00    874s
  1888     -7.86917e+00     -1.10367e+00      8.00000e+00    875s
  1891     -7.77133e+00     -1.10367e+00      8.00000e+00    876s
  1894     -7.99283e+00     -1.10367e+00      8.00000e+00    877s
  1896     -7.97233e+00     -1.10367e+00      8.00000e+00    878s
  1898     -7.89383e+00     -1.10367e+00      8.00000e+00    880s
  1900     -7.75117e+00     -1.10367e+00      8.00000e+00    881s
  1903     -7.89067e+00     -1.10367e+00      8.00000e+00    882s
  1906     -8.46783e+00     -1.10367e+00      8.00000e+00    883s
  1909     -8.79167e+00     -1.10367e+00      8.00000e+00    885s
  1911     -7.90517e+00     -1.10367e+00      8.00000e+00    886s
  1914     -7.91383e+00     -1.10367e+00      8.00000e+00    888s
  1918     -8.07983e+00     -1.10367e+00      8.00000e+00    889s
  1920     -8.04583e+00     -1.10367e+00      8.00000e+00    890s
  1922     -8.09700e+00     -1.10367e+00      8.00000e+00    891s
  1924     -7.79250e+00     -1.10367e+00      8.00000e+00    892s
  1927     -7.99133e+00     -1.10367e+00      8.00000e+00    894s
  1930     -8.51600e+00     -1.10367e+00      8.00000e+00    895s
  1933     -8.44833e+00     -1.10367e+00      8.00000e+00    896s
  1935     -8.16417e+00     -1.10367e+00      8.00000e+00    897s
  1937     -7.66267e+00     -1.10367e+00      8.00000e+00    899s
  1940     -7.83100e+00     -1.10367e+00      8.00000e+00    900s
  1943     -8.21900e+00     -1.10367e+00      8.00000e+00    901s
  1945     -8.44667e+00     -1.10367e+00      8.00000e+00    902s
  1947     -7.93083e+00     -1.10367e+00      8.00000e+00    903s
  1949     -7.56483e+00     -1.10367e+00      8.00000e+00    904s
  1952     -7.75850e+00     -1.10367e+00      8.00000e+00    906s
  1956     -8.81033e+00     -1.10367e+00      8.00000e+00    907s
  1958     -8.86850e+00     -1.10367e+00      8.00000e+00    908s
  1960     -8.30983e+00     -1.10367e+00      8.00000e+00    910s
  1962     -8.03717e+00     -1.10367e+00      8.00000e+00    911s
  1966     -7.95700e+00     -1.10367e+00      8.00000e+00    912s
  1969     -8.08850e+00     -1.10367e+00      8.00000e+00    913s
  1971     -8.41100e+00     -1.10367e+00      8.00000e+00    914s
  1973     -8.02217e+00     -1.10367e+00      8.00000e+00    916s
  1975     -8.02433e+00     -1.10367e+00      8.00000e+00    917s
  1979     -8.33417e+00     -1.10367e+00      8.00000e+00    918s
  1981     -8.98033e+00     -1.10367e+00      8.00000e+00    919s
  1983     -8.27500e+00     -1.10367e+00      8.00000e+00    920s
  1986     -7.51717e+00     -1.10367e+00      8.00000e+00    922s
  1989     -7.14617e+00     -1.10367e+00      8.00000e+00    923s
  1993     -8.03483e+00     -1.10367e+00      8.00000e+00    924s
  1995     -8.34183e+00     -1.10367e+00      8.00000e+00    925s
  1997     -8.23333e+00     -1.10367e+00      8.00000e+00    927s
  1999     -7.77900e+00     -1.10367e+00      8.00000e+00    928s
  2002     -7.79617e+00     -1.10367e+00      8.00000e+00    929s
  2006     -8.50100e+00     -1.10367e+00      8.00000e+00    930s
  2008     -9.45150e+00     -1.10367e+00      8.00000e+00    931s
  2010     -8.48950e+00     -1.10367e+00      8.00000e+00    932s
  2012     -7.79700e+00     -1.10367e+00      8.00000e+00    934s
  2015     -7.70217e+00     -1.10367e+00      8.00000e+00    935s
  2019     -8.73833e+00     -1.10367e+00      8.00000e+00    936s
  2021     -8.77467e+00     -1.10367e+00      8.00000e+00    938s
  2023     -8.39750e+00     -1.10367e+00      8.00000e+00    939s
  2025     -7.51850e+00     -1.10367e+00      8.00000e+00    940s
  2029     -8.19067e+00     -1.10367e+00      8.00000e+00    941s
  2032     -8.90400e+00     -1.10367e+00      8.00000e+00    942s
  2034     -9.00833e+00     -1.10367e+00      8.00000e+00    944s
  2036     -8.19950e+00     -1.10367e+00      8.00000e+00    945s
  2038     -7.87300e+00     -1.10367e+00      8.00000e+00    946s
  2042     -7.99417e+00     -1.10367e+00      8.00000e+00    948s
  2044     -8.58317e+00     -1.10367e+00      8.00000e+00    949s
  2046     -8.37950e+00     -1.10367e+00      8.00000e+00    950s
  2048     -8.23133e+00     -1.10367e+00      8.00000e+00    951s
  2050     -7.82767e+00     -1.10367e+00      8.00000e+00    952s
  2053     -8.52917e+00     -1.10367e+00      8.00000e+00    953s
  2055     -8.87633e+00     -1.10367e+00      8.00000e+00    955s
  2057     -9.35700e+00     -1.10367e+00      8.00000e+00    956s
  2059     -9.28033e+00     -1.10367e+00      8.00000e+00    958s
  2063     -7.84617e+00     -1.10367e+00      8.00000e+00    959s
  2065     -7.73217e+00     -1.10367e+00      8.00000e+00    960s
  2067     -7.74650e+00     -1.10367e+00      8.00000e+00    961s
  2069     -8.43933e+00     -1.10367e+00      8.00000e+00    963s
  2072     -8.25583e+00     -1.10367e+00      8.00000e+00    964s
  2076     -8.05383e+00     -1.10367e+00      8.00000e+00    966s
  2078     -8.44000e+00     -1.10367e+00      8.00000e+00    967s
  2080     -9.28267e+00     -1.10367e+00      8.00000e+00    968s
  2083     -9.61617e+00     -1.10367e+00      8.00000e+00    970s
  2087     -7.76333e+00     -1.10367e+00      8.00000e+00    971s
  2090     -7.46033e+00     -1.10367e+00      8.00000e+00    973s
  2092     -8.16700e+00     -1.10367e+00      8.00000e+00    974s
  2094     -8.56250e+00     -1.10367e+00      8.00000e+00    975s
  2098     -7.93633e+00     -1.10367e+00      8.00000e+00    976s
  2101     -7.72383e+00     -1.10367e+00      8.00000e+00    978s
  2103     -9.01617e+00     -1.10367e+00      8.00000e+00    979s
  2105     -1.04340e+01     -1.10367e+00      8.00000e+00    980s
  2108     -1.08730e+01     -1.10367e+00      8.00000e+00    981s
  2112     -8.38717e+00     -1.10367e+00      8.00000e+00    983s
  2114     -7.15233e+00     -1.10367e+00      8.00000e+00    984s
  2116     -8.11000e+00     -1.10367e+00      8.00000e+00    985s
  2118     -9.08067e+00     -1.10367e+00      8.00000e+00    986s
  2120     -9.11333e+00     -1.10367e+00      8.00000e+00    987s
  2124     -7.94583e+00     -1.10367e+00      8.00000e+00    989s
  2126     -8.12200e+00     -1.10367e+00      8.00000e+00    990s
  2128     -9.32700e+00     -1.10367e+00      8.00000e+00    991s
  2131     -1.10683e+01     -1.10367e+00      8.00000e+00    993s
  2134     -1.01102e+01     -1.10367e+00      8.00000e+00    994s
  2137     -7.78350e+00     -1.10367e+00      8.00000e+00    995s
  2139     -7.37117e+00     -1.10367e+00      8.00000e+00    996s
  2141     -8.16967e+00     -1.10367e+00      8.00000e+00    997s
  2144     -9.40383e+00     -1.10367e+00      8.00000e+00    999s
  2148     -7.80200e+00     -1.10367e+00      8.00000e+00   1000s
  2151     -7.90683e+00     -1.10367e+00      8.00000e+00   1002s
  2153     -9.86783e+00     -1.10367e+00      8.00000e+00   1003s
  2155     -1.22490e+01     -1.10367e+00      8.00000e+00   1004s
  2158     -1.22233e+01     -1.10367e+00      8.00000e+00   1005s
  2162     -7.98933e+00     -1.10367e+00      8.00000e+00   1007s
  2164     -7.80850e+00     -1.10367e+00      8.00000e+00   1008s
  2166     -8.84617e+00     -1.10367e+00      8.00000e+00   1009s
  2168     -1.04092e+01     -1.10367e+00      8.00000e+00   1010s
  2170     -9.95400e+00     -1.10367e+00      8.00000e+00   1011s
  2173     -8.07267e+00     -1.10367e+00      8.00000e+00   1012s
  2175     -8.11100e+00     -1.10367e+00      8.00000e+00   1013s
  2177     -9.35867e+00     -1.10367e+00      8.00000e+00   1015s
  2179     -1.18988e+01     -1.10367e+00      8.00000e+00   1016s
  2182     -1.31020e+01     -1.10367e+00      8.00000e+00   1017s
  2185     -9.36150e+00     -1.10367e+00      8.00000e+00   1018s
  2187     -7.36267e+00     -1.10367e+00      8.00000e+00   1019s
  2189     -7.93433e+00     -1.10367e+00      8.00000e+00   1020s
  2191     -9.37100e+00     -1.10367e+00      8.00000e+00   1022s
  2194     -1.05802e+01     -1.10367e+00      8.00000e+00   1023s
  2197     -8.55517e+00     -1.10367e+00      8.00000e+00   1024s
  2200     -7.83683e+00     -1.10367e+00      8.00000e+00   1025s
  2202     -9.66250e+00     -1.10367e+00      8.00000e+00   1027s
  2204     -1.35597e+01     -1.10367e+00      8.00000e+00   1028s
  2208     -1.37577e+01     -1.10367e+00      8.00000e+00   1029s
  2211     -8.92550e+00     -1.10367e+00      8.00000e+00   1030s
  2213     -7.68067e+00     -1.10367e+00      8.00000e+00   1031s
  2215     -9.07083e+00     -1.10367e+00      8.00000e+00   1033s
  2217     -1.08160e+01     -1.10367e+00      8.00000e+00   1034s
  2220     -1.07325e+01     -1.10367e+00      8.00000e+00   1035s
  2224     -7.89483e+00     -1.10367e+00      8.00000e+00   1036s
  2226     -8.89033e+00     -1.10367e+00      8.00000e+00   1037s
  2229     -1.38692e+01     -1.10367e+00      8.00000e+00   1039s
  2231     -1.48632e+01     -1.10367e+00      8.00000e+00   1040s
  2234     -1.15255e+01     -1.10367e+00      8.00000e+00   1041s
  2237     -7.37283e+00     -1.10367e+00      8.00000e+00   1042s
  2240     -9.58500e+00     -1.10367e+00      8.00000e+00   1044s
  2242     -1.05363e+01     -1.10367e+00      8.00000e+00   1045s
  2245     -1.00652e+01     -1.10367e+00      8.00000e+00   1047s
  2249     -8.16567e+00     -1.10367e+00      8.00000e+00   1048s
  2251     -8.62483e+00     -1.10367e+00      8.00000e+00   1049s
  2253     -1.23103e+01     -1.10367e+00      8.00000e+00   1050s
  2255     -1.55610e+01     -1.10367e+00      8.00000e+00   1051s
  2257     -1.46825e+01     -1.10367e+00      8.00000e+00   1052s
  2261     -9.07800e+00     -1.10367e+00      8.00000e+00   1053s
  2263     -7.51067e+00     -1.10367e+00      8.00000e+00   1054s
  2266     -9.59017e+00     -1.10367e+00      8.00000e+00   1056s
  2268     -1.03367e+01     -1.10367e+00      8.00000e+00   1057s
  2271     -8.53583e+00     -1.10367e+00      8.00000e+00   1059s
  2276     -9.82233e+00     -1.10367e+00      8.00000e+00   1060s
  2278     -1.34365e+01     -1.10367e+00      8.00000e+00   1062s
  2281     -1.58060e+01     -1.10367e+00      8.00000e+00   1063s
  2285     -9.61367e+00     -1.10367e+00      8.00000e+00   1064s
  2288     -7.42667e+00     -1.10367e+00      8.00000e+00   1065s
  2290     -9.13667e+00     -1.10367e+00      8.00000e+00   1067s
  2292     -1.03555e+01     -1.10367e+00      8.00000e+00   1068s
  2295     -8.67117e+00     -1.10367e+00      8.00000e+00   1070s
  2299     -7.89217e+00     -1.10367e+00      8.00000e+00   1071s
  2301     -9.15367e+00     -1.10367e+00      8.00000e+00   1072s
  2303     -1.26700e+01     -1.10367e+00      8.00000e+00   1073s
  2305     -1.52690e+01     -1.10367e+00      8.00000e+00   1074s
  2308     -1.25673e+01     -1.10367e+00      8.00000e+00   1076s
  2312     -8.03600e+00     -1.10367e+00      8.00000e+00   1077s
  2314     -7.99550e+00     -1.10367e+00      8.00000e+00   1078s
  2317     -8.57600e+00     -1.10367e+00      8.00000e+00   1080s
  2320     -7.42383e+00     -1.10367e+00      8.00000e+00   1081s
  2324     -7.35717e+00     -1.10367e+00      8.00000e+00   1082s
  2326     -9.72867e+00     -1.10367e+00      8.00000e+00   1083s
  2328     -1.32108e+01     -1.10367e+00      8.00000e+00   1085s
  2330     -1.51392e+01     -1.10367e+00      8.00000e+00   1086s
  2333     -1.28332e+01     -1.10367e+00      8.00000e+00   1087s
  2338     -7.62900e+00     -1.10367e+00      8.00000e+00   1089s
  2341     -8.34200e+00     -1.10367e+00      8.00000e+00   1090s
  2343     -8.43033e+00     -1.10367e+00      8.00000e+00   1091s
  2346     -6.85883e+00     -1.10367e+00      8.00000e+00   1092s
  2349     -7.72417e+00     -1.10367e+00      8.00000e+00   1093s
  2353     -1.22750e+01     -1.10367e+00      8.00000e+00   1095s
  2355     -1.36478e+01     -1.10367e+00      8.00000e+00   1096s
  2357     -1.29937e+01     -1.10367e+00      8.00000e+00   1097s
  2359     -1.02392e+01     -1.10367e+00      8.00000e+00   1098s
  2362     -8.02283e+00     -1.10367e+00      8.00000e+00   1099s
  2366     -7.60667e+00     -1.10367e+00      8.00000e+00   1100s
  2369     -6.22633e+00     -1.10367e+00      8.00000e+00   1102s
  2371     -5.81483e+00     -1.10367e+00      8.00000e+00   1103s
  2373     -6.11950e+00     -1.10367e+00      8.00000e+00   1104s
  2375     -8.57267e+00     -1.10367e+00      8.00000e+00   1105s
  2379     -1.32873e+01     -1.10367e+00      8.00000e+00   1106s
  2381     -1.31400e+01     -1.10367e+00      8.00000e+00   1107s
  2383     -1.12810e+01     -1.10367e+00      8.00000e+00   1109s
  2385     -8.99833e+00     -1.10367e+00      8.00000e+00   1110s
  2388     -7.48233e+00     -1.10367e+00      8.00000e+00   1111s
  2391     -7.54033e+00     -1.10367e+00      8.00000e+00   1112s
  2394     -6.63833e+00     -1.10367e+00      8.00000e+00   1113s
  2396     -5.85800e+00     -1.10367e+00      8.00000e+00   1114s
  2398     -6.77867e+00     -1.10367e+00      8.00000e+00   1115s
  2400     -7.97933e+00     -1.10367e+00      8.00000e+00   1117s
  2403     -1.05560e+01     -1.10367e+00      8.00000e+00   1118s
  2407     -1.17148e+01     -1.10367e+00      8.00000e+00   1119s
  2409     -1.01583e+01     -1.10367e+00      8.00000e+00   1120s
  2411     -8.11100e+00     -1.10367e+00      8.00000e+00   1122s
  2414     -7.43567e+00     -1.10367e+00      8.00000e+00   1123s
  2418     -7.57500e+00     -1.10367e+00      8.00000e+00   1124s
  2421     -6.93750e+00     -1.10367e+00      8.00000e+00   1125s
  2423     -6.93750e+00     -1.10367e+00      8.00000e+00   1127s
  2425     -8.07417e+00     -1.10367e+00      8.00000e+00   1128s
  2428     -1.11352e+01     -1.10367e+00      8.00000e+00   1129s
  2431     -1.20708e+01     -1.10367e+00      8.00000e+00   1130s
  2433     -1.08352e+01     -1.10367e+00      8.00000e+00   1131s
  2435     -9.12467e+00     -1.10367e+00      8.00000e+00   1133s
  2437     -7.40583e+00     -1.10367e+00      8.00000e+00   1134s
  2441     -7.81200e+00     -1.10367e+00      8.00000e+00   1135s
  2444     -7.66833e+00     -1.10367e+00      8.00000e+00   1136s
  2446     -7.21600e+00     -1.10367e+00      8.00000e+00   1137s
  2448     -7.34350e+00     -1.10367e+00      8.00000e+00   1138s
  2450     -7.52300e+00     -1.10367e+00      8.00000e+00   1139s
  2453     -8.42083e+00     -1.10367e+00      8.00000e+00   1141s
  2457     -1.09840e+01     -1.10367e+00      8.00000e+00   1142s
  2459     -9.75800e+00     -1.10367e+00      8.00000e+00   1143s
  2461     -8.48433e+00     -1.10367e+00      8.00000e+00   1145s
  2463     -7.65217e+00     -1.10367e+00      8.00000e+00   1146s
  2467     -9.58283e+00     -1.10367e+00      8.00000e+00   1147s
  2470     -1.00620e+01     -1.10367e+00      8.00000e+00   1148s
  2472     -9.46600e+00     -1.10367e+00      8.00000e+00   1150s
  2474     -7.81600e+00     -1.10367e+00      8.00000e+00   1151s
  2477     -7.98717e+00     -1.10367e+00      8.00000e+00   1152s
  2480     -9.95000e+00     -1.10367e+00      8.00000e+00   1154s
  2482     -1.05455e+01     -1.10367e+00      8.00000e+00   1155s
  2484     -1.00252e+01     -1.10367e+00      8.00000e+00   1156s
  2487     -7.52683e+00     -1.10367e+00      8.00000e+00   1157s
  2491     -9.56550e+00     -1.10367e+00      8.00000e+00   1158s
  2494     -1.05967e+01     -1.10367e+00      8.00000e+00   1160s
  2496     -9.81767e+00     -1.10367e+00      8.00000e+00   1161s
  2498     -8.26950e+00     -1.10367e+00      8.00000e+00   1162s

==================================================
Summary of results QAOA
--------------------------------------------------
Avg of QAOA obj (BQO obj):    2.60
Avg of QAOA obj (penalty):    -3.71
Avg of constraint violation:  2.41

Feasible percentage (%):      5.60
Avg of pure feasible obj:     3.23

Avg of QAOA obj:              -1.10
STD of QAOA obj:              1.93

Avg of QAOA obj (feasible):   4.27
STD of QAOA obj (feasible):   0.66

Gamma angles:                 0.26
Beta angles:                  3.59

Best QAOA obj:                8.00
Modified best QAOA obj:       8.00
Best QAOA obj (feasible):     8.00

QAOA total time:              1162.94s
QAOA circuit depth:           16
==================================================

==================================================
Summary of results of 0-S7
--------------------------------------------------
Number of vertices:           7
Number of edges:              18

Vertex num in largest comp:   7
Edge num in largest comp:     18

Pre-processing running time:  0.00
Total solver time:            1162.42
Running time:                 1168.18

Upper bound:                  11.00
Objective value:              8.00

Partition 0:                  1, 4                
Partition 1:                  3, 5, 6             
Partition 2:                  2, 7                
==================================================
