==================================================
Instance parameters
--------------------------------------------------
Number of vertices:           7
Number of edges:              18
Number of partitions:         3

Density (%):                  86
Name of instance:             seed1_band_pen1.0_noise0.01
Is planar:                    False
==================================================

==================================================
Solver parameters
--------------------------------------------------
Method:                       R-QUBO
Peel:                         False
Decompose:                    False
Fold:                         False

Penalty Multiplier:           1.0
Gates Error Probability:      0.01
QAOA Num Levels:              1
QAOA Scipy Optimizer:         brute
==================================================

  iter        avg-obj        best avg-obj       best-obj      time
     0     -6.10000e+00     -6.10000e+00      8.00000e+00      2s
     2     -6.11400e+00     -5.84500e+00      8.00000e+00      3s
     4     -5.74700e+00     -5.74700e+00      8.00000e+00      5s
     7     -5.96700e+00     -5.74700e+00      8.00000e+00      7s
     9     -6.10000e+00     -5.74700e+00      8.00000e+00      8s
    10     -5.91200e+00     -5.74700e+00      8.00000e+00      9s
    13     -6.51000e+00     -5.65100e+00      8.00000e+00     11s
    15     -5.86700e+00     -5.65100e+00      8.00000e+00     12s
    17     -5.87900e+00     -5.65100e+00      8.00000e+00     13s
    19     -5.86700e+00     -5.65100e+00      8.00000e+00     14s
    20     -6.22300e+00     -5.65100e+00      8.00000e+00     16s
    22     -5.82400e+00     -5.65100e+00      8.00000e+00     17s
    24     -6.02700e+00     -5.65100e+00      8.00000e+00     18s
    25     -6.29800e+00     -5.65100e+00      8.00000e+00     20s
    27     -5.93500e+00     -5.65100e+00      8.00000e+00     21s
    29     -5.62200e+00     -5.62200e+00      8.00000e+00     22s
    30     -5.34300e+00     -5.34300e+00      8.00000e+00     23s
    32     -5.97500e+00     -5.34300e+00      8.00000e+00     25s
    35     -5.74500e+00     -5.34300e+00      8.00000e+00     27s
    37     -5.99200e+00     -5.34300e+00      8.00000e+00     28s
    39     -6.07300e+00     -5.34300e+00      8.00000e+00     30s
    41     -5.98500e+00     -5.34300e+00      8.00000e+00     32s
    43     -5.77300e+00     -5.34300e+00      8.00000e+00     33s
    45     -6.10600e+00     -5.34300e+00      8.00000e+00     35s
    47     -6.26600e+00     -5.34300e+00      8.00000e+00     36s
    49     -6.02000e+00     -5.34300e+00      8.00000e+00     38s
    50     -6.22900e+00     -5.34300e+00      8.00000e+00     39s
    52     -9.28000e-01     -9.28000e-01      8.00000e+00     41s
    54      1.45000e-01      3.00000e-01      8.00000e+00     42s
    56     -1.42500e+00      3.00000e-01      8.00000e+00     44s
    58     -3.39100e+00      3.00000e-01      8.00000e+00     45s
    60     -5.41500e+00      3.00000e-01      8.00000e+00     47s
    61     -5.86800e+00      3.00000e-01      8.00000e+00     48s
    63     -6.24200e+00      3.00000e-01      8.00000e+00     50s
    65     -8.71100e+00      3.00000e-01      8.00000e+00     51s
    67     -1.25150e+01      3.00000e-01      8.00000e+00     53s
    69     -1.48520e+01      3.00000e-01      8.00000e+00     54s
    71     -1.48780e+01      3.00000e-01      8.00000e+00     56s
    73     -1.03130e+01      3.00000e-01      8.00000e+00     57s
    74     -7.48700e+00      3.00000e-01      8.00000e+00     58s
    76     -1.98700e+00      3.00000e-01      8.00000e+00     60s
    78      3.56000e-01      3.56000e-01      8.00000e+00     62s
    80     -6.35000e-01      3.56000e-01      8.00000e+00     63s
    82     -3.15700e+00      3.56000e-01      8.00000e+00     65s
    83     -4.01600e+00      3.56000e-01      8.00000e+00     66s
    85     -5.57600e+00      3.56000e-01      8.00000e+00     67s
    86     -5.58500e+00      3.56000e-01      8.00000e+00     68s
    87     -6.34800e+00      3.56000e-01      8.00000e+00     70s
    89     -7.36900e+00      3.56000e-01      8.00000e+00     71s
    90     -9.45700e+00      3.56000e-01      8.00000e+00     72s
    92     -1.28630e+01      3.56000e-01      8.00000e+00     74s
    94     -1.56140e+01      3.56000e-01      8.00000e+00     76s
    96     -1.42000e+01      3.56000e-01      8.00000e+00     77s
    97     -1.15370e+01      3.56000e-01      8.00000e+00     79s
    99     -5.70800e+00      3.56000e-01      8.00000e+00     80s
   101     -2.52100e+00      3.56000e-01      8.00000e+00     82s
   103      3.13000e-01      3.56000e-01      8.00000e+00     84s
   105     -6.40000e-01      5.68000e-01      8.00000e+00     85s
   107     -2.98500e+00      5.68000e-01      8.00000e+00     87s
   109     -5.18400e+00      5.68000e-01      8.00000e+00     88s
   111     -5.39200e+00      5.68000e-01      8.00000e+00     89s
   113     -6.67800e+00      5.68000e-01      8.00000e+00     91s
   115     -1.03640e+01      5.68000e-01      8.00000e+00     93s
   117     -1.56250e+01      5.68000e-01      8.00000e+00     95s
   119     -1.95010e+01      5.68000e-01      8.00000e+00     96s
   120     -1.94010e+01      5.68000e-01      8.00000e+00     97s
   122     -1.51840e+01      5.68000e-01      8.00000e+00     99s
   124     -7.91800e+00      5.68000e-01      8.00000e+00    100s
   125     -4.59900e+00      5.68000e-01      8.00000e+00    101s
   127      1.38000e-01      5.68000e-01      8.00000e+00    103s
   129      2.79000e-01      6.53000e-01      8.00000e+00    104s
   131     -2.02600e+00      6.53000e-01      8.00000e+00    106s
   132     -3.48500e+00      6.53000e-01      8.00000e+00    107s
   134     -5.07700e+00      6.53000e-01      8.00000e+00    109s
   136     -5.75100e+00      6.53000e-01      8.00000e+00    110s
   137     -6.24800e+00      6.53000e-01      8.00000e+00    111s
   139     -9.52200e+00      6.53000e-01      8.00000e+00    113s
   141     -1.45930e+01      6.53000e-01      8.00000e+00    114s
   142     -1.68090e+01      6.53000e-01      8.00000e+00    115s
   144     -1.92890e+01      6.53000e-01      8.00000e+00    117s
   146     -1.61940e+01      6.53000e-01      8.00000e+00    118s
   148     -9.40200e+00      6.53000e-01      8.00000e+00    120s
   150     -6.17200e+00      6.53000e-01      8.00000e+00    122s
   152     -3.14300e+00      6.53000e-01      8.00000e+00    124s
   154     -2.66900e+00      6.53000e-01      8.00000e+00    125s
   156     -3.68200e+00      6.53000e-01      8.00000e+00    127s
   157     -4.73000e+00      6.53000e-01      8.00000e+00    128s
   159     -4.87200e+00      6.53000e-01      8.00000e+00    129s
   161     -5.05800e+00      6.53000e-01      8.00000e+00    131s
   163     -6.87900e+00      6.53000e-01      8.00000e+00    132s
   165     -1.04430e+01      6.53000e-01      8.00000e+00    134s
   166     -1.25670e+01      6.53000e-01      8.00000e+00    135s
   168     -1.47420e+01      6.53000e-01      8.00000e+00    136s
   170     -1.45930e+01      6.53000e-01      8.00000e+00    138s
   172     -1.17930e+01      6.53000e-01      8.00000e+00    139s
   173     -9.47100e+00      6.53000e-01      8.00000e+00    140s
   175     -5.04000e+00      6.53000e-01      8.00000e+00    142s
   176     -3.93400e+00      6.53000e-01      8.00000e+00    143s
   178     -2.38600e+00      6.53000e-01      8.00000e+00    145s
   180     -4.00200e+00      6.53000e-01      8.00000e+00    147s
   182     -5.08800e+00      6.53000e-01      8.00000e+00    148s
   184     -5.41300e+00      6.53000e-01      8.00000e+00    150s
   185     -4.76700e+00      6.53000e-01      8.00000e+00    151s
   187     -5.89000e+00      6.53000e-01      8.00000e+00    153s
   189     -9.69800e+00      6.53000e-01      8.00000e+00    155s
   190     -1.11880e+01      6.53000e-01      8.00000e+00    156s
   192     -1.40880e+01      6.53000e-01      8.00000e+00    157s
   194     -1.54150e+01      6.53000e-01      8.00000e+00    159s
   196     -1.25150e+01      6.53000e-01      8.00000e+00    161s
   198     -8.75900e+00      6.53000e-01      8.00000e+00    162s
   200     -6.52600e+00      6.53000e-01      8.00000e+00    164s
   202     -6.03400e+00      6.53000e-01      8.00000e+00    166s
   204     -6.77100e+00      6.53000e-01      8.00000e+00    168s
   206     -6.67000e+00      6.53000e-01      8.00000e+00    169s
   207     -6.36600e+00      6.53000e-01      8.00000e+00    170s
   209     -5.49400e+00      6.53000e-01      8.00000e+00    172s
   210     -5.82000e+00      6.53000e-01      8.00000e+00    173s
   212     -5.84000e+00      6.53000e-01      8.00000e+00    175s
   214     -7.12000e+00      6.53000e-01      8.00000e+00    176s
   215     -8.86100e+00      6.53000e-01      8.00000e+00    177s
   217     -1.05800e+01      6.53000e-01      8.00000e+00    179s
   219     -1.01270e+01      6.53000e-01      8.00000e+00    181s
   221     -8.95000e+00      6.53000e-01      8.00000e+00    182s
   223     -6.73800e+00      6.53000e-01      8.00000e+00    184s
   225     -6.08300e+00      6.53000e-01      8.00000e+00    186s
   227     -6.78200e+00      6.53000e-01      8.00000e+00    188s
   229     -7.33100e+00      6.53000e-01      8.00000e+00    190s
   231     -6.69900e+00      6.53000e-01      8.00000e+00    191s
   233     -6.28000e+00      6.53000e-01      8.00000e+00    193s
   235     -4.99900e+00      6.53000e-01      8.00000e+00    194s
   236     -5.51700e+00      6.53000e-01      8.00000e+00    196s
   238     -6.56100e+00      6.53000e-01      8.00000e+00    197s
   240     -9.02700e+00      6.53000e-01      8.00000e+00    199s
   242     -1.02600e+01      6.53000e-01      8.00000e+00    200s
   244     -9.76500e+00      6.53000e-01      8.00000e+00    202s
   246     -8.43500e+00      6.53000e-01      8.00000e+00    204s
   248     -6.05000e+00      6.53000e-01      8.00000e+00    206s
   250     -6.23000e+00      6.53000e-01      8.00000e+00    207s
   252     -6.64000e+00      6.53000e-01      8.00000e+00    209s
   254     -7.47000e+00      6.53000e-01      8.00000e+00    211s
   256     -8.13700e+00      6.53000e-01      8.00000e+00    213s
   258     -7.01400e+00      6.53000e-01      8.00000e+00    214s
   260     -5.81100e+00      6.53000e-01      8.00000e+00    216s
   262     -6.08100e+00      6.53000e-01      8.00000e+00    218s
   264     -7.05700e+00      6.53000e-01      8.00000e+00    219s
   266     -8.33500e+00      6.53000e-01      8.00000e+00    221s
   268     -8.14800e+00      6.53000e-01      8.00000e+00    223s
   269     -8.02700e+00      6.53000e-01      8.00000e+00    224s
   271     -6.71100e+00      6.53000e-01      8.00000e+00    226s
   272     -5.83900e+00      6.53000e-01      8.00000e+00    227s
   274     -5.79800e+00      6.53000e-01      8.00000e+00    228s
   276     -6.49700e+00      6.53000e-01      8.00000e+00    230s
   278     -7.66000e+00      6.53000e-01      8.00000e+00    232s
   280     -8.11800e+00      6.53000e-01      8.00000e+00    233s
   282     -7.44300e+00      6.53000e-01      8.00000e+00    235s
   284     -6.14100e+00      6.53000e-01      8.00000e+00    237s
   286     -5.79500e+00      6.53000e-01      8.00000e+00    238s
   288     -6.52600e+00      6.53000e-01      8.00000e+00    240s
   290     -7.87800e+00      6.53000e-01      8.00000e+00    242s
   292     -8.10300e+00      6.53000e-01      8.00000e+00    243s
   294     -7.36000e+00      6.53000e-01      8.00000e+00    245s
   296     -6.34300e+00      6.53000e-01      8.00000e+00    246s
   297     -6.40500e+00      6.53000e-01      8.00000e+00    248s
   299     -6.12500e+00      6.53000e-01      8.00000e+00    250s
   301     -6.26800e+00      6.53000e-01      8.00000e+00    252s
   303     -7.24400e+00      6.53000e-01      8.00000e+00    253s
   305     -7.72600e+00      6.53000e-01      8.00000e+00    255s
   307     -6.99200e+00      6.53000e-01      8.00000e+00    257s
   308     -6.53400e+00      6.53000e-01      8.00000e+00    258s
   310     -6.09000e+00      6.53000e-01      8.00000e+00    259s
   312     -5.92400e+00      6.53000e-01      8.00000e+00    261s
   313     -6.03200e+00      6.53000e-01      8.00000e+00    262s
   315     -6.92300e+00      6.53000e-01      8.00000e+00    264s
   317     -6.86600e+00      6.53000e-01      8.00000e+00    265s
   318     -7.18300e+00      6.53000e-01      8.00000e+00    266s
   320     -6.25300e+00      6.53000e-01      8.00000e+00    268s
   321     -6.11500e+00      6.53000e-01      8.00000e+00    269s
   323     -6.05000e+00      6.53000e-01      8.00000e+00    271s
   325     -6.19100e+00      6.53000e-01      8.00000e+00    272s
   326     -6.73400e+00      6.53000e-01      8.00000e+00    273s
   328     -7.04300e+00      6.53000e-01      8.00000e+00    275s
   329     -7.44400e+00      6.53000e-01      8.00000e+00    276s
   331     -6.83300e+00      6.53000e-01      8.00000e+00    278s
   333     -6.50000e+00      6.53000e-01      8.00000e+00    280s
   335     -5.92400e+00      6.53000e-01      8.00000e+00    281s
   337     -6.65200e+00      6.53000e-01      8.00000e+00    283s
   339     -6.62200e+00      6.53000e-01      8.00000e+00    285s
   341     -7.31400e+00      6.53000e-01      8.00000e+00    286s
   342     -6.97000e+00      6.53000e-01      8.00000e+00    288s
   344     -6.79000e+00      6.53000e-01      8.00000e+00    289s
   346     -5.45700e+00      6.53000e-01      8.00000e+00    291s
   348     -5.79400e+00      6.53000e-01      8.00000e+00    292s
   349     -5.58600e+00      6.53000e-01      8.00000e+00    294s
   351     -5.83300e+00      6.53000e-01      8.00000e+00    295s
   353     -6.37700e+00      6.53000e-01      8.00000e+00    297s
   355     -6.40800e+00      6.53000e-01      8.00000e+00    299s
   357     -6.65900e+00      6.53000e-01      8.00000e+00    300s
   359     -6.18900e+00      6.53000e-01      8.00000e+00    302s
   361     -5.79900e+00      6.53000e-01      8.00000e+00    304s
   363     -5.94800e+00      6.53000e-01      8.00000e+00    306s
   365     -6.21000e+00      6.53000e-01      8.00000e+00    308s
   367     -6.75000e+00      6.53000e-01      8.00000e+00    309s
   369     -6.41000e+00      6.53000e-01      8.00000e+00    311s
   371     -6.68100e+00      6.53000e-01      8.00000e+00    313s
   373     -6.10400e+00      6.53000e-01      8.00000e+00    315s
   375     -6.14300e+00      6.53000e-01      8.00000e+00    316s
   377     -6.39600e+00      6.53000e-01      8.00000e+00    318s
   379     -6.61500e+00      6.53000e-01      8.00000e+00    320s
   381     -5.93000e+00      6.53000e-01      8.00000e+00    321s
   383     -6.54900e+00      6.53000e-01      8.00000e+00    323s
   385     -6.07700e+00      6.53000e-01      8.00000e+00    325s
   387     -6.21000e+00      6.53000e-01      8.00000e+00    327s
   389     -6.08500e+00      6.53000e-01      8.00000e+00    328s
   391     -6.66700e+00      6.53000e-01      8.00000e+00    330s
   393     -6.61200e+00      6.53000e-01      8.00000e+00    331s
   394     -6.43400e+00      6.53000e-01      8.00000e+00    332s
   396     -6.14300e+00      6.53000e-01      8.00000e+00    334s
   398     -6.03000e+00      6.53000e-01      8.00000e+00    336s
   400     -6.22900e+00      6.53000e-01      8.00000e+00    337s
   401     -5.89400e+00      6.53000e-01      8.00000e+00    338s
   403     -6.19200e+00      6.53000e-01      8.00000e+00    340s
   405     -6.49600e+00      6.53000e-01      8.00000e+00    342s
   407     -6.20200e+00      6.53000e-01      8.00000e+00    344s
   409     -6.15900e+00      6.53000e-01      8.00000e+00    345s
   411     -5.84500e+00      6.53000e-01      8.00000e+00    347s
   413     -5.76500e+00      6.53000e-01      8.00000e+00    349s
   415     -6.39100e+00      6.53000e-01      8.00000e+00    350s
   416     -6.40200e+00      6.53000e-01      8.00000e+00    351s
   418     -6.26500e+00      6.53000e-01      8.00000e+00    353s
   420     -6.20200e+00      6.53000e-01      8.00000e+00    355s
   422     -6.21200e+00      6.53000e-01      8.00000e+00    356s
   424     -6.26800e+00      6.53000e-01      8.00000e+00    358s
   426     -6.15400e+00      6.53000e-01      8.00000e+00    359s
   428     -6.36800e+00      6.53000e-01      8.00000e+00    361s
   430     -5.96400e+00      6.53000e-01      8.00000e+00    363s
   432     -5.97300e+00      6.53000e-01      8.00000e+00    365s
   434     -5.51000e+00      6.53000e-01      8.00000e+00    367s
   436     -5.51200e+00      6.53000e-01      8.00000e+00    369s
   438     -5.92500e+00      6.53000e-01      8.00000e+00    371s
   440     -6.15300e+00      6.53000e-01      8.00000e+00    372s
   442     -6.10900e+00      6.53000e-01      8.00000e+00    374s
   444     -6.58800e+00      6.53000e-01      8.00000e+00    376s
   446     -6.16000e+00      6.53000e-01      8.00000e+00    377s
   448     -5.82800e+00      6.53000e-01      8.00000e+00    379s
   450     -6.27500e+00      6.53000e-01      8.00000e+00    381s
   452     -6.28800e+00      6.53000e-01      8.00000e+00    383s
   454     -5.82700e+00      6.53000e-01      8.00000e+00    384s
   455     -6.33300e+00      6.53000e-01      8.00000e+00    385s
   457     -6.02200e+00      6.53000e-01      8.00000e+00    387s
   459     -5.88800e+00      6.53000e-01      8.00000e+00    389s
   461     -5.81300e+00      6.53000e-01      8.00000e+00    391s
   463     -6.24700e+00      6.53000e-01      8.00000e+00    392s
   465     -6.04200e+00      6.53000e-01      8.00000e+00    394s
   467     -6.48800e+00      6.53000e-01      8.00000e+00    395s
   468     -5.99700e+00      6.53000e-01      8.00000e+00    396s
   470     -5.93700e+00      6.53000e-01      8.00000e+00    398s
   472     -5.75800e+00      6.53000e-01      8.00000e+00    400s
   474     -6.19400e+00      6.53000e-01      8.00000e+00    402s
   476     -6.22300e+00      6.53000e-01      8.00000e+00    403s
   477     -6.14600e+00      6.53000e-01      8.00000e+00    404s
   479     -6.00000e+00      6.53000e-01      8.00000e+00    406s
   481     -6.20600e+00      6.53000e-01      8.00000e+00    408s
   482     -6.17000e+00      6.53000e-01      8.00000e+00    409s
   484     -5.93700e+00      6.53000e-01      8.00000e+00    410s
   486     -6.06900e+00      6.53000e-01      8.00000e+00    412s
   488     -6.33700e+00      6.53000e-01      8.00000e+00    413s
   489     -5.90500e+00      6.53000e-01      8.00000e+00    415s
   491     -6.09100e+00      6.53000e-01      8.00000e+00    416s
   493     -5.86600e+00      6.53000e-01      8.00000e+00    418s
   495     -6.01200e+00      6.53000e-01      8.00000e+00    419s
   497     -6.18400e+00      6.53000e-01      8.00000e+00    421s
   499     -5.84700e+00      6.53000e-01      8.00000e+00    423s
   501     -5.81400e+00      6.53000e-01      8.00000e+00    424s
   503     -6.02100e+00      6.53000e-01      8.00000e+00    426s
   505     -6.41300e+00      6.53000e-01      8.00000e+00    427s
   507     -5.91200e+00      6.53000e-01      8.00000e+00    429s
   509     -6.17100e+00      6.53000e-01      8.00000e+00    431s
   511     -6.56600e+00      6.53000e-01      8.00000e+00    432s
   512     -5.59600e+00      6.53000e-01      8.00000e+00    434s
   514     -5.96000e+00      6.53000e-01      8.00000e+00    435s
   516     -6.21000e+00      6.53000e-01      8.00000e+00    437s
   517     -6.29700e+00      6.53000e-01      8.00000e+00    438s
   519     -6.00100e+00      6.53000e-01      8.00000e+00    440s
   521     -6.28200e+00      6.53000e-01      8.00000e+00    441s
   523     -5.67700e+00      6.53000e-01      8.00000e+00    442s
   525     -6.30600e+00      6.53000e-01      8.00000e+00    443s
   527     -6.02700e+00      6.53000e-01      8.00000e+00    445s
   529     -5.92800e+00      6.53000e-01      8.00000e+00    446s
   531     -6.05200e+00      6.53000e-01      8.00000e+00    448s
   533     -5.79200e+00      6.53000e-01      8.00000e+00    449s
   535     -5.91300e+00      6.53000e-01      8.00000e+00    451s
   538     -5.80800e+00      6.53000e-01      8.00000e+00    453s
   540     -6.23800e+00      6.53000e-01      8.00000e+00    454s
   542     -5.89900e+00      6.53000e-01      8.00000e+00    455s
   544     -6.16300e+00      6.53000e-01      8.00000e+00    456s
   546     -5.93600e+00      6.53000e-01      8.00000e+00    458s
   548     -6.03800e+00      6.53000e-01      8.00000e+00    459s
   550     -5.67700e+00      6.53000e-01      8.00000e+00    460s
   552     -6.54100e+00      6.53000e-01      8.00000e+00    462s
   554     -5.93900e+00      6.53000e-01      8.00000e+00    463s
   557     -5.97900e+00      6.53000e-01      8.00000e+00    465s
   559     -5.74600e+00      6.53000e-01      8.00000e+00    466s
   561     -6.32400e+00      6.53000e-01      8.00000e+00    467s
   563     -6.14300e+00      6.53000e-01      8.00000e+00    468s
   565     -5.96800e+00      6.53000e-01      8.00000e+00    470s
   567     -6.39800e+00      6.53000e-01      8.00000e+00    471s
   569     -5.97500e+00      6.53000e-01      8.00000e+00    472s
   571     -6.57800e+00      6.53000e-01      8.00000e+00    473s
   573     -6.05200e+00      6.53000e-01      8.00000e+00    475s
   575     -5.99900e+00      6.53000e-01      8.00000e+00    476s
   577     -5.98600e+00      6.53000e-01      8.00000e+00    478s
   580     -6.13400e+00      6.53000e-01      8.00000e+00    479s
   582     -6.50700e+00      6.53000e-01      8.00000e+00    480s
   585     -6.07400e+00      6.53000e-01      8.00000e+00    482s
   587     -6.27600e+00      6.53000e-01      8.00000e+00    484s
   590     -6.03000e+00      6.53000e-01      8.00000e+00    486s
   593     -5.57200e+00      6.53000e-01      8.00000e+00    487s
   595     -5.94100e+00      6.53000e-01      8.00000e+00    489s
   598     -5.80200e+00      6.53000e-01      8.00000e+00    490s
   600     -5.72000e+00      6.53000e-01      8.00000e+00    492s
   602     -5.70000e+00      6.53000e-01      8.00000e+00    493s
   604     -6.32300e+00      6.53000e-01      8.00000e+00    494s
   606     -5.96300e+00      6.53000e-01      8.00000e+00    495s
   608     -6.95500e+00      6.53000e-01      8.00000e+00    497s
   610     -6.17500e+00      6.53000e-01      8.00000e+00    498s
   612     -6.26500e+00      6.53000e-01      8.00000e+00    499s
   614     -6.15200e+00      6.53000e-01      8.00000e+00    500s
   616     -5.81600e+00      6.53000e-01      8.00000e+00    502s
   618     -5.63500e+00      6.53000e-01      8.00000e+00    503s
   620     -6.05800e+00      6.53000e-01      8.00000e+00    504s
   622     -6.23900e+00      6.53000e-01      8.00000e+00    506s
   624     -6.27700e+00      6.53000e-01      8.00000e+00    507s
   625     -6.54200e+00      6.53000e-01      8.00000e+00    508s
   628     -6.01800e+00      6.53000e-01      8.00000e+00    510s
   630     -5.95100e+00      6.53000e-01      8.00000e+00    511s
   632     -6.62800e+00      6.53000e-01      8.00000e+00    512s
   634     -5.80700e+00      6.53000e-01      8.00000e+00    513s
   636     -5.96600e+00      6.53000e-01      8.00000e+00    515s
   638     -5.68200e+00      6.53000e-01      8.00000e+00    516s
   640     -6.29100e+00      6.53000e-01      8.00000e+00    517s
   642     -5.88300e+00      6.53000e-01      8.00000e+00    519s
   645     -6.32500e+00      6.53000e-01      8.00000e+00    520s
   648     -6.11500e+00      6.53000e-01      8.00000e+00    522s
   650     -6.36700e+00      6.53000e-01      8.00000e+00    524s
   653     -6.02600e+00      6.53000e-01      8.00000e+00    525s
   655     -6.12800e+00      6.53000e-01      8.00000e+00    527s
   658     -6.03800e+00      6.53000e-01      8.00000e+00    529s
   660     -6.48100e+00      6.53000e-01      8.00000e+00    530s
   662     -5.75600e+00      6.53000e-01      8.00000e+00    531s
   664     -6.42800e+00      6.53000e-01      8.00000e+00    532s
   666     -6.04000e+00      6.53000e-01      8.00000e+00    534s
   667     -6.17000e+00      6.53000e-01      8.00000e+00    535s
   669     -5.89700e+00      6.53000e-01      8.00000e+00    536s
   671     -6.06200e+00      6.53000e-01      8.00000e+00    537s
   673     -5.99500e+00      6.53000e-01      8.00000e+00    538s
   675     -6.13000e+00      6.53000e-01      8.00000e+00    540s
   677     -6.00400e+00      6.53000e-01      8.00000e+00    541s
   679     -6.11300e+00      6.53000e-01      8.00000e+00    542s
   681     -5.95300e+00      6.53000e-01      8.00000e+00    544s
   683     -6.32500e+00      6.53000e-01      8.00000e+00    545s
   685     -6.33300e+00      6.53000e-01      8.00000e+00    546s
   687     -5.87400e+00      6.53000e-01      8.00000e+00    548s
   689     -6.32400e+00      6.53000e-01      8.00000e+00    549s
   691     -6.33100e+00      6.53000e-01      8.00000e+00    550s
   693     -6.46300e+00      6.53000e-01      8.00000e+00    551s
   695     -6.45900e+00      6.53000e-01      8.00000e+00    553s
   697     -5.84800e+00      6.53000e-01      8.00000e+00    554s
   699     -5.91500e+00      6.53000e-01      8.00000e+00    555s
   701     -5.95600e+00      6.53000e-01      8.00000e+00    556s
   703     -6.36300e+00      6.53000e-01      8.00000e+00    558s
   705     -6.17600e+00      6.53000e-01      8.00000e+00    559s
   707     -6.54900e+00      6.53000e-01      8.00000e+00    561s
   709     -6.02000e+00      6.53000e-01      8.00000e+00    562s
   711     -5.46900e+00      6.53000e-01      8.00000e+00    563s
   713     -6.67700e+00      6.53000e-01      8.00000e+00    565s
   715     -5.96400e+00      6.53000e-01      8.00000e+00    566s
   718     -6.67700e+00      6.53000e-01      8.00000e+00    568s
   720     -5.98300e+00      6.53000e-01      8.00000e+00    569s
   722     -6.20600e+00      6.53000e-01      8.00000e+00    571s
   724     -6.15700e+00      6.53000e-01      8.00000e+00    572s
   726     -5.90800e+00      6.53000e-01      8.00000e+00    573s
   728     -5.87600e+00      6.53000e-01      8.00000e+00    574s
   730     -6.13800e+00      6.53000e-01      8.00000e+00    576s
   732     -6.55600e+00      6.53000e-01      8.00000e+00    577s
   734     -6.33700e+00      6.53000e-01      8.00000e+00    578s
   736     -6.09600e+00      6.53000e-01      8.00000e+00    579s
   737     -6.13500e+00      6.53000e-01      8.00000e+00    580s
   739     -6.20100e+00      6.53000e-01      8.00000e+00    582s
   741     -5.98900e+00      6.53000e-01      8.00000e+00    583s
   743     -6.27300e+00      6.53000e-01      8.00000e+00    584s
   745     -6.37000e+00      6.53000e-01      8.00000e+00    586s
   746     -6.23600e+00      6.53000e-01      8.00000e+00    587s
   748     -6.02600e+00      6.53000e-01      8.00000e+00    588s
   750     -5.92100e+00      6.53000e-01      8.00000e+00    589s
   752     -5.91500e+00      6.53000e-01      8.00000e+00    590s
   754     -5.72700e+00      6.53000e-01      8.00000e+00    592s
   756     -6.34800e+00      6.53000e-01      8.00000e+00    593s
   758     -6.14500e+00      6.53000e-01      8.00000e+00    594s
   759     -6.43300e+00      6.53000e-01      8.00000e+00    595s
   761     -6.15100e+00      6.53000e-01      8.00000e+00    596s
   763     -5.64600e+00      6.53000e-01      8.00000e+00    597s
   765     -6.50400e+00      6.53000e-01      8.00000e+00    598s
   767     -6.10600e+00      6.53000e-01      8.00000e+00    600s
   768     -6.24200e+00      6.53000e-01      8.00000e+00    601s
   771     -6.64100e+00      6.53000e-01      8.00000e+00    603s
   774     -6.23700e+00      6.53000e-01      8.00000e+00    604s
   777     -5.85900e+00      6.53000e-01      8.00000e+00    606s
   779     -6.26900e+00      6.53000e-01      8.00000e+00    607s
   781     -6.43100e+00      6.53000e-01      8.00000e+00    608s
   783     -6.28900e+00      6.53000e-01      8.00000e+00    609s
   785     -6.09900e+00      6.53000e-01      8.00000e+00    611s
   787     -5.92900e+00      6.53000e-01      8.00000e+00    612s
   789     -6.00200e+00      6.53000e-01      8.00000e+00    613s
   792     -5.96400e+00      6.53000e-01      8.00000e+00    615s
   794     -6.47100e+00      6.53000e-01      8.00000e+00    617s
   796     -6.43400e+00      6.53000e-01      8.00000e+00    618s
   798     -6.10400e+00      6.53000e-01      8.00000e+00    619s
   800     -5.82900e+00      6.53000e-01      8.00000e+00    620s
   802     -6.02500e+00      6.53000e-01      8.00000e+00    622s
   804     -6.23200e+00      6.53000e-01      8.00000e+00    623s
   807     -5.95800e+00      6.53000e-01      8.00000e+00    625s
   809     -5.77300e+00      6.53000e-01      8.00000e+00    626s
   810     -5.84800e+00      6.53000e-01      8.00000e+00    627s
   812     -5.99900e+00      6.53000e-01      8.00000e+00    628s
   814     -5.80300e+00      6.53000e-01      8.00000e+00    629s
   816     -6.42700e+00      6.53000e-01      8.00000e+00    630s
   818     -6.23500e+00      6.53000e-01      8.00000e+00    632s
   820     -6.32400e+00      6.53000e-01      8.00000e+00    633s
   822     -6.50900e+00      6.53000e-01      8.00000e+00    634s
   825     -5.96500e+00      6.53000e-01      8.00000e+00    636s
   827     -5.70100e+00      6.53000e-01      8.00000e+00    637s
   829     -6.01200e+00      6.53000e-01      8.00000e+00    638s
   831     -5.84400e+00      6.53000e-01      8.00000e+00    639s
   833     -6.25500e+00      6.53000e-01      8.00000e+00    641s
   835     -5.92300e+00      6.53000e-01      8.00000e+00    643s
   837     -5.93300e+00      6.53000e-01      8.00000e+00    644s
   839     -6.10300e+00      6.53000e-01      8.00000e+00    645s
   841     -6.64800e+00      6.53000e-01      8.00000e+00    646s
   843     -6.15900e+00      6.53000e-01      8.00000e+00    647s
   846     -6.33400e+00      6.53000e-01      8.00000e+00    649s
   849     -6.10900e+00      6.53000e-01      8.00000e+00    650s
   851     -5.98800e+00      6.53000e-01      8.00000e+00    652s
   853     -5.95200e+00      6.53000e-01      8.00000e+00    653s
   855     -5.18200e+00      6.53000e-01      8.00000e+00    654s
   857     -5.75700e+00      6.53000e-01      8.00000e+00    655s
   859     -5.20400e+00      6.53000e-01      8.00000e+00    657s
   862     -5.83600e+00      6.53000e-01      8.00000e+00    658s
   864     -6.03500e+00      6.53000e-01      8.00000e+00    659s
   866     -6.12800e+00      6.53000e-01      8.00000e+00    661s
   868     -5.84000e+00      6.53000e-01      8.00000e+00    662s
   870     -5.48200e+00      6.53000e-01      8.00000e+00    663s
   872     -5.77200e+00      6.53000e-01      8.00000e+00    664s
   874     -5.79200e+00      6.53000e-01      8.00000e+00    666s
   876     -5.86300e+00      6.53000e-01      8.00000e+00    667s
   878     -5.84800e+00      6.53000e-01      8.00000e+00    668s
   881     -5.89200e+00      6.53000e-01      8.00000e+00    670s
   883     -5.56900e+00      6.53000e-01      8.00000e+00    671s
   885     -5.69200e+00      6.53000e-01      8.00000e+00    672s
   887     -6.07500e+00      6.53000e-01      8.00000e+00    674s
   889     -5.88100e+00      6.53000e-01      8.00000e+00    675s
   892     -5.43700e+00      6.53000e-01      8.00000e+00    676s
   894     -5.91500e+00      6.53000e-01      8.00000e+00    677s
   896     -5.60400e+00      6.53000e-01      8.00000e+00    679s
   898     -6.10100e+00      6.53000e-01      8.00000e+00    680s
   900     -5.82300e+00      6.53000e-01      8.00000e+00    682s
   902     -5.69400e+00      6.53000e-01      8.00000e+00    683s
   904     -5.48200e+00      6.53000e-01      8.00000e+00    684s
   906     -5.45100e+00      6.53000e-01      8.00000e+00    685s
   908     -5.42100e+00      6.53000e-01      8.00000e+00    687s
   910     -5.35600e+00      6.53000e-01      8.00000e+00    688s
   912     -6.22300e+00      6.53000e-01      8.00000e+00    689s
   914     -5.63200e+00      6.53000e-01      8.00000e+00    691s
   917     -5.45300e+00      6.53000e-01      8.00000e+00    692s
   919     -5.34000e+00      6.53000e-01      8.00000e+00    694s
   921     -5.78700e+00      6.53000e-01      8.00000e+00    695s
   923     -5.97300e+00      6.53000e-01      8.00000e+00    696s
   925     -6.62100e+00      6.53000e-01      8.00000e+00    698s
   927     -5.67600e+00      6.53000e-01      8.00000e+00    699s
   929     -5.33700e+00      6.53000e-01      8.00000e+00    700s
   931     -5.19500e+00      6.53000e-01      8.00000e+00    701s
   933     -5.30100e+00      6.53000e-01      8.00000e+00    703s
   935     -5.69800e+00      6.53000e-01      8.00000e+00    704s
   937     -6.04900e+00      6.53000e-01      8.00000e+00    705s
   939     -5.87200e+00      6.53000e-01      8.00000e+00    707s
   941     -5.70200e+00      6.53000e-01      8.00000e+00    708s
   943     -5.41900e+00      6.53000e-01      8.00000e+00    709s
   945     -5.45200e+00      6.53000e-01      8.00000e+00    710s
   947     -5.63700e+00      6.53000e-01      8.00000e+00    711s
   949     -6.13900e+00      6.53000e-01      8.00000e+00    712s
   951     -5.96600e+00      6.53000e-01      8.00000e+00    713s
   953     -6.07200e+00      6.53000e-01      8.00000e+00    715s
   955     -6.18800e+00      6.53000e-01      8.00000e+00    716s
   957     -5.82500e+00      6.53000e-01      8.00000e+00    718s
   959     -5.18800e+00      6.53000e-01      8.00000e+00    719s
   962     -6.13600e+00      6.53000e-01      8.00000e+00    721s
   964     -5.97400e+00      6.53000e-01      8.00000e+00    722s
   966     -6.01700e+00      6.53000e-01      8.00000e+00    723s
   968     -5.63200e+00      6.53000e-01      8.00000e+00    724s
   970     -5.86300e+00      6.53000e-01      8.00000e+00    726s
   972     -6.15700e+00      6.53000e-01      8.00000e+00    727s
   974     -6.04600e+00      6.53000e-01      8.00000e+00    728s
   976     -5.69400e+00      6.53000e-01      8.00000e+00    729s
   978     -5.67000e+00      6.53000e-01      8.00000e+00    731s
   980     -6.05200e+00      6.53000e-01      8.00000e+00    732s
   982     -5.74400e+00      6.53000e-01      8.00000e+00    734s
   984     -6.61200e+00      6.53000e-01      8.00000e+00    735s
   986     -6.17000e+00      6.53000e-01      8.00000e+00    736s
   988     -5.82800e+00      6.53000e-01      8.00000e+00    737s
   990     -5.76100e+00      6.53000e-01      8.00000e+00    738s
   992     -5.97400e+00      6.53000e-01      8.00000e+00    739s
   995     -5.97800e+00      6.53000e-01      8.00000e+00    741s
   997     -5.96300e+00      6.53000e-01      8.00000e+00    743s
   999     -6.03500e+00      6.53000e-01      8.00000e+00    744s
  1001     -5.78200e+00      6.53000e-01      8.00000e+00    745s
  1003     -5.88400e+00      6.53000e-01      8.00000e+00    746s
  1005     -6.48800e+00      6.53000e-01      8.00000e+00    748s
  1007     -6.11300e+00      6.53000e-01      8.00000e+00    749s
  1010     -6.09000e+00      6.53000e-01      8.00000e+00    751s
  1012     -6.20400e+00      6.53000e-01      8.00000e+00    752s
  1014     -5.58000e+00      6.53000e-01      8.00000e+00    753s
  1016     -5.96200e+00      6.53000e-01      8.00000e+00    754s
  1018     -6.24200e+00      6.53000e-01      8.00000e+00    756s
  1020     -6.14300e+00      6.53000e-01      8.00000e+00    757s
  1022     -6.05600e+00      6.53000e-01      8.00000e+00    758s
  1024     -6.07300e+00      6.53000e-01      8.00000e+00    759s
  1026     -5.82100e+00      6.53000e-01      8.00000e+00    761s
  1028     -6.04200e+00      6.53000e-01      8.00000e+00    762s
  1030     -5.87000e+00      6.53000e-01      8.00000e+00    763s
  1032     -6.15300e+00      6.53000e-01      8.00000e+00    764s
  1034     -5.73600e+00      6.53000e-01      8.00000e+00    765s
  1035     -5.98000e+00      6.53000e-01      8.00000e+00    767s
  1038     -6.18700e+00      6.53000e-01      8.00000e+00    768s
  1040     -5.63400e+00      6.53000e-01      8.00000e+00    770s
  1042     -5.98500e+00      6.53000e-01      8.00000e+00    771s
  1044     -5.83200e+00      6.53000e-01      8.00000e+00    772s
  1046     -5.97300e+00      6.53000e-01      8.00000e+00    773s
  1048     -5.90000e+00      6.53000e-01      8.00000e+00    775s
  1050     -6.16300e+00      6.53000e-01      8.00000e+00    776s
  1053     -6.54000e+00      6.53000e-01      8.00000e+00    778s
  1055     -6.34800e+00      6.53000e-01      8.00000e+00    779s
  1057     -5.84000e+00      6.53000e-01      8.00000e+00    780s
  1059     -5.74400e+00      6.53000e-01      8.00000e+00    781s
  1061     -5.95800e+00      6.53000e-01      8.00000e+00    783s
  1063     -5.88200e+00      6.53000e-01      8.00000e+00    784s
  1065     -5.83200e+00      6.53000e-01      8.00000e+00    785s
  1067     -5.77100e+00      6.53000e-01      8.00000e+00    786s
  1069     -6.35400e+00      6.53000e-01      8.00000e+00    787s
  1072     -6.18300e+00      6.53000e-01      8.00000e+00    789s
  1074     -5.90200e+00      6.53000e-01      8.00000e+00    791s
  1076     -5.66900e+00      6.53000e-01      8.00000e+00    792s
  1079     -6.04700e+00      6.53000e-01      8.00000e+00    794s
  1081     -6.20600e+00      6.53000e-01      8.00000e+00    795s
  1083     -5.95900e+00      6.53000e-01      8.00000e+00    796s
  1084     -5.92400e+00      6.53000e-01      8.00000e+00    797s
  1086     -6.42100e+00      6.53000e-01      8.00000e+00    798s
  1089     -5.93400e+00      6.53000e-01      8.00000e+00    800s
  1091     -6.08900e+00      6.53000e-01      8.00000e+00    802s
  1093     -6.03400e+00      6.53000e-01      8.00000e+00    803s
  1095     -5.94900e+00      6.53000e-01      8.00000e+00    804s
  1097     -5.80100e+00      6.53000e-01      8.00000e+00    805s
  1099     -6.27900e+00      6.53000e-01      8.00000e+00    807s
  1101     -5.59100e+00      6.53000e-01      8.00000e+00    808s
  1103     -5.38500e+00      6.53000e-01      8.00000e+00    809s
  1105     -5.76900e+00      6.53000e-01      8.00000e+00    811s
  1107     -5.90300e+00      6.53000e-01      8.00000e+00    812s
  1109     -5.64300e+00      6.53000e-01      8.00000e+00    813s
  1111     -6.06600e+00      6.53000e-01      8.00000e+00    814s
  1113     -6.34400e+00      6.53000e-01      8.00000e+00    816s
  1115     -6.13000e+00      6.53000e-01      8.00000e+00    817s
  1118     -6.00300e+00      6.53000e-01      8.00000e+00    819s
  1120     -5.88500e+00      6.53000e-01      8.00000e+00    820s
  1122     -5.61900e+00      6.53000e-01      8.00000e+00    821s
  1124     -5.94300e+00      6.53000e-01      8.00000e+00    822s
  1126     -5.98600e+00      6.53000e-01      8.00000e+00    824s
  1128     -5.79700e+00      6.53000e-01      8.00000e+00    825s
  1130     -6.02300e+00      6.53000e-01      8.00000e+00    827s
  1132     -6.25800e+00      6.53000e-01      8.00000e+00    828s
  1134     -6.26000e+00      6.53000e-01      8.00000e+00    829s
  1136     -6.00000e+00      6.53000e-01      8.00000e+00    830s
  1138     -6.04600e+00      6.53000e-01      8.00000e+00    832s
  1140     -5.74600e+00      6.53000e-01      8.00000e+00    833s
  1142     -5.84900e+00      6.53000e-01      8.00000e+00    834s
  1145     -5.52200e+00      6.53000e-01      8.00000e+00    836s
  1147     -6.25500e+00      6.53000e-01      8.00000e+00    837s
  1149     -6.57000e+00      6.53000e-01      8.00000e+00    838s
  1151     -6.21600e+00      6.53000e-01      8.00000e+00    840s
  1153     -6.00100e+00      6.53000e-01      8.00000e+00    841s
  1155     -5.59600e+00      6.53000e-01      8.00000e+00    842s
  1157     -5.89400e+00      6.53000e-01      8.00000e+00    843s
  1159     -6.22000e+00      6.53000e-01      8.00000e+00    845s
  1161     -5.65200e+00      6.53000e-01      8.00000e+00    846s
  1163     -6.17000e+00      6.53000e-01      8.00000e+00    847s
  1166     -5.51300e+00      6.53000e-01      8.00000e+00    849s
  1168     -6.02600e+00      6.53000e-01      8.00000e+00    850s
  1170     -5.63900e+00      6.53000e-01      8.00000e+00    851s
  1172     -6.52000e+00      6.53000e-01      8.00000e+00    853s
  1174     -6.04500e+00      6.53000e-01      8.00000e+00    854s
  1176     -6.07600e+00      6.53000e-01      8.00000e+00    855s
  1178     -6.31900e+00      6.53000e-01      8.00000e+00    857s
  1180     -6.18600e+00      6.53000e-01      8.00000e+00    858s
  1182     -6.11500e+00      6.53000e-01      8.00000e+00    859s
  1184     -6.02000e+00      6.53000e-01      8.00000e+00    860s
  1186     -6.14800e+00      6.53000e-01      8.00000e+00    861s
  1188     -6.09500e+00      6.53000e-01      8.00000e+00    863s
  1190     -6.49600e+00      6.53000e-01      8.00000e+00    864s
  1192     -5.83000e+00      6.53000e-01      8.00000e+00    865s
  1194     -6.47000e+00      6.53000e-01      8.00000e+00    866s
  1196     -6.03400e+00      6.53000e-01      8.00000e+00    868s
  1199     -5.87900e+00      6.53000e-01      8.00000e+00    869s
  1201     -6.35100e+00      6.53000e-01      8.00000e+00    871s
  1203     -5.89500e+00      6.53000e-01      8.00000e+00    872s
  1205     -5.22500e+00      6.53000e-01      8.00000e+00    873s
  1207     -5.96800e+00      6.53000e-01      8.00000e+00    875s
  1209     -6.09500e+00      6.53000e-01      8.00000e+00    876s
  1211     -6.09100e+00      6.53000e-01      8.00000e+00    877s
  1213     -6.23600e+00      6.53000e-01      8.00000e+00    879s
  1216     -6.11400e+00      6.53000e-01      8.00000e+00    880s
  1218     -6.03200e+00      6.53000e-01      8.00000e+00    881s
  1220     -5.69900e+00      6.53000e-01      8.00000e+00    883s
  1222     -6.42000e+00      6.53000e-01      8.00000e+00    884s
  1224     -5.76900e+00      6.53000e-01      8.00000e+00    885s
  1226     -6.30300e+00      6.53000e-01      8.00000e+00    886s
  1228     -6.09800e+00      6.53000e-01      8.00000e+00    887s
  1230     -6.13500e+00      6.53000e-01      8.00000e+00    888s
  1232     -6.13900e+00      6.53000e-01      8.00000e+00    890s
  1234     -6.18300e+00      6.53000e-01      8.00000e+00    891s
  1236     -5.90000e+00      6.53000e-01      8.00000e+00    892s
  1238     -5.59100e+00      6.53000e-01      8.00000e+00    893s
  1240     -6.24700e+00      6.53000e-01      8.00000e+00    895s
  1242     -5.45200e+00      6.53000e-01      8.00000e+00    896s
  1244     -5.79200e+00      6.53000e-01      8.00000e+00    897s
  1245     -5.63700e+00      6.53000e-01      8.00000e+00    898s
  1247     -6.04700e+00      6.53000e-01      8.00000e+00    899s
  1249     -5.89000e+00      6.53000e-01      8.00000e+00    900s
  1251     -6.69400e+00      6.53000e-01      8.00000e+00    901s
  1253     -5.73500e+00      6.53000e-01      8.00000e+00    903s
  1255     -5.89700e+00      6.53000e-01      8.00000e+00    904s
  1257     -5.86700e+00      6.53000e-01      8.00000e+00    905s
  1259     -6.15100e+00      6.53000e-01      8.00000e+00    906s
  1261     -5.84000e+00      6.53000e-01      8.00000e+00    908s
  1263     -5.72400e+00      6.53000e-01      8.00000e+00    909s
  1265     -6.07500e+00      6.53000e-01      8.00000e+00    910s
  1267     -5.80400e+00      6.53000e-01      8.00000e+00    911s
  1269     -6.53600e+00      6.53000e-01      8.00000e+00    913s
  1270     -5.63300e+00      6.53000e-01      8.00000e+00    914s
  1273     -6.09700e+00      6.53000e-01      8.00000e+00    915s
  1275     -5.83900e+00      6.53000e-01      8.00000e+00    917s
  1277     -6.10900e+00      6.53000e-01      8.00000e+00    918s
  1278     -5.44500e+00      6.53000e-01      8.00000e+00    919s
  1280     -6.05600e+00      6.53000e-01      8.00000e+00    920s
  1283     -6.53500e+00      6.53000e-01      8.00000e+00    922s
  1286     -6.07400e+00      6.53000e-01      8.00000e+00    923s
  1288     -6.00500e+00      6.53000e-01      8.00000e+00    925s
  1291     -6.19800e+00      6.53000e-01      8.00000e+00    926s
  1294     -6.08300e+00      6.53000e-01      8.00000e+00    928s
  1296     -5.55500e+00      6.53000e-01      8.00000e+00    929s
  1298     -5.91400e+00      6.53000e-01      8.00000e+00    931s
  1300     -5.71500e+00      6.53000e-01      8.00000e+00    932s
  1302     -5.90300e+00      6.53000e-01      8.00000e+00    933s
  1304     -6.04500e+00      6.53000e-01      8.00000e+00    934s
  1306     -5.66300e+00      6.53000e-01      8.00000e+00    936s
  1308     -5.84300e+00      6.53000e-01      8.00000e+00    937s
  1310     -5.80300e+00      6.53000e-01      8.00000e+00    938s
  1312     -5.73700e+00      6.53000e-01      8.00000e+00    939s
  1314     -5.64600e+00      6.53000e-01      8.00000e+00    941s
  1316     -6.05600e+00      6.53000e-01      8.00000e+00    942s
  1318     -5.92200e+00      6.53000e-01      8.00000e+00    943s
  1320     -5.86600e+00      6.53000e-01      8.00000e+00    944s
  1322     -5.90900e+00      6.53000e-01      8.00000e+00    946s
  1324     -5.83400e+00      6.53000e-01      8.00000e+00    947s
  1326     -5.74300e+00      6.53000e-01      8.00000e+00    948s
  1328     -6.19400e+00      6.53000e-01      8.00000e+00    949s
  1330     -6.08200e+00      6.53000e-01      8.00000e+00    950s
  1332     -6.33200e+00      6.53000e-01      8.00000e+00    952s
  1334     -5.78400e+00      6.53000e-01      8.00000e+00    953s
  1336     -5.68000e+00      6.53000e-01      8.00000e+00    954s
  1338     -6.04100e+00      6.53000e-01      8.00000e+00    955s
  1340     -6.16800e+00      6.53000e-01      8.00000e+00    957s
  1342     -5.54800e+00      6.53000e-01      8.00000e+00    958s
  1344     -5.84400e+00      6.53000e-01      8.00000e+00    959s
  1346     -5.86500e+00      6.53000e-01      8.00000e+00    960s
  1348     -6.21000e+00      6.53000e-01      8.00000e+00    961s
  1350     -6.34300e+00      6.53000e-01      8.00000e+00    963s
  1352     -6.17800e+00      6.53000e-01      8.00000e+00    964s
  1354     -5.96500e+00      6.53000e-01      8.00000e+00    965s
  1355     -5.80700e+00      6.53000e-01      8.00000e+00    966s
  1357     -6.26500e+00      6.53000e-01      8.00000e+00    968s
  1360     -6.57600e+00      6.53000e-01      8.00000e+00    969s
  1362     -6.25000e+00      6.53000e-01      8.00000e+00    971s
  1364     -5.86100e+00      6.53000e-01      8.00000e+00    972s
  1366     -5.79800e+00      6.53000e-01      8.00000e+00    973s
  1368     -5.84100e+00      6.53000e-01      8.00000e+00    974s
  1370     -6.12800e+00      6.53000e-01      8.00000e+00    976s
  1372     -6.49400e+00      6.53000e-01      8.00000e+00    977s
  1374     -5.58500e+00      6.53000e-01      8.00000e+00    978s
  1376     -6.02700e+00      6.53000e-01      8.00000e+00    979s
  1378     -5.87000e+00      6.53000e-01      8.00000e+00    980s
  1380     -5.94800e+00      6.53000e-01      8.00000e+00    981s
  1383     -5.56500e+00      6.53000e-01      8.00000e+00    983s
  1386     -5.81100e+00      6.53000e-01      8.00000e+00    985s
  1388     -5.74000e+00      6.53000e-01      8.00000e+00    986s
  1390     -6.14500e+00      6.53000e-01      8.00000e+00    987s
  1392     -6.02400e+00      6.53000e-01      8.00000e+00    989s
  1394     -6.01200e+00      6.53000e-01      8.00000e+00    990s
  1396     -5.83500e+00      6.53000e-01      8.00000e+00    991s
  1398     -5.91800e+00      6.53000e-01      8.00000e+00    992s
  1400     -5.76000e+00      6.53000e-01      8.00000e+00    994s
  1402     -5.90000e+00      6.53000e-01      8.00000e+00    995s
  1404     -6.00900e+00      6.53000e-01      8.00000e+00    996s
  1406     -5.98100e+00      6.53000e-01      8.00000e+00    998s
  1408     -5.75500e+00      6.53000e-01      8.00000e+00    999s
  1410     -5.97600e+00      6.53000e-01      8.00000e+00   1000s
  1412     -6.26800e+00      6.53000e-01      8.00000e+00   1002s
  1414     -5.97500e+00      6.53000e-01      8.00000e+00   1003s
  1416     -6.16400e+00      6.53000e-01      8.00000e+00   1004s
  1418     -5.89000e+00      6.53000e-01      8.00000e+00   1006s
  1421     -5.65400e+00      6.53000e-01      8.00000e+00   1007s
  1423     -6.03300e+00      6.53000e-01      8.00000e+00   1009s
  1426     -5.98900e+00      6.53000e-01      8.00000e+00   1010s
  1428     -5.81000e+00      6.53000e-01      8.00000e+00   1012s
  1430     -5.85900e+00      6.53000e-01      8.00000e+00   1013s
  1432     -6.05700e+00      6.53000e-01      8.00000e+00   1014s
  1434     -6.11100e+00      6.53000e-01      8.00000e+00   1015s
  1436     -5.53500e+00      6.53000e-01      8.00000e+00   1017s
  1439     -5.68700e+00      6.53000e-01      8.00000e+00   1018s
  1441     -6.04900e+00      6.53000e-01      8.00000e+00   1019s
  1443     -5.85600e+00      6.53000e-01      8.00000e+00   1021s
  1445     -5.76800e+00      6.53000e-01      8.00000e+00   1022s
  1446     -5.69100e+00      6.53000e-01      8.00000e+00   1023s
  1448     -6.01700e+00      6.53000e-01      8.00000e+00   1025s
  1450     -6.18500e+00      6.53000e-01      8.00000e+00   1026s
  1452     -6.24200e+00      6.53000e-01      8.00000e+00   1027s
  1454     -5.68500e+00      6.53000e-01      8.00000e+00   1028s
  1456     -6.16900e+00      6.53000e-01      8.00000e+00   1030s
  1458     -6.01900e+00      6.53000e-01      8.00000e+00   1031s
  1460     -5.94400e+00      6.53000e-01      8.00000e+00   1032s
  1462     -6.19400e+00      6.53000e-01      8.00000e+00   1033s
  1464     -6.00300e+00      6.53000e-01      8.00000e+00   1035s
  1466     -5.90500e+00      6.53000e-01      8.00000e+00   1036s
  1468     -5.75700e+00      6.53000e-01      8.00000e+00   1037s
  1470     -5.87700e+00      6.53000e-01      8.00000e+00   1039s
  1472     -5.73300e+00      6.53000e-01      8.00000e+00   1040s
  1474     -5.84000e+00      6.53000e-01      8.00000e+00   1041s
  1476     -5.88000e+00      6.53000e-01      8.00000e+00   1042s
  1478     -6.47400e+00      6.53000e-01      8.00000e+00   1044s
  1480     -6.17600e+00      6.53000e-01      8.00000e+00   1045s
  1482     -5.78600e+00      6.53000e-01      8.00000e+00   1046s
  1484     -6.02800e+00      6.53000e-01      8.00000e+00   1047s
  1486     -5.24000e+00      6.53000e-01      8.00000e+00   1048s
  1488     -6.14000e+00      6.53000e-01      8.00000e+00   1049s
  1490     -5.88400e+00      6.53000e-01      8.00000e+00   1051s
  1492     -6.09900e+00      6.53000e-01      8.00000e+00   1052s
  1494     -6.00300e+00      6.53000e-01      8.00000e+00   1053s
  1496     -5.83800e+00      6.53000e-01      8.00000e+00   1054s
  1498     -6.13200e+00      6.53000e-01      8.00000e+00   1055s
  1500     -5.80400e+00      6.53000e-01      8.00000e+00   1057s
  1502     -5.91000e+00      6.53000e-01      8.00000e+00   1058s
  1504     -6.09100e+00      6.53000e-01      8.00000e+00   1059s
  1506     -5.67500e+00      6.53000e-01      8.00000e+00   1060s
  1508     -5.60800e+00      6.53000e-01      8.00000e+00   1061s
  1510     -5.71700e+00      6.53000e-01      8.00000e+00   1063s
  1512     -5.77500e+00      6.53000e-01      8.00000e+00   1064s
  1514     -6.09800e+00      6.53000e-01      8.00000e+00   1065s
  1516     -5.86700e+00      6.53000e-01      8.00000e+00   1067s
  1518     -5.95000e+00      6.53000e-01      8.00000e+00   1068s
  1520     -5.80300e+00      6.53000e-01      8.00000e+00   1070s
  1522     -5.93500e+00      6.53000e-01      8.00000e+00   1071s
  1524     -5.71500e+00      6.53000e-01      8.00000e+00   1072s
  1526     -6.26700e+00      6.53000e-01      8.00000e+00   1073s
  1528     -6.18400e+00      6.53000e-01      8.00000e+00   1075s
  1530     -5.96500e+00      6.53000e-01      8.00000e+00   1076s
  1533     -6.10700e+00      6.53000e-01      8.00000e+00   1077s
  1535     -6.16300e+00      6.53000e-01      8.00000e+00   1078s
  1536     -5.79900e+00      6.53000e-01      8.00000e+00   1079s
  1539     -5.91000e+00      6.53000e-01      8.00000e+00   1081s
  1541     -5.81000e+00      6.53000e-01      8.00000e+00   1082s
  1543     -5.82300e+00      6.53000e-01      8.00000e+00   1083s
  1545     -5.66000e+00      6.53000e-01      8.00000e+00   1085s
  1547     -5.76400e+00      6.53000e-01      8.00000e+00   1086s
  1549     -6.02800e+00      6.53000e-01      8.00000e+00   1087s
  1551     -6.47200e+00      6.53000e-01      8.00000e+00   1088s
  1553     -5.37000e+00      6.53000e-01      8.00000e+00   1090s
  1555     -5.33300e+00      6.53000e-01      8.00000e+00   1091s
  1558     -5.13000e+00      6.53000e-01      8.00000e+00   1092s
  1560     -6.08900e+00      6.53000e-01      8.00000e+00   1094s
  1562     -6.26200e+00      6.53000e-01      8.00000e+00   1095s
  1564     -6.45900e+00      6.53000e-01      8.00000e+00   1096s
  1566     -5.58500e+00      6.53000e-01      8.00000e+00   1097s
  1568     -5.57300e+00      6.53000e-01      8.00000e+00   1098s
  1570     -5.49200e+00      6.53000e-01      8.00000e+00   1100s
  1572     -5.49800e+00      6.53000e-01      8.00000e+00   1101s
  1574     -5.87000e+00      6.53000e-01      8.00000e+00   1102s
  1576     -6.02200e+00      6.53000e-01      8.00000e+00   1104s
  1578     -5.77400e+00      6.53000e-01      8.00000e+00   1105s
  1580     -5.05100e+00      6.53000e-01      8.00000e+00   1106s
  1582     -5.52200e+00      6.53000e-01      8.00000e+00   1107s
  1584     -5.59400e+00      6.53000e-01      8.00000e+00   1109s
  1586     -5.94100e+00      6.53000e-01      8.00000e+00   1110s
  1588     -5.92000e+00      6.53000e-01      8.00000e+00   1111s
  1590     -5.29700e+00      6.53000e-01      8.00000e+00   1112s
  1592     -5.22900e+00      6.53000e-01      8.00000e+00   1114s
  1594     -5.09500e+00      6.53000e-01      8.00000e+00   1115s
  1596     -5.75700e+00      6.53000e-01      8.00000e+00   1117s
  1598     -6.07300e+00      6.53000e-01      8.00000e+00   1118s
  1601     -6.30600e+00      6.53000e-01      8.00000e+00   1119s
  1603     -5.87600e+00      6.53000e-01      8.00000e+00   1120s
  1605     -5.71600e+00      6.53000e-01      8.00000e+00   1122s
  1607     -5.80300e+00      6.53000e-01      8.00000e+00   1123s
  1609     -5.77300e+00      6.53000e-01      8.00000e+00   1124s
  1611     -6.34400e+00      6.53000e-01      8.00000e+00   1125s
  1613     -6.02500e+00      6.53000e-01      8.00000e+00   1126s
  1615     -5.63900e+00      6.53000e-01      8.00000e+00   1128s
  1618     -5.53800e+00      6.53000e-01      8.00000e+00   1129s
  1620     -5.31300e+00      6.53000e-01      8.00000e+00   1130s
  1622     -5.71800e+00      6.53000e-01      8.00000e+00   1132s
  1623     -5.95700e+00      6.53000e-01      8.00000e+00   1133s
  1626     -6.25100e+00      6.53000e-01      8.00000e+00   1134s
  1629     -5.72800e+00      6.53000e-01      8.00000e+00   1136s
  1631     -5.43700e+00      6.53000e-01      8.00000e+00   1137s
  1633     -5.89600e+00      6.53000e-01      8.00000e+00   1138s
  1635     -6.11600e+00      6.53000e-01      8.00000e+00   1140s
  1637     -5.52200e+00      6.53000e-01      8.00000e+00   1141s
  1639     -5.74300e+00      6.53000e-01      8.00000e+00   1142s
  1641     -5.55100e+00      6.53000e-01      8.00000e+00   1143s
  1643     -5.19400e+00      6.53000e-01      8.00000e+00   1144s
  1645     -5.93700e+00      6.53000e-01      8.00000e+00   1146s
  1647     -6.39400e+00      6.53000e-01      8.00000e+00   1147s
  1650     -6.69500e+00      6.53000e-01      8.00000e+00   1149s
  1652     -6.30600e+00      6.53000e-01      8.00000e+00   1150s
  1655     -6.16400e+00      6.53000e-01      8.00000e+00   1152s
  1658     -5.99000e+00      6.53000e-01      8.00000e+00   1153s
  1660     -5.96800e+00      6.53000e-01      8.00000e+00   1154s
  1662     -5.98600e+00      6.53000e-01      8.00000e+00   1156s
  1664     -6.08200e+00      6.53000e-01      8.00000e+00   1157s
  1666     -5.92800e+00      6.53000e-01      8.00000e+00   1158s
  1668     -6.04300e+00      6.53000e-01      8.00000e+00   1159s
  1670     -6.59200e+00      6.53000e-01      8.00000e+00   1160s
  1673     -5.86000e+00      6.53000e-01      8.00000e+00   1162s
  1676     -5.83200e+00      6.53000e-01      8.00000e+00   1164s
  1679     -5.99100e+00      6.53000e-01      8.00000e+00   1165s
  1681     -6.28600e+00      6.53000e-01      8.00000e+00   1166s
  1683     -5.93600e+00      6.53000e-01      8.00000e+00   1167s
  1685     -6.08500e+00      6.53000e-01      8.00000e+00   1169s
  1688     -5.90600e+00      6.53000e-01      8.00000e+00   1170s
  1691     -5.84800e+00      6.53000e-01      8.00000e+00   1172s
  1693     -5.96900e+00      6.53000e-01      8.00000e+00   1173s
  1695     -6.35800e+00      6.53000e-01      8.00000e+00   1174s
  1697     -5.91900e+00      6.53000e-01      8.00000e+00   1176s
  1699     -5.69600e+00      6.53000e-01      8.00000e+00   1177s
  1701     -6.02600e+00      6.53000e-01      8.00000e+00   1178s
  1703     -6.60200e+00      6.53000e-01      8.00000e+00   1179s
  1705     -6.83200e+00      6.53000e-01      8.00000e+00   1181s
  1707     -5.90700e+00      6.53000e-01      8.00000e+00   1182s
  1709     -5.83300e+00      6.53000e-01      8.00000e+00   1184s
  1711     -6.12600e+00      6.53000e-01      8.00000e+00   1185s
  1713     -5.91800e+00      6.53000e-01      8.00000e+00   1187s
  1716     -6.63400e+00      6.53000e-01      8.00000e+00   1188s
  1718     -6.79500e+00      6.53000e-01      8.00000e+00   1189s
  1720     -6.04700e+00      6.53000e-01      8.00000e+00   1190s
  1722     -6.63700e+00      6.53000e-01      8.00000e+00   1192s
  1724     -5.83400e+00      6.53000e-01      8.00000e+00   1193s
  1726     -6.02500e+00      6.53000e-01      8.00000e+00   1194s
  1728     -5.67300e+00      6.53000e-01      8.00000e+00   1195s
  1730     -6.22200e+00      6.53000e-01      8.00000e+00   1197s
  1732     -6.30900e+00      6.53000e-01      8.00000e+00   1198s
  1734     -5.89200e+00      6.53000e-01      8.00000e+00   1200s
  1736     -6.18100e+00      6.53000e-01      8.00000e+00   1201s
  1738     -5.59000e+00      6.53000e-01      8.00000e+00   1202s
  1740     -6.25200e+00      6.53000e-01      8.00000e+00   1203s
  1741     -6.21900e+00      6.53000e-01      8.00000e+00   1204s
  1744     -6.70700e+00      6.53000e-01      8.00000e+00   1206s
  1746     -6.12300e+00      6.53000e-01      8.00000e+00   1207s
  1748     -5.90000e+00      6.53000e-01      8.00000e+00   1209s
  1751     -5.76500e+00      6.53000e-01      8.00000e+00   1211s
  1753     -6.00000e+00      6.53000e-01      8.00000e+00   1212s
  1755     -6.41200e+00      6.53000e-01      8.00000e+00   1213s
  1757     -6.09300e+00      6.53000e-01      8.00000e+00   1214s
  1759     -5.83700e+00      6.53000e-01      8.00000e+00   1215s
  1761     -5.83500e+00      6.53000e-01      8.00000e+00   1217s
  1763     -5.65800e+00      6.53000e-01      8.00000e+00   1218s
  1765     -5.81800e+00      6.53000e-01      8.00000e+00   1219s
  1767     -6.15500e+00      6.53000e-01      8.00000e+00   1220s
  1769     -6.23500e+00      6.53000e-01      8.00000e+00   1222s
  1771     -5.95600e+00      6.53000e-01      8.00000e+00   1223s
  1773     -6.36000e+00      6.53000e-01      8.00000e+00   1225s
  1775     -5.95800e+00      6.53000e-01      8.00000e+00   1226s
  1777     -5.65500e+00      6.53000e-01      8.00000e+00   1227s
  1779     -6.01800e+00      6.53000e-01      8.00000e+00   1229s
  1781     -6.85800e+00      6.53000e-01      8.00000e+00   1230s
  1783     -5.76000e+00      6.53000e-01      8.00000e+00   1231s
  1785     -6.11000e+00      6.53000e-01      8.00000e+00   1232s
  1788     -5.85700e+00      6.53000e-01      8.00000e+00   1234s
  1790     -6.44800e+00      6.53000e-01      8.00000e+00   1235s
  1792     -6.09600e+00      6.53000e-01      8.00000e+00   1236s
  1794     -6.32300e+00      6.53000e-01      8.00000e+00   1238s
  1796     -6.58900e+00      6.53000e-01      8.00000e+00   1239s
  1798     -5.80100e+00      6.53000e-01      8.00000e+00   1240s
  1800     -5.94700e+00      6.53000e-01      8.00000e+00   1241s
  1802     -6.07700e+00      6.53000e-01      8.00000e+00   1243s
  1804     -6.17000e+00      6.53000e-01      8.00000e+00   1244s
  1806     -5.98000e+00      6.53000e-01      8.00000e+00   1245s
  1808     -5.51500e+00      6.53000e-01      8.00000e+00   1247s
  1810     -6.02700e+00      6.53000e-01      8.00000e+00   1248s
  1812     -6.09400e+00      6.53000e-01      8.00000e+00   1249s
  1814     -5.96000e+00      6.53000e-01      8.00000e+00   1250s
  1816     -6.01100e+00      6.53000e-01      8.00000e+00   1252s
  1819     -6.41100e+00      6.53000e-01      8.00000e+00   1253s
  1822     -6.29100e+00      6.53000e-01      8.00000e+00   1255s
  1824     -5.97400e+00      6.53000e-01      8.00000e+00   1256s
  1826     -6.05400e+00      6.53000e-01      8.00000e+00   1257s
  1827     -6.14300e+00      6.53000e-01      8.00000e+00   1258s
  1829     -6.16800e+00      6.53000e-01      8.00000e+00   1260s
  1831     -6.40500e+00      6.53000e-01      8.00000e+00   1261s
  1833     -5.88500e+00      6.53000e-01      8.00000e+00   1262s
  1835     -5.94900e+00      6.53000e-01      8.00000e+00   1263s
  1837     -5.61800e+00      6.53000e-01      8.00000e+00   1265s
  1839     -5.96700e+00      6.53000e-01      8.00000e+00   1266s
  1841     -6.05400e+00      6.53000e-01      8.00000e+00   1268s
  1843     -5.61000e+00      6.53000e-01      8.00000e+00   1269s
  1845     -6.20600e+00      6.53000e-01      8.00000e+00   1271s
  1847     -6.54800e+00      6.53000e-01      8.00000e+00   1272s
  1849     -6.11300e+00      6.53000e-01      8.00000e+00   1273s
  1851     -5.85000e+00      6.53000e-01      8.00000e+00   1274s
  1853     -6.23300e+00      6.53000e-01      8.00000e+00   1276s
  1855     -5.99000e+00      6.53000e-01      8.00000e+00   1277s
  1857     -6.12300e+00      6.53000e-01      8.00000e+00   1278s
  1859     -6.01300e+00      6.53000e-01      8.00000e+00   1279s
  1861     -6.21500e+00      6.53000e-01      8.00000e+00   1281s
  1863     -6.16500e+00      6.53000e-01      8.00000e+00   1282s
  1865     -6.13600e+00      6.53000e-01      8.00000e+00   1283s
  1867     -5.91500e+00      6.53000e-01      8.00000e+00   1285s
  1869     -6.29100e+00      6.53000e-01      8.00000e+00   1286s
  1871     -6.16600e+00      6.53000e-01      8.00000e+00   1287s
  1873     -5.93400e+00      6.53000e-01      8.00000e+00   1289s
  1875     -5.98200e+00      6.53000e-01      8.00000e+00   1290s
  1877     -5.96900e+00      6.53000e-01      8.00000e+00   1291s
  1879     -5.74500e+00      6.53000e-01      8.00000e+00   1293s
  1881     -6.10900e+00      6.53000e-01      8.00000e+00   1294s
  1883     -6.27100e+00      6.53000e-01      8.00000e+00   1295s
  1884     -5.94400e+00      6.53000e-01      8.00000e+00   1296s
  1886     -5.80900e+00      6.53000e-01      8.00000e+00   1297s
  1888     -6.10400e+00      6.53000e-01      8.00000e+00   1298s
  1890     -6.30700e+00      6.53000e-01      8.00000e+00   1300s
  1892     -6.09800e+00      6.53000e-01      8.00000e+00   1301s
  1894     -5.82400e+00      6.53000e-01      8.00000e+00   1302s
  1896     -6.45100e+00      6.53000e-01      8.00000e+00   1304s
  1898     -6.08200e+00      6.53000e-01      8.00000e+00   1305s
  1900     -6.06200e+00      6.53000e-01      8.00000e+00   1307s
  1902     -6.40100e+00      6.53000e-01      8.00000e+00   1308s
  1904     -6.49300e+00      6.53000e-01      8.00000e+00   1309s
  1906     -6.35500e+00      6.53000e-01      8.00000e+00   1310s
  1908     -6.05300e+00      6.53000e-01      8.00000e+00   1312s
  1910     -5.92300e+00      6.53000e-01      8.00000e+00   1313s
  1912     -6.46100e+00      6.53000e-01      8.00000e+00   1314s
  1914     -6.12700e+00      6.53000e-01      8.00000e+00   1316s
  1916     -5.99400e+00      6.53000e-01      8.00000e+00   1317s
  1918     -6.32800e+00      6.53000e-01      8.00000e+00   1318s
  1920     -5.93000e+00      6.53000e-01      8.00000e+00   1319s
  1922     -6.18400e+00      6.53000e-01      8.00000e+00   1321s
  1924     -5.58300e+00      6.53000e-01      8.00000e+00   1322s
  1926     -6.00000e+00      6.53000e-01      8.00000e+00   1323s
  1928     -6.10900e+00      6.53000e-01      8.00000e+00   1324s
  1930     -6.00300e+00      6.53000e-01      8.00000e+00   1326s
  1932     -5.87000e+00      6.53000e-01      8.00000e+00   1327s
  1934     -5.79300e+00      6.53000e-01      8.00000e+00   1328s
  1936     -6.01400e+00      6.53000e-01      8.00000e+00   1329s
  1938     -6.44200e+00      6.53000e-01      8.00000e+00   1331s
  1940     -6.08100e+00      6.53000e-01      8.00000e+00   1332s
  1942     -5.95700e+00      6.53000e-01      8.00000e+00   1333s
  1944     -6.06100e+00      6.53000e-01      8.00000e+00   1335s
  1946     -6.10900e+00      6.53000e-01      8.00000e+00   1336s
  1948     -6.02900e+00      6.53000e-01      8.00000e+00   1337s
  1950     -5.85100e+00      6.53000e-01      8.00000e+00   1338s
  1952     -5.92100e+00      6.53000e-01      8.00000e+00   1339s
  1954     -6.26200e+00      6.53000e-01      8.00000e+00   1340s
  1956     -6.52900e+00      6.53000e-01      8.00000e+00   1342s
  1958     -6.17800e+00      6.53000e-01      8.00000e+00   1343s
  1960     -6.09800e+00      6.53000e-01      8.00000e+00   1344s
  1962     -6.12800e+00      6.53000e-01      8.00000e+00   1346s
  1964     -6.29800e+00      6.53000e-01      8.00000e+00   1347s
  1966     -6.24900e+00      6.53000e-01      8.00000e+00   1349s
  1968     -6.06800e+00      6.53000e-01      8.00000e+00   1350s
  1970     -5.98000e+00      6.53000e-01      8.00000e+00   1351s
  1972     -5.84500e+00      6.53000e-01      8.00000e+00   1352s
  1974     -6.12000e+00      6.53000e-01      8.00000e+00   1354s
  1976     -6.15700e+00      6.53000e-01      8.00000e+00   1355s
  1978     -5.87100e+00      6.53000e-01      8.00000e+00   1356s
  1981     -6.32300e+00      6.53000e-01      8.00000e+00   1358s
  1983     -6.09600e+00      6.53000e-01      8.00000e+00   1359s
  1985     -5.88900e+00      6.53000e-01      8.00000e+00   1360s
  1987     -6.03500e+00      6.53000e-01      8.00000e+00   1361s
  1990     -5.85100e+00      6.53000e-01      8.00000e+00   1363s
  1992     -6.23800e+00      6.53000e-01      8.00000e+00   1364s
  1994     -6.09400e+00      6.53000e-01      8.00000e+00   1366s
  1996     -6.07900e+00      6.53000e-01      8.00000e+00   1367s
  1998     -6.00000e+00      6.53000e-01      8.00000e+00   1368s
  2000     -5.96400e+00      6.53000e-01      8.00000e+00   1370s
  2003     -6.26000e+00      6.53000e-01      8.00000e+00   1372s
  2005     -6.29100e+00      6.53000e-01      8.00000e+00   1373s
  2007     -6.22200e+00      6.53000e-01      8.00000e+00   1374s
  2009     -6.38000e+00      6.53000e-01      8.00000e+00   1375s
  2011     -6.19400e+00      6.53000e-01      8.00000e+00   1377s
  2013     -5.75300e+00      6.53000e-01      8.00000e+00   1378s
  2015     -6.19300e+00      6.53000e-01      8.00000e+00   1379s
  2017     -5.92700e+00      6.53000e-01      8.00000e+00   1380s
  2019     -6.26000e+00      6.53000e-01      8.00000e+00   1382s
  2021     -5.81600e+00      6.53000e-01      8.00000e+00   1383s
  2023     -6.10900e+00      6.53000e-01      8.00000e+00   1384s
  2025     -5.95700e+00      6.53000e-01      8.00000e+00   1386s
  2027     -6.00100e+00      6.53000e-01      8.00000e+00   1387s
  2029     -6.45400e+00      6.53000e-01      8.00000e+00   1388s
  2031     -6.32000e+00      6.53000e-01      8.00000e+00   1389s
  2033     -5.75300e+00      6.53000e-01      8.00000e+00   1391s
  2035     -6.16600e+00      6.53000e-01      8.00000e+00   1392s
  2037     -6.13000e+00      6.53000e-01      8.00000e+00   1393s
  2039     -5.69200e+00      6.53000e-01      8.00000e+00   1395s
  2041     -6.16100e+00      6.53000e-01      8.00000e+00   1396s
  2043     -6.38700e+00      6.53000e-01      8.00000e+00   1397s
  2045     -6.14500e+00      6.53000e-01      8.00000e+00   1398s
  2047     -5.71300e+00      6.53000e-01      8.00000e+00   1399s
  2049     -6.16200e+00      6.53000e-01      8.00000e+00   1400s
  2051     -5.88300e+00      6.53000e-01      8.00000e+00   1402s
  2053     -5.86000e+00      6.53000e-01      8.00000e+00   1403s
  2055     -6.60400e+00      6.53000e-01      8.00000e+00   1404s
  2057     -6.34700e+00      6.53000e-01      8.00000e+00   1405s
  2059     -6.53300e+00      6.53000e-01      8.00000e+00   1407s
  2061     -6.11000e+00      6.53000e-01      8.00000e+00   1408s
  2063     -6.03900e+00      6.53000e-01      8.00000e+00   1409s
  2065     -5.97100e+00      6.53000e-01      8.00000e+00   1411s
  2067     -6.00400e+00      6.53000e-01      8.00000e+00   1412s
  2070     -6.35200e+00      6.53000e-01      8.00000e+00   1414s
  2073     -6.07600e+00      6.53000e-01      8.00000e+00   1416s
  2075     -5.91200e+00      6.53000e-01      8.00000e+00   1417s
  2077     -5.89000e+00      6.53000e-01      8.00000e+00   1418s
  2079     -6.61800e+00      6.53000e-01      8.00000e+00   1419s
  2080     -6.81400e+00      6.53000e-01      8.00000e+00   1420s
  2083     -6.03500e+00      6.53000e-01      8.00000e+00   1422s
  2085     -6.25600e+00      6.53000e-01      8.00000e+00   1424s
  2087     -6.02900e+00      6.53000e-01      8.00000e+00   1425s
  2089     -6.12800e+00      6.53000e-01      8.00000e+00   1426s
  2091     -5.99500e+00      6.53000e-01      8.00000e+00   1428s
  2093     -6.62300e+00      6.53000e-01      8.00000e+00   1429s
  2095     -5.99600e+00      6.53000e-01      8.00000e+00   1430s
  2097     -6.23000e+00      6.53000e-01      8.00000e+00   1432s
  2098     -6.06400e+00      6.53000e-01      8.00000e+00   1433s
  2100     -6.41600e+00      6.53000e-01      8.00000e+00   1434s
  2102     -5.55300e+00      6.53000e-01      8.00000e+00   1435s
  2104     -5.95300e+00      6.53000e-01      8.00000e+00   1436s
  2106     -6.42600e+00      6.53000e-01      8.00000e+00   1438s
  2108     -6.44100e+00      6.53000e-01      8.00000e+00   1439s
  2110     -6.25800e+00      6.53000e-01      8.00000e+00   1440s
  2112     -5.87800e+00      6.53000e-01      8.00000e+00   1441s
  2114     -6.75600e+00      6.53000e-01      8.00000e+00   1443s
  2116     -5.94300e+00      6.53000e-01      8.00000e+00   1444s
  2118     -6.69500e+00      6.53000e-01      8.00000e+00   1446s
  2120     -5.98900e+00      6.53000e-01      8.00000e+00   1447s
  2122     -6.47100e+00      6.53000e-01      8.00000e+00   1448s
  2124     -6.02200e+00      6.53000e-01      8.00000e+00   1450s
  2126     -5.86800e+00      6.53000e-01      8.00000e+00   1451s
  2128     -6.36700e+00      6.53000e-01      8.00000e+00   1452s
  2130     -6.54400e+00      6.53000e-01      8.00000e+00   1453s
  2131     -6.30300e+00      6.53000e-01      8.00000e+00   1454s
  2133     -6.84400e+00      6.53000e-01      8.00000e+00   1456s
  2135     -6.35100e+00      6.53000e-01      8.00000e+00   1457s
  2136     -6.20900e+00      6.53000e-01      8.00000e+00   1458s
  2138     -5.95900e+00      6.53000e-01      8.00000e+00   1459s
  2140     -6.43600e+00      6.53000e-01      8.00000e+00   1460s
  2142     -6.69100e+00      6.53000e-01      8.00000e+00   1461s
  2143     -7.01200e+00      6.53000e-01      8.00000e+00   1462s
  2145     -6.18600e+00      6.53000e-01      8.00000e+00   1464s
  2148     -6.33800e+00      6.53000e-01      8.00000e+00   1465s
  2150     -6.40300e+00      6.53000e-01      8.00000e+00   1466s
  2152     -5.24300e+00      6.53000e-01      8.00000e+00   1468s
  2154     -5.74300e+00      6.53000e-01      8.00000e+00   1469s
  2156     -6.41400e+00      6.53000e-01      8.00000e+00   1470s
  2158     -6.86400e+00      6.53000e-01      8.00000e+00   1472s
  2160     -6.68300e+00      6.53000e-01      8.00000e+00   1473s
  2162     -6.01900e+00      6.53000e-01      8.00000e+00   1474s
  2164     -5.55400e+00      6.53000e-01      8.00000e+00   1475s
  2166     -6.39300e+00      6.53000e-01      8.00000e+00   1476s
  2168     -7.18400e+00      6.53000e-01      8.00000e+00   1477s
  2170     -7.86000e+00      6.53000e-01      8.00000e+00   1479s
  2172     -6.79900e+00      6.53000e-01      8.00000e+00   1480s
  2174     -6.14200e+00      6.53000e-01      8.00000e+00   1481s
  2176     -5.82200e+00      6.53000e-01      8.00000e+00   1482s
  2178     -6.05100e+00      6.53000e-01      8.00000e+00   1483s
  2180     -6.96600e+00      6.53000e-01      8.00000e+00   1485s
  2182     -6.60700e+00      6.53000e-01      8.00000e+00   1486s
  2184     -6.78200e+00      6.53000e-01      8.00000e+00   1487s
  2186     -6.49400e+00      6.53000e-01      8.00000e+00   1488s
  2188     -5.63700e+00      6.53000e-01      8.00000e+00   1489s
  2190     -6.06200e+00      6.53000e-01      8.00000e+00   1491s
  2192     -6.99600e+00      6.53000e-01      8.00000e+00   1492s
  2194     -7.50600e+00      6.53000e-01      8.00000e+00   1494s
  2196     -7.01700e+00      6.53000e-01      8.00000e+00   1495s
  2199     -6.24900e+00      6.53000e-01      8.00000e+00   1497s
  2201     -5.70500e+00      6.53000e-01      8.00000e+00   1498s
  2203     -6.39700e+00      6.53000e-01      8.00000e+00   1499s
  2205     -6.99800e+00      6.53000e-01      8.00000e+00   1501s
  2207     -8.16500e+00      6.53000e-01      8.00000e+00   1502s
  2208     -8.06700e+00      6.53000e-01      8.00000e+00   1503s
  2210     -7.28000e+00      6.53000e-01      8.00000e+00   1504s
  2212     -5.71800e+00      6.53000e-01      8.00000e+00   1505s
  2214     -5.69800e+00      6.53000e-01      8.00000e+00   1507s
  2216     -6.73200e+00      6.53000e-01      8.00000e+00   1508s
  2218     -7.61800e+00      6.53000e-01      8.00000e+00   1509s
  2220     -7.99100e+00      6.53000e-01      8.00000e+00   1511s
  2222     -7.34400e+00      6.53000e-01      8.00000e+00   1512s
  2224     -6.19000e+00      6.53000e-01      8.00000e+00   1513s
  2226     -5.74100e+00      6.53000e-01      8.00000e+00   1514s
  2228     -6.51400e+00      6.53000e-01      8.00000e+00   1516s
  2230     -7.84200e+00      6.53000e-01      8.00000e+00   1517s
  2232     -8.35500e+00      6.53000e-01      8.00000e+00   1518s
  2234     -6.93200e+00      6.53000e-01      8.00000e+00   1519s
  2236     -6.40300e+00      6.53000e-01      8.00000e+00   1521s
  2238     -5.55900e+00      6.53000e-01      8.00000e+00   1522s
  2240     -6.75900e+00      6.53000e-01      8.00000e+00   1523s
  2243     -7.86700e+00      6.53000e-01      8.00000e+00   1525s
  2246     -7.32400e+00      6.53000e-01      8.00000e+00   1527s
  2248     -6.15500e+00      6.53000e-01      8.00000e+00   1528s
  2250     -6.20700e+00      6.53000e-01      8.00000e+00   1529s
  2252     -7.03100e+00      6.53000e-01      8.00000e+00   1530s
  2254     -9.13900e+00      6.53000e-01      8.00000e+00   1532s
  2256     -1.05160e+01      6.53000e-01      8.00000e+00   1533s
  2258     -9.66700e+00      6.53000e-01      8.00000e+00   1534s
  2260     -8.30100e+00      6.53000e-01      8.00000e+00   1535s
  2262     -6.31700e+00      6.53000e-01      8.00000e+00   1536s
  2264     -5.61900e+00      6.53000e-01      8.00000e+00   1538s
  2267     -6.48600e+00      6.53000e-01      8.00000e+00   1540s
  2270     -7.14100e+00      6.53000e-01      8.00000e+00   1541s
  2272     -6.04900e+00      6.53000e-01      8.00000e+00   1542s
  2274     -5.81500e+00      6.53000e-01      8.00000e+00   1544s
  2276     -6.34000e+00      6.53000e-01      8.00000e+00   1545s
  2278     -8.50400e+00      6.53000e-01      8.00000e+00   1546s
  2281     -1.08430e+01      6.53000e-01      8.00000e+00   1548s
  2283     -9.98600e+00      6.53000e-01      8.00000e+00   1549s
  2285     -7.71900e+00      6.53000e-01      8.00000e+00   1551s
  2288     -5.58000e+00      6.53000e-01      8.00000e+00   1552s
  2290     -5.38800e+00      6.53000e-01      8.00000e+00   1554s
  2292     -5.97300e+00      6.53000e-01      8.00000e+00   1555s
  2294     -6.85600e+00      6.53000e-01      8.00000e+00   1556s
  2296     -6.44100e+00      6.53000e-01      8.00000e+00   1558s
  2298     -6.13800e+00      6.53000e-01      8.00000e+00   1559s
  2300     -5.87300e+00      6.53000e-01      8.00000e+00   1560s
  2302     -1.11970e+01      6.53000e-01      8.00000e+00   1562s
  2304     -1.43250e+01      6.53000e-01      8.00000e+00   1563s
  2307     -1.43320e+01      6.53000e-01      8.00000e+00   1564s
  2310     -8.73000e+00      6.53000e-01      8.00000e+00   1566s
  2312     -6.12100e+00      6.53000e-01      8.00000e+00   1567s
  2314     -4.90400e+00      6.53000e-01      8.00000e+00   1568s
  2316     -4.68800e+00      6.53000e-01      8.00000e+00   1570s
  2318     -4.17200e+00      6.53000e-01      8.00000e+00   1571s
  2321     -2.83900e+00      6.53000e-01      8.00000e+00   1572s
  2323     -3.35800e+00      6.53000e-01      8.00000e+00   1574s
  2325     -7.47400e+00      6.53000e-01      8.00000e+00   1575s
  2327     -1.14900e+01      6.53000e-01      8.00000e+00   1576s
  2330     -1.55280e+01      6.53000e-01      8.00000e+00   1577s
  2332     -1.36790e+01      6.53000e-01      8.00000e+00   1578s
  2334     -1.04370e+01      6.53000e-01      8.00000e+00   1580s
  2336     -7.03900e+00      6.53000e-01      8.00000e+00   1581s
  2338     -5.21700e+00      6.53000e-01      8.00000e+00   1583s
  2340     -5.23000e+00      6.53000e-01      8.00000e+00   1584s
  2343     -3.82900e+00      6.53000e-01      8.00000e+00   1586s
  2346     -2.82300e+00      6.53000e-01      8.00000e+00   1587s
  2348     -4.39100e+00      6.53000e-01      8.00000e+00   1588s
  2350     -5.46000e+00      6.53000e-01      8.00000e+00   1590s
  2351     -9.96100e+00      6.53000e-01      8.00000e+00   1591s
  2353     -1.61440e+01      6.53000e-01      8.00000e+00   1592s
  2355     -1.90980e+01      6.53000e-01      8.00000e+00   1593s
  2357     -1.64470e+01      6.53000e-01      8.00000e+00   1594s
  2359     -1.19040e+01      6.53000e-01      8.00000e+00   1595s
  2362     -6.61400e+00      6.53000e-01      8.00000e+00   1597s
  2365     -4.90500e+00      6.53000e-01      8.00000e+00   1599s
  2368     -2.07400e+00      6.53000e-01      8.00000e+00   1600s
  2371      6.74000e-01      6.74000e-01      8.00000e+00   1602s
  2373     -1.62200e+00      6.74000e-01      8.00000e+00   1603s
  2375     -7.51700e+00      6.74000e-01      8.00000e+00   1604s
  2377     -1.52110e+01      6.74000e-01      8.00000e+00   1606s
  2379     -1.89490e+01      6.74000e-01      8.00000e+00   1607s
  2381     -1.76580e+01      6.74000e-01      8.00000e+00   1608s
  2383     -1.28170e+01      6.74000e-01      8.00000e+00   1609s
  2385     -8.34100e+00      6.74000e-01      8.00000e+00   1610s
  2387     -5.61900e+00      6.74000e-01      8.00000e+00   1611s
  2389     -4.87800e+00      6.74000e-01      8.00000e+00   1613s
  2391     -4.21300e+00      6.74000e-01      8.00000e+00   1614s
  2393     -1.34100e+00      6.74000e-01      8.00000e+00   1615s
  2395      6.25000e-01      6.74000e-01      8.00000e+00   1616s
  2397     -4.47000e-01      6.74000e-01      8.00000e+00   1617s
  2399     -6.21100e+00      6.74000e-01      8.00000e+00   1619s
  2401     -8.70900e+00      6.74000e-01      8.00000e+00   1620s
  2403     -1.42230e+01      6.74000e-01      8.00000e+00   1621s
  2405     -1.52990e+01      6.74000e-01      8.00000e+00   1622s
  2407     -1.31680e+01      6.74000e-01      8.00000e+00   1623s
  2409     -9.30200e+00      6.74000e-01      8.00000e+00   1625s
  2411     -6.54900e+00      6.74000e-01      8.00000e+00   1626s
  2413     -5.95100e+00      6.74000e-01      8.00000e+00   1627s
  2415     -4.65700e+00      6.74000e-01      8.00000e+00   1628s
  2417     -2.93900e+00      6.74000e-01      8.00000e+00   1630s
  2420      3.09000e-01      6.74000e-01      8.00000e+00   1631s
  2422     -5.39000e-01      6.74000e-01      8.00000e+00   1633s
  2424     -4.62400e+00      6.74000e-01      8.00000e+00   1634s
  2426     -1.02440e+01      6.74000e-01      8.00000e+00   1635s
  2427     -1.28890e+01      6.74000e-01      8.00000e+00   1636s
  2429     -1.49050e+01      6.74000e-01      8.00000e+00   1637s
  2431     -1.42500e+01      6.74000e-01      8.00000e+00   1638s
  2433     -1.00080e+01      6.74000e-01      8.00000e+00   1639s
  2434     -8.45500e+00      6.74000e-01      8.00000e+00   1640s
  2436     -6.82900e+00      6.74000e-01      8.00000e+00   1642s
  2438     -5.21200e+00      6.74000e-01      8.00000e+00   1643s
  2440     -4.63300e+00      6.74000e-01      8.00000e+00   1644s
  2442     -2.47100e+00      6.74000e-01      8.00000e+00   1645s
  2444     -3.45000e-01      6.74000e-01      8.00000e+00   1647s
  2446      1.12000e-01      6.74000e-01      8.00000e+00   1648s
  2448     -3.23300e+00      6.74000e-01      8.00000e+00   1649s
  2450     -5.88400e+00      6.74000e-01      8.00000e+00   1650s
  2452     -5.34200e+00      6.74000e-01      8.00000e+00   1651s
  2454     -6.18900e+00      6.74000e-01      8.00000e+00   1653s
  2456     -5.84800e+00      6.74000e-01      8.00000e+00   1654s
  2458     -6.04100e+00      6.74000e-01      8.00000e+00   1655s
  2460     -5.78600e+00      6.74000e-01      8.00000e+00   1656s
  2462     -6.00500e+00      6.74000e-01      8.00000e+00   1658s
  2464     -6.40800e+00      6.74000e-01      8.00000e+00   1659s
  2466     -6.04300e+00      6.74000e-01      8.00000e+00   1660s
  2468     -6.29400e+00      6.74000e-01      8.00000e+00   1661s
  2469     -5.84600e+00      6.74000e-01      8.00000e+00   1662s
  2472     -6.04000e+00      6.74000e-01      8.00000e+00   1664s
  2474     -5.64600e+00      6.74000e-01      8.00000e+00   1665s
  2476     -6.05600e+00      6.74000e-01      8.00000e+00   1666s
  2478     -5.40400e+00      6.74000e-01      8.00000e+00   1668s
  2480     -6.14900e+00      6.74000e-01      8.00000e+00   1669s
  2482     -6.14300e+00      6.74000e-01      8.00000e+00   1670s
  2484     -6.48100e+00      6.74000e-01      8.00000e+00   1671s
  2486     -6.43600e+00      6.74000e-01      8.00000e+00   1673s
  2488     -5.53300e+00      6.74000e-01      8.00000e+00   1674s
  2490     -6.22900e+00      6.74000e-01      8.00000e+00   1675s
  2493     -5.93800e+00      6.74000e-01      8.00000e+00   1677s
  2495     -5.86200e+00      6.74000e-01      8.00000e+00   1678s
  2497     -6.23600e+00      6.74000e-01      8.00000e+00   1679s
  2499     -6.19400e+00      6.74000e-01      8.00000e+00   1681s

==================================================
Summary of results QAOA
--------------------------------------------------
Avg of QAOA obj (BQO obj):    3.06
Avg of QAOA obj (penalty):    -2.38
Avg of constraint violation:  0.44

Feasible percentage (%):      65.70
Avg of pure feasible obj:     3.03

Avg of QAOA obj:              0.67
STD of QAOA obj:              2.41

Avg of QAOA obj (feasible):   3.17
STD of QAOA obj (feasible):   0.63

Gamma angles:                 6.03
Beta angles:                  2.69

Best QAOA obj:                8.00
Modified best QAOA obj:       8.00
Best QAOA obj (feasible):     8.00

QAOA total time:              1680.58s
QAOA circuit depth:           31
==================================================

==================================================
Summary of results of 0-S7
--------------------------------------------------
Number of vertices:           7
Number of edges:              18

Vertex num in largest comp:   7
Edge num in largest comp:     18

Pre-processing running time:  0.00
Total solver time:            1680.58
Running time:                 1684.08

Upper bound:                  11.00
Objective value:              8.00

Partition 0:                  1, 4                
Partition 1:                  3, 5, 6             
Partition 2:                  2, 7                
==================================================
