==================================================
Instance parameters
--------------------------------------------------
Number of vertices:           8
Number of edges:              22
Number of partitions:         3

Density (%):                  79
Name of instance:             seed1_band_pen1.5_noise0.0
Is planar:                    False
==================================================

==================================================
Solver parameters
--------------------------------------------------
Method:                       R-QUBO
Peel:                         False
Decompose:                    False
Fold:                         False

Penalty Multiplier:           1.5
Gates Error Probability:      0.0
QAOA Num Levels:              1
QAOA Scipy Optimizer:         brute
==================================================

  iter        avg-obj        best avg-obj       best-obj      time
     1     -1.39685e+01     -1.38070e+01      7.00000e+00      1s
     3     -1.37325e+01     -1.37325e+01      8.00000e+00      2s
     5     -1.37045e+01     -1.37045e+01      8.00000e+00      3s
    10     -1.42720e+01     -1.35110e+01      8.00000e+00      5s
    14     -1.44485e+01     -1.35110e+01      8.00000e+00      6s
    16     -1.46310e+01     -1.35110e+01      8.00000e+00      7s
    19     -1.34575e+01     -1.34575e+01      8.00000e+00      9s
    21     -1.38795e+01     -1.34575e+01      8.00000e+00     10s
    25     -1.42470e+01     -1.34575e+01      8.00000e+00     11s
    28     -1.42600e+01     -1.34575e+01      8.00000e+00     12s
    30     -1.37205e+01     -1.34575e+01      8.00000e+00     13s
    35     -1.37065e+01     -1.34575e+01      8.00000e+00     15s
    38     -1.34915e+01     -1.34575e+01      8.00000e+00     16s
    42     -1.41185e+01     -1.34575e+01      8.00000e+00     17s
    47     -1.44825e+01     -1.34335e+01      8.00000e+00     19s
    49     -1.45610e+01     -1.34335e+01      8.00000e+00     20s
    52     -4.14050e+00     -4.14050e+00      8.00000e+00     21s
    56     -5.14500e+00     -1.53300e+00      8.00000e+00     22s
    59     -1.17760e+01     -1.53300e+00      8.00000e+00     24s
    63     -1.50055e+01     -1.53300e+00      8.00000e+00     25s
    67     -2.63930e+01     -1.53300e+00      8.00000e+00     26s
    71     -3.25280e+01     -1.53300e+00      8.00000e+00     27s
    74     -1.70980e+01     -1.53300e+00      8.00000e+00     28s
    77     -2.55300e+00     -1.53300e+00      8.00000e+00     30s
    81     -6.53750e+00     -1.13150e+00      8.00000e+00     31s
    86     -1.30140e+01     -1.13150e+00      8.00000e+00     32s
    89     -1.71805e+01     -1.13150e+00      8.00000e+00     34s
    93     -3.19910e+01     -1.13150e+00      8.00000e+00     35s
    97     -2.56305e+01     -1.13150e+00      8.00000e+00     36s
    99     -1.38270e+01     -1.13150e+00      8.00000e+00     38s
   103     -8.17450e+00     -1.13150e+00      8.00000e+00     39s
   107     -1.48560e+01     -1.13150e+00      8.00000e+00     40s
   111     -1.40445e+01     -1.13150e+00      8.00000e+00     41s
   116     -2.37660e+01     -1.13150e+00      8.00000e+00     42s
   118     -3.14440e+01     -1.13150e+00      8.00000e+00     44s
   122     -2.64490e+01     -1.13150e+00      8.00000e+00     45s
   126     -8.44950e+00     -1.13150e+00      8.00000e+00     46s
   128     -8.32150e+00     -1.13150e+00      8.00000e+00     47s
   132     -1.49865e+01     -1.13150e+00      8.00000e+00     49s
   136     -1.41500e+01     -1.13150e+00      8.00000e+00     50s
   139     -1.82735e+01     -1.13150e+00      8.00000e+00     51s
   143     -3.21880e+01     -1.13150e+00      8.00000e+00     52s
   147     -2.42370e+01     -1.13150e+00      8.00000e+00     53s
   150     -1.37210e+01     -1.13150e+00      8.00000e+00     54s
   155     -2.13070e+01     -1.13150e+00      8.00000e+00     55s
   159     -1.61580e+01     -1.13150e+00      8.00000e+00     56s
   163     -1.46655e+01     -1.13150e+00      8.00000e+00     58s
   167     -1.97945e+01     -1.13150e+00      8.00000e+00     59s
   169     -1.92180e+01     -1.13150e+00      8.00000e+00     61s
   173     -1.41410e+01     -1.13150e+00      8.00000e+00     62s
   176     -1.63945e+01     -1.13150e+00      8.00000e+00     63s
   178     -2.01950e+01     -1.13150e+00      8.00000e+00     65s
   182     -1.92950e+01     -1.13150e+00      8.00000e+00     66s
   184     -1.60205e+01     -1.13150e+00      8.00000e+00     67s
   186     -1.37290e+01     -1.13150e+00      8.00000e+00     68s
   191     -2.02930e+01     -1.13150e+00      8.00000e+00     69s
   195     -1.63120e+01     -1.13150e+00      8.00000e+00     70s
   198     -1.33015e+01     -1.13150e+00      8.00000e+00     72s
   202     -1.90010e+01     -1.13150e+00      8.00000e+00     73s
   206     -2.27740e+01     -1.13150e+00      8.00000e+00     74s
   209     -1.66440e+01     -1.13150e+00      8.00000e+00     75s
   213     -1.43360e+01     -1.13150e+00      8.00000e+00     76s
   216     -1.74520e+01     -1.13150e+00      8.00000e+00     78s
   221     -1.17940e+01     -1.13150e+00      8.00000e+00     79s
   224     -1.32785e+01     -1.13150e+00      8.00000e+00     80s
   228     -2.21520e+01     -1.13150e+00      8.00000e+00     81s
   232     -1.93140e+01     -1.13150e+00      8.00000e+00     82s
   237     -1.43890e+01     -1.13150e+00      8.00000e+00     83s
   241     -1.72825e+01     -1.13150e+00      8.00000e+00     84s
   243     -1.55180e+01     -1.13150e+00      8.00000e+00     86s
   247     -1.07160e+01     -1.13150e+00      8.00000e+00     87s
   249     -1.37145e+01     -1.13150e+00      8.00000e+00     88s
   252     -1.59235e+01     -1.13150e+00      8.00000e+00     90s
   256     -1.91985e+01     -1.13150e+00      8.00000e+00     91s
   260     -1.47685e+01     -1.13150e+00      8.00000e+00     92s
   264     -1.54275e+01     -1.13150e+00      8.00000e+00     93s
   266     -1.72715e+01     -1.13150e+00      8.00000e+00     95s
   270     -1.65855e+01     -1.13150e+00      8.00000e+00     96s
   273     -1.34845e+01     -1.13150e+00      8.00000e+00     97s
   277     -1.75925e+01     -1.13150e+00      8.00000e+00     98s
   281     -1.91460e+01     -1.13150e+00      8.00000e+00     99s
   285     -1.44275e+01     -1.13150e+00      8.00000e+00    100s
   287     -1.38750e+01     -1.13150e+00      8.00000e+00    101s
   291     -1.75885e+01     -1.13150e+00      8.00000e+00    102s
   294     -1.68855e+01     -1.13150e+00      8.00000e+00    103s
   297     -1.34545e+01     -1.13150e+00      8.00000e+00    105s
   301     -1.38030e+01     -1.13150e+00      8.00000e+00    106s
   304     -1.60305e+01     -1.13150e+00      8.00000e+00    107s
   308     -1.56615e+01     -1.13150e+00      8.00000e+00    108s
   311     -1.43760e+01     -1.13150e+00      8.00000e+00    109s
   315     -1.54755e+01     -1.13150e+00      8.00000e+00    111s
   317     -1.65075e+01     -1.13150e+00      8.00000e+00    112s
   321     -1.63695e+01     -1.13150e+00      8.00000e+00    113s
   325     -1.37545e+01     -1.13150e+00      8.00000e+00    114s
   329     -1.55120e+01     -1.13150e+00      8.00000e+00    116s
   334     -1.47240e+01     -1.13150e+00      8.00000e+00    117s
   337     -1.34180e+01     -1.13150e+00      8.00000e+00    118s
   340     -1.64940e+01     -1.13150e+00      8.00000e+00    119s
   343     -1.71950e+01     -1.13150e+00      8.00000e+00    120s
   346     -1.57780e+01     -1.13150e+00      8.00000e+00    121s
   348     -1.41935e+01     -1.13150e+00      8.00000e+00    123s
   352     -1.45425e+01     -1.13150e+00      8.00000e+00    124s
   356     -1.64370e+01     -1.13150e+00      8.00000e+00    125s
   359     -1.51365e+01     -1.13150e+00      8.00000e+00    126s
   363     -1.40880e+01     -1.13150e+00      8.00000e+00    127s
   365     -1.41500e+01     -1.13150e+00      8.00000e+00    129s
   368     -1.60395e+01     -1.13150e+00      8.00000e+00    130s
   371     -1.55655e+01     -1.13150e+00      8.00000e+00    131s
   373     -1.42785e+01     -1.13150e+00      8.00000e+00    132s
   376     -1.38160e+01     -1.13150e+00      8.00000e+00    133s
   378     -1.52785e+01     -1.13150e+00      8.00000e+00    135s
   381     -1.63940e+01     -1.13150e+00      8.00000e+00    136s
   384     -1.54165e+01     -1.13150e+00      8.00000e+00    137s
   387     -1.34730e+01     -1.13150e+00      8.00000e+00    138s
   391     -1.54600e+01     -1.13150e+00      8.00000e+00    139s
   395     -1.55355e+01     -1.13150e+00      8.00000e+00    141s
   398     -1.42385e+01     -1.13150e+00      8.00000e+00    143s
   402     -1.44090e+01     -1.13150e+00      8.00000e+00    144s
   404     -1.51815e+01     -1.13150e+00      8.00000e+00    146s
   408     -1.57865e+01     -1.13150e+00      8.00000e+00    147s
   411     -1.47785e+01     -1.13150e+00      8.00000e+00    148s
   414     -1.41265e+01     -1.13150e+00      8.00000e+00    149s
   419     -1.54500e+01     -1.13150e+00      8.00000e+00    150s
   423     -1.41915e+01     -1.13150e+00      8.00000e+00    152s
   426     -1.44290e+01     -1.13150e+00      8.00000e+00    153s
   429     -1.59025e+01     -1.13150e+00      8.00000e+00    154s
   431     -1.55055e+01     -1.13150e+00      8.00000e+00    155s
   434     -1.48520e+01     -1.13150e+00      8.00000e+00    156s
   437     -1.36905e+01     -1.13150e+00      8.00000e+00    157s
   440     -1.45035e+01     -1.13150e+00      8.00000e+00    158s
   443     -1.45265e+01     -1.13150e+00      8.00000e+00    160s
   447     -1.39050e+01     -1.13150e+00      8.00000e+00    161s
   450     -1.45790e+01     -1.13150e+00      8.00000e+00    162s
   452     -1.43990e+01     -1.13150e+00      8.00000e+00    163s
   457     -1.48345e+01     -1.13150e+00      8.00000e+00    164s
   461     -1.46560e+01     -1.13150e+00      8.00000e+00    166s
   464     -1.45300e+01     -1.13150e+00      8.00000e+00    168s
   466     -1.54065e+01     -1.13150e+00      8.00000e+00    169s
   470     -1.45935e+01     -1.13150e+00      8.00000e+00    170s
   475     -1.40825e+01     -1.13150e+00      8.00000e+00    171s
   479     -1.52100e+01     -1.13150e+00      8.00000e+00    172s
   482     -1.46180e+01     -1.13150e+00      8.00000e+00    173s
   486     -1.38225e+01     -1.13150e+00      8.00000e+00    174s
   488     -1.38260e+01     -1.13150e+00      8.00000e+00    175s
   492     -1.48870e+01     -1.13150e+00      8.00000e+00    177s
   495     -1.41965e+01     -1.13150e+00      8.00000e+00    178s
   498     -1.44010e+01     -1.13150e+00      8.00000e+00    179s
   501     -1.42485e+01     -1.13150e+00      8.00000e+00    180s
   506     -1.44315e+01     -1.13150e+00      8.00000e+00    181s
   509     -1.44270e+01     -1.13150e+00      8.00000e+00    182s
   511     -1.39230e+01     -1.13150e+00      8.00000e+00    183s
   514     -1.48155e+01     -1.13150e+00      8.00000e+00    184s
   517     -1.43655e+01     -1.13150e+00      8.00000e+00    186s
   521     -1.44060e+01     -1.13150e+00      8.00000e+00    187s
   525     -1.38660e+01     -1.13150e+00      8.00000e+00    189s
   529     -1.47530e+01     -1.13150e+00      8.00000e+00    190s
   534     -1.31680e+01     -1.13150e+00      8.00000e+00    191s
   536     -1.38340e+01     -1.13150e+00      8.00000e+00    192s
   539     -1.45775e+01     -1.13150e+00      8.00000e+00    193s
   542     -1.40555e+01     -1.13150e+00      8.00000e+00    194s
   546     -1.41555e+01     -1.13150e+00      8.00000e+00    195s
   548     -1.38860e+01     -1.13150e+00      8.00000e+00    197s
   551     -1.48350e+01     -1.13150e+00      8.00000e+00    198s
   555     -1.39850e+01     -1.13150e+00      8.00000e+00    199s
   557     -1.42365e+01     -1.13150e+00      8.00000e+00    200s
   559     -1.30965e+01     -1.13150e+00      8.00000e+00    201s
   562     -1.37820e+01     -1.13150e+00      8.00000e+00    202s
   566     -1.35990e+01     -1.13150e+00      8.00000e+00    204s
   570     -1.40420e+01     -1.13150e+00      8.00000e+00    205s
   573     -1.43835e+01     -1.13150e+00      8.00000e+00    206s
   576     -1.40010e+01     -1.13150e+00      8.00000e+00    207s
   581     -1.38015e+01     -1.13150e+00      8.00000e+00    208s
   585     -1.41225e+01     -1.13150e+00      8.00000e+00    210s
   588     -1.41360e+01     -1.13150e+00      8.00000e+00    211s
   592     -1.41225e+01     -1.13150e+00      8.00000e+00    212s
   594     -1.42335e+01     -1.13150e+00      8.00000e+00    214s
   598     -1.40560e+01     -1.13150e+00      8.00000e+00    215s
   602     -1.38085e+01     -1.13150e+00      8.00000e+00    216s
   604     -1.32135e+01     -1.13150e+00      8.00000e+00    217s
   608     -1.42860e+01     -1.13150e+00      8.00000e+00    218s
   609     -1.40210e+01     -1.13150e+00      8.00000e+00    220s
   611     -1.36060e+01     -1.13150e+00      8.00000e+00    221s
   614     -1.38430e+01     -1.13150e+00      8.00000e+00    222s
   617     -1.37740e+01     -1.13150e+00      8.00000e+00    223s
   621     -1.34660e+01     -1.13150e+00      8.00000e+00    225s
   624     -1.40740e+01     -1.13150e+00      8.00000e+00    226s
   626     -1.35535e+01     -1.13150e+00      8.00000e+00    227s
   631     -1.40800e+01     -1.13150e+00      8.00000e+00    228s
   634     -1.38765e+01     -1.13150e+00      8.00000e+00    230s
   638     -1.36730e+01     -1.13150e+00      8.00000e+00    231s
   641     -1.39145e+01     -1.13150e+00      8.00000e+00    232s
   644     -1.42775e+01     -1.13150e+00      8.00000e+00    233s
   648     -1.39230e+01     -1.13150e+00      8.00000e+00    235s
   651     -1.42405e+01     -1.13150e+00      8.00000e+00    236s
   656     -1.36675e+01     -1.13150e+00      8.00000e+00    237s
   660     -1.38550e+01     -1.13150e+00      8.00000e+00    238s
   662     -1.43335e+01     -1.13150e+00      8.00000e+00    239s
   666     -1.46005e+01     -1.13150e+00      8.00000e+00    240s
   670     -1.32470e+01     -1.13150e+00      8.00000e+00    242s
   673     -1.41895e+01     -1.13150e+00      8.00000e+00    243s
   678     -1.37715e+01     -1.13150e+00      8.00000e+00    244s
   682     -1.35270e+01     -1.13150e+00      8.00000e+00    245s
   684     -1.33780e+01     -1.13150e+00      8.00000e+00    246s
   687     -1.31695e+01     -1.13150e+00      8.00000e+00    248s
   689     -1.37515e+01     -1.13150e+00      8.00000e+00    249s
   693     -1.32860e+01     -1.13150e+00      8.00000e+00    250s
   696     -1.42230e+01     -1.13150e+00      8.00000e+00    251s
   699     -1.29770e+01     -1.13150e+00      8.00000e+00    253s
   704     -1.23960e+01     -1.13150e+00      8.00000e+00    254s
   708     -1.37245e+01     -1.13150e+00      8.00000e+00    255s
   711     -1.33125e+01     -1.13150e+00      8.00000e+00    256s
   714     -1.33980e+01     -1.13150e+00      8.00000e+00    258s
   718     -1.30270e+01     -1.13150e+00      8.00000e+00    259s
   721     -1.25690e+01     -1.13150e+00      8.00000e+00    260s
   725     -1.37915e+01     -1.13150e+00      8.00000e+00    261s
   729     -1.32655e+01     -1.13150e+00      8.00000e+00    263s
   731     -1.33095e+01     -1.13150e+00      8.00000e+00    264s
   735     -1.40855e+01     -1.13150e+00      8.00000e+00    265s
   737     -1.39305e+01     -1.13150e+00      8.00000e+00    267s
   742     -1.34695e+01     -1.13150e+00      8.00000e+00    268s
   745     -1.28110e+01     -1.13150e+00      8.00000e+00    269s
   748     -1.37335e+01     -1.13150e+00      8.00000e+00    270s
   752     -1.42910e+01     -1.13150e+00      8.00000e+00    272s
   754     -1.47210e+01     -1.13150e+00      8.00000e+00    273s
   758     -1.37625e+01     -1.13150e+00      8.00000e+00    274s
   762     -1.38120e+01     -1.13150e+00      8.00000e+00    275s
   766     -1.43035e+01     -1.13150e+00      8.00000e+00    277s
   770     -1.43245e+01     -1.13150e+00      8.00000e+00    278s
   773     -1.45180e+01     -1.13150e+00      8.00000e+00    279s
   778     -1.50965e+01     -1.13150e+00      8.00000e+00    280s
   781     -1.39790e+01     -1.13150e+00      8.00000e+00    281s
   784     -1.41170e+01     -1.13150e+00      8.00000e+00    283s
   789     -1.36085e+01     -1.13150e+00      8.00000e+00    284s
   793     -1.42510e+01     -1.13150e+00      8.00000e+00    285s
   794     -1.45010e+01     -1.13150e+00      8.00000e+00    286s
   797     -1.40340e+01     -1.13150e+00      8.00000e+00    288s
   801     -1.42300e+01     -1.13150e+00      8.00000e+00    289s
   803     -1.52795e+01     -1.13150e+00      8.00000e+00    290s
   807     -1.73500e+01     -1.13150e+00      8.00000e+00    291s
   811     -1.43035e+01     -1.13150e+00      8.00000e+00    292s
   814     -1.47315e+01     -1.13150e+00      8.00000e+00    294s
   819     -1.67390e+01     -1.13150e+00      8.00000e+00    295s
   823     -1.41360e+01     -1.13150e+00      8.00000e+00    296s
   826     -1.45120e+01     -1.13150e+00      8.00000e+00    297s
   830     -1.72095e+01     -1.13150e+00      8.00000e+00    299s
   833     -1.58590e+01     -1.13150e+00      8.00000e+00    300s
   837     -1.35890e+01     -1.13150e+00      8.00000e+00    301s
   840     -1.55050e+01     -1.13150e+00      8.00000e+00    302s
   842     -1.65310e+01     -1.13150e+00      8.00000e+00    304s
   845     -1.62550e+01     -1.13150e+00      8.00000e+00    305s
   847     -1.49690e+01     -1.13150e+00      8.00000e+00    306s
   850     -1.36345e+01     -1.13150e+00      8.00000e+00    307s
   855     -1.63455e+01     -1.13150e+00      8.00000e+00    308s
   859     -1.56435e+01     -1.13150e+00      8.00000e+00    309s
   862     -1.39295e+01     -1.13150e+00      8.00000e+00    310s
   866     -1.57080e+01     -1.13150e+00      8.00000e+00    312s
   869     -1.59820e+01     -1.13150e+00      8.00000e+00    313s
   872     -1.47635e+01     -1.13150e+00      8.00000e+00    314s
   876     -1.44640e+01     -1.13150e+00      8.00000e+00    315s
   878     -1.56450e+01     -1.13150e+00      8.00000e+00    317s
   881     -1.63855e+01     -1.13150e+00      8.00000e+00    318s
   883     -1.56860e+01     -1.13150e+00      8.00000e+00    320s
   887     -1.44620e+01     -1.13150e+00      8.00000e+00    321s
   891     -1.58785e+01     -1.13150e+00      8.00000e+00    322s
   895     -1.61385e+01     -1.13150e+00      8.00000e+00    323s
   899     -1.38655e+01     -1.13150e+00      8.00000e+00    324s
   903     -1.48945e+01     -1.13150e+00      8.00000e+00    325s
   907     -1.43900e+01     -1.13150e+00      8.00000e+00    327s
   910     -1.46505e+01     -1.13150e+00      8.00000e+00    328s
   913     -1.45990e+01     -1.13150e+00      8.00000e+00    330s
   917     -1.45330e+01     -1.13150e+00      8.00000e+00    331s
   920     -1.40735e+01     -1.13150e+00      8.00000e+00    333s
   923     -1.30330e+01     -1.13150e+00      8.00000e+00    334s
   926     -1.38175e+01     -1.13150e+00      8.00000e+00    335s
   930     -1.47535e+01     -1.13150e+00      8.00000e+00    337s
   933     -1.40630e+01     -1.13150e+00      8.00000e+00    338s
   936     -1.47130e+01     -1.13150e+00      8.00000e+00    339s
   939     -1.43790e+01     -1.13150e+00      8.00000e+00    340s
   942     -1.46380e+01     -1.13150e+00      8.00000e+00    341s
   945     -1.50025e+01     -1.13150e+00      8.00000e+00    343s
   949     -1.41040e+01     -1.13150e+00      8.00000e+00    344s
   952     -1.37005e+01     -1.13150e+00      8.00000e+00    345s
   954     -1.36590e+01     -1.13150e+00      8.00000e+00    347s
   957     -1.39885e+01     -1.13150e+00      8.00000e+00    348s
   960     -1.44005e+01     -1.13150e+00      8.00000e+00    349s
   964     -1.41305e+01     -1.13150e+00      8.00000e+00    351s
   967     -1.38255e+01     -1.13150e+00      8.00000e+00    352s
   969     -1.39090e+01     -1.13150e+00      8.00000e+00    353s
   971     -1.42585e+01     -1.13150e+00      8.00000e+00    354s
   974     -1.40965e+01     -1.13150e+00      8.00000e+00    356s
   977     -1.38545e+01     -1.13150e+00      8.00000e+00    357s
   981     -1.43990e+01     -1.13150e+00      8.00000e+00    358s
   983     -1.39430e+01     -1.13150e+00      8.00000e+00    360s
   987     -1.37965e+01     -1.13150e+00      8.00000e+00    361s
   990     -1.36150e+01     -1.13150e+00      8.00000e+00    362s
   992     -1.39100e+01     -1.13150e+00      8.00000e+00    364s
   996     -1.50560e+01     -1.13150e+00      8.00000e+00    365s
   998     -1.47520e+01     -1.13150e+00      8.00000e+00    366s
  1003     -1.48890e+01     -1.13150e+00      8.00000e+00    368s
  1007     -1.42600e+01     -1.13150e+00      8.00000e+00    369s
  1011     -1.39915e+01     -1.13150e+00      8.00000e+00    371s
  1015     -1.29990e+01     -1.13150e+00      8.00000e+00    372s
  1017     -1.44245e+01     -1.13150e+00      8.00000e+00    373s
  1021     -1.43715e+01     -1.13150e+00      8.00000e+00    374s
  1024     -1.32580e+01     -1.13150e+00      8.00000e+00    375s
  1028     -1.35880e+01     -1.13150e+00      8.00000e+00    377s
  1033     -1.42520e+01     -1.13150e+00      8.00000e+00    378s
  1035     -1.39750e+01     -1.13150e+00      8.00000e+00    380s
  1040     -1.40960e+01     -1.13150e+00      8.00000e+00    381s
  1043     -1.42255e+01     -1.13150e+00      8.00000e+00    382s
  1044     -1.38255e+01     -1.13150e+00      8.00000e+00    383s
  1047     -1.41820e+01     -1.13150e+00      8.00000e+00    384s
  1049     -1.36565e+01     -1.13150e+00      8.00000e+00    385s
  1051     -1.37510e+01     -1.13150e+00      8.00000e+00    386s
  1056     -1.41540e+01     -1.13150e+00      8.00000e+00    388s
  1060     -1.38610e+01     -1.13150e+00      8.00000e+00    389s
  1062     -1.44160e+01     -1.13150e+00      8.00000e+00    390s
  1066     -1.39900e+01     -1.13150e+00      8.00000e+00    391s
  1069     -1.32805e+01     -1.13150e+00      8.00000e+00    393s
  1072     -1.40185e+01     -1.13150e+00      8.00000e+00    394s
  1076     -1.40530e+01     -1.13150e+00      8.00000e+00    395s
  1078     -1.38275e+01     -1.13150e+00      8.00000e+00    397s
  1081     -1.43575e+01     -1.13150e+00      8.00000e+00    398s
  1085     -1.42640e+01     -1.13150e+00      8.00000e+00    399s
  1087     -1.42000e+01     -1.13150e+00      8.00000e+00    401s
  1092     -1.37085e+01     -1.13150e+00      8.00000e+00    402s
  1096     -1.39870e+01     -1.13150e+00      8.00000e+00    403s
  1099     -1.39250e+01     -1.13150e+00      8.00000e+00    404s
  1104     -1.36570e+01     -1.13150e+00      8.00000e+00    406s
  1106     -1.35075e+01     -1.13150e+00      8.00000e+00    407s
  1110     -1.41685e+01     -1.13150e+00      8.00000e+00    409s
  1114     -1.41280e+01     -1.13150e+00      8.00000e+00    410s
  1116     -1.40005e+01     -1.13150e+00      8.00000e+00    411s
  1120     -1.39365e+01     -1.13150e+00      8.00000e+00    412s
  1124     -1.45695e+01     -1.13150e+00      8.00000e+00    413s
  1127     -1.33620e+01     -1.13150e+00      8.00000e+00    414s
  1130     -1.42495e+01     -1.13150e+00      8.00000e+00    415s
  1134     -1.43920e+01     -1.13150e+00      8.00000e+00    417s
  1138     -1.35305e+01     -1.13150e+00      8.00000e+00    418s
  1142     -1.35710e+01     -1.13150e+00      8.00000e+00    419s
  1146     -1.40655e+01     -1.13150e+00      8.00000e+00    421s
  1149     -1.41010e+01     -1.13150e+00      8.00000e+00    422s
  1152     -1.33230e+01     -1.13150e+00      8.00000e+00    423s
  1155     -1.35890e+01     -1.13150e+00      8.00000e+00    424s
  1159     -1.39275e+01     -1.13150e+00      8.00000e+00    426s
  1162     -1.41920e+01     -1.13150e+00      8.00000e+00    427s
  1164     -1.37735e+01     -1.13150e+00      8.00000e+00    428s
  1168     -1.39525e+01     -1.13150e+00      8.00000e+00    429s
  1171     -1.36265e+01     -1.13150e+00      8.00000e+00    430s
  1174     -1.37595e+01     -1.13150e+00      8.00000e+00    431s
  1178     -1.38095e+01     -1.13150e+00      8.00000e+00    433s
  1181     -1.43785e+01     -1.13150e+00      8.00000e+00    434s
  1186     -1.36585e+01     -1.13150e+00      8.00000e+00    435s
  1190     -1.41030e+01     -1.13150e+00      8.00000e+00    436s
  1193     -1.37115e+01     -1.13150e+00      8.00000e+00    438s
  1197     -1.38625e+01     -1.13150e+00      8.00000e+00    439s
  1200     -1.38970e+01     -1.13150e+00      8.00000e+00    440s
  1202     -1.39110e+01     -1.13150e+00      8.00000e+00    441s
  1205     -1.35375e+01     -1.13150e+00      8.00000e+00    443s
  1209     -1.37990e+01     -1.13150e+00      8.00000e+00    444s
  1213     -1.35265e+01     -1.13150e+00      8.00000e+00    445s
  1217     -1.37130e+01     -1.13150e+00      8.00000e+00    446s
  1220     -1.41685e+01     -1.13150e+00      8.00000e+00    447s
  1223     -1.36540e+01     -1.13150e+00      8.00000e+00    449s
  1228     -1.42385e+01     -1.13150e+00      8.00000e+00    450s
  1230     -1.37110e+01     -1.13150e+00      8.00000e+00    452s
  1233     -1.41315e+01     -1.13150e+00      8.00000e+00    453s
  1237     -1.36250e+01     -1.13150e+00      8.00000e+00    454s
  1240     -1.34995e+01     -1.13150e+00      8.00000e+00    455s
  1245     -1.33315e+01     -1.13150e+00      8.00000e+00    457s
  1247     -1.40160e+01     -1.13150e+00      8.00000e+00    458s
  1251     -1.40835e+01     -1.13150e+00      8.00000e+00    459s
  1254     -1.39055e+01     -1.13150e+00      8.00000e+00    460s
  1258     -1.42325e+01     -1.13150e+00      8.00000e+00    462s
  1262     -1.33380e+01     -1.13150e+00      8.00000e+00    463s
  1266     -1.34500e+01     -1.13150e+00      8.00000e+00    464s
  1268     -1.40815e+01     -1.13150e+00      8.00000e+00    465s
  1272     -1.40915e+01     -1.13150e+00      8.00000e+00    467s
  1275     -1.35165e+01     -1.13150e+00      8.00000e+00    468s
  1277     -1.39630e+01     -1.13150e+00      8.00000e+00    469s
  1280     -1.36980e+01     -1.13150e+00      8.00000e+00    470s
  1282     -1.35955e+01     -1.13150e+00      8.00000e+00    472s
  1285     -1.39840e+01     -1.13150e+00      8.00000e+00    473s
  1288     -1.37535e+01     -1.13150e+00      8.00000e+00    474s
  1292     -1.38265e+01     -1.13150e+00      8.00000e+00    476s
  1297     -1.41570e+01     -1.13150e+00      8.00000e+00    477s
  1300     -1.38855e+01     -1.13150e+00      8.00000e+00    478s
  1303     -1.41520e+01     -1.13150e+00      8.00000e+00    479s
  1306     -1.36535e+01     -1.13150e+00      8.00000e+00    480s
  1308     -1.39760e+01     -1.13150e+00      8.00000e+00    481s
  1310     -1.40870e+01     -1.13150e+00      8.00000e+00    482s
  1314     -1.36530e+01     -1.13150e+00      8.00000e+00    484s
  1318     -1.40175e+01     -1.13150e+00      8.00000e+00    485s
  1321     -1.39975e+01     -1.13150e+00      8.00000e+00    486s
  1325     -1.46895e+01     -1.13150e+00      8.00000e+00    487s
  1328     -1.46930e+01     -1.13150e+00      8.00000e+00    488s
  1332     -1.41195e+01     -1.13150e+00      8.00000e+00    489s
  1336     -1.32495e+01     -1.13150e+00      8.00000e+00    491s
  1339     -1.31610e+01     -1.13150e+00      8.00000e+00    492s
  1343     -1.39165e+01     -1.13150e+00      8.00000e+00    493s
  1347     -1.42400e+01     -1.13150e+00      8.00000e+00    495s
  1349     -1.39700e+01     -1.13150e+00      8.00000e+00    496s
  1353     -1.40360e+01     -1.13150e+00      8.00000e+00    497s
  1358     -1.39275e+01     -1.13150e+00      8.00000e+00    498s
  1360     -1.36050e+01     -1.13150e+00      8.00000e+00    499s
  1364     -1.41800e+01     -1.13150e+00      8.00000e+00    501s
  1366     -1.38300e+01     -1.13150e+00      8.00000e+00    502s
  1370     -1.36810e+01     -1.13150e+00      8.00000e+00    503s
  1373     -1.42965e+01     -1.13150e+00      8.00000e+00    504s
  1376     -1.44395e+01     -1.13150e+00      8.00000e+00    506s
  1380     -1.40185e+01     -1.13150e+00      8.00000e+00    507s
  1382     -1.37145e+01     -1.13150e+00      8.00000e+00    508s
  1384     -1.43250e+01     -1.13150e+00      8.00000e+00    509s
  1388     -1.37595e+01     -1.13150e+00      8.00000e+00    510s
  1391     -1.38285e+01     -1.13150e+00      8.00000e+00    512s
  1395     -1.38060e+01     -1.13150e+00      8.00000e+00    513s
  1397     -1.44575e+01     -1.13150e+00      8.00000e+00    514s
  1399     -1.36340e+01     -1.13150e+00      8.00000e+00    515s
  1403     -1.41830e+01     -1.13150e+00      8.00000e+00    516s
  1407     -1.36720e+01     -1.13150e+00      8.00000e+00    517s
  1410     -1.40840e+01     -1.13150e+00      8.00000e+00    519s
  1414     -1.35840e+01     -1.13150e+00      8.00000e+00    521s
  1416     -1.42220e+01     -1.13150e+00      8.00000e+00    522s
  1420     -1.37905e+01     -1.13150e+00      8.00000e+00    523s
  1423     -1.35945e+01     -1.13150e+00      8.00000e+00    524s
  1425     -1.36075e+01     -1.13150e+00      8.00000e+00    526s
  1428     -1.37535e+01     -1.13150e+00      8.00000e+00    527s
  1429     -1.40655e+01     -1.13150e+00      8.00000e+00    528s
  1432     -1.39145e+01     -1.13150e+00      8.00000e+00    529s
  1435     -1.37850e+01     -1.13150e+00      8.00000e+00    530s
  1439     -1.41890e+01     -1.13150e+00      8.00000e+00    532s
  1443     -1.45265e+01     -1.13150e+00      8.00000e+00    533s
  1445     -1.42775e+01     -1.13150e+00      8.00000e+00    535s
  1448     -1.43780e+01     -1.13150e+00      8.00000e+00    536s
  1452     -1.46295e+01     -1.13150e+00      8.00000e+00    537s
  1454     -1.39535e+01     -1.13150e+00      8.00000e+00    538s
  1458     -1.37200e+01     -1.13150e+00      8.00000e+00    540s
  1461     -1.44785e+01     -1.13150e+00      8.00000e+00    541s
  1463     -1.37005e+01     -1.13150e+00      8.00000e+00    542s
  1467     -1.42180e+01     -1.13150e+00      8.00000e+00    543s
  1470     -1.43645e+01     -1.13150e+00      8.00000e+00    545s
  1473     -1.43225e+01     -1.13150e+00      8.00000e+00    546s
  1476     -1.40545e+01     -1.13150e+00      8.00000e+00    547s
  1480     -1.38375e+01     -1.13150e+00      8.00000e+00    548s
  1483     -1.39785e+01     -1.13150e+00      8.00000e+00    549s
  1486     -1.38215e+01     -1.13150e+00      8.00000e+00    551s
  1488     -1.40580e+01     -1.13150e+00      8.00000e+00    552s
  1492     -1.37455e+01     -1.13150e+00      8.00000e+00    553s
  1495     -1.45455e+01     -1.13150e+00      8.00000e+00    554s
  1497     -1.39465e+01     -1.13150e+00      8.00000e+00    556s
  1501     -1.42820e+01     -1.13150e+00      8.00000e+00    557s
  1503     -1.45560e+01     -1.13150e+00      8.00000e+00    558s
  1506     -1.45045e+01     -1.13150e+00      8.00000e+00    559s
  1510     -1.37220e+01     -1.13150e+00      8.00000e+00    561s
  1512     -1.47655e+01     -1.13150e+00      8.00000e+00    562s
  1516     -1.44170e+01     -1.13150e+00      8.00000e+00    563s
  1520     -1.55845e+01     -1.13150e+00      8.00000e+00    564s
  1523     -1.44760e+01     -1.13150e+00      8.00000e+00    565s
  1525     -1.46755e+01     -1.13150e+00      8.00000e+00    566s
  1529     -1.48675e+01     -1.13150e+00      8.00000e+00    568s
  1531     -1.49760e+01     -1.13150e+00      8.00000e+00    569s
  1534     -1.45360e+01     -1.13150e+00      8.00000e+00    570s
  1537     -1.35125e+01     -1.13150e+00      8.00000e+00    571s
  1540     -1.45820e+01     -1.13150e+00      8.00000e+00    573s
  1543     -1.46300e+01     -1.13150e+00      8.00000e+00    574s
  1544     -1.43935e+01     -1.13150e+00      8.00000e+00    575s
  1546     -1.41935e+01     -1.13150e+00      8.00000e+00    576s
  1549     -1.37660e+01     -1.13150e+00      8.00000e+00    577s
  1551     -1.44580e+01     -1.13150e+00      8.00000e+00    579s
  1554     -1.45800e+01     -1.13150e+00      8.00000e+00    580s
  1557     -1.44595e+01     -1.13150e+00      8.00000e+00    581s
  1559     -1.50285e+01     -1.13150e+00      8.00000e+00    582s
  1563     -1.38060e+01     -1.13150e+00      8.00000e+00    584s
  1566     -1.46810e+01     -1.13150e+00      8.00000e+00    585s
  1569     -1.46925e+01     -1.13150e+00      8.00000e+00    586s
  1573     -1.38220e+01     -1.13150e+00      8.00000e+00    588s
  1575     -1.38425e+01     -1.13150e+00      8.00000e+00    589s
  1580     -1.42615e+01     -1.13150e+00      8.00000e+00    590s
  1584     -1.45175e+01     -1.13150e+00      8.00000e+00    591s
  1587     -1.43665e+01     -1.13150e+00      8.00000e+00    593s
  1590     -1.43125e+01     -1.13150e+00      8.00000e+00    594s
  1592     -1.45460e+01     -1.13150e+00      8.00000e+00    595s
  1595     -1.44960e+01     -1.13150e+00      8.00000e+00    597s
  1596     -1.42560e+01     -1.13150e+00      8.00000e+00    598s
  1600     -1.45290e+01     -1.13150e+00      8.00000e+00    599s
  1604     -1.39300e+01     -1.13150e+00      8.00000e+00    600s
  1607     -1.48220e+01     -1.13150e+00      8.00000e+00    601s
  1611     -1.40090e+01     -1.13150e+00      8.00000e+00    603s
  1613     -1.35910e+01     -1.13150e+00      8.00000e+00    604s
  1617     -1.48500e+01     -1.13150e+00      8.00000e+00    606s
  1620     -1.56605e+01     -1.13150e+00      8.00000e+00    607s
  1623     -1.38140e+01     -1.13150e+00      8.00000e+00    608s
  1627     -1.40695e+01     -1.13150e+00      8.00000e+00    610s
  1629     -1.42675e+01     -1.13150e+00      8.00000e+00    611s
  1633     -1.38690e+01     -1.13150e+00      8.00000e+00    612s
  1636     -1.38555e+01     -1.13150e+00      8.00000e+00    613s
  1639     -1.46145e+01     -1.13150e+00      8.00000e+00    615s
  1643     -1.46705e+01     -1.13150e+00      8.00000e+00    616s
  1646     -1.46335e+01     -1.13150e+00      8.00000e+00    617s
  1650     -1.43230e+01     -1.13150e+00      8.00000e+00    619s
  1652     -1.41625e+01     -1.13150e+00      8.00000e+00    620s
  1656     -1.38810e+01     -1.13150e+00      8.00000e+00    621s
  1659     -1.37265e+01     -1.13150e+00      8.00000e+00    622s
  1661     -1.41335e+01     -1.13150e+00      8.00000e+00    624s
  1664     -1.40605e+01     -1.13150e+00      8.00000e+00    625s
  1666     -1.36585e+01     -1.13150e+00      8.00000e+00    626s
  1670     -1.36140e+01     -1.13150e+00      8.00000e+00    627s
  1674     -1.38470e+01     -1.13150e+00      8.00000e+00    628s
  1677     -1.42180e+01     -1.13150e+00      8.00000e+00    630s
  1680     -1.38410e+01     -1.13150e+00      8.00000e+00    631s
  1684     -1.39100e+01     -1.13150e+00      8.00000e+00    632s
  1687     -1.36000e+01     -1.13150e+00      8.00000e+00    633s
  1690     -1.39085e+01     -1.13150e+00      8.00000e+00    634s
  1694     -1.37725e+01     -1.13150e+00      8.00000e+00    635s
  1696     -1.44060e+01     -1.13150e+00      8.00000e+00    636s
  1699     -1.38430e+01     -1.13150e+00      8.00000e+00    637s
  1702     -1.37820e+01     -1.13150e+00      8.00000e+00    639s
  1704     -1.33500e+01     -1.13150e+00      8.00000e+00    640s
  1707     -1.32725e+01     -1.13150e+00      8.00000e+00    641s
  1710     -1.39825e+01     -1.13150e+00      8.00000e+00    642s
  1712     -1.37100e+01     -1.13150e+00      8.00000e+00    643s
  1716     -1.35240e+01     -1.13150e+00      8.00000e+00    645s
  1719     -1.35845e+01     -1.13150e+00      8.00000e+00    646s
  1722     -1.35885e+01     -1.13150e+00      8.00000e+00    647s
  1725     -1.37840e+01     -1.13150e+00      8.00000e+00    648s
  1728     -1.39030e+01     -1.13150e+00      8.00000e+00    650s
  1732     -1.26525e+01     -1.13150e+00      8.00000e+00    651s
  1734     -1.44460e+01     -1.13150e+00      8.00000e+00    653s
  1738     -1.45095e+01     -1.13150e+00      8.00000e+00    654s
  1742     -1.39185e+01     -1.13150e+00      8.00000e+00    655s
  1745     -1.27510e+01     -1.13150e+00      8.00000e+00    657s
  1748     -1.38240e+01     -1.13150e+00      8.00000e+00    658s
  1751     -1.38625e+01     -1.13150e+00      8.00000e+00    659s
  1754     -1.33565e+01     -1.13150e+00      8.00000e+00    660s
  1758     -1.38510e+01     -1.13150e+00      8.00000e+00    662s
  1760     -1.35810e+01     -1.13150e+00      8.00000e+00    663s
  1764     -1.38950e+01     -1.13150e+00      8.00000e+00    664s
  1766     -1.33760e+01     -1.13150e+00      8.00000e+00    665s
  1769     -1.41165e+01     -1.13150e+00      8.00000e+00    666s
  1772     -1.37015e+01     -1.13150e+00      8.00000e+00    668s
  1774     -1.40185e+01     -1.13150e+00      8.00000e+00    669s
  1778     -1.35985e+01     -1.13150e+00      8.00000e+00    670s
  1782     -1.31505e+01     -1.13150e+00      8.00000e+00    672s
  1785     -1.37875e+01     -1.13150e+00      8.00000e+00    673s
  1789     -1.30650e+01     -1.13150e+00      8.00000e+00    674s
  1791     -1.33000e+01     -1.13150e+00      8.00000e+00    675s
  1793     -1.37495e+01     -1.13150e+00      8.00000e+00    676s
  1796     -1.29845e+01     -1.13150e+00      8.00000e+00    678s
  1798     -1.47635e+01     -1.13150e+00      8.00000e+00    679s
  1802     -1.41575e+01     -1.13150e+00      8.00000e+00    680s
  1807     -1.38505e+01     -1.13150e+00      8.00000e+00    682s
  1809     -1.39215e+01     -1.13150e+00      8.00000e+00    683s
  1813     -1.46995e+01     -1.13150e+00      8.00000e+00    684s
  1816     -1.43795e+01     -1.13150e+00      8.00000e+00    686s
  1819     -1.38660e+01     -1.13150e+00      8.00000e+00    687s
  1822     -1.41345e+01     -1.13150e+00      8.00000e+00    688s
  1826     -1.38925e+01     -1.13150e+00      8.00000e+00    689s
  1830     -1.41620e+01     -1.13150e+00      8.00000e+00    690s
  1834     -1.37395e+01     -1.13150e+00      8.00000e+00    692s
  1837     -1.43230e+01     -1.13150e+00      8.00000e+00    693s
  1840     -1.39415e+01     -1.13150e+00      8.00000e+00    694s
  1843     -1.37505e+01     -1.13150e+00      8.00000e+00    696s
  1847     -1.38800e+01     -1.13150e+00      8.00000e+00    697s
  1851     -1.38005e+01     -1.13150e+00      8.00000e+00    698s
  1854     -1.39890e+01     -1.13150e+00      8.00000e+00    699s
  1857     -1.44870e+01     -1.13150e+00      8.00000e+00    700s
  1860     -1.38460e+01     -1.13150e+00      8.00000e+00    701s
  1862     -1.41105e+01     -1.13150e+00      8.00000e+00    703s
  1866     -1.42305e+01     -1.13150e+00      8.00000e+00    704s
  1869     -1.42955e+01     -1.13150e+00      8.00000e+00    705s
  1871     -1.38570e+01     -1.13150e+00      8.00000e+00    706s
  1874     -1.42755e+01     -1.13150e+00      8.00000e+00    708s
  1876     -1.49940e+01     -1.13150e+00      8.00000e+00    709s
  1880     -1.37130e+01     -1.13150e+00      8.00000e+00    710s
  1884     -1.39270e+01     -1.13150e+00      8.00000e+00    712s
  1887     -1.32240e+01     -1.13150e+00      8.00000e+00    713s
  1890     -1.40475e+01     -1.13150e+00      8.00000e+00    715s
  1892     -1.40480e+01     -1.13150e+00      8.00000e+00    716s
  1896     -1.30350e+01     -1.13150e+00      8.00000e+00    717s
  1900     -1.36275e+01     -1.13150e+00      8.00000e+00    718s
  1902     -1.37455e+01     -1.13150e+00      8.00000e+00    719s
  1906     -1.47805e+01     -1.13150e+00      8.00000e+00    721s
  1908     -1.48695e+01     -1.13150e+00      8.00000e+00    722s
  1912     -1.46290e+01     -1.13150e+00      8.00000e+00    723s
  1916     -1.42025e+01     -1.13150e+00      8.00000e+00    725s
  1919     -1.42720e+01     -1.13150e+00      8.00000e+00    726s
  1923     -1.40090e+01     -1.13150e+00      8.00000e+00    728s
  1925     -1.42035e+01     -1.13150e+00      8.00000e+00    729s
  1928     -1.42885e+01     -1.13150e+00      8.00000e+00    730s
  1932     -1.41455e+01     -1.13150e+00      8.00000e+00    731s
  1934     -1.41035e+01     -1.13150e+00      8.00000e+00    733s
  1937     -1.36215e+01     -1.13150e+00      8.00000e+00    734s
  1939     -1.45995e+01     -1.13150e+00      8.00000e+00    735s
  1943     -1.40980e+01     -1.13150e+00      8.00000e+00    737s
  1947     -1.38435e+01     -1.13150e+00      8.00000e+00    738s
  1949     -1.38205e+01     -1.13150e+00      8.00000e+00    739s
  1953     -1.36630e+01     -1.13150e+00      8.00000e+00    740s
  1955     -1.37955e+01     -1.13150e+00      8.00000e+00    741s
  1959     -1.40305e+01     -1.13150e+00      8.00000e+00    743s
  1963     -1.41785e+01     -1.13150e+00      8.00000e+00    744s
  1965     -1.41055e+01     -1.13150e+00      8.00000e+00    745s
  1969     -1.36890e+01     -1.13150e+00      8.00000e+00    746s
  1972     -1.49810e+01     -1.13150e+00      8.00000e+00    748s
  1974     -1.39900e+01     -1.13150e+00      8.00000e+00    749s
  1978     -1.41155e+01     -1.13150e+00      8.00000e+00    750s
  1982     -1.33945e+01     -1.13150e+00      8.00000e+00    751s
  1985     -1.40230e+01     -1.13150e+00      8.00000e+00    753s
  1987     -1.37845e+01     -1.13150e+00      8.00000e+00    754s
  1989     -1.40685e+01     -1.13150e+00      8.00000e+00    755s
  1993     -1.44290e+01     -1.13150e+00      8.00000e+00    756s
  1995     -1.45140e+01     -1.13150e+00      8.00000e+00    757s
  1998     -1.42755e+01     -1.13150e+00      8.00000e+00    758s
  2001     -1.49890e+01     -1.13150e+00      8.00000e+00    759s
  2004     -1.48600e+01     -1.13150e+00      8.00000e+00    760s
  2007     -1.51325e+01     -1.13150e+00      8.00000e+00    761s
  2011     -1.39760e+01     -1.13150e+00      8.00000e+00    762s
  2014     -1.43540e+01     -1.13150e+00      8.00000e+00    764s
  2018     -1.51620e+01     -1.13150e+00      8.00000e+00    765s
  2022     -1.45445e+01     -1.13150e+00      8.00000e+00    767s
  2024     -1.38470e+01     -1.13150e+00      8.00000e+00    768s
  2028     -1.43685e+01     -1.13150e+00      8.00000e+00    769s
  2032     -1.45305e+01     -1.13150e+00      8.00000e+00    770s
  2034     -1.44345e+01     -1.13150e+00      8.00000e+00    771s
  2037     -1.36025e+01     -1.13150e+00      8.00000e+00    772s
  2040     -1.45345e+01     -1.13150e+00      8.00000e+00    774s
  2043     -1.43320e+01     -1.13150e+00      8.00000e+00    775s
  2045     -1.48400e+01     -1.13150e+00      8.00000e+00    776s
  2048     -1.36005e+01     -1.13150e+00      8.00000e+00    777s
  2050     -1.37140e+01     -1.13150e+00      8.00000e+00    778s
  2054     -1.55230e+01     -1.13150e+00      8.00000e+00    779s
  2057     -1.55995e+01     -1.13150e+00      8.00000e+00    781s
  2061     -1.40480e+01     -1.13150e+00      8.00000e+00    782s
  2063     -1.37670e+01     -1.13150e+00      8.00000e+00    784s
  2068     -1.59955e+01     -1.13150e+00      8.00000e+00    785s
  2072     -1.40105e+01     -1.13150e+00      8.00000e+00    786s
  2075     -1.34270e+01     -1.13150e+00      8.00000e+00    788s
  2078     -1.44005e+01     -1.13150e+00      8.00000e+00    789s
  2080     -1.57730e+01     -1.13150e+00      8.00000e+00    790s
  2084     -1.44305e+01     -1.13150e+00      8.00000e+00    791s
  2088     -1.38440e+01     -1.13150e+00      8.00000e+00    793s
  2091     -1.50865e+01     -1.13150e+00      8.00000e+00    794s
  2094     -1.57530e+01     -1.13150e+00      8.00000e+00    795s
  2096     -1.44975e+01     -1.13150e+00      8.00000e+00    797s
  2099     -1.36915e+01     -1.13150e+00      8.00000e+00    798s
  2102     -1.40185e+01     -1.13150e+00      8.00000e+00    799s
  2104     -1.53690e+01     -1.13150e+00      8.00000e+00    800s
  2108     -1.59970e+01     -1.13150e+00      8.00000e+00    801s
  2110     -1.44380e+01     -1.13150e+00      8.00000e+00    803s
  2114     -1.44480e+01     -1.13150e+00      8.00000e+00    804s
  2116     -1.55065e+01     -1.13150e+00      8.00000e+00    805s
  2119     -1.70190e+01     -1.13150e+00      8.00000e+00    806s
  2122     -1.51565e+01     -1.13150e+00      8.00000e+00    807s
  2126     -1.36515e+01     -1.13150e+00      8.00000e+00    809s
  2128     -1.50105e+01     -1.13150e+00      8.00000e+00    810s
  2133     -1.54775e+01     -1.13150e+00      8.00000e+00    811s
  2136     -1.44655e+01     -1.13150e+00      8.00000e+00    812s
  2140     -1.54305e+01     -1.13150e+00      8.00000e+00    813s
  2144     -1.67035e+01     -1.13150e+00      8.00000e+00    814s
  2146     -1.57950e+01     -1.13150e+00      8.00000e+00    816s
  2150     -1.40320e+01     -1.13150e+00      8.00000e+00    817s
  2154     -1.51495e+01     -1.13150e+00      8.00000e+00    818s
  2157     -1.66025e+01     -1.13150e+00      8.00000e+00    820s
  2161     -1.45900e+01     -1.13150e+00      8.00000e+00    821s
  2163     -1.35710e+01     -1.13150e+00      8.00000e+00    823s
  2167     -1.68235e+01     -1.13150e+00      8.00000e+00    824s
  2171     -1.74970e+01     -1.13150e+00      8.00000e+00    825s
  2172     -1.62950e+01     -1.13150e+00      8.00000e+00    826s
  2176     -1.34040e+01     -1.13150e+00      8.00000e+00    827s
  2180     -1.58500e+01     -1.13150e+00      8.00000e+00    829s
  2184     -1.56600e+01     -1.13150e+00      8.00000e+00    830s
  2188     -1.42645e+01     -1.13150e+00      8.00000e+00    831s
  2190     -1.51955e+01     -1.13150e+00      8.00000e+00    832s
  2193     -1.81185e+01     -1.13150e+00      8.00000e+00    833s
  2196     -1.64210e+01     -1.13150e+00      8.00000e+00    834s
  2199     -1.35435e+01     -1.13150e+00      8.00000e+00    836s
  2202     -1.45315e+01     -1.13150e+00      8.00000e+00    837s
  2204     -1.70225e+01     -1.13150e+00      8.00000e+00    839s
  2208     -1.77060e+01     -1.13150e+00      8.00000e+00    840s
  2210     -1.54325e+01     -1.13150e+00      8.00000e+00    841s
  2212     -1.37705e+01     -1.13150e+00      8.00000e+00    842s
  2216     -1.62850e+01     -1.13150e+00      8.00000e+00    843s
  2219     -1.86655e+01     -1.13150e+00      8.00000e+00    844s
  2221     -1.68315e+01     -1.13150e+00      8.00000e+00    846s
  2224     -1.39475e+01     -1.13150e+00      8.00000e+00    847s
  2226     -1.46430e+01     -1.13150e+00      8.00000e+00    848s
  2230     -1.76685e+01     -1.13150e+00      8.00000e+00    849s
  2232     -1.71500e+01     -1.13150e+00      8.00000e+00    850s
  2236     -1.41905e+01     -1.13150e+00      8.00000e+00    852s
  2239     -1.52590e+01     -1.13150e+00      8.00000e+00    853s
  2243     -1.79525e+01     -1.13150e+00      8.00000e+00    854s
  2245     -1.73355e+01     -1.13150e+00      8.00000e+00    856s
  2247     -1.50245e+01     -1.13150e+00      8.00000e+00    857s
  2249     -1.39020e+01     -1.13150e+00      8.00000e+00    858s
  2253     -1.77010e+01     -1.13150e+00      8.00000e+00    859s
  2257     -1.98395e+01     -1.13150e+00      8.00000e+00    861s
  2259     -1.78565e+01     -1.13150e+00      8.00000e+00    862s
  2263     -1.38555e+01     -1.13150e+00      8.00000e+00    863s
  2265     -1.56630e+01     -1.13150e+00      8.00000e+00    864s
  2269     -1.66005e+01     -1.13150e+00      8.00000e+00    866s
  2273     -1.35320e+01     -1.13150e+00      8.00000e+00    867s
  2275     -1.45875e+01     -1.13150e+00      8.00000e+00    868s
  2278     -1.93735e+01     -1.13150e+00      8.00000e+00    870s
  2280     -2.05235e+01     -1.13150e+00      8.00000e+00    871s
  2283     -1.84805e+01     -1.13150e+00      8.00000e+00    872s
  2287     -1.34565e+01     -1.13150e+00      8.00000e+00    873s
  2289     -1.52080e+01     -1.13150e+00      8.00000e+00    874s
  2293     -1.72425e+01     -1.13150e+00      8.00000e+00    875s
  2297     -1.37890e+01     -1.13150e+00      8.00000e+00    877s
  2299     -1.40135e+01     -1.13150e+00      8.00000e+00    878s
  2303     -2.04810e+01     -1.13150e+00      8.00000e+00    879s
  2305     -2.31735e+01     -1.13150e+00      8.00000e+00    881s
  2309     -1.94235e+01     -1.13150e+00      8.00000e+00    882s
  2312     -1.36430e+01     -1.13150e+00      8.00000e+00    883s
  2316     -1.61520e+01     -1.13150e+00      8.00000e+00    884s
  2320     -1.56140e+01     -1.13150e+00      8.00000e+00    886s
  2322     -1.36525e+01     -1.13150e+00      8.00000e+00    887s
  2325     -1.44705e+01     -1.13150e+00      8.00000e+00    888s
  2329     -2.24825e+01     -1.13150e+00      8.00000e+00    889s
  2332     -2.23710e+01     -1.13150e+00      8.00000e+00    890s
  2336     -1.48390e+01     -1.13150e+00      8.00000e+00    892s
  2338     -1.36625e+01     -1.13150e+00      8.00000e+00    893s
  2342     -1.66660e+01     -1.13150e+00      8.00000e+00    894s
  2345     -1.47505e+01     -1.13150e+00      8.00000e+00    895s
  2348     -1.39010e+01     -1.13150e+00      8.00000e+00    897s
  2351     -1.48100e+01     -1.13150e+00      8.00000e+00    898s
  2356     -2.15370e+01     -1.13150e+00      8.00000e+00    899s
  2358     -2.16995e+01     -1.13150e+00      8.00000e+00    900s
  2361     -1.61445e+01     -1.13150e+00      8.00000e+00    901s
  2364     -1.26100e+01     -1.13150e+00      8.00000e+00    903s
  2366     -1.48285e+01     -1.13150e+00      8.00000e+00    904s
  2369     -1.79800e+01     -1.13150e+00      8.00000e+00    905s
  2371     -1.66090e+01     -1.13150e+00      8.00000e+00    906s
  2375     -1.44370e+01     -1.13150e+00      8.00000e+00    907s
  2377     -1.69500e+01     -1.13150e+00      8.00000e+00    909s
  2380     -2.19690e+01     -1.13150e+00      8.00000e+00    910s
  2383     -2.06390e+01     -1.13150e+00      8.00000e+00    911s
  2386     -1.53065e+01     -1.13150e+00      8.00000e+00    912s
  2388     -1.25430e+01     -1.13150e+00      8.00000e+00    913s
  2393     -1.69575e+01     -1.13150e+00      8.00000e+00    914s
  2396     -1.61925e+01     -1.13150e+00      8.00000e+00    916s
  2398     -1.43110e+01     -1.13150e+00      8.00000e+00    917s
  2402     -1.34425e+01     -1.13150e+00      8.00000e+00    919s
  2404     -1.64410e+01     -1.13150e+00      8.00000e+00    920s
  2409     -1.90030e+01     -1.13150e+00      8.00000e+00    921s
  2413     -1.40070e+01     -1.13150e+00      8.00000e+00    922s
  2416     -1.52345e+01     -1.13150e+00      8.00000e+00    923s
  2421     -1.85295e+01     -1.13150e+00      8.00000e+00    925s
  2423     -1.62450e+01     -1.13150e+00      8.00000e+00    926s
  2427     -1.36910e+01     -1.13150e+00      8.00000e+00    927s
  2431     -1.90870e+01     -1.13150e+00      8.00000e+00    928s
  2435     -1.59445e+01     -1.13150e+00      8.00000e+00    929s
  2438     -1.33035e+01     -1.13150e+00      8.00000e+00    930s
  2440     -1.49535e+01     -1.13150e+00      8.00000e+00    931s
  2442     -1.71685e+01     -1.13150e+00      8.00000e+00    933s
  2447     -1.70655e+01     -1.13150e+00      8.00000e+00    934s
  2451     -1.46845e+01     -1.13150e+00      8.00000e+00    935s
  2454     -2.06440e+01     -1.13150e+00      8.00000e+00    937s
  2458     -2.04095e+01     -1.13150e+00      8.00000e+00    938s
  2460     -1.64165e+01     -1.13150e+00      8.00000e+00    939s
  2464     -1.57860e+01     -1.13150e+00      8.00000e+00    940s
  2468     -2.32805e+01     -1.13150e+00      8.00000e+00    942s
  2472     -1.64000e+01     -1.13150e+00      8.00000e+00    944s
  2474     -1.41730e+01     -1.13150e+00      8.00000e+00    945s
  2476     -1.50150e+01     -1.13150e+00      8.00000e+00    946s
  2480     -2.24625e+01     -1.13150e+00      8.00000e+00    947s
  2484     -1.78280e+01     -1.13150e+00      8.00000e+00    948s
  2487     -1.38790e+01     -1.13150e+00      8.00000e+00    950s
  2490     -1.87190e+01     -1.13150e+00      8.00000e+00    951s
  2493     -2.21955e+01     -1.13150e+00      8.00000e+00    952s
  2497     -1.59715e+01     -1.13150e+00      8.00000e+00    953s

==================================================
Summary of results QAOA
--------------------------------------------------
Avg of QAOA obj (BQO obj):    0.81
Avg of QAOA obj (penalty):    -1.94
Avg of constraint violation:  0.23

Feasible percentage (%):      81.70
Avg of pure feasible obj:     1.00

Avg of QAOA obj:              -1.13
STD of QAOA obj:              3.35

Avg of QAOA obj (feasible):   1.05
STD of QAOA obj (feasible):   0.65

Gamma angles:                 0.13
Beta angles:                  3.59

Best QAOA obj:                8.00
Modified best QAOA obj:       8.00
Best QAOA obj (feasible):     8.00

QAOA total time:              954.04s
QAOA circuit depth:           37
==================================================

==================================================
Summary of results of 0-S8
--------------------------------------------------
Number of vertices:           8
Number of edges:              22

Vertex num in largest comp:   8
Edge num in largest comp:     22

Pre-processing running time:  0.00
Total solver time:            953.28
Running time:                 959.72

Upper bound:                  12.00
Objective value:              8.00

Partition 0:                  1, 3, 4, 5, 6, 8    
Partition 1:                                      
Partition 2:                  2, 7                
==================================================
