==================================================
Instance parameters
--------------------------------------------------
Number of vertices:           8
Number of edges:              22
Number of partitions:         3

Density (%):                  79
Name of instance:             seed1_band_pen2.5_noise0.0
Is planar:                    False
==================================================

==================================================
Solver parameters
--------------------------------------------------
Method:                       R-QUBO
Peel:                         False
Decompose:                    False
Fold:                         False

Penalty Multiplier:           2.5
Gates Error Probability:      0.0
QAOA Num Levels:              1
QAOA Scipy Optimizer:         brute
==================================================

  iter        avg-obj        best avg-obj       best-obj      time
     0     -2.40985e+01     -2.40985e+01      7.00000e+00      1s
     3     -2.30675e+01     -2.30675e+01      8.00000e+00      2s
     8     -2.45705e+01     -2.30675e+01      8.00000e+00      4s
    10     -2.41365e+01     -2.30675e+01      8.00000e+00      5s
    13     -2.33945e+01     -2.28825e+01      8.00000e+00      6s
    17     -2.43465e+01     -2.28825e+01      8.00000e+00      7s
    19     -2.43340e+01     -2.28825e+01      8.00000e+00      8s
    22     -2.39235e+01     -2.28825e+01      8.00000e+00      9s
    27     -2.44440e+01     -2.28825e+01      8.00000e+00     10s
    30     -2.46220e+01     -2.28825e+01      8.00000e+00     12s
    33     -2.48840e+01     -2.28825e+01      8.00000e+00     13s
    36     -2.34715e+01     -2.28825e+01      8.00000e+00     14s
    39     -2.38415e+01     -2.28825e+01      8.00000e+00     15s
    44     -2.39405e+01     -2.28825e+01      8.00000e+00     16s
    48     -2.38405e+01     -2.28825e+01      8.00000e+00     18s
    52     -7.34800e+00     -7.34800e+00      8.00000e+00     19s
    55     -1.12115e+01     -6.01800e+00      8.00000e+00     20s
    60     -2.55815e+01     -6.01800e+00      8.00000e+00     21s
    64     -2.82365e+01     -6.01800e+00      8.00000e+00     22s
    67     -5.24415e+01     -6.01800e+00      8.00000e+00     24s
    70     -6.64105e+01     -6.01800e+00      8.00000e+00     25s
    75     -1.88975e+01     -6.01800e+00      8.00000e+00     26s
    78     -6.44550e+00     -6.01800e+00      8.00000e+00     28s
    83     -2.55805e+01     -6.01800e+00      8.00000e+00     29s
    87     -2.45225e+01     -6.01800e+00      8.00000e+00     30s
    91     -4.91585e+01     -6.01800e+00      8.00000e+00     31s
    97     -4.76020e+01     -6.01800e+00      8.00000e+00     32s
    99     -2.37880e+01     -6.01800e+00      8.00000e+00     33s
   102     -3.61115e+01     -6.01800e+00      8.00000e+00     35s
   106     -4.53570e+01     -6.01800e+00      8.00000e+00     36s
   109     -3.19995e+01     -6.01800e+00      8.00000e+00     37s
   113     -2.52890e+01     -6.01800e+00      8.00000e+00     38s
   117     -3.25100e+01     -6.01800e+00      8.00000e+00     39s
   120     -2.40530e+01     -6.01800e+00      8.00000e+00     41s
   125     -2.59915e+01     -6.01800e+00      8.00000e+00     42s
   128     -4.40895e+01     -6.01800e+00      8.00000e+00     43s
   132     -4.06200e+01     -6.01800e+00      8.00000e+00     44s
   136     -2.39770e+01     -6.01800e+00      8.00000e+00     45s
   139     -2.87740e+01     -6.01800e+00      8.00000e+00     47s
   145     -2.33415e+01     -6.01800e+00      8.00000e+00     48s
   149     -2.37935e+01     -6.01800e+00      8.00000e+00     49s
   153     -3.58860e+01     -6.01800e+00      8.00000e+00     50s
   158     -3.34105e+01     -6.01800e+00      8.00000e+00     51s
   161     -2.37105e+01     -6.01800e+00      8.00000e+00     53s
   164     -2.81555e+01     -6.01800e+00      8.00000e+00     54s
   168     -3.07165e+01     -6.01800e+00      8.00000e+00     55s
   171     -2.33030e+01     -6.01800e+00      8.00000e+00     56s
   175     -2.60050e+01     -6.01800e+00      8.00000e+00     57s
   179     -3.96075e+01     -6.01800e+00      8.00000e+00     59s
   182     -3.44705e+01     -6.01800e+00      8.00000e+00     60s
   186     -2.31465e+01     -6.01800e+00      8.00000e+00     61s
   189     -2.79745e+01     -6.01800e+00      8.00000e+00     62s
   192     -3.14145e+01     -6.01800e+00      8.00000e+00     63s
   195     -2.33580e+01     -6.01800e+00      8.00000e+00     64s
   198     -2.15790e+01     -6.01800e+00      8.00000e+00     65s
   200     -2.43645e+01     -6.01800e+00      8.00000e+00     67s
   204     -2.42955e+01     -6.01800e+00      8.00000e+00     68s
   208     -2.80440e+01     -6.01800e+00      8.00000e+00     69s
   211     -2.46955e+01     -6.01800e+00      8.00000e+00     70s
   215     -2.93080e+01     -6.01800e+00      8.00000e+00     71s
   217     -3.37300e+01     -6.01800e+00      8.00000e+00     72s
   220     -3.65115e+01     -6.01800e+00      8.00000e+00     73s
   224     -2.61345e+01     -6.01800e+00      8.00000e+00     75s
   228     -2.31030e+01     -6.01800e+00      8.00000e+00     76s
   231     -2.85585e+01     -6.01800e+00      8.00000e+00     77s
   235     -2.42870e+01     -6.01800e+00      8.00000e+00     79s
   237     -2.49690e+01     -6.01800e+00      8.00000e+00     80s
   242     -3.56790e+01     -6.01800e+00      8.00000e+00     81s
   245     -3.65395e+01     -6.01800e+00      8.00000e+00     82s
   248     -2.64135e+01     -6.01800e+00      8.00000e+00     83s
   252     -2.75095e+01     -6.01800e+00      8.00000e+00     85s
   255     -3.15515e+01     -6.01800e+00      8.00000e+00     86s
   258     -2.97685e+01     -6.01800e+00      8.00000e+00     87s
   262     -2.29665e+01     -6.01800e+00      8.00000e+00     88s
   264     -2.53410e+01     -6.01800e+00      8.00000e+00     89s
   268     -3.01860e+01     -6.01800e+00      8.00000e+00     90s
   272     -2.36220e+01     -6.01800e+00      8.00000e+00     92s
   274     -2.40000e+01     -6.01800e+00      8.00000e+00     93s
   279     -3.18690e+01     -6.01800e+00      8.00000e+00     94s
   283     -2.85570e+01     -6.01800e+00      8.00000e+00     96s
   287     -2.47180e+01     -6.01800e+00      8.00000e+00     97s
   292     -2.90985e+01     -6.01800e+00      8.00000e+00     98s
   296     -2.59735e+01     -6.01800e+00      8.00000e+00     99s
   300     -2.44825e+01     -6.01800e+00      8.00000e+00    100s
   303     -2.71995e+01     -6.01800e+00      8.00000e+00    101s
   306     -2.89125e+01     -6.01800e+00      8.00000e+00    102s
   310     -2.45710e+01     -6.01800e+00      8.00000e+00    104s
   313     -2.43425e+01     -6.01800e+00      8.00000e+00    105s
   316     -2.72605e+01     -6.01800e+00      8.00000e+00    106s
   320     -2.77215e+01     -6.01800e+00      8.00000e+00    107s
   322     -2.40165e+01     -6.01800e+00      8.00000e+00    108s
   325     -2.38260e+01     -6.01800e+00      8.00000e+00    110s
   329     -3.07510e+01     -6.01800e+00      8.00000e+00    111s
   333     -2.65105e+01     -6.01800e+00      8.00000e+00    112s
   337     -2.43785e+01     -6.01800e+00      8.00000e+00    113s
   340     -2.74750e+01     -6.01800e+00      8.00000e+00    115s
   343     -2.80640e+01     -6.01800e+00      8.00000e+00    116s
   347     -2.38280e+01     -6.01800e+00      8.00000e+00    117s
   350     -2.36910e+01     -6.01800e+00      8.00000e+00    118s
   353     -2.48720e+01     -6.01800e+00      8.00000e+00    119s
   357     -2.62985e+01     -6.01800e+00      8.00000e+00    120s
   359     -2.46570e+01     -6.01800e+00      8.00000e+00    122s
   363     -2.45990e+01     -6.01800e+00      8.00000e+00    123s
   366     -2.60445e+01     -6.01800e+00      8.00000e+00    124s
   369     -2.90395e+01     -6.01800e+00      8.00000e+00    125s
   373     -2.49665e+01     -6.01800e+00      8.00000e+00    126s
   377     -2.52720e+01     -6.01800e+00      8.00000e+00    127s
   379     -2.58270e+01     -6.01800e+00      8.00000e+00    129s
   383     -2.64065e+01     -6.01800e+00      8.00000e+00    130s
   386     -2.42660e+01     -6.01800e+00      8.00000e+00    131s
   389     -2.53105e+01     -6.01800e+00      8.00000e+00    132s
   394     -2.71110e+01     -6.01800e+00      8.00000e+00    134s
   397     -2.42100e+01     -6.01800e+00      8.00000e+00    135s
   401     -2.49445e+01     -6.01800e+00      8.00000e+00    136s
   404     -2.52700e+01     -6.01800e+00      8.00000e+00    138s
   408     -2.60175e+01     -6.01800e+00      8.00000e+00    139s
   412     -2.49125e+01     -6.01800e+00      8.00000e+00    140s
   414     -2.39345e+01     -6.01800e+00      8.00000e+00    141s
   417     -2.64240e+01     -6.01800e+00      8.00000e+00    142s
   421     -2.54660e+01     -6.01800e+00      8.00000e+00    143s
   424     -2.44760e+01     -6.01800e+00      8.00000e+00    145s
   428     -2.41480e+01     -6.01800e+00      8.00000e+00    146s
   432     -2.52910e+01     -6.01800e+00      8.00000e+00    147s
   435     -2.49865e+01     -6.01800e+00      8.00000e+00    149s
   440     -2.53275e+01     -6.01800e+00      8.00000e+00    151s
   443     -2.62045e+01     -6.01800e+00      8.00000e+00    152s
   447     -2.46975e+01     -6.01800e+00      8.00000e+00    153s
   451     -2.50535e+01     -6.01800e+00      8.00000e+00    155s
   455     -2.53525e+01     -6.01800e+00      8.00000e+00    156s
   459     -2.48105e+01     -6.01800e+00      8.00000e+00    157s
   463     -2.38610e+01     -6.01800e+00      8.00000e+00    158s
   466     -2.47595e+01     -6.01800e+00      8.00000e+00    159s
   471     -2.51785e+01     -6.01800e+00      8.00000e+00    161s
   474     -2.41195e+01     -6.01800e+00      8.00000e+00    162s
   477     -2.41820e+01     -6.01800e+00      8.00000e+00    163s
   481     -2.67060e+01     -6.01800e+00      8.00000e+00    165s
   483     -2.35870e+01     -6.01800e+00      8.00000e+00    166s
   487     -2.32500e+01     -6.01800e+00      8.00000e+00    167s
   489     -2.42660e+01     -6.01800e+00      8.00000e+00    168s
   492     -2.53445e+01     -6.01800e+00      8.00000e+00    169s
   497     -2.54150e+01     -6.01800e+00      8.00000e+00    170s
   500     -2.44260e+01     -6.01800e+00      8.00000e+00    172s
   503     -2.41360e+01     -6.01800e+00      8.00000e+00    173s
   508     -2.36725e+01     -6.01800e+00      8.00000e+00    174s
   511     -2.43205e+01     -6.01800e+00      8.00000e+00    176s
   515     -2.45025e+01     -6.01800e+00      8.00000e+00    177s
   519     -2.50510e+01     -6.01800e+00      8.00000e+00    178s
   523     -2.42440e+01     -6.01800e+00      8.00000e+00    179s
   527     -2.41930e+01     -6.01800e+00      8.00000e+00    180s
   530     -2.46670e+01     -6.01800e+00      8.00000e+00    182s
   533     -2.41540e+01     -6.01800e+00      8.00000e+00    183s
   538     -2.38020e+01     -6.01800e+00      8.00000e+00    184s
   541     -2.47535e+01     -6.01800e+00      8.00000e+00    185s
   544     -2.51120e+01     -6.01800e+00      8.00000e+00    186s
   548     -2.44285e+01     -6.01800e+00      8.00000e+00    188s
   551     -2.44595e+01     -6.01800e+00      8.00000e+00    189s
   556     -2.44725e+01     -6.01800e+00      8.00000e+00    190s
   558     -2.47800e+01     -6.01800e+00      8.00000e+00    192s
   560     -2.40230e+01     -6.01800e+00      8.00000e+00    193s
   563     -2.45065e+01     -6.01800e+00      8.00000e+00    194s
   566     -2.51645e+01     -6.01800e+00      8.00000e+00    195s
   568     -2.55245e+01     -6.01800e+00      8.00000e+00    196s
   572     -2.53425e+01     -6.01800e+00      8.00000e+00    197s
   575     -2.44540e+01     -6.01800e+00      8.00000e+00    199s
   578     -2.43635e+01     -6.01800e+00      8.00000e+00    200s
   582     -2.40420e+01     -6.01800e+00      8.00000e+00    201s
   585     -2.32780e+01     -6.01800e+00      8.00000e+00    202s
   590     -2.40285e+01     -6.01800e+00      8.00000e+00    204s
   593     -2.45285e+01     -6.01800e+00      8.00000e+00    205s
   596     -2.49550e+01     -6.01800e+00      8.00000e+00    206s
   600     -2.37135e+01     -6.01800e+00      8.00000e+00    207s
   602     -2.35570e+01     -6.01800e+00      8.00000e+00    208s
   606     -2.44390e+01     -6.01800e+00      8.00000e+00    210s
   609     -2.36800e+01     -6.01800e+00      8.00000e+00    211s
   612     -2.35710e+01     -6.01800e+00      8.00000e+00    212s
   616     -2.33085e+01     -6.01800e+00      8.00000e+00    213s
   618     -2.43285e+01     -6.01800e+00      8.00000e+00    215s
   621     -2.39115e+01     -6.01800e+00      8.00000e+00    216s
   624     -2.35600e+01     -6.01800e+00      8.00000e+00    217s
   626     -2.39980e+01     -6.01800e+00      8.00000e+00    219s
   630     -2.40205e+01     -6.01800e+00      8.00000e+00    220s
   632     -2.43485e+01     -6.01800e+00      8.00000e+00    221s
   634     -2.46580e+01     -6.01800e+00      8.00000e+00    222s
   639     -2.40910e+01     -6.01800e+00      8.00000e+00    223s
   643     -2.46360e+01     -6.01800e+00      8.00000e+00    225s
   645     -2.42230e+01     -6.01800e+00      8.00000e+00    226s
   649     -2.49730e+01     -6.01800e+00      8.00000e+00    228s
   652     -2.41280e+01     -6.01800e+00      8.00000e+00    229s
   656     -2.47160e+01     -6.01800e+00      8.00000e+00    230s
   659     -2.40390e+01     -6.01800e+00      8.00000e+00    231s
   662     -2.38605e+01     -6.01800e+00      8.00000e+00    232s
   667     -2.33075e+01     -6.01800e+00      8.00000e+00    234s
   670     -2.39545e+01     -6.01800e+00      8.00000e+00    235s
   674     -2.41375e+01     -6.01800e+00      8.00000e+00    237s
   677     -2.42910e+01     -6.01800e+00      8.00000e+00    238s
   680     -2.40980e+01     -6.01800e+00      8.00000e+00    239s
   684     -2.34645e+01     -6.01800e+00      8.00000e+00    240s
   687     -2.41530e+01     -6.01800e+00      8.00000e+00    241s
   690     -2.41400e+01     -6.01800e+00      8.00000e+00    242s
   694     -2.42160e+01     -6.01800e+00      8.00000e+00    243s
   697     -2.46420e+01     -6.01800e+00      8.00000e+00    245s
   700     -2.40625e+01     -6.01800e+00      8.00000e+00    246s
   704     -2.38670e+01     -6.01800e+00      8.00000e+00    247s
   707     -2.43280e+01     -6.01800e+00      8.00000e+00    248s
   712     -2.34965e+01     -6.01800e+00      8.00000e+00    249s
   714     -2.43445e+01     -6.01800e+00      8.00000e+00    251s
   718     -2.31935e+01     -6.01800e+00      8.00000e+00    252s
   722     -2.24695e+01     -6.01800e+00      8.00000e+00    253s
   724     -2.41855e+01     -6.01800e+00      8.00000e+00    254s
   728     -2.48805e+01     -6.01800e+00      8.00000e+00    255s
   732     -2.33115e+01     -6.01800e+00      8.00000e+00    257s
   734     -2.49330e+01     -6.01800e+00      8.00000e+00    258s
   737     -2.38010e+01     -6.01800e+00      8.00000e+00    259s
   740     -2.36375e+01     -6.01800e+00      8.00000e+00    260s
   744     -2.42740e+01     -6.01800e+00      8.00000e+00    262s
   748     -2.48195e+01     -6.01800e+00      8.00000e+00    263s
   751     -2.48955e+01     -6.01800e+00      8.00000e+00    264s
   756     -2.57295e+01     -6.01800e+00      8.00000e+00    266s
   759     -2.46215e+01     -6.01800e+00      8.00000e+00    267s
   763     -2.47885e+01     -6.01800e+00      8.00000e+00    268s
   767     -2.62760e+01     -6.01800e+00      8.00000e+00    269s
   769     -2.64270e+01     -6.01800e+00      8.00000e+00    270s
   772     -2.49140e+01     -6.01800e+00      8.00000e+00    271s
   774     -2.38740e+01     -6.01800e+00      8.00000e+00    273s
   777     -2.48310e+01     -6.01800e+00      8.00000e+00    274s
   781     -2.54935e+01     -6.01800e+00      8.00000e+00    275s
   785     -2.40585e+01     -6.01800e+00      8.00000e+00    276s
   789     -2.49845e+01     -6.01800e+00      8.00000e+00    277s
   793     -2.59915e+01     -6.01800e+00      8.00000e+00    278s
   795     -2.54955e+01     -6.01800e+00      8.00000e+00    279s
   799     -2.36390e+01     -6.01800e+00      8.00000e+00    281s
   803     -2.38225e+01     -6.01800e+00      8.00000e+00    282s
   807     -2.36245e+01     -6.01800e+00      8.00000e+00    283s
   810     -2.39775e+01     -6.01800e+00      8.00000e+00    284s
   813     -2.34255e+01     -6.01800e+00      8.00000e+00    286s
   816     -2.40640e+01     -6.01800e+00      8.00000e+00    287s
   819     -2.36645e+01     -6.01800e+00      8.00000e+00    288s
   823     -2.39785e+01     -6.01800e+00      8.00000e+00    289s
   825     -2.38190e+01     -6.01800e+00      8.00000e+00    290s
   829     -2.29275e+01     -6.01800e+00      8.00000e+00    291s
   832     -2.38170e+01     -6.01800e+00      8.00000e+00    293s
   834     -2.48130e+01     -6.01800e+00      8.00000e+00    294s
   838     -2.38305e+01     -6.01800e+00      8.00000e+00    295s
   841     -2.38605e+01     -6.01800e+00      8.00000e+00    296s
   844     -2.29190e+01     -6.01800e+00      8.00000e+00    297s
   848     -2.29365e+01     -6.01800e+00      8.00000e+00    298s
   852     -2.43225e+01     -6.01800e+00      8.00000e+00    299s
   855     -2.33320e+01     -6.01800e+00      8.00000e+00    301s
   859     -2.46360e+01     -6.01800e+00      8.00000e+00    302s
   862     -2.44360e+01     -6.01800e+00      8.00000e+00    303s
   865     -2.47365e+01     -6.01800e+00      8.00000e+00    304s
   870     -2.41110e+01     -6.01800e+00      8.00000e+00    305s
   873     -2.36465e+01     -6.01800e+00      8.00000e+00    306s
   877     -2.39285e+01     -6.01800e+00      8.00000e+00    308s
   881     -2.44940e+01     -6.01800e+00      8.00000e+00    309s
   885     -2.44480e+01     -6.01800e+00      8.00000e+00    310s
   889     -2.36485e+01     -6.01800e+00      8.00000e+00    311s
   894     -2.40470e+01     -6.01800e+00      8.00000e+00    313s
   897     -2.34225e+01     -6.01800e+00      8.00000e+00    314s
   900     -2.42895e+01     -6.01800e+00      8.00000e+00    315s
   904     -2.35185e+01     -6.01800e+00      8.00000e+00    317s
   907     -2.53000e+01     -6.01800e+00      8.00000e+00    318s
   913     -2.37525e+01     -6.01800e+00      8.00000e+00    319s
   915     -2.39515e+01     -6.01800e+00      8.00000e+00    320s
   918     -2.45140e+01     -6.01800e+00      8.00000e+00    321s
   922     -2.47195e+01     -6.01800e+00      8.00000e+00    323s
   924     -2.42090e+01     -6.01800e+00      8.00000e+00    324s
   928     -2.41235e+01     -6.01800e+00      8.00000e+00    325s
   930     -2.49165e+01     -6.01800e+00      8.00000e+00    326s
   932     -2.47820e+01     -6.01800e+00      8.00000e+00    328s
   936     -2.39955e+01     -6.01800e+00      8.00000e+00    329s
   939     -2.32755e+01     -6.01800e+00      8.00000e+00    330s
   942     -2.43980e+01     -6.01800e+00      8.00000e+00    331s
   946     -2.49975e+01     -6.01800e+00      8.00000e+00    332s
   949     -2.49355e+01     -6.01800e+00      8.00000e+00    334s
   952     -2.33435e+01     -6.01800e+00      8.00000e+00    335s
   957     -2.32470e+01     -6.01800e+00      8.00000e+00    336s
   960     -2.34030e+01     -6.01800e+00      8.00000e+00    338s
   964     -2.43245e+01     -6.01800e+00      8.00000e+00    339s
   968     -2.35125e+01     -6.01800e+00      8.00000e+00    340s
   971     -2.37805e+01     -6.01800e+00      8.00000e+00    341s
   975     -2.40730e+01     -6.01800e+00      8.00000e+00    343s
   978     -2.34675e+01     -6.01800e+00      8.00000e+00    344s
   982     -2.34560e+01     -6.01800e+00      8.00000e+00    345s
   986     -2.53930e+01     -6.01800e+00      8.00000e+00    347s
   989     -2.23850e+01     -6.01800e+00      8.00000e+00    348s
   994     -2.31315e+01     -6.01800e+00      8.00000e+00    349s
   997     -2.39130e+01     -6.01800e+00      8.00000e+00    351s
  1001     -2.44890e+01     -6.01800e+00      8.00000e+00    352s
  1005     -2.47845e+01     -6.01800e+00      8.00000e+00    353s
  1008     -2.51005e+01     -6.01800e+00      8.00000e+00    355s
  1013     -2.37975e+01     -6.01800e+00      8.00000e+00    356s
  1015     -2.38400e+01     -6.01800e+00      8.00000e+00    357s
  1018     -2.34865e+01     -6.01800e+00      8.00000e+00    358s
  1021     -2.39130e+01     -6.01800e+00      8.00000e+00    360s
  1024     -2.48925e+01     -6.01800e+00      8.00000e+00    361s
  1028     -2.52810e+01     -6.01800e+00      8.00000e+00    362s
  1031     -2.38030e+01     -6.01800e+00      8.00000e+00    364s
  1035     -2.49070e+01     -6.01800e+00      8.00000e+00    365s
  1038     -2.36965e+01     -6.01800e+00      8.00000e+00    366s
  1040     -2.35025e+01     -6.01800e+00      8.00000e+00    367s
  1044     -2.42840e+01     -6.01800e+00      8.00000e+00    369s
  1047     -2.26385e+01     -6.01800e+00      8.00000e+00    370s
  1049     -2.41265e+01     -6.01800e+00      8.00000e+00    371s
  1053     -2.46750e+01     -6.01800e+00      8.00000e+00    372s
  1056     -2.47745e+01     -6.01800e+00      8.00000e+00    373s
  1059     -2.49315e+01     -6.01800e+00      8.00000e+00    375s
  1063     -2.46605e+01     -6.01800e+00      8.00000e+00    376s
  1065     -2.42920e+01     -6.01800e+00      8.00000e+00    377s
  1068     -2.43230e+01     -6.01800e+00      8.00000e+00    378s
  1072     -2.36160e+01     -6.01800e+00      8.00000e+00    380s
  1074     -2.38525e+01     -6.01800e+00      8.00000e+00    381s
  1078     -2.45505e+01     -6.01800e+00      8.00000e+00    382s
  1081     -2.40825e+01     -6.01800e+00      8.00000e+00    383s
  1083     -2.42355e+01     -6.01800e+00      8.00000e+00    384s
  1088     -2.39420e+01     -6.01800e+00      8.00000e+00    385s
  1091     -2.36985e+01     -6.01800e+00      8.00000e+00    386s
  1095     -2.45170e+01     -6.01800e+00      8.00000e+00    388s
  1100     -2.40905e+01     -6.01800e+00      8.00000e+00    389s
  1103     -2.42450e+01     -6.01800e+00      8.00000e+00    391s
  1107     -2.46995e+01     -6.01800e+00      8.00000e+00    392s
  1111     -2.35395e+01     -6.01800e+00      8.00000e+00    393s
  1113     -2.38930e+01     -6.01800e+00      8.00000e+00    394s
  1117     -2.46205e+01     -6.01800e+00      8.00000e+00    395s
  1120     -2.43765e+01     -6.01800e+00      8.00000e+00    396s
  1124     -2.50605e+01     -6.01800e+00      8.00000e+00    398s
  1129     -2.41595e+01     -6.01800e+00      8.00000e+00    399s
  1131     -2.28710e+01     -6.01800e+00      8.00000e+00    400s
  1133     -2.36035e+01     -6.01800e+00      8.00000e+00    401s
  1137     -2.30925e+01     -6.01800e+00      8.00000e+00    402s
  1140     -2.39700e+01     -6.01800e+00      8.00000e+00    404s
  1143     -2.29020e+01     -6.01800e+00      8.00000e+00    405s
  1148     -2.32210e+01     -6.01800e+00      8.00000e+00    406s
  1151     -2.39060e+01     -6.01800e+00      8.00000e+00    408s
  1155     -2.45305e+01     -6.01800e+00      8.00000e+00    409s
  1158     -2.37710e+01     -6.01800e+00      8.00000e+00    410s
  1161     -2.39025e+01     -6.01800e+00      8.00000e+00    411s
  1165     -2.36640e+01     -6.01800e+00      8.00000e+00    412s
  1167     -2.35025e+01     -6.01800e+00      8.00000e+00    413s
  1170     -2.44815e+01     -6.01800e+00      8.00000e+00    415s
  1174     -2.33995e+01     -6.01800e+00      8.00000e+00    416s
  1177     -2.45360e+01     -6.01800e+00      8.00000e+00    417s
  1180     -2.49505e+01     -6.01800e+00      8.00000e+00    418s
  1184     -2.35475e+01     -6.01800e+00      8.00000e+00    420s
  1188     -2.49575e+01     -6.01800e+00      8.00000e+00    421s
  1192     -2.38315e+01     -6.01800e+00      8.00000e+00    422s
  1195     -2.27885e+01     -6.01800e+00      8.00000e+00    423s
  1198     -2.37435e+01     -6.01800e+00      8.00000e+00    424s
  1201     -2.41900e+01     -6.01800e+00      8.00000e+00    426s
  1204     -2.35290e+01     -6.01800e+00      8.00000e+00    427s
  1207     -2.44565e+01     -6.01800e+00      8.00000e+00    428s
  1211     -2.33400e+01     -6.01800e+00      8.00000e+00    429s
  1213     -2.35195e+01     -6.01800e+00      8.00000e+00    430s
  1216     -2.39760e+01     -6.01800e+00      8.00000e+00    431s
  1220     -2.23845e+01     -6.01800e+00      8.00000e+00    432s
  1223     -2.32395e+01     -6.01800e+00      8.00000e+00    434s
  1226     -2.40145e+01     -6.01800e+00      8.00000e+00    435s
  1230     -2.41740e+01     -6.01800e+00      8.00000e+00    436s
  1232     -2.40110e+01     -6.01800e+00      8.00000e+00    437s
  1235     -2.53190e+01     -6.01800e+00      8.00000e+00    438s
  1239     -2.41240e+01     -6.01800e+00      8.00000e+00    439s
  1241     -2.42720e+01     -6.01800e+00      8.00000e+00    440s
  1244     -2.40125e+01     -6.01800e+00      8.00000e+00    441s
  1249     -2.47020e+01     -6.01800e+00      8.00000e+00    442s
  1251     -2.33885e+01     -6.01800e+00      8.00000e+00    444s
  1254     -2.49230e+01     -6.01800e+00      8.00000e+00    445s
  1257     -2.39015e+01     -6.01800e+00      8.00000e+00    446s
  1260     -2.43635e+01     -6.01800e+00      8.00000e+00    447s
  1265     -2.29960e+01     -6.01800e+00      8.00000e+00    448s
  1268     -2.44245e+01     -6.01800e+00      8.00000e+00    450s
  1271     -2.33500e+01     -6.01800e+00      8.00000e+00    451s
  1275     -2.38955e+01     -6.01800e+00      8.00000e+00    452s
  1279     -2.38580e+01     -6.01800e+00      8.00000e+00    453s
  1282     -2.33465e+01     -6.01800e+00      8.00000e+00    454s
  1285     -2.30465e+01     -6.01800e+00      8.00000e+00    455s
  1289     -2.46850e+01     -6.01800e+00      8.00000e+00    457s
  1292     -2.38230e+01     -6.01800e+00      8.00000e+00    458s
  1296     -2.42495e+01     -6.01800e+00      8.00000e+00    459s
  1299     -2.39945e+01     -6.01800e+00      8.00000e+00    461s
  1302     -2.42510e+01     -6.01800e+00      8.00000e+00    462s
  1306     -2.36145e+01     -6.01800e+00      8.00000e+00    463s
  1309     -2.40455e+01     -6.01800e+00      8.00000e+00    464s
  1313     -2.38465e+01     -6.01800e+00      8.00000e+00    466s
  1316     -2.40200e+01     -6.01800e+00      8.00000e+00    467s
  1320     -2.43865e+01     -6.01800e+00      8.00000e+00    468s
  1324     -2.43995e+01     -6.01800e+00      8.00000e+00    469s
  1327     -2.35170e+01     -6.01800e+00      8.00000e+00    471s
  1330     -2.37010e+01     -6.01800e+00      8.00000e+00    472s
  1334     -2.38380e+01     -6.01800e+00      8.00000e+00    473s
  1337     -2.36920e+01     -6.01800e+00      8.00000e+00    475s
  1342     -2.38330e+01     -6.01800e+00      8.00000e+00    476s
  1344     -2.35250e+01     -6.01800e+00      8.00000e+00    477s
  1347     -2.40035e+01     -6.01800e+00      8.00000e+00    478s
  1351     -2.45175e+01     -6.01800e+00      8.00000e+00    479s
  1354     -2.46300e+01     -6.01800e+00      8.00000e+00    480s
  1357     -2.38310e+01     -6.01800e+00      8.00000e+00    482s
  1361     -2.49235e+01     -6.01800e+00      8.00000e+00    483s
  1364     -2.38295e+01     -6.01800e+00      8.00000e+00    485s
  1368     -2.40000e+01     -6.01800e+00      8.00000e+00    486s
  1372     -2.50270e+01     -6.01800e+00      8.00000e+00    487s
  1374     -2.43090e+01     -6.01800e+00      8.00000e+00    488s
  1378     -2.37755e+01     -6.01800e+00      8.00000e+00    490s
  1381     -2.42085e+01     -6.01800e+00      8.00000e+00    491s
  1384     -2.35980e+01     -6.01800e+00      8.00000e+00    492s
  1388     -2.34850e+01     -6.01800e+00      8.00000e+00    493s
  1390     -2.50185e+01     -6.01800e+00      8.00000e+00    494s
  1394     -2.34165e+01     -6.01800e+00      8.00000e+00    496s
  1397     -2.30800e+01     -6.01800e+00      8.00000e+00    497s
  1400     -2.47590e+01     -6.01800e+00      8.00000e+00    498s
  1404     -2.45640e+01     -6.01800e+00      8.00000e+00    499s
  1407     -2.40350e+01     -6.01800e+00      8.00000e+00    500s
  1410     -2.39375e+01     -6.01800e+00      8.00000e+00    501s
  1414     -2.53305e+01     -6.01800e+00      8.00000e+00    503s
  1418     -2.38400e+01     -6.01800e+00      8.00000e+00    504s
  1421     -2.48165e+01     -6.01800e+00      8.00000e+00    505s
  1425     -2.35845e+01     -6.01800e+00      8.00000e+00    506s
  1428     -2.47875e+01     -6.01800e+00      8.00000e+00    508s
  1432     -2.37835e+01     -6.01800e+00      8.00000e+00    509s
  1435     -2.45055e+01     -6.01800e+00      8.00000e+00    510s
  1437     -2.56450e+01     -6.01800e+00      8.00000e+00    511s
  1441     -2.21860e+01     -6.01800e+00      8.00000e+00    513s
  1444     -2.43625e+01     -6.01800e+00      8.00000e+00    514s
  1447     -2.41640e+01     -6.01800e+00      8.00000e+00    515s
  1452     -2.50470e+01     -6.01800e+00      8.00000e+00    516s
  1455     -2.45295e+01     -6.01800e+00      8.00000e+00    518s
  1459     -2.25090e+01     -6.01800e+00      8.00000e+00    519s
  1463     -2.41400e+01     -6.01800e+00      8.00000e+00    520s
  1466     -2.39335e+01     -6.01800e+00      8.00000e+00    521s
  1471     -2.47030e+01     -6.01800e+00      8.00000e+00    523s
  1473     -2.41490e+01     -6.01800e+00      8.00000e+00    524s
  1476     -2.54065e+01     -6.01800e+00      8.00000e+00    525s
  1480     -2.38320e+01     -6.01800e+00      8.00000e+00    526s
  1483     -2.38465e+01     -6.01800e+00      8.00000e+00    528s
  1488     -2.35555e+01     -6.01800e+00      8.00000e+00    529s
  1491     -2.45240e+01     -6.01800e+00      8.00000e+00    530s
  1494     -2.33120e+01     -6.01800e+00      8.00000e+00    532s
  1498     -2.33775e+01     -6.01800e+00      8.00000e+00    533s
  1500     -2.33600e+01     -6.01800e+00      8.00000e+00    534s
  1503     -2.27035e+01     -6.01800e+00      8.00000e+00    535s
  1506     -2.37835e+01     -6.01800e+00      8.00000e+00    536s
  1509     -2.34940e+01     -6.01800e+00      8.00000e+00    538s
  1513     -2.43655e+01     -6.01800e+00      8.00000e+00    539s
  1516     -2.32055e+01     -6.01800e+00      8.00000e+00    540s
  1518     -2.37130e+01     -6.01800e+00      8.00000e+00    541s
  1522     -2.40475e+01     -6.01800e+00      8.00000e+00    542s
  1524     -2.40520e+01     -6.01800e+00      8.00000e+00    543s
  1528     -2.34930e+01     -6.01800e+00      8.00000e+00    544s
  1532     -2.43685e+01     -6.01800e+00      8.00000e+00    546s
  1534     -2.34580e+01     -6.01800e+00      8.00000e+00    547s
  1538     -2.47385e+01     -6.01800e+00      8.00000e+00    548s
  1541     -2.32520e+01     -6.01800e+00      8.00000e+00    550s
  1543     -2.32430e+01     -6.01800e+00      8.00000e+00    551s
  1547     -2.41390e+01     -6.01800e+00      8.00000e+00    552s
  1550     -2.40145e+01     -6.01800e+00      8.00000e+00    553s
  1552     -2.22500e+01     -6.01800e+00      8.00000e+00    554s
  1556     -2.04235e+01     -6.01800e+00      8.00000e+00    555s
  1559     -2.13015e+01     -6.01800e+00      8.00000e+00    557s
  1561     -2.38210e+01     -6.01800e+00      8.00000e+00    558s
  1566     -2.19630e+01     -6.01800e+00      8.00000e+00    559s
  1570     -2.16470e+01     -6.01800e+00      8.00000e+00    560s
  1576     -2.32855e+01     -6.01800e+00      8.00000e+00    561s
  1579     -2.22445e+01     -6.01800e+00      8.00000e+00    563s
  1582     -2.22165e+01     -6.01800e+00      8.00000e+00    564s
  1585     -2.45710e+01     -6.01800e+00      8.00000e+00    565s
  1589     -2.29405e+01     -6.01800e+00      8.00000e+00    566s
  1592     -2.21535e+01     -6.01800e+00      8.00000e+00    567s
  1594     -2.10500e+01     -6.01800e+00      8.00000e+00    568s
  1598     -2.45940e+01     -6.01800e+00      8.00000e+00    570s
  1600     -2.33935e+01     -6.01800e+00      8.00000e+00    571s
  1604     -2.41865e+01     -6.01800e+00      8.00000e+00    572s
  1608     -2.47760e+01     -6.01800e+00      8.00000e+00    573s
  1611     -2.36335e+01     -6.01800e+00      8.00000e+00    574s
  1615     -2.37805e+01     -6.01800e+00      8.00000e+00    575s
  1618     -2.63230e+01     -6.01800e+00      8.00000e+00    577s
  1620     -2.45535e+01     -6.01800e+00      8.00000e+00    578s
  1625     -2.36155e+01     -6.01800e+00      8.00000e+00    579s
  1628     -2.35365e+01     -6.01800e+00      8.00000e+00    580s
  1632     -2.42030e+01     -6.01800e+00      8.00000e+00    581s
  1636     -2.44560e+01     -6.01800e+00      8.00000e+00    583s
  1638     -2.32980e+01     -6.01800e+00      8.00000e+00    584s
  1642     -2.54750e+01     -6.01800e+00      8.00000e+00    585s
  1646     -2.44295e+01     -6.01800e+00      8.00000e+00    586s
  1649     -2.42735e+01     -6.01800e+00      8.00000e+00    588s
  1653     -2.64225e+01     -6.01800e+00      8.00000e+00    589s
  1657     -2.91485e+01     -6.01800e+00      8.00000e+00    590s
  1660     -2.52530e+01     -6.01800e+00      8.00000e+00    591s
  1664     -2.45915e+01     -6.01800e+00      8.00000e+00    592s
  1667     -2.96955e+01     -6.01800e+00      8.00000e+00    594s
  1670     -2.87845e+01     -6.01800e+00      8.00000e+00    595s
  1674     -2.43635e+01     -6.01800e+00      8.00000e+00    596s
  1677     -2.56205e+01     -6.01800e+00      8.00000e+00    597s
  1681     -3.00555e+01     -6.01800e+00      8.00000e+00    599s
  1685     -2.53115e+01     -6.01800e+00      8.00000e+00    600s
  1688     -2.53190e+01     -6.01800e+00      8.00000e+00    601s
  1692     -3.00070e+01     -6.01800e+00      8.00000e+00    602s
  1695     -2.66425e+01     -6.01800e+00      8.00000e+00    604s
  1699     -2.48570e+01     -6.01800e+00      8.00000e+00    605s
  1702     -2.33645e+01     -6.01800e+00      8.00000e+00    606s
  1705     -2.16085e+01     -6.01800e+00      8.00000e+00    607s
  1709     -2.30405e+01     -6.01800e+00      8.00000e+00    608s
  1712     -2.33865e+01     -6.01800e+00      8.00000e+00    610s
  1716     -2.22045e+01     -6.01800e+00      8.00000e+00    611s
  1720     -2.16505e+01     -6.01800e+00      8.00000e+00    612s
  1723     -2.43450e+01     -6.01800e+00      8.00000e+00    614s
  1727     -2.28415e+01     -6.01800e+00      8.00000e+00    615s
  1729     -2.06375e+01     -6.01800e+00      8.00000e+00    616s
  1732     -2.08715e+01     -6.01800e+00      8.00000e+00    617s
  1736     -2.47130e+01     -6.01800e+00      8.00000e+00    618s
  1740     -2.16910e+01     -6.01800e+00      8.00000e+00    619s
  1745     -2.10575e+01     -6.01800e+00      8.00000e+00    620s
  1749     -2.33885e+01     -6.01800e+00      8.00000e+00    621s
  1753     -2.51350e+01     -6.01800e+00      8.00000e+00    622s
  1757     -2.39675e+01     -6.01800e+00      8.00000e+00    624s
  1760     -2.45345e+01     -6.01800e+00      8.00000e+00    625s
  1764     -2.42600e+01     -6.01800e+00      8.00000e+00    626s
  1768     -2.42190e+01     -6.01800e+00      8.00000e+00    627s
  1773     -2.40325e+01     -6.01800e+00      8.00000e+00    628s
  1778     -2.46045e+01     -6.01800e+00      8.00000e+00    629s
  1783     -2.31005e+01     -6.01800e+00      8.00000e+00    631s
  1788     -2.45470e+01     -6.01800e+00      8.00000e+00    632s
  1793     -2.40515e+01     -6.01800e+00      8.00000e+00    633s
  1797     -2.41110e+01     -6.01800e+00      8.00000e+00    634s
  1802     -2.45235e+01     -6.01800e+00      8.00000e+00    636s
  1806     -2.44615e+01     -6.01800e+00      8.00000e+00    637s
  1810     -2.29145e+01     -6.01800e+00      8.00000e+00    638s
  1814     -2.31995e+01     -6.01800e+00      8.00000e+00    639s
  1819     -2.51830e+01     -6.01800e+00      8.00000e+00    641s
  1823     -2.40555e+01     -6.01800e+00      8.00000e+00    642s
  1827     -2.45355e+01     -6.01800e+00      8.00000e+00    643s
  1832     -2.51330e+01     -6.01800e+00      8.00000e+00    644s
  1837     -2.37220e+01     -6.01800e+00      8.00000e+00    645s
  1842     -2.49050e+01     -6.01800e+00      8.00000e+00    646s
  1846     -2.36040e+01     -6.01800e+00      8.00000e+00    647s
  1850     -2.31605e+01     -6.01800e+00      8.00000e+00    649s
  1855     -2.51845e+01     -6.01800e+00      8.00000e+00    650s
  1859     -2.40725e+01     -6.01800e+00      8.00000e+00    651s
  1864     -2.46325e+01     -6.01800e+00      8.00000e+00    652s
  1869     -2.37515e+01     -6.01800e+00      8.00000e+00    653s
  1873     -2.31760e+01     -6.01800e+00      8.00000e+00    654s
  1876     -2.50045e+01     -6.01800e+00      8.00000e+00    655s
  1881     -2.38100e+01     -6.01800e+00      8.00000e+00    657s
  1886     -2.47020e+01     -6.01800e+00      8.00000e+00    658s
  1890     -2.53035e+01     -6.01800e+00      8.00000e+00    659s
  1894     -2.31150e+01     -6.01800e+00      8.00000e+00    660s
  1899     -2.32845e+01     -6.01800e+00      8.00000e+00    661s
  1901     -2.51005e+01     -6.01800e+00      8.00000e+00    662s
  1906     -2.54035e+01     -6.01800e+00      8.00000e+00    663s
  1911     -2.29540e+01     -6.01800e+00      8.00000e+00    665s
  1915     -2.47930e+01     -6.01800e+00      8.00000e+00    666s
  1920     -2.41810e+01     -6.01800e+00      8.00000e+00    667s
  1924     -2.40115e+01     -6.01800e+00      8.00000e+00    668s
  1928     -2.46010e+01     -6.01800e+00      8.00000e+00    669s
  1932     -2.53995e+01     -6.01800e+00      8.00000e+00    671s
  1937     -2.41825e+01     -6.01800e+00      8.00000e+00    672s
  1941     -2.36470e+01     -6.01800e+00      8.00000e+00    673s
  1946     -2.51290e+01     -6.01800e+00      8.00000e+00    674s
  1951     -2.51760e+01     -6.01800e+00      8.00000e+00    676s
  1955     -2.48825e+01     -6.01800e+00      8.00000e+00    677s
  1960     -2.49595e+01     -6.01800e+00      8.00000e+00    678s
  1962     -2.36970e+01     -6.01800e+00      8.00000e+00    679s
  1966     -2.43005e+01     -6.01800e+00      8.00000e+00    680s
  1971     -2.41570e+01     -6.01800e+00      8.00000e+00    681s
  1976     -2.39990e+01     -6.01800e+00      8.00000e+00    682s
  1980     -2.57355e+01     -6.01800e+00      8.00000e+00    683s
  1985     -2.49450e+01     -6.01800e+00      8.00000e+00    685s
  1990     -2.48425e+01     -6.01800e+00      8.00000e+00    686s
  1994     -2.52665e+01     -6.01800e+00      8.00000e+00    687s
  1999     -2.43005e+01     -6.01800e+00      8.00000e+00    688s
  2003     -2.52395e+01     -6.01800e+00      8.00000e+00    689s
  2007     -2.44605e+01     -6.01800e+00      8.00000e+00    690s
  2012     -2.39765e+01     -6.01800e+00      8.00000e+00    691s
  2017     -2.62135e+01     -6.01800e+00      8.00000e+00    693s
  2021     -2.55540e+01     -6.01800e+00      8.00000e+00    694s
  2025     -2.39315e+01     -6.01800e+00      8.00000e+00    695s
  2029     -2.53915e+01     -6.01800e+00      8.00000e+00    697s
  2033     -2.42340e+01     -6.01800e+00      8.00000e+00    698s
  2037     -2.34050e+01     -6.01800e+00      8.00000e+00    699s
  2041     -2.51580e+01     -6.01800e+00      8.00000e+00    700s
  2045     -2.52005e+01     -6.01800e+00      8.00000e+00    701s
  2050     -2.38815e+01     -6.01800e+00      8.00000e+00    703s
  2054     -2.53055e+01     -6.01800e+00      8.00000e+00    704s
  2059     -2.57270e+01     -6.01800e+00      8.00000e+00    705s
  2063     -2.41730e+01     -6.01800e+00      8.00000e+00    706s
  2068     -2.57400e+01     -6.01800e+00      8.00000e+00    707s
  2073     -2.44220e+01     -6.01800e+00      8.00000e+00    709s
  2077     -2.47230e+01     -6.01800e+00      8.00000e+00    710s
  2080     -2.61385e+01     -6.01800e+00      8.00000e+00    711s
  2085     -2.54165e+01     -6.01800e+00      8.00000e+00    712s
  2090     -2.55680e+01     -6.01800e+00      8.00000e+00    713s
  2095     -2.53060e+01     -6.01800e+00      8.00000e+00    715s
  2099     -2.41540e+01     -6.01800e+00      8.00000e+00    716s
  2103     -2.59095e+01     -6.01800e+00      8.00000e+00    717s
  2108     -2.69380e+01     -6.01800e+00      8.00000e+00    718s
  2113     -2.38615e+01     -6.01800e+00      8.00000e+00    719s
  2117     -2.70545e+01     -6.01800e+00      8.00000e+00    720s
  2121     -2.66230e+01     -6.01800e+00      8.00000e+00    721s
  2126     -2.43575e+01     -6.01800e+00      8.00000e+00    723s
  2130     -2.80095e+01     -6.01800e+00      8.00000e+00    724s
  2133     -2.59725e+01     -6.01800e+00      8.00000e+00    725s
  2138     -2.34590e+01     -6.01800e+00      8.00000e+00    726s
  2142     -2.63245e+01     -6.01800e+00      8.00000e+00    727s
  2147     -2.48600e+01     -6.01800e+00      8.00000e+00    729s
  2152     -2.59215e+01     -6.01800e+00      8.00000e+00    730s
  2157     -2.89505e+01     -6.01800e+00      8.00000e+00    731s
  2162     -2.38480e+01     -6.01800e+00      8.00000e+00    732s
  2166     -2.70170e+01     -6.01800e+00      8.00000e+00    734s
  2170     -2.72905e+01     -6.01800e+00      8.00000e+00    735s
  2175     -2.46485e+01     -6.01800e+00      8.00000e+00    736s
  2180     -2.85060e+01     -6.01800e+00      8.00000e+00    737s
  2184     -2.70700e+01     -6.01800e+00      8.00000e+00    738s
  2189     -2.53740e+01     -6.01800e+00      8.00000e+00    740s
  2193     -2.84855e+01     -6.01800e+00      8.00000e+00    741s
  2197     -2.42600e+01     -6.01800e+00      8.00000e+00    742s
  2201     -2.42450e+01     -6.01800e+00      8.00000e+00    743s
  2205     -2.93295e+01     -6.01800e+00      8.00000e+00    744s
  2210     -2.54000e+01     -6.01800e+00      8.00000e+00    745s
  2214     -2.45525e+01     -6.01800e+00      8.00000e+00    747s
  2219     -3.00645e+01     -6.01800e+00      8.00000e+00    748s
  2224     -2.37690e+01     -6.01800e+00      8.00000e+00    749s
  2229     -2.80920e+01     -6.01800e+00      8.00000e+00    750s
  2233     -2.89160e+01     -6.01800e+00      8.00000e+00    752s
  2237     -2.36375e+01     -6.01800e+00      8.00000e+00    753s
  2242     -2.99625e+01     -6.01800e+00      8.00000e+00    754s
  2247     -2.68715e+01     -6.01800e+00      8.00000e+00    755s
  2252     -2.20980e+01     -6.01800e+00      8.00000e+00    756s
  2255     -2.81875e+01     -6.01800e+00      8.00000e+00    757s
  2260     -2.79910e+01     -6.01800e+00      8.00000e+00    759s
  2265     -2.58930e+01     -6.01800e+00      8.00000e+00    760s
  2270     -3.56900e+01     -6.01800e+00      8.00000e+00    761s
  2275     -2.38320e+01     -6.01800e+00      8.00000e+00    762s
  2280     -2.94200e+01     -6.01800e+00      8.00000e+00    764s
  2285     -2.75220e+01     -6.01800e+00      8.00000e+00    765s
  2290     -2.80630e+01     -6.01800e+00      8.00000e+00    766s
  2295     -3.50150e+01     -6.01800e+00      8.00000e+00    767s
  2299     -2.37250e+01     -6.01800e+00      8.00000e+00    768s
  2304     -2.99425e+01     -6.01800e+00      8.00000e+00    769s
  2309     -3.09055e+01     -6.01800e+00      8.00000e+00    771s
  2312     -2.40580e+01     -6.01800e+00      8.00000e+00    772s
  2315     -2.80185e+01     -6.01800e+00      8.00000e+00    773s
  2320     -3.56830e+01     -6.01800e+00      8.00000e+00    774s
  2325     -2.38340e+01     -6.01800e+00      8.00000e+00    775s
  2330     -3.32315e+01     -6.01800e+00      8.00000e+00    776s
  2335     -2.77580e+01     -6.01800e+00      8.00000e+00    778s
  2339     -2.67005e+01     -6.01800e+00      8.00000e+00    779s
  2345     -3.44525e+01     -6.01800e+00      8.00000e+00    780s
  2350     -2.60115e+01     -6.01800e+00      8.00000e+00    781s
  2355     -4.10005e+01     -6.01800e+00      8.00000e+00    782s
  2359     -3.22395e+01     -6.01800e+00      8.00000e+00    783s
  2364     -2.44860e+01     -6.01800e+00      8.00000e+00    784s
  2370     -2.51895e+01     -6.01800e+00      8.00000e+00    786s
  2375     -2.48685e+01     -6.01800e+00      8.00000e+00    787s
  2380     -4.09420e+01     -6.01800e+00      8.00000e+00    788s
  2384     -3.02860e+01     -6.01800e+00      8.00000e+00    789s
  2388     -2.40555e+01     -6.01800e+00      8.00000e+00    790s
  2393     -2.73930e+01     -6.01800e+00      8.00000e+00    791s
  2398     -2.22625e+01     -6.01800e+00      8.00000e+00    792s
  2403     -2.65910e+01     -6.01800e+00      8.00000e+00    793s
  2409     -3.03995e+01     -6.01800e+00      8.00000e+00    795s
  2414     -2.43870e+01     -6.01800e+00      8.00000e+00    796s
  2420     -3.17325e+01     -6.01800e+00      8.00000e+00    797s
  2425     -2.45025e+01     -6.01800e+00      8.00000e+00    798s
  2430     -3.14215e+01     -6.01800e+00      8.00000e+00    799s
  2434     -2.93435e+01     -6.01800e+00      8.00000e+00    800s
  2438     -2.24475e+01     -6.01800e+00      8.00000e+00    801s
  2444     -3.20750e+01     -6.01800e+00      8.00000e+00    802s
  2448     -2.55000e+01     -6.01800e+00      8.00000e+00    804s
  2452     -2.75375e+01     -6.01800e+00      8.00000e+00    805s
  2457     -3.74225e+01     -6.01800e+00      8.00000e+00    806s
  2462     -2.37755e+01     -6.01800e+00      8.00000e+00    807s
  2467     -3.61805e+01     -6.01800e+00      8.00000e+00    808s
  2471     -3.28515e+01     -6.01800e+00      8.00000e+00    809s
  2475     -2.33330e+01     -6.01800e+00      8.00000e+00    811s
  2480     -3.85745e+01     -6.01800e+00      8.00000e+00    812s
  2485     -2.66400e+01     -6.01800e+00      8.00000e+00    813s
  2490     -3.22330e+01     -6.01800e+00      8.00000e+00    814s
  2496     -3.04680e+01     -6.01800e+00      8.00000e+00    815s

==================================================
Summary of results QAOA
--------------------------------------------------
Avg of QAOA obj (BQO obj):    1.05
Avg of QAOA obj (penalty):    -7.07
Avg of constraint violation:  0.48

Feasible percentage (%):      62.20
Avg of pure feasible obj:     1.06

Avg of QAOA obj:              -6.02
STD of QAOA obj:              5.44

Avg of QAOA obj (feasible):   1.31
STD of QAOA obj (feasible):   0.68

Gamma angles:                 0.13
Beta angles:                  0.38

Best QAOA obj:                8.00
Modified best QAOA obj:       8.00
Best QAOA obj (feasible):     8.00

QAOA total time:              815.88s
QAOA circuit depth:           37
==================================================

==================================================
Summary of results of 0-S8
--------------------------------------------------
Number of vertices:           8
Number of edges:              22

Vertex num in largest comp:   8
Edge num in largest comp:     22

Pre-processing running time:  0.00
Total solver time:            815.06
Running time:                 819.24

Upper bound:                  12.00
Objective value:              8.00

Partition 0:                  1, 3, 4, 5, 6, 8    
Partition 1:                  2                   
Partition 2:                  7                   
==================================================
