==================================================
Instance parameters
--------------------------------------------------
Number of vertices:           22
Number of edges:              60
Number of partitions:         2

Density (%):                  26
Name of instance:             seed1_band
Is planar:                    True
==================================================

==================================================
Solver parameters
--------------------------------------------------
Method:                       R-QUBO
Peel:                         False
Decompose:                    False
Fold:                         False

QAOA Num Levels:              1
QAOA Scipy Optimizer:         brute
==================================================

  iter        avg-obj        best avg-obj       best-obj      time
     1      2.05400e+00      2.05400e+00      1.50000e+01      1s
     4      2.10200e+00      2.10700e+00      1.90000e+01      3s
     7      2.03900e+00      2.11500e+00      1.90000e+01      4s
    10      1.94500e+00      2.11500e+00      1.90000e+01      5s
    13      2.00200e+00      2.11500e+00      1.90000e+01      6s
    16      2.05000e+00      2.17600e+00      1.90000e+01      7s
    19      1.97900e+00      2.17600e+00      1.90000e+01      8s
    22      2.00800e+00      2.17600e+00      1.90000e+01      9s
    25      1.97700e+00      2.17600e+00      1.90000e+01     11s
    28      2.05100e+00      2.17600e+00      1.90000e+01     12s
    31      1.71100e+00      2.17600e+00      1.90000e+01     13s
    34      1.91700e+00      2.17600e+00      1.90000e+01     14s
    37      2.01500e+00      2.17600e+00      1.90000e+01     15s
    40      2.30000e+00      2.30000e+00      1.90000e+01     16s
    43      2.13000e+00      2.30000e+00      1.90000e+01     17s
    46      1.95100e+00      2.30000e+00      1.90000e+01     19s
    49      2.05900e+00      2.30000e+00      1.90000e+01     20s
    52      1.57900e+00      2.30000e+00      1.90000e+01     21s
    55      1.71700e+00      2.30000e+00      1.90000e+01     22s
    58      2.46900e+00      2.46900e+00      1.90000e+01     23s
    61      2.69000e+00      2.69000e+00      1.90000e+01     24s
    64      1.78300e+00      2.69000e+00      1.90000e+01     26s
    67      1.66400e+00      2.69000e+00      1.90000e+01     27s
    70      2.38600e+00      2.69000e+00      1.90000e+01     28s
    73      2.32800e+00      2.69000e+00      1.90000e+01     29s
    76      1.88500e+00      2.69000e+00      1.90000e+01     30s
    79      1.53800e+00      2.69000e+00      1.90000e+01     31s
    82      2.28000e+00      2.69000e+00      1.90000e+01     32s
    85      2.47400e+00      2.69000e+00      1.90000e+01     34s
    88      2.00000e+00      2.69000e+00      1.90000e+01     35s
    91      1.69600e+00      2.69000e+00      1.90000e+01     36s
    94      2.35100e+00      2.69000e+00      1.90000e+01     37s
    97      2.32100e+00      2.69000e+00      1.90000e+01     38s
   100      2.05900e+00      2.69000e+00      1.90000e+01     39s
   103      1.14500e+00      2.69000e+00      1.90000e+01     41s
   106      1.72000e+00      2.69000e+00      1.90000e+01     42s
   109      2.58400e+00      2.69000e+00      1.90000e+01     43s
   112      2.12100e+00      2.69000e+00      1.90000e+01     44s
   115      1.27600e+00      2.69000e+00      1.90000e+01     45s
   118      1.47600e+00      2.69000e+00      1.90000e+01     46s
   121      2.45700e+00      2.69000e+00      1.90000e+01     48s
   124      2.27500e+00      2.69000e+00      1.90000e+01     49s
   127      1.28400e+00      2.69000e+00      1.90000e+01     50s
   130      1.75700e+00      2.69000e+00      1.90000e+01     51s
   133      2.56400e+00      2.69000e+00      1.90000e+01     52s
   136      2.34600e+00      2.69000e+00      1.90000e+01     54s
   139      1.22000e+00      2.69000e+00      1.90000e+01     55s
   142      1.39700e+00      2.69000e+00      1.90000e+01     56s
   145      2.45800e+00      2.69000e+00      1.90000e+01     57s
   148      2.39200e+00      2.69000e+00      1.90000e+01     58s
   151      1.31000e+00      2.69000e+00      1.90000e+01     59s
   154      1.18700e+00      2.69000e+00      1.90000e+01     61s
   157      2.03700e+00      2.69000e+00      1.90000e+01     62s
   160      2.51900e+00      2.69000e+00      1.90000e+01     63s
   163      1.78100e+00      2.69000e+00      1.90000e+01     64s
   166      1.21200e+00      2.69000e+00      1.90000e+01     65s
   169      2.01400e+00      2.69000e+00      1.90000e+01     66s
   172      2.69700e+00      2.69700e+00      1.90000e+01     68s
   175      1.71500e+00      2.69700e+00      1.90000e+01     69s
   178      1.19400e+00      2.69700e+00      1.90000e+01     70s
   181      1.94500e+00      2.69700e+00      1.90000e+01     71s
   184      2.67100e+00      2.69700e+00      1.90000e+01     72s
   187      1.89500e+00      2.69700e+00      1.90000e+01     74s
   190      1.23200e+00      2.69700e+00      1.90000e+01     75s
   193      1.75300e+00      2.69700e+00      1.90000e+01     76s
   196      2.89500e+00      2.89500e+00      1.90000e+01     77s
   199      2.14200e+00      2.89500e+00      1.90000e+01     79s
   202      1.41500e+00      2.89500e+00      1.90000e+01     80s
   205      1.39400e+00      2.89500e+00      1.90000e+01     81s
   208      2.45600e+00      2.89500e+00      1.90000e+01     82s
   211      2.51400e+00      2.89500e+00      1.90000e+01     83s
   214      1.38800e+00      2.89500e+00      1.90000e+01     84s
   217      1.37600e+00      2.89500e+00      1.90000e+01     86s
   220      2.35800e+00      2.89500e+00      1.90000e+01     87s
   223      2.50800e+00      2.89500e+00      1.90000e+01     88s
   226      1.52800e+00      2.89500e+00      1.90000e+01     89s
   229      1.16400e+00      2.89500e+00      1.90000e+01     90s
   232      2.43800e+00      2.89500e+00      1.90000e+01     92s
   235      2.59900e+00      2.89500e+00      1.90000e+01     93s
   238      1.49800e+00      2.89500e+00      1.90000e+01     94s
   241      1.32200e+00      2.89500e+00      1.90000e+01     95s
   244      2.02000e+00      2.89500e+00      1.90000e+01     96s
   247      2.59000e+00      2.89500e+00      1.90000e+01     97s
   250      2.30700e+00      2.89500e+00      1.90000e+01     98s
   253      1.61500e+00      2.89500e+00      1.90000e+01    100s
   256      1.89700e+00      2.89500e+00      1.90000e+01    101s
   259      2.40900e+00      2.89500e+00      1.90000e+01    102s
   262      2.12800e+00      2.89500e+00      1.90000e+01    103s
   265      1.39800e+00      2.89500e+00      1.90000e+01    104s
   268      1.76100e+00      2.89500e+00      1.90000e+01    106s
   271      2.39700e+00      2.89500e+00      1.90000e+01    107s
   274      2.18100e+00      2.89500e+00      1.90000e+01    108s
   277      1.44500e+00      2.89500e+00      1.90000e+01    109s
   280      1.52500e+00      2.89500e+00      1.90000e+01    110s
   283      2.47800e+00      2.89500e+00      1.90000e+01    111s
   286      2.12200e+00      2.89500e+00      1.90000e+01    113s
   289      1.61000e+00      2.89500e+00      1.90000e+01    114s
   292      1.70400e+00      2.89500e+00      1.90000e+01    115s
   295      2.18500e+00      2.89500e+00      1.90000e+01    116s
   298      2.58200e+00      2.89500e+00      1.90000e+01    117s
   301      2.13700e+00      2.89500e+00      1.90000e+01    119s
   304      1.81100e+00      2.89500e+00      1.90000e+01    120s
   307      2.06500e+00      2.89500e+00      1.90000e+01    121s
   310      2.31100e+00      2.89500e+00      1.90000e+01    122s
   313      1.82000e+00      2.89500e+00      1.90000e+01    123s
   316      1.85700e+00      2.89500e+00      1.90000e+01    124s
   319      1.97600e+00      2.89500e+00      1.90000e+01    126s
   322      2.24000e+00      2.89500e+00      1.90000e+01    127s
   325      2.02700e+00      2.89500e+00      1.90000e+01    128s
   328      1.87000e+00      2.89500e+00      1.90000e+01    129s
   331      1.78000e+00      2.89500e+00      1.90000e+01    130s
   334      2.27400e+00      2.89500e+00      1.90000e+01    132s
   337      2.01100e+00      2.89500e+00      1.90000e+01    133s
   340      1.76000e+00      2.89500e+00      1.90000e+01    134s
   343      1.78400e+00      2.89500e+00      1.90000e+01    135s
   346      2.25800e+00      2.89500e+00      1.90000e+01    136s
   349      2.19500e+00      2.89500e+00      1.90000e+01    138s
   352      2.17300e+00      2.89500e+00      1.90000e+01    139s
   355      1.82500e+00      2.89500e+00      1.90000e+01    140s
   358      2.25700e+00      2.89500e+00      1.90000e+01    141s
   361      1.84200e+00      2.89500e+00      1.90000e+01    142s
   364      2.03200e+00      2.89500e+00      1.90000e+01    143s
   367      1.75200e+00      2.89500e+00      1.90000e+01    145s
   370      1.78400e+00      2.89500e+00      1.90000e+01    146s
   373      2.04300e+00      2.89500e+00      1.90000e+01    147s
   376      2.01700e+00      2.89500e+00      1.90000e+01    148s
   379      2.22900e+00      2.89500e+00      1.90000e+01    149s
   382      2.07800e+00      2.89500e+00      1.90000e+01    151s
   385      1.93700e+00      2.89500e+00      1.90000e+01    152s
   388      2.06400e+00      2.89500e+00      1.90000e+01    153s
   391      1.89600e+00      2.89500e+00      1.90000e+01    154s
   394      2.12500e+00      2.89500e+00      1.90000e+01    155s
   397      1.94000e+00      2.89500e+00      1.90000e+01    157s
   400      1.97800e+00      2.89500e+00      1.90000e+01    158s
   403      2.16400e+00      2.89500e+00      1.90000e+01    159s
   406      2.12500e+00      2.89500e+00      1.90000e+01    160s
   409      1.90800e+00      2.89500e+00      1.90000e+01    161s
   412      1.81100e+00      2.89500e+00      1.90000e+01    163s
   415      2.02200e+00      2.89500e+00      1.90000e+01    164s
   418      2.36300e+00      2.89500e+00      1.90000e+01    165s
   421      1.83900e+00      2.89500e+00      1.90000e+01    166s
   424      1.93300e+00      2.89500e+00      1.90000e+01    167s
   427      2.27300e+00      2.89500e+00      1.90000e+01    168s
   430      2.10700e+00      2.89500e+00      1.90000e+01    170s
   433      1.96600e+00      2.89500e+00      1.90000e+01    171s
   436      1.81900e+00      2.89500e+00      1.90000e+01    172s
   439      2.12500e+00      2.89500e+00      1.90000e+01    173s
   442      2.49800e+00      2.89500e+00      1.90000e+01    174s
   445      1.97200e+00      2.89500e+00      1.90000e+01    175s
   448      1.77700e+00      2.89500e+00      1.90000e+01    177s
   451      1.97800e+00      2.89500e+00      1.90000e+01    178s
   454      2.09100e+00      2.89500e+00      1.90000e+01    179s
   457      2.19800e+00      2.89500e+00      1.90000e+01    180s
   460      1.84700e+00      2.89500e+00      1.90000e+01    181s
   463      1.94400e+00      2.89500e+00      1.90000e+01    183s
   466      2.24800e+00      2.89500e+00      1.90000e+01    184s
   469      2.09600e+00      2.89500e+00      1.90000e+01    185s
   472      1.94500e+00      2.89500e+00      2.00000e+01    186s
   475      1.87000e+00      2.89500e+00      2.00000e+01    187s
   478      1.99700e+00      2.89500e+00      2.00000e+01    189s
   481      2.40700e+00      2.89500e+00      2.00000e+01    190s
   484      1.97200e+00      2.89500e+00      2.00000e+01    191s
   487      1.94100e+00      2.89500e+00      2.00000e+01    192s
   490      2.02900e+00      2.89500e+00      2.00000e+01    193s
   493      2.30200e+00      2.89500e+00      2.00000e+01    194s
   496      2.00200e+00      2.89500e+00      2.00000e+01    196s
   499      1.81600e+00      2.89500e+00      2.00000e+01    197s
   502      1.95200e+00      2.89500e+00      2.00000e+01    198s
   505      2.40000e+00      2.89500e+00      2.00000e+01    199s
   508      2.23400e+00      2.89500e+00      2.00000e+01    200s
   511      2.07000e+00      2.89500e+00      2.00000e+01    201s
   514      2.01800e+00      2.89500e+00      2.00000e+01    203s
   517      2.29200e+00      2.89500e+00      2.00000e+01    204s
   520      2.21700e+00      2.89500e+00      2.00000e+01    205s
   523      1.95700e+00      2.89500e+00      2.00000e+01    206s
   526      2.17300e+00      2.89500e+00      2.00000e+01    207s
   529      2.18600e+00      2.89500e+00      2.00000e+01    208s
   532      2.25300e+00      2.89500e+00      2.00000e+01    209s
   535      2.19200e+00      2.89500e+00      2.00000e+01    211s
   538      2.06700e+00      2.89500e+00      2.00000e+01    212s
   541      2.27200e+00      2.89500e+00      2.00000e+01    213s
   544      2.14900e+00      2.89500e+00      2.00000e+01    214s
   547      1.82000e+00      2.89500e+00      2.00000e+01    215s
   550      1.98700e+00      2.89500e+00      2.00000e+01    216s
   553      2.17100e+00      2.89500e+00      2.00000e+01    218s
   556      1.93500e+00      2.89500e+00      2.00000e+01    219s
   559      2.12600e+00      2.89500e+00      2.00000e+01    220s
   562      1.95900e+00      2.89500e+00      2.00000e+01    221s
   565      2.11700e+00      2.89500e+00      2.00000e+01    222s
   568      2.14200e+00      2.89500e+00      2.00000e+01    223s
   571      2.01400e+00      2.89500e+00      2.00000e+01    225s
   574      2.01200e+00      2.89500e+00      2.00000e+01    226s
   577      2.21200e+00      2.89500e+00      2.00000e+01    227s
   580      2.13100e+00      2.89500e+00      2.00000e+01    228s
   583      2.11600e+00      2.89500e+00      2.00000e+01    229s
   586      1.91300e+00      2.89500e+00      2.00000e+01    231s
   589      2.00500e+00      2.89500e+00      2.00000e+01    232s
   592      2.21800e+00      2.89500e+00      2.00000e+01    233s
   595      1.98300e+00      2.89500e+00      2.00000e+01    234s
   598      1.73400e+00      2.89500e+00      2.00000e+01    235s
   601      2.17600e+00      2.89500e+00      2.00000e+01    237s
   604      2.05200e+00      2.89500e+00      2.00000e+01    238s
   607      2.02400e+00      2.89500e+00      2.00000e+01    239s
   610      2.00600e+00      2.89500e+00      2.00000e+01    240s
   613      2.10000e+00      2.89500e+00      2.00000e+01    241s
   616      2.07100e+00      2.89500e+00      2.00000e+01    242s
   619      1.95800e+00      2.89500e+00      2.00000e+01    244s
   622      2.07800e+00      2.89500e+00      2.00000e+01    245s
   625      1.97100e+00      2.89500e+00      2.00000e+01    246s
   628      2.04600e+00      2.89500e+00      2.00000e+01    247s
   631      2.11800e+00      2.89500e+00      2.00000e+01    248s
   634      2.04600e+00      2.89500e+00      2.00000e+01    249s
   637      2.01000e+00      2.89500e+00      2.00000e+01    251s
   640      2.09600e+00      2.89500e+00      2.00000e+01    252s
   643      2.03700e+00      2.89500e+00      2.00000e+01    253s
   646      2.06700e+00      2.89500e+00      2.00000e+01    254s
   649      2.01600e+00      2.89500e+00      2.00000e+01    256s
   652      1.98200e+00      2.89500e+00      2.00000e+01    257s
   655      1.84400e+00      2.89500e+00      2.00000e+01    258s
   658      1.91300e+00      2.89500e+00      2.00000e+01    259s
   661      2.07600e+00      2.89500e+00      2.00000e+01    260s
   664      2.02400e+00      2.89500e+00      2.00000e+01    262s
   667      1.90600e+00      2.89500e+00      2.00000e+01    263s
   670      2.04700e+00      2.89500e+00      2.00000e+01    264s
   673      1.78700e+00      2.89500e+00      2.00000e+01    265s
   676      2.05100e+00      2.89500e+00      2.00000e+01    266s
   679      1.89500e+00      2.89500e+00      2.00000e+01    268s
   682      1.96400e+00      2.89500e+00      2.00000e+01    269s
   685      2.09600e+00      2.89500e+00      2.00000e+01    270s
   688      1.91800e+00      2.89500e+00      2.00000e+01    271s
   691      1.81900e+00      2.89500e+00      2.00000e+01    272s
   694      1.69700e+00      2.89500e+00      2.00000e+01    274s
   697      1.99600e+00      2.89500e+00      2.00000e+01    275s
   700      2.09200e+00      2.89500e+00      2.00000e+01    276s
   703      2.02400e+00      2.89500e+00      2.00000e+01    277s
   706      1.75400e+00      2.89500e+00      2.00000e+01    278s
   709      1.90000e+00      2.89500e+00      2.00000e+01    280s
   712      2.15200e+00      2.89500e+00      2.00000e+01    281s
   715      1.90600e+00      2.89500e+00      2.00000e+01    282s
   718      1.82700e+00      2.89500e+00      2.00000e+01    283s
   721      1.85500e+00      2.89500e+00      2.00000e+01    284s
   724      2.05500e+00      2.89500e+00      2.00000e+01    286s
   727      2.00100e+00      2.89500e+00      2.00000e+01    287s
   730      1.87700e+00      2.89500e+00      2.00000e+01    288s
   733      1.93700e+00      2.89500e+00      2.00000e+01    289s
   736      1.85800e+00      2.89500e+00      2.00000e+01    290s
   739      1.95500e+00      2.89500e+00      2.00000e+01    291s
   742      1.90000e+00      2.89500e+00      2.00000e+01    293s
   745      2.07000e+00      2.89500e+00      2.00000e+01    294s
   748      1.93900e+00      2.89500e+00      2.00000e+01    295s
   751      1.89100e+00      2.89500e+00      2.00000e+01    296s
   754      1.86100e+00      2.89500e+00      2.00000e+01    297s
   757      1.82900e+00      2.89500e+00      2.00000e+01    298s
   760      1.76900e+00      2.89500e+00      2.00000e+01    300s
   763      2.12400e+00      2.89500e+00      2.00000e+01    301s
   766      2.24600e+00      2.89500e+00      2.00000e+01    302s
   769      1.90500e+00      2.89500e+00      2.00000e+01    303s
   772      1.81400e+00      2.89500e+00      2.00000e+01    304s
   775      1.91100e+00      2.89500e+00      2.00000e+01    306s
   778      1.99400e+00      2.89500e+00      2.00000e+01    307s
   781      1.90500e+00      2.89500e+00      2.00000e+01    308s
   784      1.93200e+00      2.89500e+00      2.00000e+01    309s
   787      1.94800e+00      2.89500e+00      2.00000e+01    310s
   790      2.15300e+00      2.89500e+00      2.00000e+01    312s
   793      1.90700e+00      2.89500e+00      2.00000e+01    313s
   796      1.87800e+00      2.89500e+00      2.00000e+01    314s
   799      1.81000e+00      2.89500e+00      2.00000e+01    315s
   802      2.07800e+00      2.89500e+00      2.00000e+01    317s
   805      1.77600e+00      2.89500e+00      2.00000e+01    318s
   808      1.70700e+00      2.89500e+00      2.00000e+01    319s
   811      1.83800e+00      2.89500e+00      2.00000e+01    320s
   814      2.07900e+00      2.89500e+00      2.00000e+01    321s
   817      1.98400e+00      2.89500e+00      2.00000e+01    323s
   820      1.81800e+00      2.89500e+00      2.00000e+01    324s
   823      1.60800e+00      2.89500e+00      2.00000e+01    325s
   826      2.06500e+00      2.89500e+00      2.00000e+01    326s
   829      1.81500e+00      2.89500e+00      2.00000e+01    327s
   832      1.94800e+00      2.89500e+00      2.00000e+01    329s
   835      1.84300e+00      2.89500e+00      2.00000e+01    330s
   838      2.14800e+00      2.89500e+00      2.00000e+01    331s
   841      1.92000e+00      2.89500e+00      2.00000e+01    332s
   844      1.80200e+00      2.89500e+00      2.00000e+01    333s
   847      2.02000e+00      2.89500e+00      2.00000e+01    335s
   850      1.85400e+00      2.89500e+00      2.00000e+01    336s
   853      2.19300e+00      2.89500e+00      2.00000e+01    337s
   856      2.04300e+00      2.89500e+00      2.00000e+01    338s
   859      1.72400e+00      2.89500e+00      2.00000e+01    339s
   862      2.10200e+00      2.89500e+00      2.00000e+01    341s
   865      2.20600e+00      2.89500e+00      2.00000e+01    342s
   868      1.94900e+00      2.89500e+00      2.00000e+01    343s
   871      1.50000e+00      2.89500e+00      2.00000e+01    344s
   874      1.92100e+00      2.89500e+00      2.00000e+01    345s
   877      2.29900e+00      2.89500e+00      2.00000e+01    347s
   880      1.92400e+00      2.89500e+00      2.00000e+01    348s
   883      1.72400e+00      2.89500e+00      2.00000e+01    349s
   886      2.06400e+00      2.89500e+00      2.00000e+01    350s
   889      2.13000e+00      2.89500e+00      2.00000e+01    351s
   892      1.87700e+00      2.89500e+00      2.00000e+01    353s
   895      1.58600e+00      2.89500e+00      2.00000e+01    354s
   898      1.77200e+00      2.89500e+00      2.00000e+01    355s
   901      2.12300e+00      2.89500e+00      2.00000e+01    356s
   904      2.33700e+00      2.89500e+00      2.00000e+01    357s
   907      1.40400e+00      2.89500e+00      2.00000e+01    359s
   910      1.38100e+00      2.89500e+00      2.00000e+01    360s
   913      2.44800e+00      2.89500e+00      2.00000e+01    361s
   916      2.25500e+00      2.89500e+00      2.00000e+01    362s
   919      1.49500e+00      2.89500e+00      2.00000e+01    363s
   922      1.46000e+00      2.89500e+00      2.00000e+01    365s
   925      2.04000e+00      2.89500e+00      2.00000e+01    366s
   928      2.36700e+00      2.89500e+00      2.00000e+01    367s
   931      1.72100e+00      2.89500e+00      2.00000e+01    368s
   934      1.37400e+00      2.89500e+00      2.00000e+01    369s
   937      1.98300e+00      2.89500e+00      2.00000e+01    371s
   940      2.49600e+00      2.89500e+00      2.00000e+01    372s
   943      1.59800e+00      2.89500e+00      2.00000e+01    373s
   946      1.20700e+00      2.89500e+00      2.00000e+01    374s
   949      2.07800e+00      2.89500e+00      2.00000e+01    376s
   952      2.61300e+00      2.89500e+00      2.00000e+01    377s
   955      2.24800e+00      2.89500e+00      2.00000e+01    378s
   958      1.08900e+00      2.89500e+00      2.00000e+01    379s
   961      1.60500e+00      2.89500e+00      2.00000e+01    380s
   964      2.50400e+00      2.89500e+00      2.00000e+01    381s
   967      2.32800e+00      2.89500e+00      2.00000e+01    383s
   970      1.06600e+00      2.89500e+00      2.00000e+01    384s
   973      1.44600e+00      2.89500e+00      2.00000e+01    385s
   976      2.59500e+00      2.89500e+00      2.00000e+01    386s
   979      2.33100e+00      2.89500e+00      2.00000e+01    387s
   982      1.20500e+00      2.89500e+00      2.00000e+01    389s
   985      1.25600e+00      2.89500e+00      2.00000e+01    390s
   988      2.58200e+00      2.89500e+00      2.00000e+01    391s
   991      2.49300e+00      2.89500e+00      2.00000e+01    392s
   994      1.41900e+00      2.89500e+00      2.00000e+01    393s
   997      1.26100e+00      2.89500e+00      2.00000e+01    394s
  1000      2.03600e+00      2.89500e+00      2.00000e+01    396s
  1003      2.78100e+00      2.89500e+00      2.00000e+01    397s
  1006      1.63600e+00      2.89500e+00      2.00000e+01    398s
  1009      8.50000e-01      2.89500e+00      2.00000e+01    399s
  1012      1.94900e+00      2.89500e+00      2.00000e+01    400s
  1015      2.66100e+00      2.89500e+00      2.00000e+01    402s
  1018      1.76000e+00      2.97800e+00      2.00000e+01    403s
  1021      6.52000e-01      2.97800e+00      2.00000e+01    404s
  1024      1.70600e+00      2.97800e+00      2.00000e+01    405s
  1027      2.90800e+00      2.97800e+00      2.00000e+01    406s
  1030      1.86200e+00      2.97800e+00      2.00000e+01    408s
  1033      9.08000e-01      2.97800e+00      2.00000e+01    409s
  1036      1.42900e+00      2.97800e+00      2.00000e+01    410s
  1039      2.76000e+00      2.97800e+00      2.00000e+01    411s
  1042      1.96300e+00      2.97800e+00      2.00000e+01    412s
  1045      8.43000e-01      2.97800e+00      2.00000e+01    413s
  1048      1.48600e+00      2.97800e+00      2.00000e+01    414s
  1051      2.82700e+00      2.97800e+00      2.00000e+01    416s
  1054      2.93400e+00      3.02100e+00      2.00000e+01    417s
  1057      1.17200e+00      3.02100e+00      2.00000e+01    418s
  1060      6.24000e-01      3.02100e+00      2.00000e+01    419s
  1063      2.57300e+00      3.02100e+00      2.00000e+01    421s
  1066      2.90000e+00      3.15600e+00      2.00000e+01    422s
  1069      1.11700e+00      3.15600e+00      2.00000e+01    423s
  1072      7.22000e-01      3.15600e+00      2.00000e+01    424s
  1075      2.48300e+00      3.15600e+00      2.00000e+01    425s
  1078      3.00800e+00      3.15600e+00      2.00000e+01    427s
  1081      1.08200e+00      3.15600e+00      2.00000e+01    428s
  1084      6.19000e-01      3.15600e+00      2.00000e+01    429s
  1087      2.17900e+00      3.15600e+00      2.00000e+01    430s
  1090      2.93800e+00      3.15600e+00      2.00000e+01    431s
  1093      1.31800e+00      3.15600e+00      2.00000e+01    433s
  1096      6.32000e-01      3.15600e+00      2.00000e+01    434s
  1099      1.92100e+00      3.15600e+00      2.00000e+01    435s
  1102      2.74100e+00      3.15600e+00      2.00000e+01    436s
  1105      2.26100e+00      3.15600e+00      2.00000e+01    437s
  1108      8.99000e-01      3.15600e+00      2.00000e+01    438s
  1111      1.40900e+00      3.15600e+00      2.00000e+01    440s
  1114      2.87300e+00      3.15600e+00      2.00000e+01    441s
  1117      2.38200e+00      3.15600e+00      2.00000e+01    442s
  1120      6.72000e-01      3.15600e+00      2.00000e+01    443s
  1123      1.14800e+00      3.15600e+00      2.00000e+01    444s
  1126      2.59300e+00      3.15600e+00      2.00000e+01    445s
  1129      2.65600e+00      3.20200e+00      2.00000e+01    447s
  1132      1.22600e+00      3.20200e+00      2.00000e+01    448s
  1135      1.08300e+00      3.20200e+00      2.00000e+01    449s
  1138      2.37100e+00      3.20200e+00      2.00000e+01    450s
  1141      2.42700e+00      3.20200e+00      2.00000e+01    452s
  1144      1.04200e+00      3.20200e+00      2.00000e+01    453s
  1147      9.25000e-01      3.20200e+00      2.00000e+01    454s
  1150      1.83100e+00      3.20200e+00      2.00000e+01    455s
  1153      2.79500e+00      3.20200e+00      2.10000e+01    456s
  1156      1.82900e+00      3.20200e+00      2.10000e+01    457s
  1159      1.10700e+00      3.20200e+00      2.10000e+01    459s
  1162      1.76700e+00      3.20200e+00      2.10000e+01    460s
  1165      2.75400e+00      3.20200e+00      2.10000e+01    461s
  1168      2.15500e+00      3.20200e+00      2.10000e+01    462s
  1171      1.02900e+00      3.20200e+00      2.10000e+01    463s
  1174      1.85300e+00      3.20200e+00      2.10000e+01    464s
  1177      2.79100e+00      3.20200e+00      2.10000e+01    466s
  1180      2.07000e+00      3.20200e+00      2.10000e+01    467s
  1183      1.15400e+00      3.20200e+00      2.10000e+01    468s
  1186      1.74700e+00      3.20200e+00      2.10000e+01    469s
  1189      2.73800e+00      3.20200e+00      2.10000e+01    470s
  1192      2.29500e+00      3.20200e+00      2.10000e+01    472s
  1195      1.13600e+00      3.20200e+00      2.10000e+01    473s
  1198      1.78500e+00      3.20200e+00      2.10000e+01    474s
  1201      2.11700e+00      3.20200e+00      2.10000e+01    475s
  1204      2.20200e+00      3.20200e+00      2.10000e+01    476s
  1207      1.76200e+00      3.20200e+00      2.10000e+01    478s
  1210      1.83200e+00      3.20200e+00      2.10000e+01    479s
  1213      1.93800e+00      3.20200e+00      2.10000e+01    480s
  1216      2.26700e+00      3.20200e+00      2.10000e+01    481s
  1219      1.90300e+00      3.20200e+00      2.10000e+01    482s
  1222      1.62900e+00      3.20200e+00      2.10000e+01    484s
  1225      1.95600e+00      3.20200e+00      2.10000e+01    485s
  1228      2.15900e+00      3.20200e+00      2.10000e+01    486s
  1231      1.83400e+00      3.20200e+00      2.10000e+01    487s
  1234      1.71700e+00      3.20200e+00      2.10000e+01    488s
  1237      2.20400e+00      3.20200e+00      2.10000e+01    489s
  1240      2.36800e+00      3.20200e+00      2.10000e+01    491s
  1243      1.87800e+00      3.20200e+00      2.10000e+01    492s
  1246      1.78700e+00      3.20200e+00      2.10000e+01    493s
  1249      1.92600e+00      3.20200e+00      2.10000e+01    494s
  1252      1.70500e+00      3.20200e+00      2.10000e+01    495s
  1255      1.74000e+00      3.20200e+00      2.10000e+01    497s
  1258      2.13400e+00      3.20200e+00      2.10000e+01    498s
  1261      2.40000e+00      3.20200e+00      2.10000e+01    499s
  1264      2.08000e+00      3.20200e+00      2.10000e+01    500s
  1267      1.76800e+00      3.20200e+00      2.10000e+01    501s
  1270      2.16700e+00      3.20200e+00      2.10000e+01    503s
  1273      2.04700e+00      3.20200e+00      2.10000e+01    504s
  1276      1.78300e+00      3.20200e+00      2.10000e+01    505s
  1279      1.77400e+00      3.20200e+00      2.10000e+01    506s
  1282      2.18100e+00      3.20200e+00      2.10000e+01    507s
  1285      2.10200e+00      3.20200e+00      2.10000e+01    508s
  1288      1.93300e+00      3.20200e+00      2.10000e+01    510s
  1291      1.75600e+00      3.20200e+00      2.10000e+01    511s
  1294      2.04400e+00      3.20200e+00      2.10000e+01    512s
  1297      2.28200e+00      3.20200e+00      2.10000e+01    513s
  1300      2.13100e+00      3.20200e+00      2.10000e+01    514s
  1303      9.52000e-01      3.20200e+00      2.10000e+01    516s
  1306      1.58900e+00      3.20200e+00      2.10000e+01    517s
  1309      2.82800e+00      3.20200e+00      2.10000e+01    518s
  1312      2.07300e+00      3.20200e+00      2.10000e+01    519s
  1315      1.24700e+00      3.20200e+00      2.10000e+01    520s
  1318      1.58700e+00      3.20200e+00      2.10000e+01    522s
  1321      2.67600e+00      3.20200e+00      2.10000e+01    523s
  1324      2.00000e+00      3.20200e+00      2.10000e+01    524s
  1327      1.14300e+00      3.20200e+00      2.10000e+01    525s
  1330      1.66600e+00      3.20200e+00      2.10000e+01    526s
  1333      2.69900e+00      3.20200e+00      2.10000e+01    527s
  1336      2.14900e+00      3.20200e+00      2.10000e+01    529s
  1339      1.14900e+00      3.20200e+00      2.10000e+01    530s
  1342      1.59000e+00      3.20200e+00      2.10000e+01    531s
  1345      2.33400e+00      3.20200e+00      2.10000e+01    532s
  1348      2.38600e+00      3.20200e+00      2.10000e+01    533s
  1351      1.55400e+00      3.20200e+00      2.10000e+01    535s
  1354      9.64000e-01      3.20200e+00      2.10000e+01    536s
  1357      2.08200e+00      3.20200e+00      2.10000e+01    537s
  1360      2.88300e+00      3.20200e+00      2.10000e+01    538s
  1363      1.55000e+00      3.20200e+00      2.10000e+01    539s
  1366      7.17000e-01      3.20200e+00      2.10000e+01    540s
  1369      2.26500e+00      3.20200e+00      2.10000e+01    542s
  1372      2.93700e+00      3.20200e+00      2.10000e+01    543s
  1375      1.67800e+00      3.20200e+00      2.10000e+01    544s
  1378      5.57000e-01      3.20200e+00      2.10000e+01    545s
  1381      1.84800e+00      3.20200e+00      2.10000e+01    546s
  1384      2.73200e+00      3.20200e+00      2.10000e+01    548s
  1387      1.89900e+00      3.20200e+00      2.10000e+01    549s
  1390      7.47000e-01      3.20200e+00      2.10000e+01    550s
  1393      1.66000e+00      3.20200e+00      2.10000e+01    551s
  1396      2.80300e+00      3.20200e+00      2.10000e+01    552s
  1399      1.99400e+00      3.20200e+00      2.10000e+01    554s
  1402      9.14000e-01      3.20200e+00      2.10000e+01    555s
  1405      1.00400e+00      3.20200e+00      2.10000e+01    556s
  1408      2.59100e+00      3.20200e+00      2.10000e+01    557s
  1411      2.59800e+00      3.20200e+00      2.10000e+01    558s
  1414      9.31000e-01      3.20200e+00      2.10000e+01    559s
  1417      9.02000e-01      3.20200e+00      2.10000e+01    561s
  1420      2.73100e+00      3.20200e+00      2.10000e+01    562s
  1423      2.78300e+00      3.20200e+00      2.10000e+01    563s
  1426      1.18200e+00      3.20200e+00      2.10000e+01    564s
  1429      8.96000e-01      3.20200e+00      2.10000e+01    565s
  1432      2.53000e+00      3.20200e+00      2.10000e+01    567s
  1435      2.69700e+00      3.20200e+00      2.10000e+01    568s
  1438      1.38200e+00      3.20200e+00      2.10000e+01    569s
  1441      7.97000e-01      3.20200e+00      2.10000e+01    570s
  1444      2.21300e+00      3.20200e+00      2.10000e+01    571s
  1447      2.87100e+00      3.27700e+00      2.10000e+01    573s
  1450      2.12800e+00      3.27700e+00      2.10000e+01    574s
  1453      9.03000e-01      3.27700e+00      2.10000e+01    575s
  1456      1.56400e+00      3.27700e+00      2.10000e+01    576s
  1459      2.78700e+00      3.27700e+00      2.10000e+01    577s
  1462      2.07700e+00      3.27700e+00      2.10000e+01    578s
  1465      6.62000e-01      3.27700e+00      2.10000e+01    580s
  1468      1.38600e+00      3.27700e+00      2.10000e+01    581s
  1471      2.69700e+00      3.27700e+00      2.10000e+01    582s
  1474      2.29900e+00      3.27700e+00      2.10000e+01    583s
  1477      8.13000e-01      3.27700e+00      2.10000e+01    584s
  1480      1.36000e+00      3.27700e+00      2.10000e+01    586s
  1483      2.95400e+00      3.27700e+00      2.10000e+01    587s
  1486      2.71100e+00      3.27700e+00      2.10000e+01    588s
  1489      9.92000e-01      3.27700e+00      2.10000e+01    589s
  1492      1.15300e+00      3.27700e+00      2.10000e+01    590s
  1495      2.59400e+00      3.27700e+00      2.10000e+01    592s
  1498      2.47900e+00      3.27700e+00      2.10000e+01    593s
  1501      1.27800e+00      3.27700e+00      2.10000e+01    594s
  1504      1.02800e+00      3.27700e+00      2.10000e+01    595s
  1507      1.97700e+00      3.27700e+00      2.10000e+01    596s
  1510      2.71500e+00      3.27700e+00      2.10000e+01    597s
  1513      1.64900e+00      3.27700e+00      2.10000e+01    599s
  1516      1.10400e+00      3.27700e+00      2.10000e+01    600s
  1519      2.03100e+00      3.27700e+00      2.10000e+01    601s
  1522      2.88100e+00      3.27700e+00      2.10000e+01    602s
  1525      1.94200e+00      3.27700e+00      2.10000e+01    603s
  1528      1.03000e+00      3.27700e+00      2.10000e+01    605s
  1531      1.68400e+00      3.27700e+00      2.10000e+01    606s
  1534      2.65800e+00      3.27700e+00      2.10000e+01    607s
  1537      1.92800e+00      3.27700e+00      2.10000e+01    608s
  1540      1.00500e+00      3.27700e+00      2.10000e+01    609s
  1543      1.78600e+00      3.27700e+00      2.10000e+01    610s
  1546      2.41800e+00      3.27700e+00      2.10000e+01    612s
  1549      1.76400e+00      3.27700e+00      2.10000e+01    613s
  1552      1.40800e+00      3.27700e+00      2.10000e+01    614s
  1555      1.56400e+00      3.27700e+00      2.10000e+01    615s
  1558      2.40500e+00      3.27700e+00      2.10000e+01    616s
  1561      2.38700e+00      3.27700e+00      2.10000e+01    618s
  1564      1.45600e+00      3.27700e+00      2.10000e+01    619s
  1567      1.33600e+00      3.27700e+00      2.10000e+01    620s
  1570      2.09500e+00      3.27700e+00      2.10000e+01    621s
  1573      2.28100e+00      3.27700e+00      2.10000e+01    622s
  1576      1.55900e+00      3.27700e+00      2.10000e+01    623s
  1579      1.40600e+00      3.27700e+00      2.10000e+01    625s
  1582      1.89600e+00      3.27700e+00      2.10000e+01    626s
  1585      2.57400e+00      3.27700e+00      2.10000e+01    627s
  1588      1.77700e+00      3.27700e+00      2.10000e+01    628s
  1591      1.41500e+00      3.27700e+00      2.10000e+01    629s
  1594      2.04200e+00      3.27700e+00      2.10000e+01    630s
  1597      2.38200e+00      3.27700e+00      2.10000e+01    632s
  1600      1.93900e+00      3.27700e+00      2.10000e+01    633s
  1603      1.59700e+00      3.27700e+00      2.10000e+01    634s
  1606      1.96300e+00      3.27700e+00      2.10000e+01    635s
  1609      2.31100e+00      3.27700e+00      2.10000e+01    636s
  1612      1.86900e+00      3.27700e+00      2.10000e+01    638s
  1615      1.78200e+00      3.27700e+00      2.10000e+01    639s
  1618      1.91700e+00      3.27700e+00      2.10000e+01    640s
  1621      2.22400e+00      3.27700e+00      2.10000e+01    641s
  1624      2.06000e+00      3.27700e+00      2.10000e+01    642s
  1627      1.69500e+00      3.27700e+00      2.10000e+01    644s
  1630      1.85900e+00      3.27700e+00      2.10000e+01    645s
  1633      2.21800e+00      3.27700e+00      2.10000e+01    646s
  1636      2.18600e+00      3.27700e+00      2.10000e+01    647s
  1639      1.79000e+00      3.27700e+00      2.10000e+01    648s
  1642      1.76300e+00      3.27700e+00      2.10000e+01    650s
  1645      2.18500e+00      3.27700e+00      2.10000e+01    651s
  1648      2.06200e+00      3.27700e+00      2.10000e+01    652s
  1651      1.83200e+00      3.27700e+00      2.10000e+01    653s
  1654      1.69600e+00      3.27700e+00      2.10000e+01    654s
  1657      2.02400e+00      3.27700e+00      2.10000e+01    655s
  1660      2.26100e+00      3.27700e+00      2.10000e+01    657s
  1663      1.88000e+00      3.27700e+00      2.10000e+01    658s
  1666      1.86600e+00      3.27700e+00      2.10000e+01    659s
  1669      1.76200e+00      3.27700e+00      2.10000e+01    660s
  1672      2.25100e+00      3.27700e+00      2.10000e+01    661s
  1675      2.18800e+00      3.27700e+00      2.10000e+01    663s
  1678      1.73200e+00      3.27700e+00      2.10000e+01    664s
  1681      1.89300e+00      3.27700e+00      2.10000e+01    665s
  1684      2.04700e+00      3.27700e+00      2.10000e+01    666s
  1687      1.99900e+00      3.27700e+00      2.10000e+01    667s
  1690      1.70600e+00      3.27700e+00      2.10000e+01    669s
  1693      1.79700e+00      3.27700e+00      2.10000e+01    670s
  1696      2.10500e+00      3.27700e+00      2.10000e+01    671s
  1699      1.94300e+00      3.27700e+00      2.10000e+01    672s
  1702      1.70800e+00      3.27700e+00      2.10000e+01    673s
  1705      1.79200e+00      3.27700e+00      2.10000e+01    675s
  1708      2.01100e+00      3.27700e+00      2.10000e+01    676s
  1711      2.15600e+00      3.27700e+00      2.10000e+01    677s
  1714      1.69800e+00      3.27700e+00      2.10000e+01    678s
  1717      1.57300e+00      3.27700e+00      2.10000e+01    679s
  1720      1.75800e+00      3.27700e+00      2.10000e+01    681s
  1723      1.99900e+00      3.27700e+00      2.10000e+01    682s
  1726      1.98500e+00      3.27700e+00      2.10000e+01    683s
  1729      1.96100e+00      3.27700e+00      2.10000e+01    684s
  1732      1.87000e+00      3.27700e+00      2.10000e+01    685s
  1735      1.99800e+00      3.27700e+00      2.10000e+01    687s
  1738      1.82200e+00      3.27700e+00      2.10000e+01    688s
  1741      1.70800e+00      3.27700e+00      2.10000e+01    689s
  1744      1.91500e+00      3.27700e+00      2.10000e+01    690s
  1747      2.02400e+00      3.27700e+00      2.10000e+01    691s
  1750      1.86000e+00      3.27700e+00      2.10000e+01    693s
  1753      2.17000e+00      3.27700e+00      2.10000e+01    694s
  1756      1.79900e+00      3.27700e+00      2.10000e+01    695s
  1759      2.06000e+00      3.27700e+00      2.10000e+01    696s
  1762      1.92300e+00      3.27700e+00      2.10000e+01    697s
  1765      1.93500e+00      3.27700e+00      2.10000e+01    698s
  1768      1.82000e+00      3.27700e+00      2.10000e+01    700s
  1771      1.94000e+00      3.27700e+00      2.10000e+01    701s
  1774      2.01500e+00      3.27700e+00      2.10000e+01    702s
  1777      1.95100e+00      3.27700e+00      2.10000e+01    703s
  1780      1.97500e+00      3.27700e+00      2.10000e+01    705s
  1783      1.94400e+00      3.27700e+00      2.10000e+01    706s
  1786      2.00100e+00      3.27700e+00      2.10000e+01    707s
  1789      1.90400e+00      3.27700e+00      2.10000e+01    708s
  1792      1.84500e+00      3.27700e+00      2.10000e+01    709s
  1795      2.11900e+00      3.27700e+00      2.10000e+01    710s
  1798      1.87000e+00      3.27700e+00      2.10000e+01    712s
  1801      2.01500e+00      3.27700e+00      2.10000e+01    713s
  1804      1.92800e+00      3.27700e+00      2.10000e+01    714s
  1807      1.77300e+00      3.27700e+00      2.10000e+01    715s
  1810      1.87300e+00      3.27700e+00      2.10000e+01    716s
  1813      1.95700e+00      3.27700e+00      2.10000e+01    718s
  1816      1.88000e+00      3.27700e+00      2.10000e+01    719s
  1819      1.95200e+00      3.27700e+00      2.10000e+01    720s
  1822      1.88900e+00      3.27700e+00      2.10000e+01    721s
  1825      1.96500e+00      3.27700e+00      2.10000e+01    722s
  1828      2.07000e+00      3.27700e+00      2.10000e+01    724s
  1831      2.00000e+00      3.27700e+00      2.10000e+01    725s
  1834      2.09400e+00      3.27700e+00      2.10000e+01    726s
  1837      2.17100e+00      3.27700e+00      2.10000e+01    727s
  1840      1.94100e+00      3.27700e+00      2.10000e+01    728s
  1843      2.06900e+00      3.27700e+00      2.10000e+01    729s
  1846      2.24700e+00      3.27700e+00      2.10000e+01    731s
  1849      2.01000e+00      3.27700e+00      2.10000e+01    732s
  1852      2.21700e+00      3.27700e+00      2.10000e+01    733s
  1855      2.15100e+00      3.27700e+00      2.10000e+01    734s
  1858      2.00300e+00      3.27700e+00      2.10000e+01    736s
  1861      2.11800e+00      3.27700e+00      2.10000e+01    737s
  1864      1.92600e+00      3.27700e+00      2.10000e+01    738s
  1867      2.12500e+00      3.27700e+00      2.10000e+01    739s
  1870      2.01800e+00      3.27700e+00      2.10000e+01    740s
  1873      1.96300e+00      3.27700e+00      2.10000e+01    742s
  1876      2.14700e+00      3.27700e+00      2.10000e+01    743s
  1879      2.01500e+00      3.27700e+00      2.10000e+01    744s
  1882      1.92100e+00      3.27700e+00      2.10000e+01    745s
  1885      1.88000e+00      3.27700e+00      2.10000e+01    746s
  1888      2.12800e+00      3.27700e+00      2.10000e+01    748s
  1891      2.00300e+00      3.27700e+00      2.10000e+01    749s
  1894      1.91900e+00      3.27700e+00      2.10000e+01    750s
  1897      1.96800e+00      3.27700e+00      2.10000e+01    751s
  1900      1.92900e+00      3.27700e+00      2.10000e+01    752s
  1903      1.99500e+00      3.27700e+00      2.10000e+01    754s
  1906      2.26400e+00      3.27700e+00      2.10000e+01    755s
  1909      2.22700e+00      3.27700e+00      2.10000e+01    756s
  1912      2.02600e+00      3.27700e+00      2.10000e+01    757s
  1915      2.11300e+00      3.27700e+00      2.10000e+01    758s
  1918      2.05600e+00      3.27700e+00      2.10000e+01    759s
  1921      2.20800e+00      3.27700e+00      2.10000e+01    761s
  1924      1.96200e+00      3.27700e+00      2.10000e+01    762s
  1927      1.77300e+00      3.27700e+00      2.10000e+01    763s
  1930      2.29500e+00      3.27700e+00      2.10000e+01    764s
  1933      2.25200e+00      3.27700e+00      2.10000e+01    765s
  1936      2.02200e+00      3.27700e+00      2.10000e+01    766s
  1939      2.15900e+00      3.27700e+00      2.10000e+01    767s
  1942      2.07300e+00      3.27700e+00      2.10000e+01    769s
  1945      2.24400e+00      3.27700e+00      2.10000e+01    770s
  1948      2.10000e+00      3.27700e+00      2.10000e+01    771s
  1951      2.23300e+00      3.27700e+00      2.10000e+01    772s
  1954      2.20400e+00      3.27700e+00      2.10000e+01    773s
  1957      2.36500e+00      3.27700e+00      2.10000e+01    775s
  1960      1.99600e+00      3.27700e+00      2.10000e+01    776s
  1963      2.17600e+00      3.27700e+00      2.10000e+01    777s
  1966      1.96300e+00      3.27700e+00      2.10000e+01    778s
  1969      2.06100e+00      3.27700e+00      2.10000e+01    779s
  1972      2.14400e+00      3.27700e+00      2.10000e+01    780s
  1975      1.97400e+00      3.27700e+00      2.10000e+01    782s
  1978      1.89000e+00      3.27700e+00      2.10000e+01    783s
  1981      2.24400e+00      3.27700e+00      2.10000e+01    784s
  1984      2.07300e+00      3.27700e+00      2.10000e+01    785s
  1987      2.04400e+00      3.27700e+00      2.10000e+01    786s
  1990      2.13700e+00      3.27700e+00      2.10000e+01    787s
  1993      2.18400e+00      3.27700e+00      2.10000e+01    789s
  1996      2.03100e+00      3.27700e+00      2.10000e+01    790s
  1999      1.77700e+00      3.27700e+00      2.10000e+01    791s
  2002      1.86800e+00      3.27700e+00      2.10000e+01    792s
  2005      1.98500e+00      3.27700e+00      2.10000e+01    793s
  2008      2.44100e+00      3.27700e+00      2.10000e+01    795s
  2011      2.27400e+00      3.27700e+00      2.10000e+01    796s
  2014      1.98600e+00      3.27700e+00      2.10000e+01    797s
  2017      2.16100e+00      3.27700e+00      2.10000e+01    798s
  2020      2.35400e+00      3.27700e+00      2.10000e+01    799s
  2023      2.08500e+00      3.27700e+00      2.10000e+01    800s
  2026      2.02600e+00      3.27700e+00      2.10000e+01    802s
  2029      1.95900e+00      3.27700e+00      2.10000e+01    803s
  2032      2.18600e+00      3.27700e+00      2.10000e+01    804s
  2035      2.30900e+00      3.27700e+00      2.10000e+01    805s
  2038      1.97300e+00      3.27700e+00      2.10000e+01    806s
  2041      2.14800e+00      3.27700e+00      2.10000e+01    808s
  2044      2.28700e+00      3.27700e+00      2.10000e+01    809s
  2047      2.16300e+00      3.27700e+00      2.10000e+01    810s
  2050      1.84800e+00      3.27700e+00      2.10000e+01    811s
  2053      2.04000e+00      3.27700e+00      2.10000e+01    812s
  2056      1.98700e+00      3.27700e+00      2.10000e+01    814s
  2059      2.25100e+00      3.27700e+00      2.10000e+01    815s
  2062      1.81900e+00      3.27700e+00      2.10000e+01    816s
  2065      1.99300e+00      3.27700e+00      2.10000e+01    817s
  2068      2.05800e+00      3.27700e+00      2.10000e+01    818s
  2071      2.37200e+00      3.27700e+00      2.10000e+01    819s
  2074      2.12100e+00      3.27700e+00      2.10000e+01    821s
  2077      1.81800e+00      3.27700e+00      2.10000e+01    822s
  2080      1.84000e+00      3.27700e+00      2.10000e+01    823s
  2083      1.88000e+00      3.27700e+00      2.10000e+01    824s
  2086      2.03900e+00      3.27700e+00      2.10000e+01    825s
  2089      2.00100e+00      3.27700e+00      2.10000e+01    826s
  2092      2.05600e+00      3.27700e+00      2.10000e+01    828s
  2095      2.08200e+00      3.27700e+00      2.10000e+01    829s
  2098      1.99000e+00      3.27700e+00      2.10000e+01    830s
  2101      1.95500e+00      3.27700e+00      2.10000e+01    831s
  2104      1.95900e+00      3.27700e+00      2.10000e+01    832s
  2107      1.89600e+00      3.27700e+00      2.10000e+01    833s
  2110      1.95400e+00      3.27700e+00      2.10000e+01    835s
  2113      2.26100e+00      3.27700e+00      2.10000e+01    836s
  2116      2.08600e+00      3.27700e+00      2.10000e+01    837s
  2119      1.98000e+00      3.27700e+00      2.10000e+01    838s
  2122      1.95800e+00      3.27700e+00      2.10000e+01    839s
  2125      1.97100e+00      3.27700e+00      2.10000e+01    841s
  2128      2.00100e+00      3.27700e+00      2.10000e+01    842s
  2131      2.09400e+00      3.27700e+00      2.10000e+01    843s
  2134      2.06400e+00      3.27700e+00      2.10000e+01    844s
  2137      2.27900e+00      3.27700e+00      2.10000e+01    845s
  2140      1.92900e+00      3.27700e+00      2.10000e+01    846s
  2143      2.01000e+00      3.27700e+00      2.10000e+01    848s
  2146      2.20200e+00      3.27700e+00      2.10000e+01    849s
  2149      2.09700e+00      3.27700e+00      2.10000e+01    850s
  2152      2.54600e+00      3.27700e+00      2.10000e+01    851s
  2155      1.90400e+00      3.27700e+00      2.10000e+01    852s
  2158      1.81800e+00      3.27700e+00      2.10000e+01    853s
  2161      1.92100e+00      3.27700e+00      2.10000e+01    855s
  2164      2.25200e+00      3.27700e+00      2.10000e+01    856s
  2167      2.05200e+00      3.27700e+00      2.10000e+01    857s
  2170      1.71800e+00      3.27700e+00      2.10000e+01    858s
  2173      1.72800e+00      3.27700e+00      2.10000e+01    859s
  2176      2.04400e+00      3.27700e+00      2.10000e+01    860s
  2179      2.04900e+00      3.27700e+00      2.10000e+01    862s
  2182      1.89200e+00      3.27700e+00      2.10000e+01    863s
  2185      1.73000e+00      3.27700e+00      2.10000e+01    864s
  2188      2.19200e+00      3.27700e+00      2.10000e+01    865s
  2191      2.26100e+00      3.27700e+00      2.10000e+01    866s
  2194      1.76400e+00      3.27700e+00      2.10000e+01    867s
  2197      1.46100e+00      3.27700e+00      2.10000e+01    869s
  2200      2.09900e+00      3.27700e+00      2.10000e+01    870s
  2203      2.40700e+00      3.27700e+00      2.10000e+01    871s
  2206      1.80200e+00      3.27700e+00      2.10000e+01    872s
  2209      1.34300e+00      3.27700e+00      2.10000e+01    873s
  2212      1.85400e+00      3.27700e+00      2.10000e+01    874s
  2215      2.38700e+00      3.27700e+00      2.10000e+01    876s
  2218      1.98700e+00      3.27700e+00      2.10000e+01    877s
  2221      1.55000e+00      3.27700e+00      2.10000e+01    878s
  2224      2.04300e+00      3.27700e+00      2.10000e+01    879s
  2227      2.47900e+00      3.27700e+00      2.10000e+01    880s
  2230      1.90600e+00      3.27700e+00      2.10000e+01    882s
  2233      1.49900e+00      3.27700e+00      2.10000e+01    883s
  2236      1.88200e+00      3.27700e+00      2.10000e+01    884s
  2239      2.35100e+00      3.27700e+00      2.10000e+01    885s
  2242      1.98200e+00      3.27700e+00      2.10000e+01    886s
  2245      1.47600e+00      3.27700e+00      2.10000e+01    887s
  2248      1.75500e+00      3.27700e+00      2.10000e+01    889s
  2251      2.31300e+00      3.27700e+00      2.10000e+01    890s
  2254      2.37300e+00      3.27700e+00      2.10000e+01    891s
  2257      1.57000e+00      3.27700e+00      2.10000e+01    892s
  2260      1.43200e+00      3.27700e+00      2.10000e+01    893s
  2263      2.34700e+00      3.27700e+00      2.10000e+01    895s
  2266      2.61700e+00      3.27700e+00      2.10000e+01    896s
  2269      1.39100e+00      3.27700e+00      2.10000e+01    897s
  2272      1.33700e+00      3.27700e+00      2.10000e+01    898s
  2275      2.10300e+00      3.27700e+00      2.10000e+01    899s
  2278      2.56100e+00      3.27700e+00      2.10000e+01    901s
  2281      1.65200e+00      3.27700e+00      2.10000e+01    902s
  2284      1.13000e+00      3.27700e+00      2.10000e+01    903s
  2287      2.03600e+00      3.27700e+00      2.10000e+01    904s
  2290      2.50800e+00      3.27700e+00      2.10000e+01    905s
  2293      1.91700e+00      3.27700e+00      2.10000e+01    906s
  2296      1.15100e+00      3.27700e+00      2.10000e+01    908s
  2299      2.11600e+00      3.27700e+00      2.10000e+01    909s
  2302      2.44300e+00      3.27700e+00      2.10000e+01    910s
  2305      2.19900e+00      3.27700e+00      2.10000e+01    911s
  2308      1.07900e+00      3.27700e+00      2.10000e+01    912s
  2311      1.70200e+00      3.27700e+00      2.10000e+01    913s
  2314      2.31700e+00      3.27700e+00      2.10000e+01    915s
  2317      2.23500e+00      3.27700e+00      2.10000e+01    916s
  2320      1.09300e+00      3.27700e+00      2.10000e+01    917s
  2323      1.20800e+00      3.27700e+00      2.10000e+01    918s
  2326      2.39500e+00      3.27700e+00      2.10000e+01    919s
  2329      2.63000e+00      3.27700e+00      2.10000e+01    920s
  2332      1.16800e+00      3.27700e+00      2.10000e+01    922s
  2335      1.17400e+00      3.27700e+00      2.10000e+01    923s
  2338      2.37400e+00      3.27700e+00      2.10000e+01    924s
  2341      2.49300e+00      3.27700e+00      2.10000e+01    925s
  2344      1.34000e+00      3.27700e+00      2.10000e+01    926s
  2347      1.15100e+00      3.27700e+00      2.10000e+01    927s
  2350      2.05800e+00      3.27700e+00      2.10000e+01    929s
  2353      2.87400e+00      3.27700e+00      2.10000e+01    930s
  2356      1.91700e+00      3.27700e+00      2.10000e+01    931s
  2359      1.18000e+00      3.27700e+00      2.10000e+01    932s
  2362      1.83600e+00      3.27700e+00      2.10000e+01    933s
  2365      2.64700e+00      3.27700e+00      2.10000e+01    934s
  2368      2.12200e+00      3.27700e+00      2.10000e+01    936s
  2371      1.07900e+00      3.27700e+00      2.10000e+01    937s
  2374      1.78500e+00      3.27700e+00      2.10000e+01    938s
  2377      2.47700e+00      3.27700e+00      2.10000e+01    939s
  2380      1.85200e+00      3.27700e+00      2.10000e+01    940s
  2383      1.26100e+00      3.27700e+00      2.10000e+01    941s
  2386      1.50600e+00      3.27700e+00      2.10000e+01    943s
  2389      2.51100e+00      3.27700e+00      2.10000e+01    944s
  2392      2.18400e+00      3.27700e+00      2.10000e+01    945s
  2395      1.30000e+00      3.27700e+00      2.10000e+01    946s
  2398      1.51800e+00      3.27700e+00      2.10000e+01    947s
  2401      2.21400e+00      3.27700e+00      2.10000e+01    948s
  2404      2.22400e+00      3.27700e+00      2.10000e+01    950s
  2407      1.86300e+00      3.27700e+00      2.10000e+01    951s
  2410      1.63700e+00      3.27700e+00      2.10000e+01    952s
  2413      2.25500e+00      3.27700e+00      2.10000e+01    953s
  2416      2.36500e+00      3.27700e+00      2.10000e+01    954s
  2419      1.73200e+00      3.27700e+00      2.10000e+01    955s
  2422      1.61000e+00      3.27700e+00      2.10000e+01    957s
  2425      2.08300e+00      3.27700e+00      2.10000e+01    958s
  2428      2.44100e+00      3.27700e+00      2.10000e+01    959s
  2431      1.75800e+00      3.27700e+00      2.10000e+01    960s
  2434      1.43900e+00      3.27700e+00      2.10000e+01    961s
  2437      2.07500e+00      3.27700e+00      2.10000e+01    962s
  2440      2.21300e+00      3.27700e+00      2.10000e+01    964s
  2443      1.93800e+00      3.27700e+00      2.10000e+01    965s
  2446      1.70500e+00      3.27700e+00      2.10000e+01    966s
  2449      1.99500e+00      3.27700e+00      2.10000e+01    967s
  2452      1.84100e+00      3.27700e+00      2.10000e+01    968s
  2455      1.94800e+00      3.27700e+00      2.10000e+01    969s
  2458      1.96700e+00      3.27700e+00      2.10000e+01    970s
  2461      1.81600e+00      3.27700e+00      2.10000e+01    972s
  2464      1.96000e+00      3.27700e+00      2.10000e+01    973s
  2467      1.99200e+00      3.27700e+00      2.10000e+01    974s
  2470      2.11800e+00      3.27700e+00      2.10000e+01    975s
  2473      1.80300e+00      3.27700e+00      2.10000e+01    976s
  2476      1.88400e+00      3.27700e+00      2.10000e+01    977s
  2479      2.02200e+00      3.27700e+00      2.10000e+01    979s
  2482      2.13600e+00      3.27700e+00      2.10000e+01    980s
  2485      1.97500e+00      3.27700e+00      2.10000e+01    981s
  2488      2.27700e+00      3.27700e+00      2.10000e+01    982s
  2491      1.93500e+00      3.27700e+00      2.10000e+01    983s
  2494      2.03200e+00      3.27700e+00      2.10000e+01    984s
  2497      1.95900e+00      3.27700e+00      2.10000e+01    986s

==================================================
Summary of results QAOA
--------------------------------------------------
Average of QAOA obj:          3.28
STD of QAOA obj:              37.98

Gamma angles:                 3.59
Beta angles:                  5.90

Best QAOA obj:                21.00
Modified best QAOA obj:       21.00

QAOA total time:              986.28s
QAOA circuit depth:           42
==================================================

==================================================
Summary of results of 0-S22
--------------------------------------------------
Number of vertices:           22
Number of edges:              60

Vertex num in largest comp:   22
Edge num in largest comp:     60

Pre-processing running time:  0.00
Total solver time:            985.52
Running time:                 988.24

Upper bound:                  32.00
Objective value:              21.00

Partition 0:                  1, 4, 5, 6, 14, 15, 19
Partition 1:                  2, 3, 7, 8, 9, 10, 11, 12, 13, 16, 17, 18, 20, 21, 22
==================================================
