==================================================
Instance parameters
--------------------------------------------------
Number of vertices:           7
Number of edges:              18
Number of partitions:         3

Density (%):                  86
Name of instance:             seed1_band_pen_3.0_noise0.02
Is planar:                    False
==================================================

==================================================
Solver parameters
--------------------------------------------------
Method:                       QUBO
Peel:                         False
Decompose:                    False
Fold:                         False

Penalty Multiplier:           3.0
Gates Error Probability:      0.02
QAOA Num Levels:              1
QAOA Scipy Optimizer:         brute
==================================================

  iter        avg-obj        best avg-obj       best-obj      time
     0     -2.61425e+01     -2.61425e+01      4.00000e+00     40s
     1     -2.48860e+01     -2.48860e+01      5.00000e+00     81s
     2     -2.55100e+01     -2.48860e+01      5.00000e+00    124s
     3     -2.52725e+01     -2.48860e+01      5.00000e+00    166s
     4     -2.52800e+01     -2.48860e+01      5.00000e+00    203s
     5     -2.60430e+01     -2.48860e+01      5.00000e+00    245s
     6     -2.58590e+01     -2.48860e+01      5.00000e+00    286s
     7     -2.49720e+01     -2.48860e+01      8.00000e+00    325s
     8     -2.55585e+01     -2.48860e+01      8.00000e+00    366s
     9     -2.49880e+01     -2.48860e+01      8.00000e+00    407s
    10     -2.57310e+01     -2.48860e+01      8.00000e+00    451s
    11     -2.55575e+01     -2.48860e+01      8.00000e+00    489s
    12     -2.58860e+01     -2.48860e+01      8.00000e+00    527s
    13     -2.54560e+01     -2.48860e+01      8.00000e+00    569s
    14     -2.49960e+01     -2.48860e+01      8.00000e+00    611s
    15     -2.61125e+01     -2.48860e+01      8.00000e+00    652s
    16     -2.59860e+01     -2.48860e+01      8.00000e+00    692s
    17     -2.47150e+01     -2.47150e+01      8.00000e+00    733s
    18     -2.55520e+01     -2.47150e+01      8.00000e+00    772s
    19     -2.55495e+01     -2.47150e+01      8.00000e+00    811s
    20     -2.46065e+01     -2.46065e+01      8.00000e+00    849s
    21     -2.48980e+01     -2.46065e+01      8.00000e+00    892s
    22     -2.53760e+01     -2.46065e+01      8.00000e+00    932s
    23     -2.56670e+01     -2.46065e+01      8.00000e+00    969s
    24     -2.50650e+01     -2.46065e+01      8.00000e+00   1012s
    25     -2.49110e+01     -2.46065e+01      8.00000e+00   1052s
    26     -2.48550e+01     -2.46065e+01      8.00000e+00   1093s
    27     -2.49120e+01     -2.46065e+01      8.00000e+00   1129s
    28     -2.54285e+01     -2.46065e+01      8.00000e+00   1169s
    29     -2.57485e+01     -2.46065e+01      8.00000e+00   1209s
    30     -2.49965e+01     -2.46065e+01      8.00000e+00   1249s
    31     -2.58280e+01     -2.46065e+01      8.00000e+00   1292s
    32     -2.56875e+01     -2.46065e+01      8.00000e+00   1333s
    33     -2.52505e+01     -2.46065e+01      8.00000e+00   1371s
    34     -2.49930e+01     -2.46065e+01      8.00000e+00   1409s
    35     -2.49180e+01     -2.46065e+01      8.00000e+00   1446s
    36     -2.49025e+01     -2.46065e+01      8.00000e+00   1484s
    37     -2.57640e+01     -2.46065e+01      8.00000e+00   1525s
    38     -2.65600e+01     -2.46065e+01      8.00000e+00   1563s
    39     -2.60940e+01     -2.46065e+01      8.00000e+00   1601s
    40     -2.56770e+01     -2.46065e+01      8.00000e+00   1640s
    41     -2.56085e+01     -2.46065e+01      8.00000e+00   1678s
    42     -2.59910e+01     -2.46065e+01      8.00000e+00   1718s
    43     -2.59020e+01     -2.46065e+01      8.00000e+00   1755s
    44     -2.60095e+01     -2.46065e+01      8.00000e+00   1793s
    45     -2.48295e+01     -2.46065e+01      8.00000e+00   1837s
    46     -2.51720e+01     -2.46065e+01      8.00000e+00   1878s
    47     -2.54750e+01     -2.46065e+01      8.00000e+00   1916s
    48     -2.54800e+01     -2.46065e+01      8.00000e+00   1957s
    49     -2.53085e+01     -2.46065e+01      8.00000e+00   1995s
    50     -2.56880e+01     -2.46065e+01      8.00000e+00   2035s
    51     -1.48030e+01     -1.48030e+01      8.00000e+00   2071s
    52     -9.75700e+00     -9.75700e+00      8.00000e+00   2113s
    53     -7.81250e+00     -7.81250e+00      8.00000e+00   2155s
    54     -9.95950e+00     -7.81250e+00      8.00000e+00   2195s
    55     -1.64230e+01     -7.81250e+00      8.00000e+00   2236s
    56     -2.28125e+01     -7.81250e+00      8.00000e+00   2275s
    57     -2.90155e+01     -7.81250e+00      8.00000e+00   2317s
    58     -3.19125e+01     -7.81250e+00      8.00000e+00   2357s
    59     -3.35405e+01     -7.81250e+00      8.00000e+00   2399s
    60     -3.16310e+01     -7.81250e+00      8.00000e+00   2440s
    61     -2.88220e+01     -7.81250e+00      8.00000e+00   2482s
    62     -2.55075e+01     -7.81250e+00      8.00000e+00   2521s
    63     -2.51375e+01     -7.81250e+00      8.00000e+00   2563s
    64     -2.69380e+01     -7.81250e+00      8.00000e+00   2605s
    65     -3.16390e+01     -7.81250e+00      8.00000e+00   2646s
    66     -3.88370e+01     -7.81250e+00      8.00000e+00   2687s
    67     -4.88695e+01     -7.81250e+00      8.00000e+00   2728s
    68     -5.72200e+01     -7.81250e+00      8.00000e+00   2770s
    69     -6.32645e+01     -7.81250e+00      8.00000e+00   2812s
    70     -6.51525e+01     -7.81250e+00      8.00000e+00   2850s
    71     -6.16135e+01     -7.81250e+00      8.00000e+00   2892s
    72     -5.37815e+01     -7.81250e+00      8.00000e+00   2930s
    73     -4.35120e+01     -7.81250e+00      8.00000e+00   2968s
    74     -3.12175e+01     -7.81250e+00      8.00000e+00   3007s
    75     -2.01585e+01     -7.81250e+00      8.00000e+00   3048s
    76     -1.15825e+01     -7.81250e+00      8.00000e+00   3088s
    77     -8.09800e+00     -7.81250e+00      8.00000e+00   3128s
    78     -8.48450e+00     -7.81250e+00      8.00000e+00   3168s
    79     -1.30800e+01     -7.81250e+00      8.00000e+00   3210s
    80     -1.90900e+01     -7.81250e+00      8.00000e+00   3252s
    81     -2.61715e+01     -7.81250e+00      8.00000e+00   3290s
    82     -3.05935e+01     -7.81250e+00      8.00000e+00   3331s
    83     -3.34850e+01     -7.81250e+00      8.00000e+00   3369s
    84     -3.27335e+01     -7.81250e+00      8.00000e+00   3410s
    85     -3.05890e+01     -7.81250e+00      8.00000e+00   3449s
    86     -2.69245e+01     -7.81250e+00      8.00000e+00   3489s
    87     -2.47425e+01     -7.81250e+00      8.00000e+00   3532s
    88     -2.54060e+01     -7.81250e+00      8.00000e+00   3573s
    89     -2.85325e+01     -7.81250e+00      8.00000e+00   3612s
    90     -3.52260e+01     -7.81250e+00      8.00000e+00   3652s
    91     -4.37520e+01     -7.81250e+00      8.00000e+00   3693s
    92     -5.27430e+01     -7.81250e+00      8.00000e+00   3734s
    93     -6.14105e+01     -7.81250e+00      8.00000e+00   3772s
    94     -6.38980e+01     -7.81250e+00      8.00000e+00   3814s
    95     -6.39490e+01     -7.81250e+00      8.00000e+00   3856s
    96     -5.93615e+01     -7.81250e+00      8.00000e+00   3897s
    97     -4.97895e+01     -7.81250e+00      8.00000e+00   3933s
    98     -3.79065e+01     -7.81250e+00      8.00000e+00   3978s
    99     -2.48125e+01     -7.81250e+00      8.00000e+00   4018s
   100     -2.40570e+01     -7.81250e+00      8.00000e+00   4057s
   101     -2.00385e+01     -7.81250e+00      8.00000e+00   4093s
   102     -1.82750e+01     -7.81250e+00      8.00000e+00   4134s
   103     -1.69870e+01     -7.81250e+00      8.00000e+00   4177s
   104     -2.01870e+01     -7.81250e+00      8.00000e+00   4215s
   105     -2.21485e+01     -7.81250e+00      8.00000e+00   4256s
   106     -2.50750e+01     -7.81250e+00      8.00000e+00   4298s
   107     -2.73010e+01     -7.81250e+00      8.00000e+00   4338s
   108     -2.78755e+01     -7.81250e+00      8.00000e+00   4378s
   109     -2.76365e+01     -7.81250e+00      8.00000e+00   4419s
   110     -2.80315e+01     -7.81250e+00      8.00000e+00   4458s
   111     -2.57955e+01     -7.81250e+00      8.00000e+00   4502s
   112     -2.65625e+01     -7.81250e+00      8.00000e+00   4539s
   113     -2.66880e+01     -7.81250e+00      8.00000e+00   4578s
   114     -2.96260e+01     -7.81250e+00      8.00000e+00   4620s
   115     -3.37265e+01     -7.81250e+00      8.00000e+00   4662s
   116     -3.85410e+01     -7.81250e+00      8.00000e+00   4701s
   117     -4.47790e+01     -7.81250e+00      8.00000e+00   4741s
   118     -4.79735e+01     -7.81250e+00      8.00000e+00   4782s
   119     -4.97460e+01     -7.81250e+00      8.00000e+00   4824s
   120     -5.08410e+01     -7.81250e+00      8.00000e+00   4861s
   121     -4.75910e+01     -7.81250e+00      8.00000e+00   4900s
   122     -4.14265e+01     -7.81250e+00      8.00000e+00   4941s
   123     -3.56465e+01     -7.81250e+00      8.00000e+00   4983s
   124     -2.84800e+01     -7.81250e+00      8.00000e+00   5022s
   125     -2.34930e+01     -7.81250e+00      8.00000e+00   5061s
   126     -1.96810e+01     -7.81250e+00      8.00000e+00   5100s
   127     -1.82945e+01     -7.81250e+00      8.00000e+00   5143s
   128     -1.89380e+01     -7.81250e+00      8.00000e+00   5180s
   129     -2.06345e+01     -7.81250e+00      8.00000e+00   5223s
   130     -2.41555e+01     -7.81250e+00      8.00000e+00   5265s
   131     -2.66475e+01     -7.81250e+00      8.00000e+00   5305s
   132     -2.81245e+01     -7.81250e+00      8.00000e+00   5344s
   133     -2.90035e+01     -7.81250e+00      8.00000e+00   5382s
   134     -2.74410e+01     -7.81250e+00      8.00000e+00   5424s
   135     -2.50615e+01     -7.81250e+00      8.00000e+00   5466s
   136     -2.47815e+01     -7.81250e+00      8.00000e+00   5504s
   137     -2.61765e+01     -7.81250e+00      8.00000e+00   5548s
   138     -2.73985e+01     -7.81250e+00      8.00000e+00   5588s
   139     -3.08470e+01     -7.81250e+00      8.00000e+00   5629s
   140     -3.64675e+01     -7.81250e+00      8.00000e+00   5673s
   141     -4.10995e+01     -7.81250e+00      8.00000e+00   5715s
   142     -4.59955e+01     -7.81250e+00      8.00000e+00   5759s
   143     -4.89935e+01     -7.81250e+00      8.00000e+00   5796s
   144     -5.06300e+01     -7.81250e+00      8.00000e+00   5836s
   145     -4.90475e+01     -7.81250e+00      8.00000e+00   5876s
   146     -4.51875e+01     -7.81250e+00      8.00000e+00   5917s
   147     -3.92445e+01     -7.81250e+00      8.00000e+00   5954s
   148     -3.14440e+01     -7.81250e+00      8.00000e+00   5996s
   149     -2.52445e+01     -7.81250e+00      8.00000e+00   6038s
   150     -2.56540e+01     -7.81250e+00      8.00000e+00   6079s
   151     -2.17475e+01     -7.81250e+00      8.00000e+00   6119s
   152     -2.12415e+01     -7.81250e+00      8.00000e+00   6157s
   153     -2.24370e+01     -7.81250e+00      8.00000e+00   6199s
   154     -2.31850e+01     -7.81250e+00      8.00000e+00   6241s
   155     -2.50370e+01     -7.81250e+00      8.00000e+00   6280s
   156     -2.69755e+01     -7.81250e+00      8.00000e+00   6321s
   157     -2.84050e+01     -7.81250e+00      8.00000e+00   6363s
   158     -2.75660e+01     -7.81250e+00      8.00000e+00   6405s
   159     -2.71735e+01     -7.81250e+00      8.00000e+00   6444s
   160     -2.66470e+01     -7.81250e+00      8.00000e+00   6483s
   161     -2.58570e+01     -7.81250e+00      8.00000e+00   6525s
   162     -2.52800e+01     -7.81250e+00      8.00000e+00   6565s
   163     -2.60465e+01     -7.81250e+00      8.00000e+00   6603s
   164     -2.89150e+01     -7.81250e+00      8.00000e+00   6646s
   165     -3.32770e+01     -7.81250e+00      8.00000e+00   6688s
   166     -3.82315e+01     -7.81250e+00      8.00000e+00   6727s
   167     -4.05275e+01     -7.81250e+00      8.00000e+00   6766s
   168     -4.31275e+01     -7.81250e+00      8.00000e+00   6805s
   169     -4.42905e+01     -7.81250e+00      8.00000e+00   6848s
   170     -4.24445e+01     -7.81250e+00      8.00000e+00   6886s
   171     -4.03425e+01     -7.81250e+00      8.00000e+00   6927s
   172     -3.63450e+01     -7.81250e+00      8.00000e+00   6972s
   173     -3.07705e+01     -7.81250e+00      8.00000e+00   7013s
   174     -2.77090e+01     -7.81250e+00      8.00000e+00   7052s
   175     -2.43585e+01     -7.81250e+00      8.00000e+00   7094s
   176     -2.28085e+01     -7.81250e+00      8.00000e+00   7133s
   177     -2.25585e+01     -7.81250e+00      8.00000e+00   7175s
   178     -2.18450e+01     -7.81250e+00      8.00000e+00   7212s
   179     -2.47185e+01     -7.81250e+00      8.00000e+00   7252s
   180     -2.61695e+01     -7.81250e+00      8.00000e+00   7296s
   181     -2.72285e+01     -7.81250e+00      8.00000e+00   7336s
   182     -2.78630e+01     -7.81250e+00      8.00000e+00   7375s
   183     -2.78050e+01     -7.81250e+00      8.00000e+00   7418s
   184     -2.56395e+01     -7.81250e+00      8.00000e+00   7458s
   185     -2.41030e+01     -7.81250e+00      8.00000e+00   7498s
   186     -2.48135e+01     -7.81250e+00      8.00000e+00   7537s
   187     -2.61475e+01     -7.81250e+00      8.00000e+00   7579s
   188     -2.76865e+01     -7.81250e+00      8.00000e+00   7623s
   189     -3.10885e+01     -7.81250e+00      8.00000e+00   7660s
   190     -3.45620e+01     -7.81250e+00      8.00000e+00   7702s
   191     -3.92940e+01     -7.81250e+00      8.00000e+00   7743s
   192     -4.25495e+01     -7.81250e+00      8.00000e+00   7784s
   193     -4.34045e+01     -7.81250e+00      8.00000e+00   7822s
   194     -4.24110e+01     -7.81250e+00      8.00000e+00   7864s
   195     -4.15355e+01     -7.81250e+00      8.00000e+00   7907s
   196     -3.89255e+01     -7.81250e+00      8.00000e+00   7948s
   197     -3.50530e+01     -7.81250e+00      8.00000e+00   7989s
   198     -2.94130e+01     -7.81250e+00      8.00000e+00   8029s
   199     -2.52095e+01     -7.81250e+00      8.00000e+00   8070s
   200     -2.62865e+01     -7.81250e+00      8.00000e+00   8108s
   201     -2.51140e+01     -7.81250e+00      8.00000e+00   8147s
   202     -2.53485e+01     -7.81250e+00      8.00000e+00   8190s
   203     -2.69455e+01     -7.81250e+00      8.00000e+00   8231s
   204     -3.01740e+01     -7.81250e+00      8.00000e+00   8273s
   205     -3.38620e+01     -7.81250e+00      8.00000e+00   8313s
   206     -3.57930e+01     -7.81250e+00      8.00000e+00   8356s
   207     -3.75360e+01     -7.81250e+00      8.00000e+00   8397s
   208     -3.60610e+01     -7.81250e+00      8.00000e+00   8435s
   209     -3.45440e+01     -7.81250e+00      8.00000e+00   8478s
   210     -3.08700e+01     -7.81250e+00      8.00000e+00   8518s
   211     -2.88390e+01     -7.81250e+00      8.00000e+00   8560s
   212     -2.64805e+01     -7.81250e+00      8.00000e+00   8598s
   213     -2.52330e+01     -7.81250e+00      8.00000e+00   8637s
   214     -2.47395e+01     -7.81250e+00      8.00000e+00   8678s
   215     -2.69925e+01     -7.81250e+00      8.00000e+00   8720s
   216     -2.98225e+01     -7.81250e+00      8.00000e+00   8758s
   217     -3.24480e+01     -7.81250e+00      8.00000e+00   8802s
   218     -3.53845e+01     -7.81250e+00      8.00000e+00   8843s
   219     -3.76930e+01     -7.81250e+00      8.00000e+00   8882s
   220     -3.68215e+01     -7.81250e+00      8.00000e+00   8926s
   221     -3.63260e+01     -7.81250e+00      8.00000e+00   8970s
   222     -3.25805e+01     -7.81250e+00      8.00000e+00   9015s
   223     -2.91370e+01     -7.81250e+00      8.00000e+00   9059s
   224     -2.65915e+01     -7.81250e+00      8.00000e+00   9104s
   225     -2.48735e+01     -7.81250e+00      8.00000e+00   9148s
   226     -2.47810e+01     -7.81250e+00      8.00000e+00   9190s
   227     -2.62370e+01     -7.81250e+00      8.00000e+00   9237s
   228     -2.89285e+01     -7.81250e+00      8.00000e+00   9281s
   229     -3.19505e+01     -7.81250e+00      8.00000e+00   9326s
   230     -3.39050e+01     -7.81250e+00      8.00000e+00   9372s
   231     -3.70170e+01     -7.81250e+00      8.00000e+00   9418s
   232     -3.66595e+01     -7.81250e+00      8.00000e+00   9463s
   233     -3.55205e+01     -7.81250e+00      8.00000e+00   9508s
   234     -3.24710e+01     -7.81250e+00      8.00000e+00   9552s
   235     -2.97490e+01     -7.81250e+00      8.00000e+00   9599s
   236     -2.78050e+01     -7.81250e+00      8.00000e+00   9645s
   237     -2.53850e+01     -7.81250e+00      8.00000e+00   9688s
   238     -2.40835e+01     -7.81250e+00      8.00000e+00   9733s
   239     -2.52225e+01     -7.81250e+00      8.00000e+00   9778s
   240     -2.85275e+01     -7.81250e+00      8.00000e+00   9818s
   241     -3.11260e+01     -7.81250e+00      8.00000e+00   9864s
   242     -3.49295e+01     -7.81250e+00      8.00000e+00   9910s
   243     -3.72795e+01     -7.81250e+00      8.00000e+00   9956s
   244     -3.76200e+01     -7.81250e+00      8.00000e+00   9997s
   245     -3.66980e+01     -7.81250e+00      8.00000e+00  10043s
   246     -3.40025e+01     -7.81250e+00      8.00000e+00  10091s
   247     -3.12380e+01     -7.81250e+00      8.00000e+00  10131s
   248     -2.72690e+01     -7.81250e+00      8.00000e+00  10176s
   249     -2.52780e+01     -7.81250e+00      8.00000e+00  10224s
   250     -2.57760e+01     -7.81250e+00      8.00000e+00  10268s
   251     -2.35175e+01     -7.81250e+00      8.00000e+00  10312s
   252     -2.38265e+01     -7.81250e+00      8.00000e+00  10357s
   253     -2.57010e+01     -7.81250e+00      8.00000e+00  10400s
   254     -3.09295e+01     -7.81250e+00      8.00000e+00  10444s
   255     -3.60015e+01     -7.81250e+00      8.00000e+00  10489s
   256     -4.15085e+01     -7.81250e+00      8.00000e+00  10536s
   257     -4.39295e+01     -7.81250e+00      8.00000e+00  10579s
   258     -4.50075e+01     -7.81250e+00      8.00000e+00  10624s
   259     -4.33670e+01     -7.81250e+00      8.00000e+00  10668s
   260     -3.90565e+01     -7.81250e+00      8.00000e+00  10712s
   261     -3.26400e+01     -7.81250e+00      8.00000e+00  10755s
   262     -2.66775e+01     -7.81250e+00      8.00000e+00  10801s
   263     -2.17235e+01     -7.81250e+00      8.00000e+00  10846s
   264     -1.94420e+01     -7.81250e+00      8.00000e+00  10891s
   265     -1.97255e+01     -7.81250e+00      8.00000e+00  10932s
   266     -2.23940e+01     -7.81250e+00      8.00000e+00  10976s
   267     -2.68330e+01     -7.81250e+00      8.00000e+00  11023s
   268     -3.07760e+01     -7.81250e+00      8.00000e+00  11063s
   269     -3.60035e+01     -7.81250e+00      8.00000e+00  11109s
   270     -3.73675e+01     -7.81250e+00      8.00000e+00  11154s
   271     -3.71315e+01     -7.81250e+00      8.00000e+00  11200s
   272     -3.54760e+01     -7.81250e+00      8.00000e+00  11245s
   273     -3.11335e+01     -7.81250e+00      8.00000e+00  11290s
   274     -2.72635e+01     -7.81250e+00      8.00000e+00  11336s
   275     -2.42420e+01     -7.81250e+00      8.00000e+00  11380s
   276     -2.36360e+01     -7.81250e+00      8.00000e+00  11425s
   277     -2.43155e+01     -7.81250e+00      8.00000e+00  11472s
   278     -2.79360e+01     -7.81250e+00      8.00000e+00  11517s
   279     -3.34540e+01     -7.81250e+00      8.00000e+00  11559s
   280     -3.90975e+01     -7.81250e+00      8.00000e+00  11604s
   281     -4.25070e+01     -7.81250e+00      8.00000e+00  11649s
   282     -4.49160e+01     -7.81250e+00      8.00000e+00  11691s
   283     -4.44545e+01     -7.81250e+00      8.00000e+00  11739s
   284     -4.15870e+01     -7.81250e+00      8.00000e+00  11783s
   285     -3.55865e+01     -7.81250e+00      8.00000e+00  11827s
   286     -3.01410e+01     -7.81250e+00      8.00000e+00  11869s
   287     -2.44895e+01     -7.81250e+00      8.00000e+00  11914s
   288     -2.03345e+01     -7.81250e+00      8.00000e+00  11961s
   289     -1.92160e+01     -7.81250e+00      8.00000e+00  12002s
   290     -2.09525e+01     -7.81250e+00      8.00000e+00  12049s
   291     -2.46350e+01     -7.81250e+00      8.00000e+00  12095s
   292     -2.94230e+01     -7.81250e+00      8.00000e+00  12138s
   293     -3.37220e+01     -7.81250e+00      8.00000e+00  12182s
   294     -3.65155e+01     -7.81250e+00      8.00000e+00  12226s
   295     -3.69705e+01     -7.81250e+00      8.00000e+00  12270s
   296     -3.55080e+01     -7.81250e+00      8.00000e+00  12314s
   297     -3.30430e+01     -7.81250e+00      8.00000e+00  12362s
   298     -2.90525e+01     -7.81250e+00      8.00000e+00  12406s
   299     -2.53495e+01     -7.81250e+00      8.00000e+00  12452s
   300     -2.58065e+01     -7.81250e+00      8.00000e+00  12494s
   301     -2.50120e+01     -7.81250e+00      8.00000e+00  12538s
   302     -2.67315e+01     -7.81250e+00      8.00000e+00  12582s
   303     -2.96965e+01     -7.81250e+00      8.00000e+00  12626s
   304     -3.44360e+01     -7.81250e+00      8.00000e+00  12672s
   305     -3.85490e+01     -7.81250e+00      8.00000e+00  12719s
   306     -4.37770e+01     -7.81250e+00      8.00000e+00  12764s
   307     -4.63285e+01     -7.81250e+00      8.00000e+00  12806s
   308     -4.69000e+01     -7.81250e+00      8.00000e+00  12851s
   309     -4.31125e+01     -7.81250e+00      8.00000e+00  12894s
   310     -3.95940e+01     -7.81250e+00      8.00000e+00  12936s
   311     -3.31275e+01     -7.81250e+00      8.00000e+00  12980s
   312     -2.74235e+01     -7.81250e+00      8.00000e+00  13027s
   313     -2.05735e+01     -7.81250e+00      8.00000e+00  13070s
   314     -1.84315e+01     -7.81250e+00      8.00000e+00  13111s
   315     -1.62880e+01     -7.81250e+00      8.00000e+00  13159s
   316     -1.72405e+01     -7.81250e+00      8.00000e+00  13203s
   317     -1.97110e+01     -7.81250e+00      8.00000e+00  13247s
   318     -2.35540e+01     -7.81250e+00      8.00000e+00  13292s
   319     -2.68585e+01     -7.81250e+00      8.00000e+00  13333s
   320     -2.84835e+01     -7.81250e+00      8.00000e+00  13379s
   321     -3.02955e+01     -7.81250e+00      8.00000e+00  13425s
   322     -2.87115e+01     -7.81250e+00      8.00000e+00  13468s
   323     -2.70280e+01     -7.81250e+00      8.00000e+00  13514s
   324     -2.65345e+01     -7.81250e+00      8.00000e+00  13555s
   325     -2.52255e+01     -7.81250e+00      8.00000e+00  13599s
   326     -2.59945e+01     -7.81250e+00      8.00000e+00  13643s
   327     -2.78800e+01     -7.81250e+00      8.00000e+00  13686s
   328     -3.25145e+01     -7.81250e+00      8.00000e+00  13730s
   329     -3.59985e+01     -7.81250e+00      8.00000e+00  13775s
   330     -4.14100e+01     -7.81250e+00      8.00000e+00  13821s
   331     -4.50400e+01     -7.81250e+00      8.00000e+00  13864s
   332     -4.52560e+01     -7.81250e+00      8.00000e+00  13908s
   333     -4.48520e+01     -7.81250e+00      8.00000e+00  13953s
   334     -4.30840e+01     -7.81250e+00      8.00000e+00  13999s
   335     -3.63160e+01     -7.81250e+00      8.00000e+00  14041s
   336     -3.02250e+01     -7.81250e+00      8.00000e+00  14087s
   337     -2.31825e+01     -7.81250e+00      8.00000e+00  14130s
   338     -2.00860e+01     -7.81250e+00      8.00000e+00  14172s
   339     -1.73175e+01     -7.81250e+00      8.00000e+00  14217s
   340     -1.58995e+01     -7.81250e+00      8.00000e+00  14260s
   341     -1.80150e+01     -7.81250e+00      8.00000e+00  14306s
   342     -2.22810e+01     -7.81250e+00      8.00000e+00  14348s
   343     -2.54865e+01     -7.81250e+00      8.00000e+00  14393s
   344     -2.81205e+01     -7.81250e+00      8.00000e+00  14439s
   345     -2.98600e+01     -7.81250e+00      8.00000e+00  14481s
   346     -3.14760e+01     -7.81250e+00      8.00000e+00  14525s
   347     -2.92000e+01     -7.81250e+00      8.00000e+00  14568s
   348     -2.65130e+01     -7.81250e+00      8.00000e+00  14614s
   349     -2.55500e+01     -7.81250e+00      8.00000e+00  14656s
   350     -2.53825e+01     -7.81250e+00      8.00000e+00  14699s
   351     -2.72030e+01     -7.81250e+00      8.00000e+00  14742s
   352     -3.05850e+01     -7.81250e+00      8.00000e+00  14786s
   353     -3.41695e+01     -7.81250e+00      8.00000e+00  14830s
   354     -3.79485e+01     -7.81250e+00      8.00000e+00  14876s
   355     -4.25370e+01     -7.81250e+00      8.00000e+00  14920s
   356     -4.34095e+01     -7.81250e+00      8.00000e+00  14962s
   357     -4.55135e+01     -7.81250e+00      8.00000e+00  15009s
   358     -4.50110e+01     -7.81250e+00      8.00000e+00  15051s
   359     -4.19630e+01     -7.81250e+00      8.00000e+00  15094s
   360     -3.71280e+01     -7.81250e+00      8.00000e+00  15141s
   361     -3.22110e+01     -7.81250e+00      8.00000e+00  15186s
   362     -2.66355e+01     -7.81250e+00      8.00000e+00  15232s
   363     -2.22550e+01     -7.81250e+00      8.00000e+00  15276s
   364     -1.89455e+01     -7.81250e+00      8.00000e+00  15319s
   365     -1.76725e+01     -7.81250e+00      8.00000e+00  15365s
   366     -1.78405e+01     -7.81250e+00      8.00000e+00  15407s
   367     -1.93570e+01     -7.81250e+00      8.00000e+00  15453s
   368     -2.10410e+01     -7.81250e+00      8.00000e+00  15500s
   369     -2.33540e+01     -7.81250e+00      8.00000e+00  15542s
   370     -2.39960e+01     -7.81250e+00      8.00000e+00  15587s
   371     -2.44650e+01     -7.81250e+00      8.00000e+00  15631s
   372     -2.52650e+01     -7.81250e+00      8.00000e+00  15677s
   373     -2.43745e+01     -7.81250e+00      8.00000e+00  15722s
   374     -2.49835e+01     -7.81250e+00      8.00000e+00  15767s
   375     -2.60995e+01     -7.81250e+00      8.00000e+00  15813s
   376     -2.89460e+01     -7.81250e+00      8.00000e+00  15859s
   377     -3.20880e+01     -7.81250e+00      8.00000e+00  15905s
   378     -3.63080e+01     -7.81250e+00      8.00000e+00  15951s
   379     -3.93710e+01     -7.81250e+00      8.00000e+00  15994s
   380     -4.37835e+01     -7.81250e+00      8.00000e+00  16037s
   381     -4.57765e+01     -7.81250e+00      8.00000e+00  16083s
   382     -4.57770e+01     -7.81250e+00      8.00000e+00  16128s
   383     -4.34380e+01     -7.81250e+00      8.00000e+00  16171s
   384     -3.91040e+01     -7.81250e+00      8.00000e+00  16215s
   385     -3.45615e+01     -7.81250e+00      8.00000e+00  16259s
   386     -2.97720e+01     -7.81250e+00      8.00000e+00  16305s
   387     -2.41720e+01     -7.81250e+00      8.00000e+00  16346s
   388     -2.07180e+01     -7.81250e+00      8.00000e+00  16389s
   389     -1.88085e+01     -7.81250e+00      8.00000e+00  16436s
   390     -1.80300e+01     -7.81250e+00      8.00000e+00  16479s
   391     -1.83445e+01     -7.81250e+00      8.00000e+00  16525s
   392     -2.07435e+01     -7.81250e+00      8.00000e+00  16571s
   393     -2.18465e+01     -7.81250e+00      8.00000e+00  16617s
   394     -2.34220e+01     -7.81250e+00      8.00000e+00  16660s
   395     -2.38935e+01     -7.81250e+00      8.00000e+00  16706s
   396     -2.48425e+01     -7.81250e+00      8.00000e+00  16751s
   397     -2.46955e+01     -7.81250e+00      8.00000e+00  16794s
   398     -2.40660e+01     -7.81250e+00      8.00000e+00  16838s
   399     -2.53675e+01     -7.81250e+00      8.00000e+00  16882s
   400     -2.43835e+01     -7.81250e+00      8.00000e+00  16927s
   401     -2.72385e+01     -7.81250e+00      8.00000e+00  16971s
   402     -2.96775e+01     -7.81250e+00      8.00000e+00  17016s
   403     -3.12295e+01     -7.81250e+00      8.00000e+00  17060s
   404     -3.37595e+01     -7.81250e+00      8.00000e+00  17102s
   405     -3.68760e+01     -7.81250e+00      8.00000e+00  17147s
   406     -3.62245e+01     -7.81250e+00      8.00000e+00  17191s
   407     -3.82790e+01     -7.81250e+00      8.00000e+00  17236s
   408     -3.68190e+01     -7.81250e+00      8.00000e+00  17283s
   409     -3.62110e+01     -7.81250e+00      8.00000e+00  17329s
   410     -3.24705e+01     -7.81250e+00      8.00000e+00  17374s
   411     -2.88965e+01     -7.81250e+00      8.00000e+00  17417s
   412     -2.66470e+01     -7.81250e+00      8.00000e+00  17461s
   413     -2.29275e+01     -7.81250e+00      8.00000e+00  17508s
   414     -2.17035e+01     -7.81250e+00      8.00000e+00  17554s
   415     -2.05950e+01     -7.81250e+00      8.00000e+00  17596s
   416     -1.96655e+01     -7.81250e+00      8.00000e+00  17640s
   417     -2.01725e+01     -7.81250e+00      8.00000e+00  17685s
   418     -2.18275e+01     -7.81250e+00      8.00000e+00  17729s
   419     -2.20535e+01     -7.81250e+00      8.00000e+00  17773s
   420     -2.27050e+01     -7.81250e+00      8.00000e+00  17816s
   421     -2.30590e+01     -7.81250e+00      8.00000e+00  17862s
   422     -2.37765e+01     -7.81250e+00      8.00000e+00  17903s
   423     -2.42010e+01     -7.81250e+00      8.00000e+00  17949s
   424     -2.54005e+01     -7.81250e+00      8.00000e+00  17995s
   425     -2.48740e+01     -7.81250e+00      8.00000e+00  18039s
   426     -2.70815e+01     -7.81250e+00      8.00000e+00  18086s
   427     -3.05040e+01     -7.81250e+00      8.00000e+00  18129s
   428     -3.19895e+01     -7.81250e+00      8.00000e+00  18172s
   429     -3.60880e+01     -7.81250e+00      8.00000e+00  18218s
   430     -3.75070e+01     -7.81250e+00      8.00000e+00  18264s
   431     -3.92365e+01     -7.81250e+00      8.00000e+00  18308s
   432     -3.87895e+01     -7.81250e+00      8.00000e+00  18351s
   433     -3.64755e+01     -7.81250e+00      8.00000e+00  18398s
   434     -3.44450e+01     -7.81250e+00      8.00000e+00  18443s
   435     -3.14775e+01     -7.81250e+00      8.00000e+00  18487s
   436     -2.81940e+01     -7.81250e+00      8.00000e+00  18532s
   437     -2.50580e+01     -7.81250e+00      8.00000e+00  18577s
   438     -2.29770e+01     -7.81250e+00      8.00000e+00  18621s
   439     -2.00800e+01     -7.81250e+00      8.00000e+00  18664s
   440     -2.09750e+01     -7.81250e+00      8.00000e+00  18706s
   441     -2.02725e+01     -7.81250e+00      8.00000e+00  18752s
   442     -2.06795e+01     -7.81250e+00      8.00000e+00  18797s
   443     -2.18850e+01     -7.81250e+00      8.00000e+00  18841s
   444     -2.24865e+01     -7.81250e+00      8.00000e+00  18886s
   445     -2.33235e+01     -7.81250e+00      8.00000e+00  18932s
   446     -2.33840e+01     -7.81250e+00      8.00000e+00  18974s
   447     -2.38855e+01     -7.81250e+00      8.00000e+00  19021s
   448     -2.49795e+01     -7.81250e+00      8.00000e+00  19067s
   449     -2.49885e+01     -7.81250e+00      8.00000e+00  19110s
   450     -2.68600e+01     -7.81250e+00      8.00000e+00  19154s
   451     -2.66715e+01     -7.81250e+00      8.00000e+00  19200s
   452     -2.91025e+01     -7.81250e+00      8.00000e+00  19248s
   453     -3.22015e+01     -7.81250e+00      8.00000e+00  19292s
   454     -3.42280e+01     -7.81250e+00      8.00000e+00  19337s
   455     -3.53060e+01     -7.81250e+00      8.00000e+00  19382s
   456     -3.52740e+01     -7.81250e+00      8.00000e+00  19424s
   457     -3.51290e+01     -7.81250e+00      8.00000e+00  19469s
   458     -3.24730e+01     -7.81250e+00      8.00000e+00  19515s
   459     -3.22960e+01     -7.81250e+00      8.00000e+00  19560s
   460     -2.82495e+01     -7.81250e+00      8.00000e+00  19603s
   461     -2.69925e+01     -7.81250e+00      8.00000e+00  19649s
   462     -2.59620e+01     -7.81250e+00      8.00000e+00  19694s
   463     -2.52980e+01     -7.81250e+00      8.00000e+00  19737s
   464     -2.49140e+01     -7.81250e+00      8.00000e+00  19784s
   465     -2.50240e+01     -7.81250e+00      8.00000e+00  19830s
   466     -2.52075e+01     -7.81250e+00      8.00000e+00  19874s
   467     -2.49200e+01     -7.81250e+00      8.00000e+00  19917s
   468     -2.55295e+01     -7.81250e+00      8.00000e+00  19962s
   469     -2.42560e+01     -7.81250e+00      8.00000e+00  20007s
   470     -2.40175e+01     -7.81250e+00      8.00000e+00  20048s
   471     -2.34970e+01     -7.81250e+00      8.00000e+00  20092s
   472     -2.28235e+01     -7.81250e+00      8.00000e+00  20140s
   473     -2.32720e+01     -7.81250e+00      8.00000e+00  20182s
   474     -2.39825e+01     -7.81250e+00      8.00000e+00  20225s
   475     -2.63535e+01     -7.81250e+00      8.00000e+00  20270s
   476     -2.86455e+01     -7.81250e+00      8.00000e+00  20315s
   477     -3.08800e+01     -7.81250e+00      8.00000e+00  20359s
   478     -3.30905e+01     -7.81250e+00      8.00000e+00  20404s
   479     -3.46740e+01     -7.81250e+00      8.00000e+00  20448s
   480     -3.50245e+01     -7.81250e+00      8.00000e+00  20494s
   481     -3.37930e+01     -7.81250e+00      8.00000e+00  20536s
   482     -3.38320e+01     -7.81250e+00      8.00000e+00  20582s
   483     -3.29335e+01     -7.81250e+00      8.00000e+00  20627s
   484     -2.98055e+01     -7.81250e+00      8.00000e+00  20671s
   485     -2.73835e+01     -7.81250e+00      8.00000e+00  20717s
   486     -2.61455e+01     -7.81250e+00      8.00000e+00  20761s
   487     -2.52580e+01     -7.81250e+00      8.00000e+00  20804s
   488     -2.50530e+01     -7.81250e+00      8.00000e+00  20846s
   489     -2.52515e+01     -7.81250e+00      8.00000e+00  20890s
   490     -2.48905e+01     -7.81250e+00      8.00000e+00  20934s
   491     -2.51845e+01     -7.81250e+00      8.00000e+00  20977s
   492     -2.55485e+01     -7.81250e+00      8.00000e+00  21022s
   493     -2.43730e+01     -7.81250e+00      8.00000e+00  21066s
   494     -2.44250e+01     -7.81250e+00      8.00000e+00  21109s
   495     -2.33110e+01     -7.81250e+00      8.00000e+00  21155s
   496     -2.36470e+01     -7.81250e+00      8.00000e+00  21201s
   497     -2.35275e+01     -7.81250e+00      8.00000e+00  21246s
   498     -2.35435e+01     -7.81250e+00      8.00000e+00  21290s
   499     -2.53905e+01     -7.81250e+00      8.00000e+00  21336s
   500     -2.51025e+01     -7.81250e+00      8.00000e+00  21380s
   501     -2.61475e+01     -7.81250e+00      8.00000e+00  21424s
   502     -2.79270e+01     -7.81250e+00      8.00000e+00  21466s
   503     -2.96680e+01     -7.81250e+00      8.00000e+00  21511s
   504     -3.02865e+01     -7.81250e+00      8.00000e+00  21557s
   505     -3.03275e+01     -7.81250e+00      8.00000e+00  21598s
   506     -2.97135e+01     -7.81250e+00      8.00000e+00  21644s
   507     -2.88000e+01     -7.81250e+00      8.00000e+00  21688s
   508     -2.78600e+01     -7.81250e+00      8.00000e+00  21735s
   509     -2.66970e+01     -7.81250e+00      8.00000e+00  21779s
   510     -2.59705e+01     -7.81250e+00      8.00000e+00  21824s
   511     -2.56180e+01     -7.81250e+00      8.00000e+00  21872s
   512     -2.60740e+01     -7.81250e+00      8.00000e+00  21913s
   513     -2.56725e+01     -7.81250e+00      8.00000e+00  21957s
   514     -2.54190e+01     -7.81250e+00      8.00000e+00  22005s
   515     -2.72905e+01     -7.81250e+00      8.00000e+00  22049s
   516     -2.62500e+01     -7.81250e+00      8.00000e+00  22095s
   517     -2.60125e+01     -7.81250e+00      8.00000e+00  22141s
   518     -2.57205e+01     -7.81250e+00      8.00000e+00  22187s
   519     -2.56205e+01     -7.81250e+00      8.00000e+00  22230s
   520     -2.52740e+01     -7.81250e+00      8.00000e+00  22276s
   521     -2.33820e+01     -7.81250e+00      8.00000e+00  22318s
   522     -2.40525e+01     -7.81250e+00      8.00000e+00  22363s
   523     -2.45550e+01     -7.81250e+00      8.00000e+00  22405s
   524     -2.54215e+01     -7.81250e+00      8.00000e+00  22449s
   525     -2.62275e+01     -7.81250e+00      8.00000e+00  22495s
   526     -2.67090e+01     -7.81250e+00      8.00000e+00  22539s
   527     -2.91770e+01     -7.81250e+00      8.00000e+00  22588s
   528     -3.04040e+01     -7.81250e+00      8.00000e+00  22635s
   529     -3.03750e+01     -7.81250e+00      8.00000e+00  22679s
   530     -2.96205e+01     -7.81250e+00      8.00000e+00  22722s
   531     -2.95245e+01     -7.81250e+00      8.00000e+00  22768s
   532     -2.85190e+01     -7.81250e+00      8.00000e+00  22812s
   533     -2.73760e+01     -7.81250e+00      8.00000e+00  22855s
   534     -2.60125e+01     -7.81250e+00      8.00000e+00  22899s
   535     -2.56905e+01     -7.81250e+00      8.00000e+00  22943s
   536     -2.60180e+01     -7.81250e+00      8.00000e+00  22987s
   537     -2.59280e+01     -7.81250e+00      8.00000e+00  23032s
   538     -2.62765e+01     -7.81250e+00      8.00000e+00  23078s
   539     -2.61050e+01     -7.81250e+00      8.00000e+00  23125s
   540     -2.63625e+01     -7.81250e+00      8.00000e+00  23169s
   541     -2.72600e+01     -7.81250e+00      8.00000e+00  23215s
   542     -2.55425e+01     -7.81250e+00      8.00000e+00  23260s
   543     -2.58495e+01     -7.81250e+00      8.00000e+00  23305s
   544     -2.40730e+01     -7.81250e+00      8.00000e+00  23350s
   545     -2.52390e+01     -7.81250e+00      8.00000e+00  23394s
   546     -2.43460e+01     -7.81250e+00      8.00000e+00  23442s
   547     -2.45160e+01     -7.81250e+00      8.00000e+00  23487s
   548     -2.40655e+01     -7.81250e+00      8.00000e+00  23532s
   549     -2.52665e+01     -7.81250e+00      8.00000e+00  23577s
   550     -2.55115e+01     -7.81250e+00      8.00000e+00  23618s
   551     -2.62480e+01     -7.81250e+00      8.00000e+00  23665s
   552     -2.61550e+01     -7.81250e+00      8.00000e+00  23709s
   553     -2.53900e+01     -7.81250e+00      8.00000e+00  23752s
   554     -2.56590e+01     -7.81250e+00      8.00000e+00  23798s
   555     -2.65785e+01     -7.81250e+00      8.00000e+00  23844s
   556     -2.67790e+01     -7.81250e+00      8.00000e+00  23889s
   557     -2.69490e+01     -7.81250e+00      8.00000e+00  23933s
   558     -2.56220e+01     -7.81250e+00      8.00000e+00  23978s
   559     -2.55110e+01     -7.81250e+00      8.00000e+00  24024s
   560     -2.55070e+01     -7.81250e+00      8.00000e+00  24071s
   561     -2.48840e+01     -7.81250e+00      8.00000e+00  24115s
   562     -2.57470e+01     -7.81250e+00      8.00000e+00  24161s
   563     -2.55375e+01     -7.81250e+00      8.00000e+00  24206s
   564     -2.56515e+01     -7.81250e+00      8.00000e+00  24248s
   565     -2.58355e+01     -7.81250e+00      8.00000e+00  24293s
   566     -2.55100e+01     -7.81250e+00      8.00000e+00  24339s
   567     -2.62830e+01     -7.81250e+00      8.00000e+00  24385s
   568     -2.58870e+01     -7.81250e+00      8.00000e+00  24425s
   569     -2.68400e+01     -7.81250e+00      8.00000e+00  24469s
   570     -2.57325e+01     -7.81250e+00      8.00000e+00  24515s
   571     -2.64980e+01     -7.81250e+00      8.00000e+00  24558s
   572     -2.58555e+01     -7.81250e+00      8.00000e+00  24601s
   573     -2.53370e+01     -7.81250e+00      8.00000e+00  24649s
   574     -2.57545e+01     -7.81250e+00      8.00000e+00  24692s
   575     -2.52040e+01     -7.81250e+00      8.00000e+00  24737s
   576     -2.54645e+01     -7.81250e+00      8.00000e+00  24782s
   577     -2.63500e+01     -7.81250e+00      8.00000e+00  24826s
   578     -2.67505e+01     -7.81250e+00      8.00000e+00  24872s
   579     -2.55995e+01     -7.81250e+00      8.00000e+00  24918s
   580     -2.67155e+01     -7.81250e+00      8.00000e+00  24961s
   581     -2.64795e+01     -7.81250e+00      8.00000e+00  25005s
   582     -2.53465e+01     -7.81250e+00      8.00000e+00  25049s
   583     -2.54930e+01     -7.81250e+00      8.00000e+00  25093s
   584     -2.64835e+01     -7.81250e+00      8.00000e+00  25136s
   585     -2.54070e+01     -7.81250e+00      8.00000e+00  25178s
   586     -2.53890e+01     -7.81250e+00      8.00000e+00  25225s
   587     -2.59190e+01     -7.81250e+00      8.00000e+00  25269s
   588     -2.54640e+01     -7.81250e+00      8.00000e+00  25314s
   589     -2.68755e+01     -7.81250e+00      8.00000e+00  25365s
   590     -2.74425e+01     -7.81250e+00      8.00000e+00  25407s
   591     -2.64080e+01     -7.81250e+00      8.00000e+00  25451s
   592     -2.65270e+01     -7.81250e+00      8.00000e+00  25494s
   593     -2.63975e+01     -7.81250e+00      8.00000e+00  25538s
   594     -2.53645e+01     -7.81250e+00      8.00000e+00  25586s
   595     -2.58815e+01     -7.81250e+00      8.00000e+00  25628s
   596     -2.47485e+01     -7.81250e+00      8.00000e+00  25672s
   597     -2.42380e+01     -7.81250e+00      8.00000e+00  25717s
   598     -2.63620e+01     -7.81250e+00      8.00000e+00  25763s
   599     -2.54655e+01     -7.81250e+00      8.00000e+00  25804s
   600     -2.47685e+01     -7.81250e+00      8.00000e+00  25848s
   601     -2.53795e+01     -7.81250e+00      8.00000e+00  25892s
   602     -2.45465e+01     -7.81250e+00      8.00000e+00  25935s
   603     -2.44560e+01     -7.81250e+00      8.00000e+00  25980s
   604     -2.37860e+01     -7.81250e+00      8.00000e+00  26025s
   605     -2.45560e+01     -7.81250e+00      8.00000e+00  26071s
   606     -2.46325e+01     -7.81250e+00      8.00000e+00  26115s
   607     -2.42310e+01     -7.81250e+00      8.00000e+00  26163s
   608     -2.59420e+01     -7.81250e+00      8.00000e+00  26208s
   609     -2.51760e+01     -7.81250e+00      8.00000e+00  26249s
   610     -2.54270e+01     -7.81250e+00      8.00000e+00  26295s
   611     -2.58180e+01     -7.81250e+00      8.00000e+00  26339s
   612     -2.52835e+01     -7.81250e+00      8.00000e+00  26385s
   613     -2.52070e+01     -7.81250e+00      8.00000e+00  26427s
   614     -2.52975e+01     -7.81250e+00      8.00000e+00  26473s
   615     -2.68470e+01     -7.81250e+00      8.00000e+00  26517s
   616     -2.80705e+01     -7.81250e+00      8.00000e+00  26560s
   617     -2.72575e+01     -7.81250e+00      8.00000e+00  26606s
   618     -2.76405e+01     -7.81250e+00      8.00000e+00  26650s
   619     -2.88080e+01     -7.81250e+00      8.00000e+00  26696s
   620     -2.86815e+01     -7.81250e+00      8.00000e+00  26740s
   621     -2.80205e+01     -7.81250e+00      8.00000e+00  26782s
   622     -2.73445e+01     -7.81250e+00      8.00000e+00  26827s
   623     -2.66315e+01     -7.81250e+00      8.00000e+00  26870s
   624     -2.60385e+01     -7.81250e+00      8.00000e+00  26914s
   625     -2.41565e+01     -7.81250e+00      8.00000e+00  26960s
   626     -2.52845e+01     -7.81250e+00      8.00000e+00  27008s
   627     -2.38545e+01     -7.81250e+00      8.00000e+00  27050s
   628     -2.28780e+01     -7.81250e+00      8.00000e+00  27094s
   629     -2.32120e+01     -7.81250e+00      8.00000e+00  27139s
   630     -2.41465e+01     -7.81250e+00      8.00000e+00  27180s
   631     -2.44120e+01     -7.81250e+00      8.00000e+00  27224s
   632     -2.47405e+01     -7.81250e+00      8.00000e+00  27269s
   633     -2.45690e+01     -7.81250e+00      8.00000e+00  27315s
   634     -2.53290e+01     -7.81250e+00      8.00000e+00  27358s
   635     -2.52790e+01     -7.81250e+00      8.00000e+00  27403s
   636     -2.50025e+01     -7.81250e+00      8.00000e+00  27448s
   637     -2.55475e+01     -7.81250e+00      8.00000e+00  27491s
   638     -2.50965e+01     -7.81250e+00      8.00000e+00  27538s
   639     -2.62620e+01     -7.81250e+00      8.00000e+00  27582s
   640     -2.74335e+01     -7.81250e+00      8.00000e+00  27627s
   641     -2.78855e+01     -7.81250e+00      8.00000e+00  27671s
   642     -2.82010e+01     -7.81250e+00      8.00000e+00  27719s
   643     -2.79800e+01     -7.81250e+00      8.00000e+00  27764s
   644     -2.85165e+01     -7.81250e+00      8.00000e+00  27807s
   645     -2.85315e+01     -7.81250e+00      8.00000e+00  27853s
   646     -2.78480e+01     -7.81250e+00      8.00000e+00  27897s
   647     -2.72230e+01     -7.81250e+00      8.00000e+00  27942s
   648     -2.60795e+01     -7.81250e+00      8.00000e+00  27986s
   649     -2.55630e+01     -7.81250e+00      8.00000e+00  28033s
   650     -2.50840e+01     -7.81250e+00      8.00000e+00  28076s
   651     -2.58650e+01     -7.81250e+00      8.00000e+00  28119s
   652     -2.68100e+01     -7.81250e+00      8.00000e+00  28166s
   653     -2.59570e+01     -7.81250e+00      8.00000e+00  28212s
   654     -2.54660e+01     -7.81250e+00      8.00000e+00  28257s
   655     -2.60365e+01     -7.81250e+00      8.00000e+00  28305s
   656     -2.51745e+01     -7.81250e+00      8.00000e+00  28348s
   657     -2.48345e+01     -7.81250e+00      8.00000e+00  28394s
   658     -2.44865e+01     -7.81250e+00      8.00000e+00  28439s
   659     -2.40990e+01     -7.81250e+00      8.00000e+00  28483s
   660     -2.58085e+01     -7.81250e+00      8.00000e+00  28528s
   661     -2.44335e+01     -7.81250e+00      8.00000e+00  28572s
   662     -2.51850e+01     -7.81250e+00      8.00000e+00  28615s
   663     -2.62395e+01     -7.81250e+00      8.00000e+00  28661s
   664     -2.73350e+01     -7.81250e+00      8.00000e+00  28705s
   665     -2.68795e+01     -7.81250e+00      8.00000e+00  28749s
   666     -2.74105e+01     -7.81250e+00      8.00000e+00  28792s
   667     -2.73030e+01     -7.81250e+00      8.00000e+00  28836s
   668     -2.59680e+01     -7.81250e+00      8.00000e+00  28880s
   669     -2.58005e+01     -7.81250e+00      8.00000e+00  28922s
   670     -2.59425e+01     -7.81250e+00      8.00000e+00  28968s
   671     -2.51585e+01     -7.81250e+00      8.00000e+00  29014s
   672     -2.43445e+01     -7.81250e+00      8.00000e+00  29056s
   673     -2.52620e+01     -7.81250e+00      8.00000e+00  29102s
   674     -2.59680e+01     -7.81250e+00      8.00000e+00  29147s
   675     -2.54270e+01     -7.81250e+00      8.00000e+00  29190s
   676     -2.61295e+01     -7.81250e+00      8.00000e+00  29235s
   677     -2.66450e+01     -7.81250e+00      8.00000e+00  29281s
   678     -2.55080e+01     -7.81250e+00      8.00000e+00  29328s
   679     -2.61895e+01     -7.81250e+00      8.00000e+00  29369s
   680     -2.54285e+01     -7.81250e+00      8.00000e+00  29414s
   681     -2.53100e+01     -7.81250e+00      8.00000e+00  29460s
   682     -2.45430e+01     -7.81250e+00      8.00000e+00  29504s
   683     -2.40260e+01     -7.81250e+00      8.00000e+00  29547s
   684     -2.30745e+01     -7.81250e+00      8.00000e+00  29591s
   685     -2.43850e+01     -7.81250e+00      8.00000e+00  29636s
   686     -2.41945e+01     -7.81250e+00      8.00000e+00  29679s
   687     -2.60965e+01     -7.81250e+00      8.00000e+00  29723s
   688     -2.69635e+01     -7.81250e+00      8.00000e+00  29769s
   689     -2.73985e+01     -7.81250e+00      8.00000e+00  29814s
   690     -2.82330e+01     -7.81250e+00      8.00000e+00  29856s
   691     -2.73050e+01     -7.81250e+00      8.00000e+00  29901s
   692     -2.60885e+01     -7.81250e+00      8.00000e+00  29946s
   693     -2.68660e+01     -7.81250e+00      8.00000e+00  29987s
   694     -2.64520e+01     -7.81250e+00      8.00000e+00  30032s
   695     -2.62500e+01     -7.81250e+00      8.00000e+00  30079s
   696     -2.56850e+01     -7.81250e+00      8.00000e+00  30123s
   697     -2.48105e+01     -7.81250e+00      8.00000e+00  30168s
   698     -2.50790e+01     -7.81250e+00      8.00000e+00  30213s
   699     -2.62125e+01     -7.81250e+00      8.00000e+00  30256s
   700     -2.54595e+01     -7.81250e+00      8.00000e+00  30300s
   701     -2.55285e+01     -7.81250e+00      8.00000e+00  30346s
   702     -2.67655e+01     -7.81250e+00      8.00000e+00  30390s
   703     -2.62505e+01     -7.81250e+00      8.00000e+00  30433s
   704     -2.66620e+01     -7.81250e+00      8.00000e+00  30475s
   705     -2.49140e+01     -7.81250e+00      8.00000e+00  30522s
   706     -2.44195e+01     -7.81250e+00      8.00000e+00  30567s
   707     -2.35080e+01     -7.81250e+00      8.00000e+00  30610s
   708     -2.42600e+01     -7.81250e+00      8.00000e+00  30657s
   709     -2.41490e+01     -7.81250e+00      8.00000e+00  30699s
   710     -2.46195e+01     -7.81250e+00      8.00000e+00  30744s
   711     -2.33305e+01     -7.81250e+00      8.00000e+00  30786s
   712     -2.52085e+01     -7.81250e+00      8.00000e+00  30829s
   713     -2.60320e+01     -7.81250e+00      8.00000e+00  30874s
   714     -2.61175e+01     -7.81250e+00      8.00000e+00  30917s
   715     -2.69810e+01     -7.81250e+00      8.00000e+00  30963s
   716     -2.74245e+01     -7.81250e+00      8.00000e+00  31008s
   717     -2.65155e+01     -7.81250e+00      8.00000e+00  31055s
   718     -2.66385e+01     -7.81250e+00      8.00000e+00  31097s
   719     -2.54260e+01     -7.81250e+00      8.00000e+00  31144s
   720     -2.60480e+01     -7.81250e+00      8.00000e+00  31188s
   721     -2.49920e+01     -7.81250e+00      8.00000e+00  31231s
   722     -2.54370e+01     -7.81250e+00      8.00000e+00  31276s
   723     -2.49365e+01     -7.81250e+00      8.00000e+00  31321s
   724     -2.47740e+01     -7.81250e+00      8.00000e+00  31364s
   725     -2.63515e+01     -7.81250e+00      8.00000e+00  31408s
   726     -2.61385e+01     -7.81250e+00      8.00000e+00  31453s
   727     -2.66490e+01     -7.81250e+00      8.00000e+00  31498s
   728     -2.57120e+01     -7.81250e+00      8.00000e+00  31542s
   729     -2.57755e+01     -7.81250e+00      8.00000e+00  31587s
   730     -2.53020e+01     -7.81250e+00      8.00000e+00  31634s
   731     -2.47420e+01     -7.81250e+00      8.00000e+00  31676s
   732     -2.38275e+01     -7.81250e+00      8.00000e+00  31723s
   733     -2.38360e+01     -7.81250e+00      8.00000e+00  31769s
   734     -2.40730e+01     -7.81250e+00      8.00000e+00  31814s
   735     -2.48010e+01     -7.81250e+00      8.00000e+00  31857s
   736     -2.48275e+01     -7.81250e+00      8.00000e+00  31902s
   737     -2.56330e+01     -7.81250e+00      8.00000e+00  31946s
   738     -2.60485e+01     -7.81250e+00      8.00000e+00  31989s
   739     -2.79265e+01     -7.81250e+00      8.00000e+00  32033s
   740     -2.72670e+01     -7.81250e+00      8.00000e+00  32078s
   741     -2.73795e+01     -7.81250e+00      8.00000e+00  32122s
   742     -2.67265e+01     -7.81250e+00      8.00000e+00  32164s
   743     -2.70620e+01     -7.81250e+00      8.00000e+00  32211s
   744     -2.57485e+01     -7.81250e+00      8.00000e+00  32254s
   745     -2.54370e+01     -7.81250e+00      8.00000e+00  32298s
   746     -2.53025e+01     -7.81250e+00      8.00000e+00  32342s
   747     -2.50410e+01     -7.81250e+00      8.00000e+00  32386s
   748     -2.57995e+01     -7.81250e+00      8.00000e+00  32433s
   749     -2.55055e+01     -7.81250e+00      8.00000e+00  32474s
   750     -2.59310e+01     -7.81250e+00      8.00000e+00  32517s
   751     -2.59480e+01     -7.81250e+00      8.00000e+00  32562s
   752     -2.38005e+01     -7.81250e+00      8.00000e+00  32604s
   753     -2.53635e+01     -7.81250e+00      8.00000e+00  32650s
   754     -2.45710e+01     -7.81250e+00      8.00000e+00  32694s
   755     -2.42315e+01     -7.81250e+00      8.00000e+00  32737s
   756     -2.45320e+01     -7.81250e+00      8.00000e+00  32781s
   757     -2.37950e+01     -7.81250e+00      8.00000e+00  32826s
   758     -2.38460e+01     -7.81250e+00      8.00000e+00  32870s
   759     -2.41430e+01     -7.81250e+00      8.00000e+00  32915s
   760     -2.43420e+01     -7.81250e+00      8.00000e+00  32961s
   761     -2.47415e+01     -7.81250e+00      8.00000e+00  33007s
   762     -2.52330e+01     -7.81250e+00      8.00000e+00  33050s
   763     -2.60740e+01     -7.81250e+00      8.00000e+00  33094s
   764     -2.70825e+01     -7.81250e+00      8.00000e+00  33138s
   765     -2.68615e+01     -7.81250e+00      8.00000e+00  33182s
   766     -2.64630e+01     -7.81250e+00      8.00000e+00  33226s
   767     -2.53975e+01     -7.81250e+00      8.00000e+00  33269s
   768     -2.65225e+01     -7.81250e+00      8.00000e+00  33314s
   769     -2.70080e+01     -7.81250e+00      8.00000e+00  33360s
   770     -2.74240e+01     -7.81250e+00      8.00000e+00  33404s
   771     -2.60030e+01     -7.81250e+00      8.00000e+00  33449s
   772     -2.66060e+01     -7.81250e+00      8.00000e+00  33496s
   773     -2.70320e+01     -7.81250e+00      8.00000e+00  33539s
   774     -2.63800e+01     -7.81250e+00      8.00000e+00  33584s
   775     -2.51335e+01     -7.81250e+00      8.00000e+00  33628s
   776     -2.54620e+01     -7.81250e+00      8.00000e+00  33671s
   777     -2.47120e+01     -7.81250e+00      8.00000e+00  33715s
   778     -2.42670e+01     -7.81250e+00      8.00000e+00  33759s
   779     -2.48840e+01     -7.81250e+00      8.00000e+00  33805s
   780     -2.40085e+01     -7.81250e+00      8.00000e+00  33850s
   781     -2.44965e+01     -7.81250e+00      8.00000e+00  33895s
   782     -2.44265e+01     -7.81250e+00      8.00000e+00  33940s
   783     -2.41210e+01     -7.81250e+00      8.00000e+00  33981s
   784     -2.38925e+01     -7.81250e+00      8.00000e+00  34026s
   785     -2.46365e+01     -7.81250e+00      8.00000e+00  34071s
   786     -2.50055e+01     -7.81250e+00      8.00000e+00  34114s
   787     -2.64210e+01     -7.81250e+00      8.00000e+00  34158s
   788     -2.60925e+01     -7.81250e+00      8.00000e+00  34205s
   789     -2.64895e+01     -7.81250e+00      8.00000e+00  34248s
   790     -2.59785e+01     -7.81250e+00      8.00000e+00  34291s
   791     -2.71205e+01     -7.81250e+00      8.00000e+00  34338s
   792     -2.73980e+01     -7.81250e+00      8.00000e+00  34382s
   793     -2.63770e+01     -7.81250e+00      8.00000e+00  34427s
   794     -2.63755e+01     -7.81250e+00      8.00000e+00  34470s
   795     -2.66500e+01     -7.81250e+00      8.00000e+00  34514s
   796     -2.55590e+01     -7.81250e+00      8.00000e+00  34561s
   797     -2.51835e+01     -7.81250e+00      8.00000e+00  34605s
   798     -2.61370e+01     -7.81250e+00      8.00000e+00  34649s
   799     -2.57680e+01     -7.81250e+00      8.00000e+00  34694s
   800     -2.60495e+01     -7.81250e+00      8.00000e+00  34737s
   801     -2.50710e+01     -7.81250e+00      8.00000e+00  34779s
   802     -2.51060e+01     -7.81250e+00      8.00000e+00  34824s
   803     -2.52785e+01     -7.81250e+00      8.00000e+00  34867s
   804     -2.51855e+01     -7.81250e+00      8.00000e+00  34910s
   805     -2.37515e+01     -7.81250e+00      8.00000e+00  34954s
   806     -2.49080e+01     -7.81250e+00      8.00000e+00  35002s
   807     -2.46335e+01     -7.81250e+00      8.00000e+00  35049s
   808     -2.44150e+01     -7.81250e+00      8.00000e+00  35091s
   809     -2.54500e+01     -7.81250e+00      8.00000e+00  35137s
   810     -2.55570e+01     -7.81250e+00      8.00000e+00  35181s
   811     -2.60450e+01     -7.81250e+00      8.00000e+00  35225s
   812     -2.51755e+01     -7.81250e+00      8.00000e+00  35270s
   813     -2.56015e+01     -7.81250e+00      8.00000e+00  35315s
   814     -2.62870e+01     -7.81250e+00      8.00000e+00  35360s
   815     -2.59520e+01     -7.81250e+00      8.00000e+00  35405s
   816     -2.71660e+01     -7.81250e+00      8.00000e+00  35450s
   817     -2.67845e+01     -7.81250e+00      8.00000e+00  35495s
   818     -2.70310e+01     -7.81250e+00      8.00000e+00  35538s
   819     -2.58305e+01     -7.81250e+00      8.00000e+00  35584s
   820     -2.71060e+01     -7.81250e+00      8.00000e+00  35628s
   821     -2.68340e+01     -7.81250e+00      8.00000e+00  35673s
   822     -2.55020e+01     -7.81250e+00      8.00000e+00  35716s
   823     -2.54705e+01     -7.81250e+00      8.00000e+00  35761s
   824     -2.59200e+01     -7.81250e+00      8.00000e+00  35805s
   825     -2.50810e+01     -7.81250e+00      8.00000e+00  35847s
   826     -2.52675e+01     -7.81250e+00      8.00000e+00  35894s
   827     -2.49430e+01     -7.81250e+00      8.00000e+00  35935s
   828     -2.50205e+01     -7.81250e+00      8.00000e+00  35980s
   829     -2.42230e+01     -7.81250e+00      8.00000e+00  36020s
   830     -2.36585e+01     -7.81250e+00      8.00000e+00  36065s
   831     -2.43200e+01     -7.81250e+00      8.00000e+00  36112s
   832     -2.49405e+01     -7.81250e+00      8.00000e+00  36152s
   833     -2.44770e+01     -7.81250e+00      8.00000e+00  36198s
   834     -2.44270e+01     -7.81250e+00      8.00000e+00  36243s
   835     -2.57955e+01     -7.81250e+00      8.00000e+00  36288s
   836     -2.52560e+01     -7.81250e+00      8.00000e+00  36332s
   837     -2.46450e+01     -7.81250e+00      8.00000e+00  36377s
   838     -2.65465e+01     -7.81250e+00      8.00000e+00  36421s
   839     -2.54935e+01     -7.81250e+00      8.00000e+00  36463s
   840     -2.68130e+01     -7.81250e+00      8.00000e+00  36508s
   841     -2.67795e+01     -7.81250e+00      8.00000e+00  36553s
   842     -2.63745e+01     -7.81250e+00      8.00000e+00  36599s
   843     -2.68360e+01     -7.81250e+00      8.00000e+00  36642s
   844     -2.62565e+01     -7.81250e+00      8.00000e+00  36689s
   845     -2.62235e+01     -7.81250e+00      8.00000e+00  36733s
   846     -2.64820e+01     -7.81250e+00      8.00000e+00  36776s
   847     -2.59310e+01     -7.81250e+00      8.00000e+00  36818s
   848     -2.58735e+01     -7.81250e+00      8.00000e+00  36863s
   849     -2.57580e+01     -7.81250e+00      8.00000e+00  36910s
   850     -2.58790e+01     -7.81250e+00      8.00000e+00  36953s
   851     -2.58285e+01     -7.81250e+00      8.00000e+00  36997s
   852     -2.66800e+01     -7.81250e+00      8.00000e+00  37046s
   853     -2.56910e+01     -7.81250e+00      8.00000e+00  37088s
   854     -2.50555e+01     -7.81250e+00      8.00000e+00  37132s
   855     -2.49855e+01     -7.81250e+00      8.00000e+00  37180s
   856     -2.43310e+01     -7.81250e+00      8.00000e+00  37223s
   857     -2.50185e+01     -7.81250e+00      8.00000e+00  37267s
   858     -2.52095e+01     -7.81250e+00      8.00000e+00  37311s
   859     -2.52380e+01     -7.81250e+00      8.00000e+00  37357s
   860     -2.53875e+01     -7.81250e+00      8.00000e+00  37402s
   861     -2.52755e+01     -7.81250e+00      8.00000e+00  37447s
   862     -2.57960e+01     -7.81250e+00      8.00000e+00  37492s
   863     -2.51355e+01     -7.81250e+00      8.00000e+00  37535s
   864     -2.53490e+01     -7.81250e+00      8.00000e+00  37582s
   865     -2.58905e+01     -7.81250e+00      8.00000e+00  37628s
   866     -2.64055e+01     -7.81250e+00      8.00000e+00  37673s
   867     -2.65135e+01     -7.81250e+00      8.00000e+00  37716s
   868     -2.55210e+01     -7.81250e+00      8.00000e+00  37763s
   869     -2.54570e+01     -7.81250e+00      8.00000e+00  37806s
   870     -2.59985e+01     -7.81250e+00      8.00000e+00  37848s
   871     -2.57160e+01     -7.81250e+00      8.00000e+00  37896s
   872     -2.61690e+01     -7.81250e+00      8.00000e+00  37940s
   873     -2.59285e+01     -7.81250e+00      8.00000e+00  37982s
   874     -2.54535e+01     -7.81250e+00      8.00000e+00  38027s
   875     -2.63140e+01     -7.81250e+00      8.00000e+00  38072s
   876     -2.38595e+01     -7.81250e+00      8.00000e+00  38119s
   877     -2.59875e+01     -7.81250e+00      8.00000e+00  38160s
   878     -2.53095e+01     -7.81250e+00      8.00000e+00  38207s
   879     -2.44425e+01     -7.81250e+00      8.00000e+00  38252s
   880     -2.45540e+01     -7.81250e+00      8.00000e+00  38298s
   881     -2.53980e+01     -7.81250e+00      8.00000e+00  38341s
   882     -2.47620e+01     -7.81250e+00      8.00000e+00  38388s
   883     -2.56220e+01     -7.81250e+00      8.00000e+00  38432s
   884     -2.53690e+01     -7.81250e+00      8.00000e+00  38477s
   885     -2.53750e+01     -7.81250e+00      8.00000e+00  38521s
   886     -2.54930e+01     -7.81250e+00      8.00000e+00  38565s
   887     -2.59095e+01     -7.81250e+00      8.00000e+00  38611s
   888     -2.47095e+01     -7.81250e+00      8.00000e+00  38656s
   889     -2.54565e+01     -7.81250e+00      8.00000e+00  38702s
   890     -2.53140e+01     -7.81250e+00      8.00000e+00  38747s
   891     -2.54290e+01     -7.81250e+00      8.00000e+00  38788s
   892     -2.57375e+01     -7.81250e+00      8.00000e+00  38833s
   893     -2.63835e+01     -7.81250e+00      8.00000e+00  38881s
   894     -2.61575e+01     -7.81250e+00      8.00000e+00  38920s
   895     -2.52680e+01     -7.81250e+00      8.00000e+00  38967s
   896     -2.52570e+01     -7.81250e+00      8.00000e+00  39012s
   897     -2.58600e+01     -7.81250e+00      8.00000e+00  39056s
   898     -2.52425e+01     -7.81250e+00      8.00000e+00  39101s
   899     -2.49140e+01     -7.81250e+00      8.00000e+00  39145s
   900     -2.49420e+01     -7.81250e+00      8.00000e+00  39191s
   901     -2.58650e+01     -7.81250e+00      8.00000e+00  39233s
   902     -2.51520e+01     -7.81250e+00      8.00000e+00  39277s
   903     -2.48600e+01     -7.81250e+00      8.00000e+00  39325s
   904     -2.56350e+01     -7.81250e+00      8.00000e+00  39371s
   905     -2.55770e+01     -7.81250e+00      8.00000e+00  39412s
   906     -2.48740e+01     -7.81250e+00      8.00000e+00  39456s
   907     -2.45760e+01     -7.81250e+00      8.00000e+00  39500s
   908     -2.48795e+01     -7.81250e+00      8.00000e+00  39544s
   909     -2.58025e+01     -7.81250e+00      8.00000e+00  39589s
   910     -2.56905e+01     -7.81250e+00      8.00000e+00  39632s
   911     -2.52440e+01     -7.81250e+00      8.00000e+00  39678s
   912     -2.56730e+01     -7.81250e+00      8.00000e+00  39719s
   913     -2.60125e+01     -7.81250e+00      8.00000e+00  39763s
   914     -2.50450e+01     -7.81250e+00      8.00000e+00  39810s
   915     -2.62980e+01     -7.81250e+00      8.00000e+00  39853s
   916     -2.58295e+01     -7.81250e+00      8.00000e+00  39899s
   917     -2.53460e+01     -7.81250e+00      8.00000e+00  39944s
   918     -2.55890e+01     -7.81250e+00      8.00000e+00  39990s
   919     -2.54740e+01     -7.81250e+00      8.00000e+00  40034s
   920     -2.53895e+01     -7.81250e+00      8.00000e+00  40079s
   921     -2.53525e+01     -7.81250e+00      8.00000e+00  40125s
   922     -2.53580e+01     -7.81250e+00      8.00000e+00  40167s
   923     -2.49280e+01     -7.81250e+00      8.00000e+00  40212s
   924     -2.61935e+01     -7.81250e+00      8.00000e+00  40259s
   925     -2.53235e+01     -7.81250e+00      8.00000e+00  40302s
   926     -2.60040e+01     -7.81250e+00      8.00000e+00  40346s
   927     -2.59650e+01     -7.81250e+00      8.00000e+00  40390s
   928     -2.60205e+01     -7.81250e+00      8.00000e+00  40435s
   929     -2.47790e+01     -7.81250e+00      8.00000e+00  40476s
   930     -2.52225e+01     -7.81250e+00      8.00000e+00  40524s
   931     -2.54020e+01     -7.81250e+00      8.00000e+00  40569s
   932     -2.57180e+01     -7.81250e+00      8.00000e+00  40614s
   933     -2.57325e+01     -7.81250e+00      8.00000e+00  40657s
   934     -2.55790e+01     -7.81250e+00      8.00000e+00  40702s
   935     -2.50600e+01     -7.81250e+00      8.00000e+00  40746s
   936     -2.51685e+01     -7.81250e+00      8.00000e+00  40790s
   937     -2.56625e+01     -7.81250e+00      8.00000e+00  40834s
   938     -2.53250e+01     -7.81250e+00      8.00000e+00  40881s
   939     -2.57035e+01     -7.81250e+00      8.00000e+00  40928s
   940     -2.51950e+01     -7.81250e+00      8.00000e+00  40974s
   941     -2.58535e+01     -7.81250e+00      8.00000e+00  41018s
   942     -2.59180e+01     -7.81250e+00      8.00000e+00  41063s
   943     -2.54055e+01     -7.81250e+00      8.00000e+00  41107s
   944     -2.57180e+01     -7.81250e+00      8.00000e+00  41154s
   945     -2.46595e+01     -7.81250e+00      8.00000e+00  41198s
   946     -2.55885e+01     -7.81250e+00      8.00000e+00  41243s
   947     -2.47960e+01     -7.81250e+00      8.00000e+00  41287s
   948     -2.58175e+01     -7.81250e+00      8.00000e+00  41333s
   949     -2.58610e+01     -7.81250e+00      8.00000e+00  41377s
   950     -2.53430e+01     -7.81250e+00      8.00000e+00  41421s
   951     -2.63065e+01     -7.81250e+00      8.00000e+00  41466s
   952     -2.57215e+01     -7.81250e+00      8.00000e+00  41510s
   953     -2.50560e+01     -7.81250e+00      8.00000e+00  41553s
   954     -2.59380e+01     -7.81250e+00      8.00000e+00  41599s
   955     -2.53760e+01     -7.81250e+00      8.00000e+00  41643s
   956     -2.55340e+01     -7.81250e+00      8.00000e+00  41688s
   957     -2.62270e+01     -7.81250e+00      8.00000e+00  41730s
   958     -2.54410e+01     -7.81250e+00      8.00000e+00  41773s
   959     -2.54560e+01     -7.81250e+00      8.00000e+00  41823s
   960     -2.58395e+01     -7.81250e+00      8.00000e+00  41866s
   961     -2.52195e+01     -7.81250e+00      8.00000e+00  41911s
   962     -2.49525e+01     -7.81250e+00      8.00000e+00  41958s
   963     -2.55710e+01     -7.81250e+00      8.00000e+00  42004s
   964     -2.59170e+01     -7.81250e+00      8.00000e+00  42048s
   965     -2.60140e+01     -7.81250e+00      8.00000e+00  42090s
   966     -2.56835e+01     -7.81250e+00      8.00000e+00  42135s
   967     -2.53410e+01     -7.81250e+00      8.00000e+00  42179s
   968     -2.53695e+01     -7.81250e+00      8.00000e+00  42226s
   969     -2.52635e+01     -7.81250e+00      8.00000e+00  42271s
   970     -2.55945e+01     -7.81250e+00      8.00000e+00  42317s
   971     -2.54660e+01     -7.81250e+00      8.00000e+00  42359s
   972     -2.46870e+01     -7.81250e+00      8.00000e+00  42408s
   973     -2.59965e+01     -7.81250e+00      8.00000e+00  42452s
   974     -2.52210e+01     -7.81250e+00      8.00000e+00  42494s
   975     -2.62280e+01     -7.81250e+00      8.00000e+00  42540s
   976     -2.55010e+01     -7.81250e+00      8.00000e+00  42586s
   977     -2.52700e+01     -7.81250e+00      8.00000e+00  42627s
   978     -2.48590e+01     -7.81250e+00      8.00000e+00  42673s
   979     -2.52400e+01     -7.81250e+00      8.00000e+00  42717s
   980     -2.55070e+01     -7.81250e+00      8.00000e+00  42762s
   981     -2.54875e+01     -7.81250e+00      8.00000e+00  42805s
   982     -2.48515e+01     -7.81250e+00      8.00000e+00  42849s
   983     -2.48595e+01     -7.81250e+00      8.00000e+00  42895s
   984     -2.51550e+01     -7.81250e+00      8.00000e+00  42940s
   985     -2.58780e+01     -7.81250e+00      8.00000e+00  42982s
   986     -2.63320e+01     -7.81250e+00      8.00000e+00  43027s
   987     -2.60085e+01     -7.81250e+00      8.00000e+00  43071s
   988     -2.54720e+01     -7.81250e+00      8.00000e+00  43115s
   989     -2.51735e+01     -7.81250e+00      8.00000e+00  43161s
   990     -2.56660e+01     -7.81250e+00      8.00000e+00  43205s
   991     -2.50580e+01     -7.81250e+00      8.00000e+00  43253s
   992     -2.59535e+01     -7.81250e+00      8.00000e+00  43295s
   993     -2.55500e+01     -7.81250e+00      8.00000e+00  43340s
   994     -2.53910e+01     -7.81250e+00      8.00000e+00  43386s
   995     -2.58015e+01     -7.81250e+00      8.00000e+00  43427s
   996     -2.53025e+01     -7.81250e+00      8.00000e+00  43473s
   997     -2.57380e+01     -7.81250e+00      8.00000e+00  43519s
   998     -2.55325e+01     -7.81250e+00      8.00000e+00  43563s
   999     -2.58850e+01     -7.81250e+00      8.00000e+00  43609s
  1000     -2.52760e+01     -7.81250e+00      8.00000e+00  43654s
  1001     -2.56970e+01     -7.81250e+00      8.00000e+00  43699s
  1002     -2.67805e+01     -7.81250e+00      8.00000e+00  43742s
  1003     -2.54030e+01     -7.81250e+00      8.00000e+00  43786s
  1004     -2.57405e+01     -7.81250e+00      8.00000e+00  43832s
  1005     -2.52335e+01     -7.81250e+00      8.00000e+00  43877s
  1006     -2.55400e+01     -7.81250e+00      8.00000e+00  43921s
  1007     -2.59630e+01     -7.81250e+00      8.00000e+00  43968s
  1008     -2.46220e+01     -7.81250e+00      8.00000e+00  44014s
  1009     -2.57100e+01     -7.81250e+00      8.00000e+00  44057s
  1010     -2.68545e+01     -7.81250e+00      8.00000e+00  44102s
  1011     -2.64365e+01     -7.81250e+00      8.00000e+00  44147s
  1012     -2.45905e+01     -7.81250e+00      8.00000e+00  44192s
  1013     -2.51475e+01     -7.81250e+00      8.00000e+00  44236s
  1014     -2.56465e+01     -7.81250e+00      8.00000e+00  44281s
  1015     -2.50350e+01     -7.81250e+00      8.00000e+00  44324s
  1016     -2.55315e+01     -7.81250e+00      8.00000e+00  44365s
  1017     -2.56290e+01     -7.81250e+00      8.00000e+00  44409s
  1018     -2.48580e+01     -7.81250e+00      8.00000e+00  44452s
  1019     -2.54190e+01     -7.81250e+00      8.00000e+00  44494s
  1020     -2.54305e+01     -7.81250e+00      8.00000e+00  44538s
  1021     -2.61645e+01     -7.81250e+00      8.00000e+00  44581s
  1022     -2.53200e+01     -7.81250e+00      8.00000e+00  44629s
  1023     -2.51110e+01     -7.81250e+00      8.00000e+00  44672s
  1024     -2.54185e+01     -7.81250e+00      8.00000e+00  44716s
  1025     -2.59235e+01     -7.81250e+00      8.00000e+00  44764s
  1026     -2.50455e+01     -7.81250e+00      8.00000e+00  44810s
  1027     -2.55740e+01     -7.81250e+00      8.00000e+00  44852s
  1028     -2.46500e+01     -7.81250e+00      8.00000e+00  44897s
  1029     -2.51840e+01     -7.81250e+00      8.00000e+00  44943s
  1030     -2.51340e+01     -7.81250e+00      8.00000e+00  44985s
  1031     -2.61095e+01     -7.81250e+00      8.00000e+00  45028s
  1032     -2.49755e+01     -7.81250e+00      8.00000e+00  45072s
  1033     -2.49230e+01     -7.81250e+00      8.00000e+00  45117s
  1034     -2.56275e+01     -7.81250e+00      8.00000e+00  45159s
  1035     -2.53070e+01     -7.81250e+00      8.00000e+00  45205s
  1036     -2.51060e+01     -7.81250e+00      8.00000e+00  45251s
  1037     -2.63685e+01     -7.81250e+00      8.00000e+00  45294s
  1038     -2.48245e+01     -7.81250e+00      8.00000e+00  45340s
  1039     -2.46590e+01     -7.81250e+00      8.00000e+00  45382s
  1040     -2.50365e+01     -7.81250e+00      8.00000e+00  45427s
  1041     -2.52755e+01     -7.81250e+00      8.00000e+00  45473s
  1042     -2.59115e+01     -7.81250e+00      8.00000e+00  45520s
  1043     -2.57730e+01     -7.81250e+00      8.00000e+00  45565s
  1044     -2.55380e+01     -7.81250e+00      8.00000e+00  45608s
  1045     -2.54675e+01     -7.81250e+00      8.00000e+00  45654s
  1046     -2.59035e+01     -7.81250e+00      8.00000e+00  45699s
  1047     -2.53305e+01     -7.81250e+00      8.00000e+00  45746s
  1048     -2.63250e+01     -7.81250e+00      8.00000e+00  45790s
  1049     -2.49480e+01     -7.81250e+00      8.00000e+00  45835s
  1050     -2.50715e+01     -7.81250e+00      8.00000e+00  45879s
  1051     -2.58460e+01     -7.81250e+00      8.00000e+00  45923s
  1052     -2.61360e+01     -7.81250e+00      8.00000e+00  45969s
  1053     -2.57940e+01     -7.81250e+00      8.00000e+00  46016s
  1054     -2.60390e+01     -7.81250e+00      8.00000e+00  46061s
  1055     -2.57990e+01     -7.81250e+00      8.00000e+00  46103s
  1056     -2.57775e+01     -7.81250e+00      8.00000e+00  46147s
  1057     -2.51960e+01     -7.81250e+00      8.00000e+00  46193s
  1058     -2.50710e+01     -7.81250e+00      8.00000e+00  46237s
  1059     -2.52415e+01     -7.81250e+00      8.00000e+00  46283s
  1060     -2.50915e+01     -7.81250e+00      8.00000e+00  46328s
  1061     -2.49130e+01     -7.81250e+00      8.00000e+00  46374s
  1062     -2.54655e+01     -7.81250e+00      8.00000e+00  46419s
  1063     -2.52380e+01     -7.81250e+00      8.00000e+00  46464s
  1064     -2.57025e+01     -7.81250e+00      8.00000e+00  46509s
  1065     -2.53010e+01     -7.81250e+00      8.00000e+00  46553s
  1066     -2.54570e+01     -7.81250e+00      8.00000e+00  46599s
  1067     -2.54015e+01     -7.81250e+00      8.00000e+00  46644s
  1068     -2.49295e+01     -7.81250e+00      8.00000e+00  46689s
  1069     -2.52700e+01     -7.81250e+00      8.00000e+00  46733s
  1070     -2.56830e+01     -7.81250e+00      8.00000e+00  46778s
  1071     -2.50355e+01     -7.81250e+00      8.00000e+00  46824s
  1072     -2.59410e+01     -7.81250e+00      8.00000e+00  46866s
  1073     -2.49935e+01     -7.81250e+00      8.00000e+00  46912s
  1074     -2.52095e+01     -7.81250e+00      8.00000e+00  46958s
  1075     -2.54755e+01     -7.81250e+00      8.00000e+00  47001s
  1076     -2.57485e+01     -7.81250e+00      8.00000e+00  47049s
  1077     -2.46115e+01     -7.81250e+00      8.00000e+00  47094s
  1078     -2.62870e+01     -7.81250e+00      8.00000e+00  47141s
  1079     -2.55415e+01     -7.81250e+00      8.00000e+00  47184s
  1080     -2.67465e+01     -7.81250e+00      8.00000e+00  47228s
  1081     -2.61340e+01     -7.81250e+00      8.00000e+00  47274s
  1082     -2.59330e+01     -7.81250e+00      8.00000e+00  47314s
  1083     -2.48705e+01     -7.81250e+00      8.00000e+00  47360s
  1084     -2.54370e+01     -7.81250e+00      8.00000e+00  47405s
  1085     -2.66395e+01     -7.81250e+00      8.00000e+00  47449s
  1086     -2.59810e+01     -7.81250e+00      8.00000e+00  47492s
  1087     -2.56285e+01     -7.81250e+00      8.00000e+00  47538s
  1088     -2.53605e+01     -7.81250e+00      8.00000e+00  47581s
  1089     -2.56275e+01     -7.81250e+00      8.00000e+00  47625s
  1090     -2.54300e+01     -7.81250e+00      8.00000e+00  47671s
  1091     -2.53690e+01     -7.81250e+00      8.00000e+00  47715s
  1092     -2.59880e+01     -7.81250e+00      8.00000e+00  47760s
  1093     -2.52755e+01     -7.81250e+00      8.00000e+00  47803s
  1094     -2.60080e+01     -7.81250e+00      8.00000e+00  47850s
  1095     -2.62655e+01     -7.81250e+00      8.00000e+00  47893s
  1096     -2.58600e+01     -7.81250e+00      8.00000e+00  47935s
  1097     -2.51195e+01     -7.81250e+00      8.00000e+00  47981s
  1098     -2.57130e+01     -7.81250e+00      8.00000e+00  48026s
  1099     -2.56855e+01     -7.81250e+00      8.00000e+00  48072s
  1100     -2.57790e+01     -7.81250e+00      8.00000e+00  48113s
  1101     -2.53085e+01     -7.81250e+00      8.00000e+00  48158s
  1102     -2.57790e+01     -7.81250e+00      8.00000e+00  48205s
  1103     -2.59355e+01     -7.81250e+00      8.00000e+00  48246s
  1104     -2.52730e+01     -7.81250e+00      8.00000e+00  48291s
  1105     -2.61370e+01     -7.81250e+00      8.00000e+00  48338s
  1106     -2.48860e+01     -7.81250e+00      8.00000e+00  48384s
  1107     -2.64345e+01     -7.81250e+00      8.00000e+00  48428s
  1108     -2.50755e+01     -7.81250e+00      8.00000e+00  48473s
  1109     -2.57925e+01     -7.81250e+00      8.00000e+00  48518s
  1110     -2.52745e+01     -7.81250e+00      8.00000e+00  48563s
  1111     -2.50290e+01     -7.81250e+00      8.00000e+00  48606s
  1112     -2.57940e+01     -7.81250e+00      8.00000e+00  48652s
  1113     -2.49570e+01     -7.81250e+00      8.00000e+00  48699s
  1114     -2.54070e+01     -7.81250e+00      8.00000e+00  48741s
  1115     -2.53880e+01     -7.81250e+00      8.00000e+00  48788s
  1116     -2.55995e+01     -7.81250e+00      8.00000e+00  48830s
  1117     -2.54630e+01     -7.81250e+00      8.00000e+00  48871s
  1118     -2.49545e+01     -7.81250e+00      8.00000e+00  48918s
  1119     -2.56725e+01     -7.81250e+00      8.00000e+00  48963s
  1120     -2.58850e+01     -7.81250e+00      8.00000e+00  49007s
  1121     -2.63205e+01     -7.81250e+00      8.00000e+00  49050s
  1122     -2.46880e+01     -7.81250e+00      8.00000e+00  49097s
  1123     -2.49285e+01     -7.81250e+00      8.00000e+00  49140s
  1124     -2.56375e+01     -7.81250e+00      8.00000e+00  49182s
  1125     -2.52195e+01     -7.81250e+00      8.00000e+00  49229s
  1126     -2.47850e+01     -7.81250e+00      8.00000e+00  49275s
  1127     -2.62305e+01     -7.81250e+00      8.00000e+00  49318s
  1128     -2.53475e+01     -7.81250e+00      8.00000e+00  49361s
  1129     -2.60725e+01     -7.81250e+00      8.00000e+00  49407s
  1130     -2.56295e+01     -7.81250e+00      8.00000e+00  49451s
  1131     -2.58430e+01     -7.81250e+00      8.00000e+00  49494s
  1132     -2.52475e+01     -7.81250e+00      8.00000e+00  49540s
  1133     -2.64905e+01     -7.81250e+00      8.00000e+00  49584s
  1134     -2.50460e+01     -7.81250e+00      8.00000e+00  49631s
  1135     -2.47425e+01     -7.81250e+00      8.00000e+00  49676s
  1136     -2.58245e+01     -7.81250e+00      8.00000e+00  49722s
  1137     -2.56140e+01     -7.81250e+00      8.00000e+00  49766s
  1138     -2.48690e+01     -7.81250e+00      8.00000e+00  49811s
  1139     -2.56380e+01     -7.81250e+00      8.00000e+00  49856s
  1140     -2.59000e+01     -7.81250e+00      8.00000e+00  49902s
  1141     -2.59345e+01     -7.81250e+00      8.00000e+00  49948s
  1142     -2.57265e+01     -7.81250e+00      8.00000e+00  49991s
  1143     -2.53180e+01     -7.81250e+00      8.00000e+00  50036s
  1144     -2.56895e+01     -7.81250e+00      8.00000e+00  50082s
  1145     -2.57235e+01     -7.81250e+00      8.00000e+00  50125s
  1146     -2.45505e+01     -7.81250e+00      8.00000e+00  50170s
  1147     -2.52580e+01     -7.81250e+00      8.00000e+00  50217s
  1148     -2.59770e+01     -7.81250e+00      8.00000e+00  50261s
  1149     -2.59600e+01     -7.81250e+00      8.00000e+00  50301s
  1150     -2.63435e+01     -7.81250e+00      8.00000e+00  50346s
  1151     -2.61150e+01     -7.81250e+00      8.00000e+00  50391s
  1152     -2.59920e+01     -7.81250e+00      8.00000e+00  50434s
  1153     -2.54675e+01     -7.81250e+00      8.00000e+00  50479s
  1154     -2.49000e+01     -7.81250e+00      8.00000e+00  50525s
  1155     -2.58570e+01     -7.81250e+00      8.00000e+00  50569s
  1156     -2.53000e+01     -7.81250e+00      8.00000e+00  50612s
  1157     -2.56125e+01     -7.81250e+00      8.00000e+00  50657s
  1158     -2.54140e+01     -7.81250e+00      8.00000e+00  50702s
  1159     -2.61955e+01     -7.81250e+00      8.00000e+00  50744s
  1160     -2.58375e+01     -7.81250e+00      8.00000e+00  50790s
  1161     -2.60325e+01     -7.81250e+00      8.00000e+00  50836s
  1162     -2.47815e+01     -7.81250e+00      8.00000e+00  50877s
  1163     -2.58275e+01     -7.81250e+00      8.00000e+00  50923s
  1164     -2.55095e+01     -7.81250e+00      8.00000e+00  50966s
  1165     -2.54555e+01     -7.81250e+00      8.00000e+00  51008s
  1166     -2.63345e+01     -7.81250e+00      8.00000e+00  51052s
  1167     -2.59385e+01     -7.81250e+00      8.00000e+00  51096s
  1168     -2.57030e+01     -7.81250e+00      8.00000e+00  51143s
  1169     -2.55690e+01     -7.81250e+00      8.00000e+00  51189s
  1170     -2.57580e+01     -7.81250e+00      8.00000e+00  51233s
  1171     -2.49755e+01     -7.81250e+00      8.00000e+00  51279s
  1172     -2.54085e+01     -7.81250e+00      8.00000e+00  51325s
  1173     -2.50300e+01     -7.81250e+00      8.00000e+00  51369s
  1174     -2.52040e+01     -7.81250e+00      8.00000e+00  51415s
  1175     -2.51095e+01     -7.81250e+00      8.00000e+00  51460s
  1176     -2.53500e+01     -7.81250e+00      8.00000e+00  51505s
  1177     -2.57120e+01     -7.81250e+00      8.00000e+00  51548s
  1178     -2.63880e+01     -7.81250e+00      8.00000e+00  51594s
  1179     -2.52420e+01     -7.81250e+00      8.00000e+00  51639s
  1180     -2.56765e+01     -7.81250e+00      8.00000e+00  51682s
  1181     -2.61695e+01     -7.81250e+00      8.00000e+00  51725s
  1182     -2.55925e+01     -7.81250e+00      8.00000e+00  51760s
  1183     -2.57000e+01     -7.81250e+00      8.00000e+00  51806s
  1184     -2.59715e+01     -7.81250e+00      8.00000e+00  51849s
  1185     -2.51245e+01     -7.81250e+00      8.00000e+00  51894s
  1186     -2.56640e+01     -7.81250e+00      8.00000e+00  51940s
  1187     -2.54480e+01     -7.81250e+00      8.00000e+00  51983s
  1188     -2.61760e+01     -7.81250e+00      8.00000e+00  52031s
  1189     -2.55150e+01     -7.81250e+00      8.00000e+00  52078s
  1190     -2.48760e+01     -7.81250e+00      8.00000e+00  52122s
  1191     -2.59020e+01     -7.81250e+00      8.00000e+00  52166s
  1192     -2.60370e+01     -7.81250e+00      8.00000e+00  52213s
  1193     -2.52695e+01     -7.81250e+00      8.00000e+00  52259s
  1194     -2.59470e+01     -7.81250e+00      8.00000e+00  52303s
  1195     -2.52995e+01     -7.81250e+00      8.00000e+00  52349s
  1196     -2.53905e+01     -7.81250e+00      8.00000e+00  52396s
  1197     -2.61885e+01     -7.81250e+00      8.00000e+00  52442s
  1198     -2.62055e+01     -7.81250e+00      8.00000e+00  52487s
  1199     -2.59695e+01     -7.81250e+00      8.00000e+00  52534s
  1200     -2.52815e+01     -7.81250e+00      8.00000e+00  52577s
  1201     -2.59920e+01     -7.81250e+00      8.00000e+00  52621s
  1202     -2.49670e+01     -7.81250e+00      8.00000e+00  52668s
  1203     -2.50775e+01     -7.81250e+00      8.00000e+00  52713s
  1204     -2.60655e+01     -7.81250e+00      8.00000e+00  52757s
  1205     -2.58080e+01     -7.81250e+00      8.00000e+00  52803s
  1206     -2.52565e+01     -7.81250e+00      8.00000e+00  52847s
  1207     -2.52820e+01     -7.81250e+00      8.00000e+00  52890s
  1208     -2.52850e+01     -7.81250e+00      8.00000e+00  52932s
  1209     -2.51750e+01     -7.81250e+00      8.00000e+00  52979s
  1210     -2.59485e+01     -7.81250e+00      8.00000e+00  53024s
  1211     -2.46270e+01     -7.81250e+00      8.00000e+00  53068s
  1212     -2.62640e+01     -7.81250e+00      8.00000e+00  53114s
  1213     -2.53850e+01     -7.81250e+00      8.00000e+00  53159s
  1214     -2.53855e+01     -7.81250e+00      8.00000e+00  53203s
  1215     -2.52185e+01     -7.81250e+00      8.00000e+00  53246s
  1216     -2.62885e+01     -7.81250e+00      8.00000e+00  53291s
  1217     -2.51760e+01     -7.81250e+00      8.00000e+00  53334s
  1218     -2.42425e+01     -7.81250e+00      8.00000e+00  53377s
  1219     -2.53720e+01     -7.81250e+00      8.00000e+00  53423s
  1220     -2.42395e+01     -7.81250e+00      8.00000e+00  53467s
  1221     -2.45860e+01     -7.81250e+00      8.00000e+00  53513s
  1222     -2.60990e+01     -7.81250e+00      8.00000e+00  53558s
  1223     -2.42315e+01     -7.81250e+00      8.00000e+00  53604s
  1224     -2.51580e+01     -7.81250e+00      8.00000e+00  53650s
  1225     -2.54075e+01     -7.81250e+00      8.00000e+00  53691s
  1226     -2.49910e+01     -7.81250e+00      8.00000e+00  53737s
  1227     -2.50255e+01     -7.81250e+00      8.00000e+00  53782s
  1228     -2.56815e+01     -7.81250e+00      8.00000e+00  53826s
  1229     -2.56765e+01     -7.81250e+00      8.00000e+00  53870s
  1230     -2.56370e+01     -7.81250e+00      8.00000e+00  53915s
  1231     -2.52750e+01     -7.81250e+00      8.00000e+00  53960s
  1232     -2.58875e+01     -7.81250e+00      8.00000e+00  54003s
  1233     -2.54375e+01     -7.81250e+00      8.00000e+00  54050s
  1234     -2.52065e+01     -7.81250e+00      8.00000e+00  54094s
  1235     -2.50110e+01     -7.81250e+00      8.00000e+00  54139s
  1236     -2.47845e+01     -7.81250e+00      8.00000e+00  54183s
  1237     -2.59575e+01     -7.81250e+00      8.00000e+00  54230s
  1238     -2.52820e+01     -7.81250e+00      8.00000e+00  54275s
  1239     -2.55070e+01     -7.81250e+00      8.00000e+00  54319s
  1240     -2.56545e+01     -7.81250e+00      8.00000e+00  54364s
  1241     -2.50520e+01     -7.81250e+00      8.00000e+00  54409s
  1242     -2.56755e+01     -7.81250e+00      8.00000e+00  54453s
  1243     -2.54650e+01     -7.81250e+00      8.00000e+00  54497s
  1244     -2.44135e+01     -7.81250e+00      8.00000e+00  54542s
  1245     -2.56770e+01     -7.81250e+00      8.00000e+00  54586s
  1246     -2.56860e+01     -7.81250e+00      8.00000e+00  54628s
  1247     -2.49785e+01     -7.81250e+00      8.00000e+00  54674s
  1248     -2.56810e+01     -7.81250e+00      8.00000e+00  54719s
  1249     -2.54580e+01     -7.81250e+00      8.00000e+00  54764s
  1250     -2.52080e+01     -7.81250e+00      8.00000e+00  54812s
  1251     -2.54455e+01     -7.81250e+00      8.00000e+00  54856s
  1252     -2.56540e+01     -7.81250e+00      8.00000e+00  54903s
  1253     -2.53860e+01     -7.81250e+00      8.00000e+00  54946s
  1254     -2.52440e+01     -7.81250e+00      8.00000e+00  54993s
  1255     -2.49055e+01     -7.81250e+00      8.00000e+00  55037s
  1256     -2.47575e+01     -7.81250e+00      8.00000e+00  55080s
  1257     -2.54845e+01     -7.81250e+00      8.00000e+00  55124s
  1258     -2.49840e+01     -7.81250e+00      8.00000e+00  55168s
  1259     -2.56755e+01     -7.81250e+00      8.00000e+00  55213s
  1260     -2.44605e+01     -7.81250e+00      8.00000e+00  55258s
  1261     -2.61050e+01     -7.81250e+00      8.00000e+00  55303s
  1262     -2.56900e+01     -7.81250e+00      8.00000e+00  55347s
  1263     -2.52390e+01     -7.81250e+00      8.00000e+00  55390s
  1264     -2.59800e+01     -7.81250e+00      8.00000e+00  55436s
  1265     -2.49365e+01     -7.81250e+00      8.00000e+00  55482s
  1266     -2.53460e+01     -7.81250e+00      8.00000e+00  55528s
  1267     -2.47610e+01     -7.81250e+00      8.00000e+00  55570s
  1268     -2.48840e+01     -7.81250e+00      8.00000e+00  55616s
  1269     -2.54520e+01     -7.81250e+00      8.00000e+00  55661s
  1270     -2.51540e+01     -7.81250e+00      8.00000e+00  55701s
  1271     -2.49980e+01     -7.81250e+00      8.00000e+00  55747s
  1272     -2.49675e+01     -7.81250e+00      8.00000e+00  55790s
  1273     -2.60355e+01     -7.81250e+00      8.00000e+00  55836s
  1274     -2.61195e+01     -7.81250e+00      8.00000e+00  55876s
  1275     -2.51610e+01     -7.81250e+00      8.00000e+00  55921s
  1276     -2.63045e+01     -7.81250e+00      8.00000e+00  55965s
  1277     -2.57000e+01     -7.81250e+00      8.00000e+00  56009s
  1278     -2.51680e+01     -7.81250e+00      8.00000e+00  56055s
  1279     -2.48450e+01     -7.81250e+00      8.00000e+00  56100s
  1280     -2.47320e+01     -7.81250e+00      8.00000e+00  56145s
  1281     -2.50365e+01     -7.81250e+00      8.00000e+00  56188s
  1282     -2.52455e+01     -7.81250e+00      8.00000e+00  56234s
  1283     -2.52570e+01     -7.81250e+00      8.00000e+00  56278s
  1284     -2.53280e+01     -7.81250e+00      8.00000e+00  56323s
  1285     -2.49990e+01     -7.81250e+00      8.00000e+00  56368s
  1286     -2.50925e+01     -7.81250e+00      8.00000e+00  56412s
  1287     -2.51590e+01     -7.81250e+00      8.00000e+00  56457s
  1288     -2.50890e+01     -7.81250e+00      8.00000e+00  56500s
  1289     -2.61390e+01     -7.81250e+00      8.00000e+00  56545s
  1290     -2.48520e+01     -7.81250e+00      8.00000e+00  56590s
  1291     -2.64710e+01     -7.81250e+00      8.00000e+00  56632s
  1292     -2.51035e+01     -7.81250e+00      8.00000e+00  56678s
  1293     -2.52020e+01     -7.81250e+00      8.00000e+00  56722s
  1294     -2.56285e+01     -7.81250e+00      8.00000e+00  56770s
  1295     -2.46630e+01     -7.81250e+00      8.00000e+00  56813s
  1296     -2.53140e+01     -7.81250e+00      8.00000e+00  56859s
  1297     -2.55785e+01     -7.81250e+00      8.00000e+00  56904s
  1298     -2.60465e+01     -7.81250e+00      8.00000e+00  56948s
  1299     -2.61300e+01     -7.81250e+00      8.00000e+00  56992s
  1300     -2.51390e+01     -7.81250e+00      8.00000e+00  57038s
  1301     -2.53385e+01     -7.81250e+00      8.00000e+00  57083s
  1302     -2.66225e+01     -7.81250e+00      8.00000e+00  57125s
  1303     -2.49390e+01     -7.81250e+00      8.00000e+00  57171s
  1304     -2.47935e+01     -7.81250e+00      8.00000e+00  57216s
  1305     -2.47945e+01     -7.81250e+00      8.00000e+00  57259s
  1306     -2.57435e+01     -7.81250e+00      8.00000e+00  57304s
  1307     -2.55800e+01     -7.81250e+00      8.00000e+00  57349s
  1308     -2.59130e+01     -7.81250e+00      8.00000e+00  57394s
  1309     -2.50815e+01     -7.81250e+00      8.00000e+00  57438s
  1310     -2.58585e+01     -7.81250e+00      8.00000e+00  57483s
  1311     -2.60240e+01     -7.81250e+00      8.00000e+00  57527s
  1312     -2.48620e+01     -7.81250e+00      8.00000e+00  57568s
  1313     -2.52070e+01     -7.81250e+00      8.00000e+00  57613s
  1314     -2.57915e+01     -7.81250e+00      8.00000e+00  57658s
  1315     -2.52320e+01     -7.81250e+00      8.00000e+00  57703s
  1316     -2.52000e+01     -7.81250e+00      8.00000e+00  57744s
