==================================================
Instance parameters
--------------------------------------------------
Number of vertices:           7
Number of edges:              18
Number of partitions:         3

Density (%):                  86
Name of instance:             seed1_band_pen4.0_noise0.01
Is planar:                    False
==================================================

==================================================
Solver parameters
--------------------------------------------------
Method:                       R-QUBO
Peel:                         False
Decompose:                    False
Fold:                         False

Penalty Multiplier:           4.0
Gates Error Probability:      0.01
QAOA Num Levels:              1
QAOA Scipy Optimizer:         brute
==================================================

  iter        avg-obj        best avg-obj       best-obj      time
     0     -2.94390e+01     -2.94390e+01      8.00000e+00      1s
     2     -2.93150e+01     -2.89070e+01      8.00000e+00      2s
     5     -2.87100e+01     -2.87100e+01      8.00000e+00      4s
     8     -2.99950e+01     -2.87100e+01      8.00000e+00      6s
    10     -2.95860e+01     -2.87100e+01      8.00000e+00      7s
    12     -2.94310e+01     -2.87100e+01      8.00000e+00      8s
    15     -3.08280e+01     -2.87100e+01      8.00000e+00      9s
    18     -2.89530e+01     -2.87100e+01      8.00000e+00     11s
    21     -2.99290e+01     -2.87100e+01      8.00000e+00     13s
    24     -2.98820e+01     -2.79790e+01      8.00000e+00     14s
    27     -2.86890e+01     -2.79790e+01      8.00000e+00     16s
    30     -2.87700e+01     -2.79790e+01      8.00000e+00     17s
    33     -2.99220e+01     -2.79790e+01      8.00000e+00     19s
    36     -2.97560e+01     -2.79790e+01      8.00000e+00     20s
    39     -3.04570e+01     -2.79790e+01      8.00000e+00     21s
    42     -3.02290e+01     -2.79790e+01      8.00000e+00     23s
    45     -2.96820e+01     -2.79790e+01      8.00000e+00     25s
    47     -2.87340e+01     -2.79790e+01      8.00000e+00     26s
    50     -3.01320e+01     -2.79790e+01      8.00000e+00     28s
    52     -2.87330e+01     -2.68220e+01      8.00000e+00     29s
    55     -3.90930e+01     -2.68220e+01      8.00000e+00     30s
    58     -3.90850e+01     -2.68220e+01      8.00000e+00     32s
    60     -3.40310e+01     -2.68220e+01      8.00000e+00     33s
    62     -3.07970e+01     -2.68220e+01      8.00000e+00     35s
    64     -3.61170e+01     -2.68220e+01      8.00000e+00     36s
    66     -5.43450e+01     -2.68220e+01      8.00000e+00     37s
    69     -6.77340e+01     -2.68220e+01      8.00000e+00     39s
    71     -5.79050e+01     -2.68220e+01      8.00000e+00     40s
    73     -4.03160e+01     -2.68220e+01      8.00000e+00     41s
    75     -2.78210e+01     -2.68220e+01      8.00000e+00     43s
    76     -2.70300e+01     -2.68220e+01      8.00000e+00     44s
    78     -3.48090e+01     -2.68220e+01      8.00000e+00     45s
    80     -4.07240e+01     -2.68220e+01      8.00000e+00     46s
    82     -4.31100e+01     -2.68220e+01      8.00000e+00     47s
    84     -3.70630e+01     -2.68220e+01      8.00000e+00     48s
    86     -3.11280e+01     -2.68220e+01      8.00000e+00     49s
    88     -3.42490e+01     -2.68220e+01      8.00000e+00     50s
    90     -5.04260e+01     -2.68220e+01      8.00000e+00     52s
    92     -6.36120e+01     -2.68220e+01      8.00000e+00     53s
    95     -6.10840e+01     -2.68220e+01      8.00000e+00     55s
    97     -4.43650e+01     -2.68220e+01      8.00000e+00     56s
    99     -2.96550e+01     -2.68220e+01      8.00000e+00     57s
   101     -3.71600e+01     -2.68220e+01      8.00000e+00     58s
   103     -4.71230e+01     -2.68220e+01      8.00000e+00     60s
   105     -4.96500e+01     -2.68220e+01      8.00000e+00     61s
   107     -4.40940e+01     -2.68220e+01      8.00000e+00     62s
   109     -3.30940e+01     -2.68220e+01      8.00000e+00     63s
   111     -3.00300e+01     -2.68220e+01      8.00000e+00     65s
   113     -3.08210e+01     -2.68220e+01      8.00000e+00     66s
   115     -3.46870e+01     -2.68220e+01      8.00000e+00     67s
   117     -3.31600e+01     -2.68220e+01      8.00000e+00     68s
   119     -2.64350e+01     -2.64350e+01      8.00000e+00     69s
   122     -2.02720e+01     -2.02720e+01      8.00000e+00     71s
   125     -3.42260e+01     -2.02720e+01      8.00000e+00     73s
   128     -4.83200e+01     -2.02720e+01      8.00000e+00     74s
   131     -4.59950e+01     -2.02720e+01      8.00000e+00     76s
   133     -3.68120e+01     -2.02720e+01      8.00000e+00     77s
   135     -3.07530e+01     -2.02720e+01      8.00000e+00     79s
   137     -3.11100e+01     -2.02720e+01      8.00000e+00     80s
   139     -3.38230e+01     -2.02720e+01      8.00000e+00     81s
   141     -3.19260e+01     -2.02720e+01      8.00000e+00     82s
   143     -2.76350e+01     -2.02720e+01      8.00000e+00     84s
   145     -2.25150e+01     -2.02720e+01      8.00000e+00     85s
   147     -2.27270e+01     -1.97940e+01      8.00000e+00     86s
   149     -2.97300e+01     -1.97940e+01      8.00000e+00     87s
   151     -2.53200e+01     -1.97940e+01      8.00000e+00     89s
   154     -2.56040e+01     -1.97940e+01      8.00000e+00     90s
   156     -2.92990e+01     -1.97940e+01      8.00000e+00     91s
   158     -3.01770e+01     -1.97940e+01      8.00000e+00     92s
   160     -2.85090e+01     -1.97940e+01      8.00000e+00     94s
   162     -2.94560e+01     -1.97940e+01      8.00000e+00     95s
   164     -3.64550e+01     -1.97940e+01      8.00000e+00     96s
   167     -5.29070e+01     -1.97940e+01      8.00000e+00     98s
   170     -5.18800e+01     -1.97940e+01      8.00000e+00    100s
   172     -4.44060e+01     -1.97940e+01      8.00000e+00    101s
   174     -3.21040e+01     -1.97940e+01      8.00000e+00    102s
   176     -2.62320e+01     -1.97940e+01      8.00000e+00    103s
   178     -2.52420e+01     -1.97940e+01      8.00000e+00    105s
   180     -2.80880e+01     -1.97940e+01      8.00000e+00    106s
   182     -3.12300e+01     -1.97940e+01      8.00000e+00    107s
   184     -2.77360e+01     -1.97940e+01      8.00000e+00    108s
   186     -2.94040e+01     -1.97940e+01      8.00000e+00    110s
   188     -3.36310e+01     -1.97940e+01      8.00000e+00    111s
   190     -4.34660e+01     -1.97940e+01      8.00000e+00    112s
   192     -5.17270e+01     -1.97940e+01      8.00000e+00    113s
   194     -5.57420e+01     -1.97940e+01      8.00000e+00    114s
   196     -4.73730e+01     -1.97940e+01      8.00000e+00    116s
   199     -3.01850e+01     -1.97940e+01      8.00000e+00    117s
   201     -3.11850e+01     -1.97940e+01      8.00000e+00    119s
   204     -3.85270e+01     -1.97940e+01      8.00000e+00    120s
   207     -3.68690e+01     -1.97940e+01      8.00000e+00    122s
   209     -3.20640e+01     -1.97940e+01      8.00000e+00    123s
   211     -2.79450e+01     -1.97940e+01      8.00000e+00    124s
   213     -3.30560e+01     -1.97940e+01      8.00000e+00    126s
   215     -3.76450e+01     -1.97940e+01      8.00000e+00    127s
   218     -3.81820e+01     -1.97940e+01      8.00000e+00    129s
   221     -3.35410e+01     -1.97940e+01      8.00000e+00    130s
   224     -2.96200e+01     -1.97940e+01      8.00000e+00    132s
   226     -3.40900e+01     -1.97940e+01      8.00000e+00    133s
   228     -3.76490e+01     -1.97940e+01      8.00000e+00    135s
   230     -4.01240e+01     -1.97940e+01      8.00000e+00    136s
   232     -3.52380e+01     -1.97940e+01      8.00000e+00    137s
   234     -3.01280e+01     -1.97940e+01      8.00000e+00    138s
   236     -2.86390e+01     -1.97940e+01      8.00000e+00    139s
   238     -3.22640e+01     -1.97940e+01      8.00000e+00    141s
   240     -3.78920e+01     -1.97940e+01      8.00000e+00    142s
   242     -3.92270e+01     -1.97940e+01      8.00000e+00    143s
   245     -3.30800e+01     -1.97940e+01      8.00000e+00    145s
   247     -2.96410e+01     -1.97940e+01      8.00000e+00    146s
   249     -2.91800e+01     -1.97940e+01      8.00000e+00    147s
   251     -3.00070e+01     -1.97940e+01      8.00000e+00    149s
   253     -3.16980e+01     -1.97940e+01      8.00000e+00    150s
   255     -3.28330e+01     -1.97940e+01      8.00000e+00    151s
   257     -3.20950e+01     -1.97940e+01      8.00000e+00    152s
   259     -3.05110e+01     -1.97940e+01      8.00000e+00    154s
   261     -3.01480e+01     -1.97940e+01      8.00000e+00    155s
   262     -2.97670e+01     -1.97940e+01      8.00000e+00    156s
   264     -3.35110e+01     -1.97940e+01      8.00000e+00    157s
   266     -3.80660e+01     -1.97940e+01      8.00000e+00    159s
   268     -4.13190e+01     -1.97940e+01      8.00000e+00    160s
   270     -3.91760e+01     -1.97940e+01      8.00000e+00    161s
   272     -3.42590e+01     -1.97940e+01      8.00000e+00    163s
   274     -3.02270e+01     -1.97940e+01      8.00000e+00    164s
   276     -2.83750e+01     -1.97940e+01      8.00000e+00    165s
   278     -3.27870e+01     -1.97940e+01      8.00000e+00    166s
   280     -3.26680e+01     -1.97940e+01      8.00000e+00    167s
   281     -3.25050e+01     -1.97940e+01      8.00000e+00    169s
   283     -3.17000e+01     -1.97940e+01      8.00000e+00    170s
   285     -2.86390e+01     -1.97940e+01      8.00000e+00    171s
   287     -3.07430e+01     -1.97940e+01      8.00000e+00    172s
   289     -3.48350e+01     -1.97940e+01      8.00000e+00    174s
   291     -4.02860e+01     -1.97940e+01      8.00000e+00    175s
   294     -4.12880e+01     -1.97940e+01      8.00000e+00    177s
   297     -3.30130e+01     -1.97940e+01      8.00000e+00    178s
   300     -3.16590e+01     -1.97940e+01      8.00000e+00    180s
   302     -3.14440e+01     -1.97940e+01      8.00000e+00    181s
   304     -3.31640e+01     -1.97940e+01      8.00000e+00    183s
   306     -3.39380e+01     -1.97940e+01      8.00000e+00    184s
   308     -3.39760e+01     -1.97940e+01      8.00000e+00    185s
   310     -3.03010e+01     -1.97940e+01      8.00000e+00    186s
   312     -2.96270e+01     -1.97940e+01      8.00000e+00    187s
   314     -3.27110e+01     -1.97940e+01      8.00000e+00    188s
   316     -3.61940e+01     -1.97940e+01      8.00000e+00    190s
   318     -3.70920e+01     -1.97940e+01      8.00000e+00    191s
   319     -3.57760e+01     -1.97940e+01      8.00000e+00    192s
   322     -3.09990e+01     -1.97940e+01      8.00000e+00    194s
   324     -2.97630e+01     -1.97940e+01      8.00000e+00    195s
   326     -3.02950e+01     -1.97940e+01      8.00000e+00    196s
   328     -3.31530e+01     -1.97940e+01      8.00000e+00    198s
   330     -3.57350e+01     -1.97940e+01      8.00000e+00    199s
   332     -3.33900e+01     -1.97940e+01      8.00000e+00    200s
   334     -3.07010e+01     -1.97940e+01      8.00000e+00    202s
   337     -2.93550e+01     -1.97940e+01      8.00000e+00    204s
   339     -3.18520e+01     -1.97940e+01      8.00000e+00    205s
   342     -3.68230e+01     -1.97940e+01      8.00000e+00    207s
   344     -3.54710e+01     -1.97940e+01      8.00000e+00    208s
   346     -3.33730e+01     -1.97940e+01      8.00000e+00    209s
   348     -3.12590e+01     -1.97940e+01      8.00000e+00    210s
   350     -3.12470e+01     -1.97940e+01      8.00000e+00    212s
   352     -2.94150e+01     -1.97940e+01      8.00000e+00    213s
   354     -3.15620e+01     -1.97940e+01      8.00000e+00    215s
   357     -3.15680e+01     -1.97940e+01      8.00000e+00    216s
   360     -3.08620e+01     -1.97940e+01      8.00000e+00    218s
   362     -3.04730e+01     -1.97940e+01      8.00000e+00    219s
   364     -3.24540e+01     -1.97940e+01      8.00000e+00    220s
   365     -3.27100e+01     -1.97940e+01      8.00000e+00    221s
   368     -3.49880e+01     -1.97940e+01      8.00000e+00    223s
   370     -3.46030e+01     -1.97940e+01      8.00000e+00    224s
   372     -3.28970e+01     -1.97940e+01      8.00000e+00    225s
   374     -3.03860e+01     -1.97940e+01      8.00000e+00    227s
   376     -3.08310e+01     -1.97940e+01      8.00000e+00    228s
   378     -3.13860e+01     -1.97940e+01      8.00000e+00    229s
   380     -3.32710e+01     -1.97940e+01      8.00000e+00    230s
   382     -3.07780e+01     -1.97940e+01      8.00000e+00    232s
   384     -3.20410e+01     -1.97940e+01      8.00000e+00    233s
   386     -2.99910e+01     -1.97940e+01      8.00000e+00    234s
   389     -3.32510e+01     -1.97940e+01      8.00000e+00    236s
   391     -3.51440e+01     -1.97940e+01      8.00000e+00    237s
   393     -3.55060e+01     -1.97940e+01      8.00000e+00    238s
   395     -3.43550e+01     -1.97940e+01      8.00000e+00    239s
   398     -3.03400e+01     -1.97940e+01      8.00000e+00    241s
   401     -3.09620e+01     -1.97940e+01      8.00000e+00    243s
   403     -3.01560e+01     -1.97940e+01      8.00000e+00    244s
   405     -3.33620e+01     -1.97940e+01      8.00000e+00    245s
   407     -3.23750e+01     -1.97940e+01      8.00000e+00    246s
   409     -3.13680e+01     -1.97940e+01      8.00000e+00    247s
   411     -2.91830e+01     -1.97940e+01      8.00000e+00    248s
   413     -2.88890e+01     -1.97940e+01      8.00000e+00    250s
   414     -3.09540e+01     -1.97940e+01      8.00000e+00    251s
   416     -3.13960e+01     -1.97940e+01      8.00000e+00    252s
   418     -3.30470e+01     -1.97940e+01      8.00000e+00    253s
   420     -3.32150e+01     -1.97940e+01      8.00000e+00    254s
   422     -3.12450e+01     -1.97940e+01      8.00000e+00    256s
   424     -2.89630e+01     -1.97940e+01      8.00000e+00    257s
   427     -3.09170e+01     -1.97940e+01      8.00000e+00    259s
   430     -3.27260e+01     -1.97940e+01      8.00000e+00    260s
   432     -3.14260e+01     -1.97940e+01      8.00000e+00    261s
   434     -3.07610e+01     -1.97940e+01      8.00000e+00    263s
   436     -2.95250e+01     -1.97940e+01      8.00000e+00    264s
   438     -3.00110e+01     -1.97940e+01      8.00000e+00    265s
   440     -3.12190e+01     -1.97940e+01      8.00000e+00    267s
   443     -3.21330e+01     -1.97940e+01      8.00000e+00    269s
   445     -3.14310e+01     -1.97940e+01      8.00000e+00    270s
   447     -3.01050e+01     -1.97940e+01      8.00000e+00    271s
   448     -3.07070e+01     -1.97940e+01      8.00000e+00    272s
   450     -3.07820e+01     -1.97940e+01      8.00000e+00    273s
   452     -3.14180e+01     -1.97940e+01      8.00000e+00    274s
   454     -3.06080e+01     -1.97940e+01      8.00000e+00    275s
   456     -3.14210e+01     -1.97940e+01      8.00000e+00    277s
   459     -3.10840e+01     -1.97940e+01      8.00000e+00    278s
   461     -2.97170e+01     -1.97940e+01      8.00000e+00    279s
   463     -2.89680e+01     -1.97940e+01      8.00000e+00    281s
   465     -3.05510e+01     -1.97940e+01      8.00000e+00    282s
   467     -3.13050e+01     -1.97940e+01      8.00000e+00    283s
   469     -3.17480e+01     -1.97940e+01      8.00000e+00    285s
   471     -3.14410e+01     -1.97940e+01      8.00000e+00    286s
   473     -2.96950e+01     -1.97940e+01      8.00000e+00    287s
   475     -2.96430e+01     -1.97940e+01      8.00000e+00    288s
   477     -2.95590e+01     -1.97940e+01      8.00000e+00    290s
   479     -3.18470e+01     -1.97940e+01      8.00000e+00    291s
   481     -3.14580e+01     -1.97940e+01      8.00000e+00    292s
   483     -3.08700e+01     -1.97940e+01      8.00000e+00    293s
   485     -2.93090e+01     -1.97940e+01      8.00000e+00    295s
   487     -3.05200e+01     -1.97940e+01      8.00000e+00    296s
   489     -2.93780e+01     -1.97940e+01      8.00000e+00    297s
   491     -3.02930e+01     -1.97940e+01      8.00000e+00    298s
   493     -3.05600e+01     -1.97940e+01      8.00000e+00    299s
   495     -3.07660e+01     -1.97940e+01      8.00000e+00    300s
   497     -3.08810e+01     -1.97940e+01      8.00000e+00    302s
   499     -2.96900e+01     -1.97940e+01      8.00000e+00    303s
   501     -3.00190e+01     -1.97940e+01      8.00000e+00    304s
   503     -2.89770e+01     -1.97940e+01      8.00000e+00    306s
   505     -3.07130e+01     -1.97940e+01      8.00000e+00    307s
   507     -2.95560e+01     -1.97940e+01      8.00000e+00    309s
   509     -3.07280e+01     -1.97940e+01      8.00000e+00    310s
   511     -2.97740e+01     -1.97940e+01      8.00000e+00    311s
   513     -3.13860e+01     -1.97940e+01      8.00000e+00    312s
   515     -3.10600e+01     -1.97940e+01      8.00000e+00    314s
   517     -3.13090e+01     -1.97940e+01      8.00000e+00    315s
   519     -3.09660e+01     -1.97940e+01      8.00000e+00    316s
   521     -3.04190e+01     -1.97940e+01      8.00000e+00    318s
   523     -2.94930e+01     -1.97940e+01      8.00000e+00    319s
   525     -3.01680e+01     -1.97940e+01      8.00000e+00    320s
   527     -3.08800e+01     -1.97940e+01      8.00000e+00    321s
   529     -3.12730e+01     -1.97940e+01      8.00000e+00    323s
   531     -3.15990e+01     -1.97940e+01      8.00000e+00    324s
   533     -3.01410e+01     -1.97940e+01      8.00000e+00    326s
   535     -2.87820e+01     -1.97940e+01      8.00000e+00    327s
   537     -2.99780e+01     -1.97940e+01      8.00000e+00    328s
   539     -2.87130e+01     -1.97940e+01      8.00000e+00    329s
   540     -2.99690e+01     -1.97940e+01      8.00000e+00    330s
   543     -2.99930e+01     -1.97940e+01      8.00000e+00    332s
   545     -3.03430e+01     -1.97940e+01      8.00000e+00    334s
   548     -2.93950e+01     -1.97940e+01      8.00000e+00    335s
   550     -2.98290e+01     -1.97940e+01      8.00000e+00    337s
   552     -2.93570e+01     -1.97940e+01      8.00000e+00    338s
   554     -3.15580e+01     -1.97940e+01      8.00000e+00    339s
   556     -3.05880e+01     -1.97940e+01      8.00000e+00    340s
   558     -3.10150e+01     -1.97940e+01      8.00000e+00    342s
   560     -3.06690e+01     -1.97940e+01      8.00000e+00    343s
   562     -3.09270e+01     -1.97940e+01      8.00000e+00    345s
   564     -2.84110e+01     -1.97940e+01      8.00000e+00    346s
   566     -3.13540e+01     -1.97940e+01      8.00000e+00    347s
   568     -3.04640e+01     -1.97940e+01      8.00000e+00    348s
   570     -2.92040e+01     -1.97940e+01      8.00000e+00    349s
   572     -3.03360e+01     -1.97940e+01      8.00000e+00    350s
   574     -2.99820e+01     -1.97940e+01      8.00000e+00    352s
   576     -3.00410e+01     -1.97940e+01      8.00000e+00    353s
   578     -2.94110e+01     -1.97940e+01      8.00000e+00    354s
   580     -3.10350e+01     -1.97940e+01      8.00000e+00    356s
   583     -2.94660e+01     -1.97940e+01      8.00000e+00    358s
   585     -3.07550e+01     -1.97940e+01      8.00000e+00    359s
   587     -3.08320e+01     -1.97940e+01      8.00000e+00    360s
   588     -3.03600e+01     -1.97940e+01      8.00000e+00    361s
   590     -2.82190e+01     -1.97940e+01      8.00000e+00    362s
   592     -2.93530e+01     -1.97940e+01      8.00000e+00    364s
   595     -3.12400e+01     -1.97940e+01      8.00000e+00    365s
   597     -3.05310e+01     -1.97940e+01      8.00000e+00    367s
   600     -3.03640e+01     -1.97940e+01      8.00000e+00    369s
   602     -2.99070e+01     -1.97940e+01      8.00000e+00    370s
   605     -2.91710e+01     -1.97940e+01      8.00000e+00    371s
   608     -2.95740e+01     -1.97940e+01      8.00000e+00    372s
   611     -3.07850e+01     -1.97940e+01      8.00000e+00    373s
   614     -3.14440e+01     -1.97940e+01      8.00000e+00    375s
   617     -2.90900e+01     -1.97940e+01      8.00000e+00    376s
   619     -2.87410e+01     -1.97940e+01      8.00000e+00    377s
   621     -2.99640e+01     -1.97940e+01      8.00000e+00    378s
   623     -3.00360e+01     -1.97940e+01      8.00000e+00    379s
   625     -2.97280e+01     -1.97940e+01      8.00000e+00    381s
   626     -3.03330e+01     -1.97940e+01      8.00000e+00    382s
   629     -2.89550e+01     -1.97940e+01      8.00000e+00    383s
   631     -3.07520e+01     -1.97940e+01      8.00000e+00    384s
   633     -2.94490e+01     -1.97940e+01      8.00000e+00    385s
   634     -2.85850e+01     -1.97940e+01      8.00000e+00    386s
   636     -3.05550e+01     -1.97940e+01      8.00000e+00    388s
   638     -3.09160e+01     -1.97940e+01      8.00000e+00    389s
   640     -2.95570e+01     -1.97940e+01      8.00000e+00    391s
   642     -2.99190e+01     -1.97940e+01      8.00000e+00    392s
   644     -3.11090e+01     -1.97940e+01      8.00000e+00    393s
   645     -3.00450e+01     -1.97940e+01      8.00000e+00    394s
   647     -2.96680e+01     -1.97940e+01      8.00000e+00    395s
   649     -3.17830e+01     -1.97940e+01      8.00000e+00    396s
   651     -2.99940e+01     -1.97940e+01      8.00000e+00    398s
   653     -3.05260e+01     -1.97940e+01      8.00000e+00    399s
   655     -2.95670e+01     -1.97940e+01      8.00000e+00    400s
   657     -3.07310e+01     -1.97940e+01      8.00000e+00    402s
   659     -3.01250e+01     -1.97940e+01      8.00000e+00    403s
   661     -2.92640e+01     -1.97940e+01      8.00000e+00    404s
   663     -3.07470e+01     -1.97940e+01      8.00000e+00    405s
   665     -2.92880e+01     -1.97940e+01      8.00000e+00    407s
   667     -3.12060e+01     -1.97940e+01      8.00000e+00    408s
   669     -3.02240e+01     -1.97940e+01      8.00000e+00    409s
   671     -3.08370e+01     -1.97940e+01      8.00000e+00    410s
   673     -2.98620e+01     -1.97940e+01      8.00000e+00    412s
   675     -2.92430e+01     -1.97940e+01      8.00000e+00    413s
   677     -3.05010e+01     -1.97940e+01      8.00000e+00    414s
   679     -3.01600e+01     -1.97940e+01      8.00000e+00    416s
   681     -2.92740e+01     -1.97940e+01      8.00000e+00    417s
   683     -3.04080e+01     -1.97940e+01      8.00000e+00    418s
   685     -2.94790e+01     -1.97940e+01      8.00000e+00    419s
   686     -3.03030e+01     -1.97940e+01      8.00000e+00    421s
   688     -2.99610e+01     -1.97940e+01      8.00000e+00    422s
   690     -2.96210e+01     -1.97940e+01      8.00000e+00    423s
   692     -3.00210e+01     -1.97940e+01      8.00000e+00    424s
   694     -2.92390e+01     -1.97940e+01      8.00000e+00    426s
   696     -3.12860e+01     -1.97940e+01      8.00000e+00    427s
   698     -3.09970e+01     -1.97940e+01      8.00000e+00    428s
   700     -3.02840e+01     -1.97940e+01      8.00000e+00    430s
   702     -3.12500e+01     -1.97940e+01      8.00000e+00    431s
   704     -2.94330e+01     -1.97940e+01      8.00000e+00    432s
   706     -3.09510e+01     -1.97940e+01      8.00000e+00    433s
   708     -2.96790e+01     -1.97940e+01      8.00000e+00    435s
   709     -2.97530e+01     -1.97940e+01      8.00000e+00    436s
   711     -3.05680e+01     -1.97940e+01      8.00000e+00    437s
   713     -3.03650e+01     -1.97940e+01      8.00000e+00    438s
   715     -3.00950e+01     -1.97940e+01      8.00000e+00    440s
   717     -2.97140e+01     -1.97940e+01      8.00000e+00    441s
   719     -2.99130e+01     -1.97940e+01      8.00000e+00    442s
   721     -3.06040e+01     -1.97940e+01      8.00000e+00    444s
   723     -3.03560e+01     -1.97940e+01      8.00000e+00    445s
   725     -2.93790e+01     -1.97940e+01      8.00000e+00    446s
   727     -3.00220e+01     -1.97940e+01      8.00000e+00    448s
   729     -3.05280e+01     -1.97940e+01      8.00000e+00    449s
   731     -2.97720e+01     -1.97940e+01      8.00000e+00    451s
   732     -2.98320e+01     -1.97940e+01      8.00000e+00    452s
   734     -2.98860e+01     -1.97940e+01      8.00000e+00    454s
   735     -2.97560e+01     -1.97940e+01      8.00000e+00    456s
   737     -3.00420e+01     -1.97940e+01      8.00000e+00    457s
   738     -2.98410e+01     -1.97940e+01      8.00000e+00    459s
   740     -2.90020e+01     -1.97940e+01      8.00000e+00    460s
   742     -3.06590e+01     -1.97940e+01      8.00000e+00    463s
   743     -2.95800e+01     -1.97940e+01      8.00000e+00    464s
   745     -2.90390e+01     -1.97940e+01      8.00000e+00    465s
   747     -3.03290e+01     -1.97940e+01      8.00000e+00    467s
   749     -2.89370e+01     -1.97940e+01      8.00000e+00    469s
   750     -2.90070e+01     -1.97940e+01      8.00000e+00    470s
   751     -2.89710e+01     -1.97940e+01      8.00000e+00    471s
   753     -2.93210e+01     -1.97940e+01      8.00000e+00    473s
   755     -2.92180e+01     -1.97940e+01      8.00000e+00    474s
   756     -2.89020e+01     -1.97940e+01      8.00000e+00    475s
   758     -2.97370e+01     -1.97940e+01      8.00000e+00    477s
   760     -3.01860e+01     -1.97940e+01      8.00000e+00    478s
   761     -2.94660e+01     -1.97940e+01      8.00000e+00    480s
   763     -2.93070e+01     -1.97940e+01      8.00000e+00    481s
   764     -2.95830e+01     -1.97940e+01      8.00000e+00    482s
   766     -2.96310e+01     -1.97940e+01      8.00000e+00    484s
   768     -2.89600e+01     -1.97940e+01      8.00000e+00    485s
   769     -2.89620e+01     -1.97940e+01      8.00000e+00    487s
   771     -2.83580e+01     -1.97940e+01      8.00000e+00    488s
   773     -2.96240e+01     -1.97940e+01      8.00000e+00    490s
   775     -3.00100e+01     -1.97940e+01      8.00000e+00    491s
   777     -3.09820e+01     -1.97940e+01      8.00000e+00    493s
   778     -2.83160e+01     -1.97940e+01      8.00000e+00    495s
   780     -2.78400e+01     -1.97940e+01      8.00000e+00    496s
   781     -2.90900e+01     -1.97940e+01      8.00000e+00    497s
   783     -2.93030e+01     -1.97940e+01      8.00000e+00    499s
   785     -2.97460e+01     -1.97940e+01      8.00000e+00    501s
   786     -3.00690e+01     -1.97940e+01      8.00000e+00    502s
   788     -3.14310e+01     -1.97940e+01      8.00000e+00    504s
   790     -2.94440e+01     -1.97940e+01      8.00000e+00    506s
   791     -3.04990e+01     -1.97940e+01      8.00000e+00    507s
   793     -2.98750e+01     -1.97940e+01      8.00000e+00    508s
   794     -3.04730e+01     -1.97940e+01      8.00000e+00    509s
   796     -2.97510e+01     -1.97940e+01      8.00000e+00    511s
   798     -3.06680e+01     -1.97940e+01      8.00000e+00    512s
   799     -3.12370e+01     -1.97940e+01      8.00000e+00    514s
   801     -3.05120e+01     -1.97940e+01      8.00000e+00    516s
   803     -3.13810e+01     -1.97940e+01      8.00000e+00    517s
   805     -3.24090e+01     -1.97940e+01      8.00000e+00    519s
   807     -3.16620e+01     -1.97940e+01      8.00000e+00    520s
   808     -3.20200e+01     -1.97940e+01      8.00000e+00    521s
   809     -3.17240e+01     -1.97940e+01      8.00000e+00    523s
   811     -3.01190e+01     -1.97940e+01      8.00000e+00    524s
   813     -2.94900e+01     -1.97940e+01      8.00000e+00    526s
   815     -3.21730e+01     -1.97940e+01      8.00000e+00    528s
   817     -3.19470e+01     -1.97940e+01      8.00000e+00    529s
   818     -3.32500e+01     -1.97940e+01      8.00000e+00    531s
   820     -3.15100e+01     -1.97940e+01      8.00000e+00    532s
   821     -3.23480e+01     -1.97940e+01      8.00000e+00    534s
   823     -3.05830e+01     -1.97940e+01      8.00000e+00    535s
   824     -3.16380e+01     -1.97940e+01      8.00000e+00    536s
   825     -3.00020e+01     -1.97940e+01      8.00000e+00    537s
   827     -2.98610e+01     -1.97940e+01      8.00000e+00    539s
   828     -3.11700e+01     -1.97940e+01      8.00000e+00    540s
   829     -3.18840e+01     -1.97940e+01      8.00000e+00    541s
   831     -3.39110e+01     -1.97940e+01      8.00000e+00    543s
   833     -3.04750e+01     -1.97940e+01      8.00000e+00    545s
   835     -3.08670e+01     -1.97940e+01      8.00000e+00    546s
   837     -2.98780e+01     -1.97940e+01      8.00000e+00    548s
   838     -3.11680e+01     -1.97940e+01      8.00000e+00    549s
   840     -3.13540e+01     -1.97940e+01      8.00000e+00    550s
   842     -3.19200e+01     -1.97940e+01      8.00000e+00    552s
   843     -3.28070e+01     -1.97940e+01      8.00000e+00    553s
   845     -3.25280e+01     -1.97940e+01      8.00000e+00    555s
   847     -3.05210e+01     -1.97940e+01      8.00000e+00    557s
   849     -3.00980e+01     -1.97940e+01      8.00000e+00    558s
   851     -2.93070e+01     -1.97940e+01      8.00000e+00    559s
   852     -2.77140e+01     -1.97940e+01      8.00000e+00    560s
   853     -2.71290e+01     -1.97940e+01      8.00000e+00    561s
   855     -2.62520e+01     -1.97940e+01      8.00000e+00    563s
   856     -2.44310e+01     -1.97940e+01      8.00000e+00    564s
   857     -2.60280e+01     -1.97940e+01      8.00000e+00    565s
   859     -2.72690e+01     -1.97940e+01      8.00000e+00    567s
   861     -2.95340e+01     -1.97940e+01      8.00000e+00    568s
   862     -3.01290e+01     -1.97940e+01      8.00000e+00    569s
   864     -2.82450e+01     -1.97940e+01      8.00000e+00    571s
   866     -2.68010e+01     -1.97940e+01      8.00000e+00    573s
   868     -2.58970e+01     -1.97940e+01      8.00000e+00    574s
   870     -2.67770e+01     -1.97940e+01      8.00000e+00    576s
   872     -2.77950e+01     -1.97940e+01      8.00000e+00    577s
   874     -3.03300e+01     -1.97940e+01      8.00000e+00    579s
   876     -2.86460e+01     -1.97940e+01      8.00000e+00    581s
   878     -2.63230e+01     -1.97940e+01      8.00000e+00    583s
   879     -2.48090e+01     -1.97940e+01      8.00000e+00    584s
   881     -2.56010e+01     -1.97940e+01      8.00000e+00    586s
   883     -2.69460e+01     -1.97940e+01      8.00000e+00    587s
   884     -2.77950e+01     -1.97940e+01      8.00000e+00    588s
   885     -2.90930e+01     -1.97940e+01      8.00000e+00    589s
   887     -2.85280e+01     -1.97940e+01      8.00000e+00    591s
   889     -2.87900e+01     -1.97940e+01      8.00000e+00    593s
   891     -2.59430e+01     -1.97940e+01      8.00000e+00    594s
   893     -2.47710e+01     -1.97940e+01      8.00000e+00    597s
   895     -2.65810e+01     -1.97940e+01      8.00000e+00    598s
   896     -2.59890e+01     -1.97940e+01      8.00000e+00    599s
   898     -2.91500e+01     -1.97940e+01      8.00000e+00    601s
   899     -3.08750e+01     -1.97940e+01      8.00000e+00    602s
   900     -3.04590e+01     -1.97940e+01      8.00000e+00    603s
   902     -3.11690e+01     -1.97940e+01      8.00000e+00    605s
   904     -3.25720e+01     -1.97940e+01      8.00000e+00    607s
   905     -3.37550e+01     -1.97940e+01      8.00000e+00    608s
   907     -3.40930e+01     -1.97940e+01      8.00000e+00    609s
   909     -3.20120e+01     -1.97940e+01      8.00000e+00    611s
   911     -3.07460e+01     -1.97940e+01      8.00000e+00    613s
   913     -2.99750e+01     -1.97940e+01      8.00000e+00    615s
   914     -3.03570e+01     -1.97940e+01      8.00000e+00    616s
   916     -3.42130e+01     -1.97940e+01      8.00000e+00    617s
   917     -3.42490e+01     -1.97940e+01      8.00000e+00    618s
   919     -3.25250e+01     -1.97940e+01      8.00000e+00    620s
   921     -3.37200e+01     -1.97940e+01      8.00000e+00    622s
   922     -3.15930e+01     -1.97940e+01      8.00000e+00    623s
   924     -3.10450e+01     -1.97940e+01      8.00000e+00    625s
   926     -3.07460e+01     -1.97940e+01      8.00000e+00    627s
   928     -3.33780e+01     -1.97940e+01      8.00000e+00    628s
   929     -3.21070e+01     -1.97940e+01      8.00000e+00    630s
   931     -3.55800e+01     -1.97940e+01      8.00000e+00    631s
   933     -3.24530e+01     -1.97940e+01      8.00000e+00    632s
   935     -3.11940e+01     -1.97940e+01      8.00000e+00    634s
   937     -2.90320e+01     -1.97940e+01      8.00000e+00    636s
   938     -2.90280e+01     -1.97940e+01      8.00000e+00    637s
   939     -3.13300e+01     -1.97940e+01      8.00000e+00    638s
   941     -3.31040e+01     -1.97940e+01      8.00000e+00    640s
   943     -3.67030e+01     -1.97940e+01      8.00000e+00    642s
   945     -3.36530e+01     -1.97940e+01      8.00000e+00    643s
   947     -3.16860e+01     -1.97940e+01      8.00000e+00    645s
   948     -2.97450e+01     -1.97940e+01      8.00000e+00    646s
   950     -3.16620e+01     -1.97940e+01      8.00000e+00    648s
   952     -2.93910e+01     -1.97940e+01      8.00000e+00    649s
   953     -2.91020e+01     -1.97940e+01      8.00000e+00    650s
   955     -2.74700e+01     -1.97940e+01      8.00000e+00    652s
   957     -2.76180e+01     -1.97940e+01      8.00000e+00    654s
   958     -2.81290e+01     -1.97940e+01      8.00000e+00    655s
   960     -2.87290e+01     -1.97940e+01      8.00000e+00    656s
   961     -2.94670e+01     -1.97940e+01      8.00000e+00    657s
   963     -2.84390e+01     -1.97940e+01      8.00000e+00    659s
   965     -2.97400e+01     -1.97940e+01      8.00000e+00    660s
   966     -2.88190e+01     -1.97940e+01      8.00000e+00    662s
   967     -2.82970e+01     -1.97940e+01      8.00000e+00    663s
   969     -2.86590e+01     -1.97940e+01      8.00000e+00    665s
   970     -2.80170e+01     -1.97940e+01      8.00000e+00    666s
   971     -2.73900e+01     -1.97940e+01      8.00000e+00    667s
   973     -3.00610e+01     -1.97940e+01      8.00000e+00    668s
   974     -2.94580e+01     -1.97940e+01      8.00000e+00    669s
   975     -2.86290e+01     -1.97940e+01      8.00000e+00    670s
   977     -2.92970e+01     -1.97940e+01      8.00000e+00    672s
   979     -2.85800e+01     -1.97940e+01      8.00000e+00    674s
   981     -2.83920e+01     -1.97940e+01      8.00000e+00    675s
   983     -2.89740e+01     -1.97940e+01      8.00000e+00    677s
   985     -2.97680e+01     -1.97940e+01      8.00000e+00    679s
   987     -3.12140e+01     -1.97940e+01      8.00000e+00    680s
   988     -2.94400e+01     -1.97940e+01      8.00000e+00    682s
   990     -2.95080e+01     -1.97940e+01      8.00000e+00    683s
   992     -2.87780e+01     -1.97940e+01      8.00000e+00    685s
   994     -2.71580e+01     -1.97940e+01      8.00000e+00    686s
   995     -2.83440e+01     -1.97940e+01      8.00000e+00    687s
   996     -3.02680e+01     -1.97940e+01      8.00000e+00    688s
   998     -3.01240e+01     -1.97940e+01      8.00000e+00    690s
   999     -2.93230e+01     -1.97940e+01      8.00000e+00    691s
  1001     -3.06090e+01     -1.97940e+01      8.00000e+00    693s
  1003     -2.95550e+01     -1.97940e+01      8.00000e+00    695s
  1004     -3.04010e+01     -1.97940e+01      8.00000e+00    696s
  1006     -2.98450e+01     -1.97940e+01      8.00000e+00    697s
  1007     -3.05210e+01     -1.97940e+01      8.00000e+00    699s
  1009     -2.98590e+01     -1.97940e+01      8.00000e+00    700s
  1011     -2.86330e+01     -1.97940e+01      8.00000e+00    702s
  1012     -2.99140e+01     -1.97940e+01      8.00000e+00    704s
  1014     -2.91100e+01     -1.97940e+01      8.00000e+00    705s
  1015     -3.10550e+01     -1.97940e+01      8.00000e+00    706s
  1017     -2.99600e+01     -1.97940e+01      8.00000e+00    708s
  1019     -3.06300e+01     -1.97940e+01      8.00000e+00    709s
  1021     -2.92450e+01     -1.97940e+01      8.00000e+00    711s
  1023     -2.82390e+01     -1.97940e+01      8.00000e+00    713s
  1024     -2.91790e+01     -1.97940e+01      8.00000e+00    714s
  1025     -3.02510e+01     -1.97940e+01      8.00000e+00    715s
  1027     -2.98670e+01     -1.97940e+01      8.00000e+00    716s
  1029     -3.08470e+01     -1.97940e+01      8.00000e+00    717s
  1030     -3.03870e+01     -1.97940e+01      8.00000e+00    719s
  1032     -2.93220e+01     -1.97940e+01      8.00000e+00    720s
  1034     -3.00550e+01     -1.97940e+01      8.00000e+00    721s
  1035     -3.03820e+01     -1.97940e+01      8.00000e+00    722s
  1036     -3.03710e+01     -1.97940e+01      8.00000e+00    724s
  1038     -3.03440e+01     -1.97940e+01      8.00000e+00    725s
  1040     -2.87960e+01     -1.97940e+01      8.00000e+00    727s
  1042     -2.97530e+01     -1.97940e+01      8.00000e+00    729s
  1044     -2.96160e+01     -1.97940e+01      8.00000e+00    731s
  1045     -2.95190e+01     -1.97940e+01      8.00000e+00    732s
  1047     -2.99200e+01     -1.97940e+01      8.00000e+00    733s
  1048     -2.94270e+01     -1.97940e+01      8.00000e+00    734s
  1050     -3.05890e+01     -1.97940e+01      8.00000e+00    736s
  1052     -3.11880e+01     -1.97940e+01      8.00000e+00    737s
  1053     -2.94840e+01     -1.97940e+01      8.00000e+00    739s
  1054     -2.90580e+01     -1.97940e+01      8.00000e+00    740s
  1056     -3.05820e+01     -1.97940e+01      8.00000e+00    741s
  1058     -3.01240e+01     -1.97940e+01      8.00000e+00    743s
  1060     -2.98230e+01     -1.97940e+01      8.00000e+00    744s
  1062     -2.93310e+01     -1.97940e+01      8.00000e+00    746s
  1063     -2.93210e+01     -1.97940e+01      8.00000e+00    747s
  1065     -2.85950e+01     -1.97940e+01      8.00000e+00    749s
  1067     -2.77290e+01     -1.97940e+01      8.00000e+00    750s
  1068     -2.80800e+01     -1.97940e+01      8.00000e+00    752s
  1069     -2.97320e+01     -1.97940e+01      8.00000e+00    753s
  1071     -3.04830e+01     -1.97940e+01      8.00000e+00    754s
  1073     -3.00140e+01     -1.97940e+01      8.00000e+00    757s
  1075     -2.98860e+01     -1.97940e+01      8.00000e+00    758s
  1077     -2.95830e+01     -1.97940e+01      8.00000e+00    760s
  1079     -2.87160e+01     -1.97940e+01      8.00000e+00    761s
  1081     -2.96860e+01     -1.97940e+01      8.00000e+00    763s
  1082     -2.93970e+01     -1.97940e+01      8.00000e+00    764s
  1084     -2.99200e+01     -1.97940e+01      8.00000e+00    766s
  1085     -2.99380e+01     -1.97940e+01      8.00000e+00    767s
  1086     -3.05000e+01     -1.97940e+01      8.00000e+00    768s
  1088     -2.94770e+01     -1.97940e+01      8.00000e+00    770s
  1090     -2.92080e+01     -1.97940e+01      8.00000e+00    772s
  1092     -2.97740e+01     -1.97940e+01      8.00000e+00    773s
  1094     -3.03780e+01     -1.97940e+01      8.00000e+00    775s
  1095     -3.03060e+01     -1.97940e+01      8.00000e+00    776s
  1097     -2.86940e+01     -1.97940e+01      8.00000e+00    778s
  1099     -3.00150e+01     -1.97940e+01      8.00000e+00    779s
  1101     -2.93340e+01     -1.97940e+01      8.00000e+00    781s
  1103     -2.90710e+01     -1.97940e+01      8.00000e+00    782s
  1104     -2.97300e+01     -1.97940e+01      8.00000e+00    784s
  1106     -2.95760e+01     -1.97940e+01      8.00000e+00    786s
  1108     -2.99080e+01     -1.97940e+01      8.00000e+00    787s
  1110     -2.97480e+01     -1.97940e+01      8.00000e+00    789s
  1112     -3.04610e+01     -1.97940e+01      8.00000e+00    791s
  1113     -2.90510e+01     -1.97940e+01      8.00000e+00    792s
  1115     -2.98450e+01     -1.97940e+01      8.00000e+00    794s
  1117     -2.99960e+01     -1.97940e+01      8.00000e+00    795s
  1118     -2.97730e+01     -1.97940e+01      8.00000e+00    796s
  1120     -2.83810e+01     -1.97940e+01      8.00000e+00    798s
  1122     -2.98850e+01     -1.97940e+01      8.00000e+00    799s
  1124     -2.85900e+01     -1.97940e+01      8.00000e+00    801s
  1126     -3.07900e+01     -1.97940e+01      8.00000e+00    803s
  1127     -3.01630e+01     -1.97940e+01      8.00000e+00    804s
  1128     -3.00400e+01     -1.97940e+01      8.00000e+00    805s
  1129     -2.90240e+01     -1.97940e+01      8.00000e+00    806s
  1131     -3.07240e+01     -1.97940e+01      8.00000e+00    807s
  1132     -3.05020e+01     -1.97940e+01      8.00000e+00    809s
  1133     -2.90550e+01     -1.97940e+01      8.00000e+00    810s
  1135     -2.93940e+01     -1.97940e+01      8.00000e+00    812s
  1136     -3.07080e+01     -1.97940e+01      8.00000e+00    813s
  1137     -3.24940e+01     -1.97940e+01      8.00000e+00    814s
  1139     -2.91650e+01     -1.97940e+01      8.00000e+00    816s
  1141     -3.12180e+01     -1.97940e+01      8.00000e+00    818s
  1143     -2.97390e+01     -1.97940e+01      8.00000e+00    819s
  1145     -2.87320e+01     -1.97940e+01      8.00000e+00    820s
  1146     -3.05010e+01     -1.97940e+01      8.00000e+00    821s
  1147     -2.91930e+01     -1.97940e+01      8.00000e+00    823s
  1149     -3.04410e+01     -1.97940e+01      8.00000e+00    824s
  1151     -2.93680e+01     -1.97940e+01      8.00000e+00    826s
  1153     -2.90050e+01     -1.97940e+01      8.00000e+00    828s
  1155     -2.88770e+01     -1.97940e+01      8.00000e+00    830s
  1157     -2.87460e+01     -1.97940e+01      8.00000e+00    831s
  1159     -2.98970e+01     -1.97940e+01      8.00000e+00    833s
  1161     -3.01040e+01     -1.97940e+01      8.00000e+00    835s
  1163     -3.08450e+01     -1.97940e+01      8.00000e+00    836s
  1165     -2.91590e+01     -1.97940e+01      8.00000e+00    839s
  1167     -3.03890e+01     -1.97940e+01      8.00000e+00    840s
  1169     -2.95980e+01     -1.97940e+01      8.00000e+00    841s
  1170     -2.89080e+01     -1.97940e+01      8.00000e+00    843s
  1172     -3.01540e+01     -1.97940e+01      8.00000e+00    844s
  1174     -3.00720e+01     -1.97940e+01      8.00000e+00    846s
  1176     -3.03350e+01     -1.97940e+01      8.00000e+00    848s
  1178     -3.12900e+01     -1.97940e+01      8.00000e+00    850s
  1180     -2.78410e+01     -1.97940e+01      8.00000e+00    851s
  1183     -2.88560e+01     -1.97940e+01      8.00000e+00    853s
  1184     -3.13850e+01     -1.97940e+01      8.00000e+00    854s
  1186     -3.04500e+01     -1.97940e+01      8.00000e+00    856s
  1188     -2.92240e+01     -1.97940e+01      8.00000e+00    858s
  1190     -2.89250e+01     -1.97940e+01      8.00000e+00    860s
  1192     -3.09690e+01     -1.97940e+01      8.00000e+00    861s
  1194     -2.86390e+01     -1.97940e+01      8.00000e+00    863s
  1195     -3.06730e+01     -1.97940e+01      8.00000e+00    864s
  1197     -2.98800e+01     -1.97940e+01      8.00000e+00    866s
  1198     -2.98530e+01     -1.97940e+01      8.00000e+00    867s
  1200     -2.90250e+01     -1.97940e+01      8.00000e+00    869s
  1201     -3.07940e+01     -1.97940e+01      8.00000e+00    870s
  1202     -3.03180e+01     -1.97940e+01      8.00000e+00    871s
  1204     -2.92010e+01     -1.97940e+01      8.00000e+00    872s
  1206     -3.13530e+01     -1.97940e+01      8.00000e+00    874s
  1208     -2.97580e+01     -1.97940e+01      8.00000e+00    876s
  1210     -3.15550e+01     -1.97940e+01      8.00000e+00    877s
  1211     -2.93970e+01     -1.97940e+01      8.00000e+00    879s
  1213     -2.91220e+01     -1.97940e+01      8.00000e+00    880s
  1215     -3.04750e+01     -1.97940e+01      8.00000e+00    882s
  1216     -3.00010e+01     -1.97940e+01      8.00000e+00    883s
  1217     -2.97270e+01     -1.97940e+01      8.00000e+00    884s
  1219     -3.09230e+01     -1.97940e+01      8.00000e+00    885s
  1221     -3.01060e+01     -1.97940e+01      8.00000e+00    887s
  1223     -2.91710e+01     -1.97940e+01      8.00000e+00    888s
  1225     -2.95770e+01     -1.97940e+01      8.00000e+00    890s
  1226     -3.05120e+01     -1.97940e+01      8.00000e+00    891s
  1228     -2.90610e+01     -1.97940e+01      8.00000e+00    892s
  1230     -2.89960e+01     -1.97940e+01      8.00000e+00    894s
  1232     -3.04570e+01     -1.97940e+01      8.00000e+00    896s
  1234     -2.97430e+01     -1.97940e+01      8.00000e+00    897s
  1235     -2.89930e+01     -1.97940e+01      8.00000e+00    898s
  1237     -3.13490e+01     -1.97940e+01      8.00000e+00    900s
  1239     -3.04180e+01     -1.97940e+01      8.00000e+00    902s
  1240     -2.88830e+01     -1.97940e+01      8.00000e+00    903s
  1242     -2.98990e+01     -1.97940e+01      8.00000e+00    905s
  1244     -3.04110e+01     -1.97940e+01      8.00000e+00    907s
  1246     -2.95600e+01     -1.97940e+01      8.00000e+00    908s
  1248     -3.05700e+01     -1.97940e+01      8.00000e+00    910s
  1249     -2.89250e+01     -1.97940e+01      8.00000e+00    911s
  1250     -3.04940e+01     -1.97940e+01      8.00000e+00    912s
  1252     -2.92930e+01     -1.97940e+01      8.00000e+00    914s
  1254     -3.02320e+01     -1.97940e+01      8.00000e+00    916s
  1256     -2.92630e+01     -1.97940e+01      8.00000e+00    917s
  1257     -2.98960e+01     -1.97940e+01      8.00000e+00    918s
  1258     -2.99990e+01     -1.97940e+01      8.00000e+00    919s
  1259     -2.94350e+01     -1.97940e+01      8.00000e+00    921s
  1261     -3.04320e+01     -1.97940e+01      8.00000e+00    922s
  1262     -2.94640e+01     -1.97940e+01      8.00000e+00    923s
  1263     -2.97790e+01     -1.97940e+01      8.00000e+00    924s
  1265     -2.84560e+01     -1.97940e+01      8.00000e+00    926s
  1267     -2.99560e+01     -1.97940e+01      8.00000e+00    927s
  1269     -2.97790e+01     -1.97940e+01      8.00000e+00    929s
  1271     -3.00240e+01     -1.97940e+01      8.00000e+00    930s
  1273     -3.00990e+01     -1.97940e+01      8.00000e+00    932s
  1274     -3.04740e+01     -1.97940e+01      8.00000e+00    933s
  1276     -3.01970e+01     -1.97940e+01      8.00000e+00    934s
  1278     -2.79960e+01     -1.97940e+01      8.00000e+00    935s
  1280     -3.05790e+01     -1.97940e+01      8.00000e+00    937s
  1282     -3.00160e+01     -1.97940e+01      8.00000e+00    939s
  1284     -2.83690e+01     -1.97940e+01      8.00000e+00    941s
  1286     -3.05670e+01     -1.97940e+01      8.00000e+00    942s
  1288     -3.01700e+01     -1.97940e+01      8.00000e+00    944s
  1289     -2.97450e+01     -1.97940e+01      8.00000e+00    945s
  1291     -2.87710e+01     -1.97940e+01      8.00000e+00    947s
  1292     -2.88080e+01     -1.97940e+01      8.00000e+00    948s
  1294     -2.88840e+01     -1.97940e+01      8.00000e+00    950s
  1296     -3.05870e+01     -1.97940e+01      8.00000e+00    951s
  1297     -2.98180e+01     -1.97940e+01      8.00000e+00    953s
  1299     -2.93720e+01     -1.97940e+01      8.00000e+00    954s
  1301     -2.94540e+01     -1.97940e+01      8.00000e+00    956s
  1303     -2.93860e+01     -1.97940e+01      8.00000e+00    958s
  1304     -2.90740e+01     -1.97940e+01      8.00000e+00    959s
  1306     -2.94530e+01     -1.97940e+01      8.00000e+00    960s
  1308     -3.02490e+01     -1.97940e+01      8.00000e+00    962s
  1310     -2.85630e+01     -1.97940e+01      8.00000e+00    963s
  1312     -2.98800e+01     -1.97940e+01      8.00000e+00    965s
  1313     -3.03530e+01     -1.97940e+01      8.00000e+00    966s
  1315     -3.06740e+01     -1.97940e+01      8.00000e+00    967s
  1317     -2.99600e+01     -1.97940e+01      8.00000e+00    969s
  1318     -2.94530e+01     -1.97940e+01      8.00000e+00    971s
  1320     -2.88630e+01     -1.97940e+01      8.00000e+00    972s
  1321     -2.92630e+01     -1.97940e+01      8.00000e+00    973s
  1323     -3.06330e+01     -1.97940e+01      8.00000e+00    975s
  1325     -3.05590e+01     -1.97940e+01      8.00000e+00    977s
  1326     -2.97780e+01     -1.97940e+01      8.00000e+00    978s
  1328     -2.96420e+01     -1.97940e+01      8.00000e+00    979s
  1330     -2.98180e+01     -1.97940e+01      8.00000e+00    981s
  1332     -2.99680e+01     -1.97940e+01      8.00000e+00    983s
  1334     -3.09880e+01     -1.97940e+01      8.00000e+00    984s
  1335     -3.01520e+01     -1.97940e+01      8.00000e+00    985s
  1337     -3.08680e+01     -1.97940e+01      8.00000e+00    987s
  1339     -2.97170e+01     -1.97940e+01      8.00000e+00    989s
  1341     -2.97150e+01     -1.97940e+01      8.00000e+00    991s
  1343     -3.06100e+01     -1.97940e+01      8.00000e+00    992s
  1344     -2.97040e+01     -1.97940e+01      8.00000e+00    993s
  1346     -3.09720e+01     -1.97940e+01      8.00000e+00    995s
  1348     -3.01020e+01     -1.97940e+01      8.00000e+00    996s
  1349     -2.94710e+01     -1.97940e+01      8.00000e+00    997s
  1350     -2.96800e+01     -1.97940e+01      8.00000e+00    999s
  1352     -2.95610e+01     -1.97940e+01      8.00000e+00   1000s
  1354     -3.08980e+01     -1.97940e+01      8.00000e+00   1002s
  1355     -2.97700e+01     -1.97940e+01      8.00000e+00   1003s
  1357     -3.05900e+01     -1.97940e+01      8.00000e+00   1004s
  1358     -3.08770e+01     -1.97940e+01      8.00000e+00   1005s
  1359     -2.89950e+01     -1.97940e+01      8.00000e+00   1007s
  1361     -3.09300e+01     -1.97940e+01      8.00000e+00   1008s
  1363     -2.93180e+01     -1.97940e+01      8.00000e+00   1010s
  1364     -3.03830e+01     -1.97940e+01      8.00000e+00   1011s
  1366     -2.96030e+01     -1.97940e+01      8.00000e+00   1013s
  1367     -2.97860e+01     -1.97940e+01      8.00000e+00   1014s
  1368     -3.05470e+01     -1.97940e+01      8.00000e+00   1015s
  1370     -3.06120e+01     -1.97940e+01      8.00000e+00   1016s
  1371     -2.85900e+01     -1.97940e+01      8.00000e+00   1018s
  1373     -2.95390e+01     -1.97940e+01      8.00000e+00   1019s
  1375     -3.01270e+01     -1.97940e+01      8.00000e+00   1021s
  1376     -3.12320e+01     -1.97940e+01      8.00000e+00   1022s
  1377     -3.06890e+01     -1.97940e+01      8.00000e+00   1023s
  1379     -2.91010e+01     -1.97940e+01      8.00000e+00   1024s
  1380     -3.05620e+01     -1.97940e+01      8.00000e+00   1026s
  1381     -2.98990e+01     -1.97940e+01      8.00000e+00   1027s
  1382     -2.92060e+01     -1.97940e+01      8.00000e+00   1028s
  1384     -3.09860e+01     -1.97940e+01      8.00000e+00   1030s
  1385     -2.96130e+01     -1.97940e+01      8.00000e+00   1031s
  1387     -3.09070e+01     -1.97940e+01      8.00000e+00   1033s
  1389     -3.03730e+01     -1.97940e+01      8.00000e+00   1035s
  1391     -3.07000e+01     -1.97940e+01      8.00000e+00   1036s
  1392     -2.98080e+01     -1.97940e+01      8.00000e+00   1037s
  1394     -3.05000e+01     -1.97940e+01      8.00000e+00   1039s
  1396     -2.97200e+01     -1.97940e+01      8.00000e+00   1041s
  1398     -2.89350e+01     -1.97940e+01      8.00000e+00   1042s
  1400     -2.91960e+01     -1.97940e+01      8.00000e+00   1044s
  1402     -2.98610e+01     -1.97940e+01      8.00000e+00   1046s
  1404     -2.93420e+01     -1.97940e+01      8.00000e+00   1048s
  1406     -3.07110e+01     -1.97940e+01      8.00000e+00   1049s
  1408     -2.98460e+01     -1.97940e+01      8.00000e+00   1051s
  1410     -2.99400e+01     -1.97940e+01      8.00000e+00   1053s
  1413     -2.92090e+01     -1.97940e+01      8.00000e+00   1055s
  1414     -2.92980e+01     -1.97940e+01      8.00000e+00   1056s
  1416     -3.10070e+01     -1.97940e+01      8.00000e+00   1058s
  1417     -2.97250e+01     -1.97940e+01      8.00000e+00   1059s
  1418     -2.92080e+01     -1.97940e+01      8.00000e+00   1060s
  1420     -3.09480e+01     -1.97940e+01      8.00000e+00   1061s
  1421     -2.97730e+01     -1.97940e+01      8.00000e+00   1062s
  1423     -2.87920e+01     -1.97940e+01      8.00000e+00   1064s
  1425     -2.95950e+01     -1.97940e+01      8.00000e+00   1066s
  1427     -3.07420e+01     -1.97940e+01      8.00000e+00   1068s
  1429     -2.90690e+01     -1.97940e+01      8.00000e+00   1069s
  1431     -2.97710e+01     -1.97940e+01      8.00000e+00   1071s
  1432     -3.04880e+01     -1.97940e+01      8.00000e+00   1072s
  1434     -2.98940e+01     -1.97940e+01      8.00000e+00   1074s
  1435     -2.96660e+01     -1.97940e+01      8.00000e+00   1075s
  1436     -3.04090e+01     -1.97940e+01      8.00000e+00   1076s
  1438     -3.09680e+01     -1.97940e+01      8.00000e+00   1077s
  1440     -2.97650e+01     -1.97940e+01      8.00000e+00   1079s
  1441     -2.95520e+01     -1.97940e+01      8.00000e+00   1080s
  1443     -2.87370e+01     -1.97940e+01      8.00000e+00   1081s
  1445     -3.04870e+01     -1.97940e+01      8.00000e+00   1083s
  1446     -2.91640e+01     -1.97940e+01      8.00000e+00   1084s
  1448     -2.91890e+01     -1.97940e+01      8.00000e+00   1086s
  1450     -3.01540e+01     -1.97940e+01      8.00000e+00   1088s
  1452     -3.00870e+01     -1.97940e+01      8.00000e+00   1090s
  1454     -3.01340e+01     -1.97940e+01      8.00000e+00   1092s
  1455     -3.10110e+01     -1.97940e+01      8.00000e+00   1093s
  1457     -3.08450e+01     -1.97940e+01      8.00000e+00   1094s
  1458     -2.99210e+01     -1.97940e+01      8.00000e+00   1095s
  1460     -3.01040e+01     -1.97940e+01      8.00000e+00   1097s
  1462     -2.96510e+01     -1.97940e+01      8.00000e+00   1098s
  1463     -3.01910e+01     -1.97940e+01      8.00000e+00   1100s
  1465     -3.03920e+01     -1.97940e+01      8.00000e+00   1101s
  1467     -2.98310e+01     -1.97940e+01      8.00000e+00   1103s
  1469     -3.07310e+01     -1.97940e+01      8.00000e+00   1105s
  1471     -2.97050e+01     -1.97940e+01      8.00000e+00   1106s
  1473     -3.06790e+01     -1.97940e+01      8.00000e+00   1107s
  1475     -3.02810e+01     -1.97940e+01      8.00000e+00   1109s
  1476     -3.18430e+01     -1.97940e+01      8.00000e+00   1110s
  1478     -3.01340e+01     -1.97940e+01      8.00000e+00   1111s
  1479     -3.07380e+01     -1.97940e+01      8.00000e+00   1112s
  1480     -2.98610e+01     -1.97940e+01      8.00000e+00   1113s
  1482     -3.26000e+01     -1.97940e+01      8.00000e+00   1115s
  1484     -2.93620e+01     -1.97940e+01      8.00000e+00   1117s
  1485     -2.97100e+01     -1.97940e+01      8.00000e+00   1118s
  1487     -3.01460e+01     -1.97940e+01      8.00000e+00   1120s
  1489     -3.11440e+01     -1.97940e+01      8.00000e+00   1122s
  1491     -2.97340e+01     -1.97940e+01      8.00000e+00   1124s
  1492     -3.04530e+01     -1.97940e+01      8.00000e+00   1125s
  1493     -3.17210e+01     -1.97940e+01      8.00000e+00   1126s
  1494     -2.99010e+01     -1.97940e+01      8.00000e+00   1127s
  1496     -2.99450e+01     -1.97940e+01      8.00000e+00   1129s
  1497     -3.10240e+01     -1.97940e+01      8.00000e+00   1130s
  1499     -3.13610e+01     -1.97940e+01      8.00000e+00   1131s
  1500     -3.08460e+01     -1.97940e+01      8.00000e+00   1132s
  1501     -2.82220e+01     -1.97940e+01      8.00000e+00   1133s
  1503     -2.92820e+01     -1.97940e+01      8.00000e+00   1135s
  1505     -2.79920e+01     -1.97940e+01      8.00000e+00   1137s
  1506     -2.81430e+01     -1.97940e+01      8.00000e+00   1138s
  1508     -2.87610e+01     -1.97940e+01      8.00000e+00   1140s
  1509     -2.74890e+01     -1.97940e+01      8.00000e+00   1141s
  1510     -2.85550e+01     -1.97940e+01      8.00000e+00   1142s
  1512     -2.87080e+01     -1.97940e+01      8.00000e+00   1143s
  1513     -2.99050e+01     -1.97940e+01      8.00000e+00   1145s
  1515     -2.88990e+01     -1.97940e+01      8.00000e+00   1146s
  1517     -2.87400e+01     -1.97940e+01      8.00000e+00   1148s
  1518     -2.92450e+01     -1.97940e+01      8.00000e+00   1150s
  1520     -2.84200e+01     -1.97940e+01      8.00000e+00   1151s
  1521     -2.93540e+01     -1.97940e+01      8.00000e+00   1153s
  1523     -3.02700e+01     -1.97940e+01      8.00000e+00   1154s
  1525     -2.97950e+01     -1.97940e+01      8.00000e+00   1156s
  1527     -2.96910e+01     -1.97940e+01      8.00000e+00   1158s
  1529     -2.69800e+01     -1.97940e+01      8.00000e+00   1160s
  1531     -2.82550e+01     -1.97940e+01      8.00000e+00   1161s
  1533     -2.77570e+01     -1.97940e+01      8.00000e+00   1163s
  1535     -2.86700e+01     -1.97940e+01      8.00000e+00   1165s
  1536     -2.95930e+01     -1.97940e+01      8.00000e+00   1166s
  1538     -3.01170e+01     -1.97940e+01      8.00000e+00   1167s
  1539     -2.93310e+01     -1.97940e+01      8.00000e+00   1168s
  1541     -2.78910e+01     -1.97940e+01      8.00000e+00   1170s
  1543     -2.85880e+01     -1.97940e+01      8.00000e+00   1171s
  1544     -2.76040e+01     -1.97940e+01      8.00000e+00   1173s
  1546     -2.97320e+01     -1.97940e+01      8.00000e+00   1174s
  1548     -2.95350e+01     -1.97940e+01      8.00000e+00   1177s
  1550     -3.09570e+01     -1.97940e+01      8.00000e+00   1178s
  1552     -3.14050e+01     -1.97940e+01      8.00000e+00   1180s
  1553     -3.16890e+01     -1.97940e+01      8.00000e+00   1182s
  1555     -3.42810e+01     -1.97940e+01      8.00000e+00   1183s
  1557     -3.33010e+01     -1.97940e+01      8.00000e+00   1185s
  1559     -3.26180e+01     -1.97940e+01      8.00000e+00   1187s
  1561     -3.13660e+01     -1.97940e+01      8.00000e+00   1188s
  1563     -2.94610e+01     -1.97940e+01      8.00000e+00   1190s
  1565     -3.25980e+01     -1.97940e+01      8.00000e+00   1191s
  1566     -3.26660e+01     -1.97940e+01      8.00000e+00   1193s
  1567     -3.41320e+01     -1.97940e+01      8.00000e+00   1194s
  1569     -3.28610e+01     -1.97940e+01      8.00000e+00   1195s
  1571     -3.21610e+01     -1.97940e+01      8.00000e+00   1197s
  1572     -3.04040e+01     -1.97940e+01      8.00000e+00   1199s
  1574     -3.08150e+01     -1.97940e+01      8.00000e+00   1200s
  1575     -2.97890e+01     -1.97940e+01      8.00000e+00   1201s
  1576     -3.11160e+01     -1.97940e+01      8.00000e+00   1203s
  1578     -3.30250e+01     -1.97940e+01      8.00000e+00   1204s
  1579     -3.26490e+01     -1.97940e+01      8.00000e+00   1206s
  1581     -3.45560e+01     -1.97940e+01      8.00000e+00   1207s
  1583     -3.35380e+01     -1.97940e+01      8.00000e+00   1209s
  1584     -3.19460e+01     -1.97940e+01      8.00000e+00   1210s
  1586     -3.26240e+01     -1.97940e+01      8.00000e+00   1212s
  1587     -2.95780e+01     -1.97940e+01      8.00000e+00   1213s
  1589     -3.24760e+01     -1.97940e+01      8.00000e+00   1215s
  1591     -3.34580e+01     -1.97940e+01      8.00000e+00   1216s
  1592     -3.34200e+01     -1.97940e+01      8.00000e+00   1218s
  1594     -3.41440e+01     -1.97940e+01      8.00000e+00   1220s
  1595     -3.38740e+01     -1.97940e+01      8.00000e+00   1221s
  1597     -2.96540e+01     -1.97940e+01      8.00000e+00   1222s
  1599     -3.06100e+01     -1.97940e+01      8.00000e+00   1224s
  1600     -3.06370e+01     -1.97940e+01      8.00000e+00   1225s
  1602     -2.78530e+01     -1.97940e+01      8.00000e+00   1227s
  1604     -2.62130e+01     -1.97940e+01      8.00000e+00   1228s
  1606     -2.36650e+01     -1.97940e+01      8.00000e+00   1230s
  1608     -2.59220e+01     -1.97940e+01      8.00000e+00   1231s
  1609     -2.74580e+01     -1.97940e+01      8.00000e+00   1232s
  1611     -3.01820e+01     -1.97940e+01      8.00000e+00   1234s
  1613     -3.02330e+01     -1.97940e+01      8.00000e+00   1236s
  1614     -2.97200e+01     -1.97940e+01      8.00000e+00   1237s
  1615     -2.88650e+01     -1.97940e+01      8.00000e+00   1238s
  1617     -2.54920e+01     -1.97940e+01      8.00000e+00   1239s
  1619     -2.43910e+01     -1.97940e+01      8.00000e+00   1241s
  1620     -2.69210e+01     -1.97940e+01      8.00000e+00   1242s
  1622     -2.96510e+01     -1.97940e+01      8.00000e+00   1244s
  1623     -2.99860e+01     -1.97940e+01      8.00000e+00   1245s
  1625     -2.85740e+01     -1.97940e+01      8.00000e+00   1247s
  1627     -2.76340e+01     -1.97940e+01      8.00000e+00   1249s
  1629     -2.67780e+01     -1.97940e+01      8.00000e+00   1251s
  1631     -2.38930e+01     -1.97940e+01      8.00000e+00   1252s
  1632     -2.49420e+01     -1.97940e+01      8.00000e+00   1253s
  1634     -2.67710e+01     -1.97940e+01      8.00000e+00   1255s
  1636     -3.00370e+01     -1.97940e+01      8.00000e+00   1257s
  1637     -2.96370e+01     -1.97940e+01      8.00000e+00   1258s
  1639     -2.90540e+01     -1.97940e+01      8.00000e+00   1259s
  1641     -2.55890e+01     -1.97940e+01      8.00000e+00   1261s
  1643     -2.44800e+01     -1.97940e+01      8.00000e+00   1263s
  1645     -2.66080e+01     -1.97940e+01      8.00000e+00   1264s
  1646     -2.67820e+01     -1.97940e+01      8.00000e+00   1265s
  1648     -3.08790e+01     -1.97940e+01      8.00000e+00   1267s
  1650     -3.05560e+01     -1.97940e+01      8.00000e+00   1268s
  1651     -2.94350e+01     -1.97940e+01      8.00000e+00   1269s
  1653     -3.12180e+01     -1.97940e+01      8.00000e+00   1271s
  1655     -3.25950e+01     -1.97940e+01      8.00000e+00   1273s
  1657     -3.39630e+01     -1.97940e+01      8.00000e+00   1274s
  1659     -3.13550e+01     -1.97940e+01      8.00000e+00   1276s
  1661     -2.87750e+01     -1.97940e+01      8.00000e+00   1277s
  1663     -3.04560e+01     -1.97940e+01      8.00000e+00   1280s
  1665     -3.02340e+01     -1.97940e+01      8.00000e+00   1281s
  1667     -3.27650e+01     -1.97940e+01      8.00000e+00   1283s
  1668     -3.16190e+01     -1.97940e+01      8.00000e+00   1284s
  1669     -3.29290e+01     -1.97940e+01      8.00000e+00   1285s
  1671     -3.22540e+01     -1.97940e+01      8.00000e+00   1287s
  1672     -3.18370e+01     -1.97940e+01      8.00000e+00   1288s
  1674     -2.88540e+01     -1.97940e+01      8.00000e+00   1289s
  1676     -2.93870e+01     -1.97940e+01      8.00000e+00   1290s
  1677     -2.92630e+01     -1.97940e+01      8.00000e+00   1291s
  1678     -3.18400e+01     -1.97940e+01      8.00000e+00   1292s
  1680     -3.36650e+01     -1.97940e+01      8.00000e+00   1294s
  1682     -3.29650e+01     -1.97940e+01      8.00000e+00   1295s
  1684     -3.19170e+01     -1.97940e+01      8.00000e+00   1297s
  1686     -2.91860e+01     -1.97940e+01      8.00000e+00   1299s
  1687     -2.96390e+01     -1.97940e+01      8.00000e+00   1300s
  1689     -3.16510e+01     -1.97940e+01      8.00000e+00   1301s
  1691     -3.25680e+01     -1.97940e+01      8.00000e+00   1303s
  1692     -3.26620e+01     -1.97940e+01      8.00000e+00   1304s
  1693     -3.25640e+01     -1.97940e+01      8.00000e+00   1305s
  1695     -3.24340e+01     -1.97940e+01      8.00000e+00   1306s
  1697     -3.07640e+01     -1.97940e+01      8.00000e+00   1308s
  1698     -2.91750e+01     -1.97940e+01      8.00000e+00   1310s
  1700     -3.01730e+01     -1.97940e+01      8.00000e+00   1311s
  1702     -2.94540e+01     -1.97940e+01      8.00000e+00   1313s
  1704     -3.05040e+01     -1.97940e+01      8.00000e+00   1314s
  1705     -3.01570e+01     -1.97940e+01      8.00000e+00   1315s
  1707     -3.05820e+01     -1.97940e+01      8.00000e+00   1317s
  1709     -3.00460e+01     -1.97940e+01      8.00000e+00   1318s
  1710     -3.13970e+01     -1.97940e+01      8.00000e+00   1320s
  1711     -3.08780e+01     -1.97940e+01      8.00000e+00   1321s
  1713     -3.04150e+01     -1.97940e+01      8.00000e+00   1323s
  1715     -2.93130e+01     -1.97940e+01      8.00000e+00   1324s
  1717     -2.90850e+01     -1.97940e+01      8.00000e+00   1326s
  1719     -2.98970e+01     -1.97940e+01      8.00000e+00   1328s
  1721     -3.09840e+01     -1.97940e+01      8.00000e+00   1330s
  1723     -3.10770e+01     -1.97940e+01      8.00000e+00   1331s
  1724     -3.11640e+01     -1.97940e+01      8.00000e+00   1332s
  1726     -2.89390e+01     -1.97940e+01      8.00000e+00   1334s
  1728     -3.00740e+01     -1.97940e+01      8.00000e+00   1335s
  1729     -3.05530e+01     -1.97940e+01      8.00000e+00   1337s
  1731     -3.07680e+01     -1.97940e+01      8.00000e+00   1338s
  1732     -2.95910e+01     -1.97940e+01      8.00000e+00   1340s
  1733     -2.90700e+01     -1.97940e+01      8.00000e+00   1341s
  1735     -2.95040e+01     -1.97940e+01      8.00000e+00   1343s
  1737     -3.13970e+01     -1.97940e+01      8.00000e+00   1344s
  1739     -2.98750e+01     -1.97940e+01      8.00000e+00   1346s
  1741     -2.97120e+01     -1.97940e+01      8.00000e+00   1347s
  1743     -2.95100e+01     -1.97940e+01      8.00000e+00   1350s
  1745     -2.94640e+01     -1.97940e+01      8.00000e+00   1351s
  1747     -2.93500e+01     -1.97940e+01      8.00000e+00   1352s
  1749     -2.89000e+01     -1.97940e+01      8.00000e+00   1354s
  1751     -2.96720e+01     -1.97940e+01      8.00000e+00   1356s
  1752     -3.03370e+01     -1.97940e+01      8.00000e+00   1357s
  1754     -3.01650e+01     -1.97940e+01      8.00000e+00   1358s
  1756     -2.96670e+01     -1.97940e+01      8.00000e+00   1360s
  1757     -2.94430e+01     -1.97940e+01      8.00000e+00   1361s
  1758     -2.97420e+01     -1.97940e+01      8.00000e+00   1362s
  1760     -2.99250e+01     -1.97940e+01      8.00000e+00   1363s
  1762     -3.01410e+01     -1.97940e+01      8.00000e+00   1365s
  1764     -3.02890e+01     -1.97940e+01      8.00000e+00   1367s
  1766     -2.86020e+01     -1.97940e+01      8.00000e+00   1369s
  1767     -2.91420e+01     -1.97940e+01      8.00000e+00   1370s
  1769     -3.06900e+01     -1.97940e+01      8.00000e+00   1372s
  1771     -2.89880e+01     -1.97940e+01      8.00000e+00   1374s
  1773     -2.89170e+01     -1.97940e+01      8.00000e+00   1375s
  1774     -2.99180e+01     -1.97940e+01      8.00000e+00   1377s
  1775     -2.94100e+01     -1.97940e+01      8.00000e+00   1378s
  1777     -2.99580e+01     -1.97940e+01      8.00000e+00   1380s
  1779     -2.95720e+01     -1.97940e+01      8.00000e+00   1381s
  1781     -2.97020e+01     -1.97940e+01      8.00000e+00   1383s
  1783     -2.92920e+01     -1.97940e+01      8.00000e+00   1385s
  1785     -2.79870e+01     -1.97940e+01      8.00000e+00   1386s
  1787     -2.93690e+01     -1.97940e+01      8.00000e+00   1388s
  1788     -2.98900e+01     -1.97940e+01      8.00000e+00   1389s
  1790     -2.83160e+01     -1.97940e+01      8.00000e+00   1391s
  1792     -2.87070e+01     -1.97940e+01      8.00000e+00   1393s
  1794     -3.00020e+01     -1.97940e+01      8.00000e+00   1394s
  1796     -2.96720e+01     -1.97940e+01      8.00000e+00   1396s
  1797     -3.03070e+01     -1.97940e+01      8.00000e+00   1397s
  1798     -3.07070e+01     -1.97940e+01      8.00000e+00   1398s
  1800     -2.92930e+01     -1.97940e+01      8.00000e+00   1399s
  1802     -3.07610e+01     -1.97940e+01      8.00000e+00   1401s
  1803     -3.06350e+01     -1.97940e+01      8.00000e+00   1402s
  1805     -3.11580e+01     -1.97940e+01      8.00000e+00   1403s
  1807     -3.03690e+01     -1.97940e+01      8.00000e+00   1405s
  1809     -3.09270e+01     -1.97940e+01      8.00000e+00   1407s
  1811     -3.05170e+01     -1.97940e+01      8.00000e+00   1408s
  1812     -3.09080e+01     -1.97940e+01      8.00000e+00   1410s
  1813     -2.91880e+01     -1.97940e+01      8.00000e+00   1411s
  1815     -2.97350e+01     -1.97940e+01      8.00000e+00   1413s
  1816     -2.99750e+01     -1.97940e+01      8.00000e+00   1414s
  1817     -2.93100e+01     -1.97940e+01      8.00000e+00   1415s
  1819     -2.88530e+01     -1.97940e+01      8.00000e+00   1416s
  1821     -2.97680e+01     -1.97940e+01      8.00000e+00   1418s
  1822     -2.95040e+01     -1.97940e+01      8.00000e+00   1419s
  1824     -3.12220e+01     -1.97940e+01      8.00000e+00   1421s
  1825     -2.92430e+01     -1.97940e+01      8.00000e+00   1422s
  1827     -3.06030e+01     -1.97940e+01      8.00000e+00   1424s
  1829     -3.16140e+01     -1.97940e+01      8.00000e+00   1425s
  1830     -3.03210e+01     -1.97940e+01      8.00000e+00   1426s
  1832     -3.07410e+01     -1.97940e+01      8.00000e+00   1428s
  1834     -3.01750e+01     -1.97940e+01      8.00000e+00   1429s
  1836     -3.05190e+01     -1.97940e+01      8.00000e+00   1431s
  1837     -2.86460e+01     -1.97940e+01      8.00000e+00   1432s
  1839     -3.12920e+01     -1.97940e+01      8.00000e+00   1433s
  1841     -3.00470e+01     -1.97940e+01      8.00000e+00   1435s
  1843     -2.98300e+01     -1.97940e+01      8.00000e+00   1436s
  1845     -3.02790e+01     -1.97940e+01      8.00000e+00   1438s
  1847     -3.02930e+01     -1.97940e+01      8.00000e+00   1440s
  1849     -3.15150e+01     -1.97940e+01      8.00000e+00   1441s
  1850     -2.99990e+01     -1.97940e+01      8.00000e+00   1442s
  1852     -2.99770e+01     -1.97940e+01      8.00000e+00   1444s
  1854     -2.97430e+01     -1.97940e+01      8.00000e+00   1445s
  1856     -2.97250e+01     -1.97940e+01      8.00000e+00   1447s
  1857     -2.93840e+01     -1.97940e+01      8.00000e+00   1448s
  1859     -2.98620e+01     -1.97940e+01      8.00000e+00   1449s
  1861     -2.92120e+01     -1.97940e+01      8.00000e+00   1451s
  1862     -3.00400e+01     -1.97940e+01      8.00000e+00   1452s
  1864     -2.98350e+01     -1.97940e+01      8.00000e+00   1454s
  1866     -2.95460e+01     -1.97940e+01      8.00000e+00   1455s
  1868     -2.99780e+01     -1.97940e+01      8.00000e+00   1457s
  1870     -2.99660e+01     -1.97940e+01      8.00000e+00   1458s
  1871     -2.98030e+01     -1.97940e+01      8.00000e+00   1460s
  1872     -3.05230e+01     -1.97940e+01      8.00000e+00   1461s
  1874     -2.96430e+01     -1.97940e+01      8.00000e+00   1462s
  1876     -2.99220e+01     -1.97940e+01      8.00000e+00   1463s
  1877     -3.03010e+01     -1.97940e+01      8.00000e+00   1465s
  1878     -3.04220e+01     -1.97940e+01      8.00000e+00   1466s
  1880     -3.00930e+01     -1.97940e+01      8.00000e+00   1467s
  1882     -3.09520e+01     -1.97940e+01      8.00000e+00   1469s
  1884     -2.98270e+01     -1.97940e+01      8.00000e+00   1471s
  1886     -2.93990e+01     -1.97940e+01      8.00000e+00   1472s
  1887     -2.94610e+01     -1.97940e+01      8.00000e+00   1473s
  1889     -2.83030e+01     -1.97940e+01      8.00000e+00   1474s
  1891     -3.01790e+01     -1.97940e+01      8.00000e+00   1476s
  1892     -3.04270e+01     -1.97940e+01      8.00000e+00   1477s
  1894     -2.80540e+01     -1.97940e+01      8.00000e+00   1479s
  1896     -2.92810e+01     -1.97940e+01      8.00000e+00   1481s
  1898     -3.11440e+01     -1.97940e+01      8.00000e+00   1482s
  1900     -3.02530e+01     -1.97940e+01      8.00000e+00   1484s
  1902     -3.05290e+01     -1.97940e+01      8.00000e+00   1486s
  1904     -2.99440e+01     -1.97940e+01      8.00000e+00   1487s
  1906     -3.15290e+01     -1.97940e+01      8.00000e+00   1489s
  1908     -3.01680e+01     -1.97940e+01      8.00000e+00   1491s
  1910     -2.97400e+01     -1.97940e+01      8.00000e+00   1492s
  1911     -2.92430e+01     -1.97940e+01      8.00000e+00   1493s
  1913     -3.05960e+01     -1.97940e+01      8.00000e+00   1495s
  1915     -3.00900e+01     -1.97940e+01      8.00000e+00   1496s
  1917     -2.97270e+01     -1.97940e+01      8.00000e+00   1498s
  1919     -3.01930e+01     -1.97940e+01      8.00000e+00   1500s
  1920     -3.04750e+01     -1.97940e+01      8.00000e+00   1501s
  1922     -2.81360e+01     -1.97940e+01      8.00000e+00   1503s
  1924     -3.10080e+01     -1.97940e+01      8.00000e+00   1504s
  1926     -2.90500e+01     -1.97940e+01      8.00000e+00   1506s
  1928     -2.92980e+01     -1.97940e+01      8.00000e+00   1507s
  1930     -3.13310e+01     -1.97940e+01      8.00000e+00   1509s
  1932     -2.95930e+01     -1.97940e+01      8.00000e+00   1511s
  1934     -2.95340e+01     -1.97940e+01      8.00000e+00   1512s
  1935     -2.97780e+01     -1.97940e+01      8.00000e+00   1514s
  1937     -2.99190e+01     -1.97940e+01      8.00000e+00   1515s
  1939     -2.92930e+01     -1.97940e+01      8.00000e+00   1517s
  1941     -3.08980e+01     -1.97940e+01      8.00000e+00   1519s
  1943     -2.99960e+01     -1.97940e+01      8.00000e+00   1520s
  1945     -3.06610e+01     -1.97940e+01      8.00000e+00   1521s
  1946     -3.01080e+01     -1.97940e+01      8.00000e+00   1523s
  1947     -3.03120e+01     -1.97940e+01      8.00000e+00   1524s
  1949     -2.96940e+01     -1.97940e+01      8.00000e+00   1525s
  1951     -3.06600e+01     -1.97940e+01      8.00000e+00   1527s
  1953     -2.90610e+01     -1.97940e+01      8.00000e+00   1528s
  1955     -3.12550e+01     -1.97940e+01      8.00000e+00   1530s
  1956     -3.16710e+01     -1.97940e+01      8.00000e+00   1531s
  1958     -2.93370e+01     -1.97940e+01      8.00000e+00   1533s
  1960     -2.93140e+01     -1.97940e+01      8.00000e+00   1534s
  1961     -3.15560e+01     -1.97940e+01      8.00000e+00   1536s
  1962     -3.10790e+01     -1.97940e+01      8.00000e+00   1537s
  1964     -3.09390e+01     -1.97940e+01      8.00000e+00   1538s
  1965     -3.11460e+01     -1.97940e+01      8.00000e+00   1540s
  1967     -2.96050e+01     -1.97940e+01      8.00000e+00   1541s
  1969     -3.06270e+01     -1.97940e+01      8.00000e+00   1543s
  1970     -3.02820e+01     -1.97940e+01      8.00000e+00   1544s
  1972     -2.98420e+01     -1.97940e+01      8.00000e+00   1546s
  1974     -2.91590e+01     -1.97940e+01      8.00000e+00   1547s
  1976     -2.96150e+01     -1.97940e+01      8.00000e+00   1549s
  1978     -3.14930e+01     -1.97940e+01      8.00000e+00   1550s
  1979     -3.03070e+01     -1.97940e+01      8.00000e+00   1551s
  1981     -3.22440e+01     -1.97940e+01      8.00000e+00   1553s
  1983     -3.02620e+01     -1.97940e+01      8.00000e+00   1555s
  1984     -3.24050e+01     -1.97940e+01      8.00000e+00   1556s
  1986     -3.03180e+01     -1.97940e+01      8.00000e+00   1557s
  1987     -3.05090e+01     -1.97940e+01      8.00000e+00   1559s
  1989     -3.12800e+01     -1.97940e+01      8.00000e+00   1560s
  1991     -3.11740e+01     -1.97940e+01      8.00000e+00   1562s
  1992     -3.09060e+01     -1.97940e+01      8.00000e+00   1563s
  1993     -2.88320e+01     -1.97940e+01      8.00000e+00   1564s
  1995     -3.04880e+01     -1.97940e+01      8.00000e+00   1565s
  1997     -3.16440e+01     -1.97940e+01      8.00000e+00   1567s
  1998     -3.09590e+01     -1.97940e+01      8.00000e+00   1568s
  2000     -3.10710e+01     -1.97940e+01      8.00000e+00   1570s
  2002     -3.18330e+01     -1.97940e+01      8.00000e+00   1571s
  2004     -3.22330e+01     -1.97940e+01      8.00000e+00   1573s
  2006     -3.16950e+01     -1.97940e+01      8.00000e+00   1575s
  2007     -3.17520e+01     -1.97940e+01      8.00000e+00   1576s
  2008     -3.07500e+01     -1.97940e+01      8.00000e+00   1577s
  2010     -3.00590e+01     -1.97940e+01      8.00000e+00   1578s
  2012     -3.07810e+01     -1.97940e+01      8.00000e+00   1580s
  2013     -3.09530e+01     -1.97940e+01      8.00000e+00   1581s
  2015     -2.94940e+01     -1.97940e+01      8.00000e+00   1582s
  2017     -2.96310e+01     -1.97940e+01      8.00000e+00   1584s
  2019     -3.14210e+01     -1.97940e+01      8.00000e+00   1586s
  2021     -2.97690e+01     -1.97940e+01      8.00000e+00   1587s
  2022     -2.92470e+01     -1.97940e+01      8.00000e+00   1588s
  2023     -3.04660e+01     -1.97940e+01      8.00000e+00   1589s
  2025     -3.05970e+01     -1.97940e+01      8.00000e+00   1591s
  2026     -3.06820e+01     -1.97940e+01      8.00000e+00   1592s
  2028     -2.98510e+01     -1.97940e+01      8.00000e+00   1594s
  2030     -3.04440e+01     -1.97940e+01      8.00000e+00   1595s
  2031     -3.23830e+01     -1.97940e+01      8.00000e+00   1596s
  2033     -3.21710e+01     -1.97940e+01      8.00000e+00   1598s
  2035     -2.91640e+01     -1.97940e+01      8.00000e+00   1599s
  2037     -3.01720e+01     -1.97940e+01      8.00000e+00   1601s
  2039     -2.93750e+01     -1.97940e+01      8.00000e+00   1603s
  2041     -3.13770e+01     -1.97940e+01      8.00000e+00   1604s
  2043     -3.09930e+01     -1.97940e+01      8.00000e+00   1606s
  2045     -3.14120e+01     -1.97940e+01      8.00000e+00   1607s
  2046     -3.04600e+01     -1.97940e+01      8.00000e+00   1608s
  2047     -3.01870e+01     -1.97940e+01      8.00000e+00   1610s
  2049     -2.88500e+01     -1.97940e+01      8.00000e+00   1611s
  2051     -3.12030e+01     -1.97940e+01      8.00000e+00   1613s
  2052     -3.02450e+01     -1.97940e+01      8.00000e+00   1614s
  2053     -3.19560e+01     -1.97940e+01      8.00000e+00   1615s
  2055     -3.24040e+01     -1.97940e+01      8.00000e+00   1616s
  2056     -3.40810e+01     -1.97940e+01      8.00000e+00   1617s
  2058     -3.25150e+01     -1.97940e+01      8.00000e+00   1619s
  2059     -3.31890e+01     -1.97940e+01      8.00000e+00   1620s
  2061     -2.91650e+01     -1.97940e+01      8.00000e+00   1621s
  2063     -2.96540e+01     -1.97940e+01      8.00000e+00   1623s
  2065     -3.13450e+01     -1.97940e+01      8.00000e+00   1624s
  2066     -3.08110e+01     -1.97940e+01      8.00000e+00   1625s
  2067     -3.22850e+01     -1.97940e+01      8.00000e+00   1627s
  2069     -3.12110e+01     -1.97940e+01      8.00000e+00   1628s
  2070     -3.23560e+01     -1.97940e+01      8.00000e+00   1629s
  2072     -3.16660e+01     -1.97940e+01      8.00000e+00   1631s
  2074     -3.08380e+01     -1.97940e+01      8.00000e+00   1632s
  2076     -3.05610e+01     -1.97940e+01      8.00000e+00   1634s
  2078     -3.04180e+01     -1.97940e+01      8.00000e+00   1635s
  2080     -3.25310e+01     -1.97940e+01      8.00000e+00   1637s
  2082     -3.29560e+01     -1.97940e+01      8.00000e+00   1638s
  2084     -3.18000e+01     -1.97940e+01      8.00000e+00   1640s
  2086     -3.03740e+01     -1.97940e+01      8.00000e+00   1642s
  2087     -3.08460e+01     -1.97940e+01      8.00000e+00   1643s
  2089     -2.99650e+01     -1.97940e+01      8.00000e+00   1644s
  2091     -3.17760e+01     -1.97940e+01      8.00000e+00   1646s
  2092     -3.22080e+01     -1.97940e+01      8.00000e+00   1648s
  2094     -3.24820e+01     -1.97940e+01      8.00000e+00   1649s
  2095     -3.26850e+01     -1.97940e+01      8.00000e+00   1650s
  2097     -3.16060e+01     -1.97940e+01      8.00000e+00   1652s
  2099     -3.01630e+01     -1.97940e+01      8.00000e+00   1653s
  2100     -3.09690e+01     -1.97940e+01      8.00000e+00   1654s
  2101     -2.95420e+01     -1.97940e+01      8.00000e+00   1655s
  2103     -3.27470e+01     -1.97940e+01      8.00000e+00   1656s
  2105     -3.45170e+01     -1.97940e+01      8.00000e+00   1658s
  2107     -3.54590e+01     -1.97940e+01      8.00000e+00   1660s
  2109     -3.36490e+01     -1.97940e+01      8.00000e+00   1661s
  2111     -2.98120e+01     -1.97940e+01      8.00000e+00   1663s
  2113     -2.83320e+01     -1.97940e+01      8.00000e+00   1665s
  2115     -3.08860e+01     -1.97940e+01      8.00000e+00   1666s
  2117     -3.26460e+01     -1.97940e+01      8.00000e+00   1668s
  2119     -3.22910e+01     -1.97940e+01      8.00000e+00   1669s
  2120     -3.24970e+01     -1.97940e+01      8.00000e+00   1671s
  2121     -3.25950e+01     -1.97940e+01      8.00000e+00   1672s
  2123     -2.99870e+01     -1.97940e+01      8.00000e+00   1673s
  2125     -3.09720e+01     -1.97940e+01      8.00000e+00   1675s
  2127     -3.12820e+01     -1.97940e+01      8.00000e+00   1676s
  2129     -3.43050e+01     -1.97940e+01      8.00000e+00   1678s
  2131     -3.52230e+01     -1.97940e+01      8.00000e+00   1680s
  2132     -3.47600e+01     -1.97940e+01      8.00000e+00   1681s
  2134     -3.27070e+01     -1.97940e+01      8.00000e+00   1682s
  2135     -3.15430e+01     -1.97940e+01      8.00000e+00   1683s
  2136     -2.99000e+01     -1.97940e+01      8.00000e+00   1684s
  2138     -3.00250e+01     -1.97940e+01      8.00000e+00   1685s
  2139     -2.89290e+01     -1.97940e+01      8.00000e+00   1686s
  2140     -3.15320e+01     -1.97940e+01      8.00000e+00   1688s
  2142     -3.34080e+01     -1.97940e+01      8.00000e+00   1689s
  2144     -3.24990e+01     -1.97940e+01      8.00000e+00   1691s
  2146     -3.03780e+01     -1.97940e+01      8.00000e+00   1693s
  2148     -3.03980e+01     -1.97940e+01      8.00000e+00   1694s
  2149     -3.05030e+01     -1.97940e+01      8.00000e+00   1696s
  2150     -2.89520e+01     -1.97940e+01      8.00000e+00   1697s
  2152     -3.12550e+01     -1.97940e+01      8.00000e+00   1698s
  2154     -3.47570e+01     -1.97940e+01      8.00000e+00   1700s
  2156     -3.79660e+01     -1.97940e+01      8.00000e+00   1702s
  2157     -3.76020e+01     -1.97940e+01      8.00000e+00   1703s
  2158     -3.58780e+01     -1.97940e+01      8.00000e+00   1704s
  2160     -3.30170e+01     -1.97940e+01      8.00000e+00   1705s
  2162     -2.93750e+01     -1.97940e+01      8.00000e+00   1708s
  2163     -2.96800e+01     -1.97940e+01      8.00000e+00   1709s
  2165     -3.12260e+01     -1.97940e+01      8.00000e+00   1711s
  2166     -3.12160e+01     -1.97940e+01      8.00000e+00   1712s
  2168     -3.50030e+01     -1.97940e+01      8.00000e+00   1713s
  2170     -3.36520e+01     -1.97940e+01      8.00000e+00   1715s
  2172     -3.30650e+01     -1.97940e+01      8.00000e+00   1717s
  2174     -3.03210e+01     -1.97940e+01      8.00000e+00   1719s
  2176     -3.07150e+01     -1.97940e+01      8.00000e+00   1721s
  2178     -3.41160e+01     -1.97940e+01      8.00000e+00   1722s
  2180     -3.61810e+01     -1.97940e+01      8.00000e+00   1724s
  2182     -3.68760e+01     -1.97940e+01      8.00000e+00   1725s
  2184     -3.47940e+01     -1.97940e+01      8.00000e+00   1727s
  2185     -3.21680e+01     -1.97940e+01      8.00000e+00   1728s
  2186     -2.94690e+01     -1.97940e+01      8.00000e+00   1729s
  2188     -2.97980e+01     -1.97940e+01      8.00000e+00   1730s
  2190     -2.94310e+01     -1.97940e+01      8.00000e+00   1732s
  2191     -3.27970e+01     -1.97940e+01      8.00000e+00   1733s
  2193     -3.47490e+01     -1.97940e+01      8.00000e+00   1735s
  2195     -3.18710e+01     -1.97940e+01      8.00000e+00   1736s
  2197     -3.03170e+01     -1.97940e+01      8.00000e+00   1738s
  2198     -3.03430e+01     -1.97940e+01      8.00000e+00   1739s
  2200     -3.17010e+01     -1.97940e+01      8.00000e+00   1740s
  2201     -3.17550e+01     -1.97940e+01      8.00000e+00   1741s
  2203     -3.52100e+01     -1.97940e+01      8.00000e+00   1743s
  2205     -3.93860e+01     -1.97940e+01      8.00000e+00   1744s
  2206     -4.16450e+01     -1.97940e+01      8.00000e+00   1745s
  2207     -3.98230e+01     -1.97940e+01      8.00000e+00   1746s
  2209     -3.86830e+01     -1.97940e+01      8.00000e+00   1747s
  2211     -3.29660e+01     -1.97940e+01      8.00000e+00   1749s
  2213     -2.95950e+01     -1.97940e+01      8.00000e+00   1751s
  2215     -3.04100e+01     -1.97940e+01      8.00000e+00   1753s
  2216     -3.05970e+01     -1.97940e+01      8.00000e+00   1754s
  2218     -3.36850e+01     -1.97940e+01      8.00000e+00   1755s
  2219     -3.41160e+01     -1.97940e+01      8.00000e+00   1756s
  2221     -3.24410e+01     -1.97940e+01      8.00000e+00   1758s
  2223     -3.09580e+01     -1.97940e+01      8.00000e+00   1760s
  2224     -2.90900e+01     -1.97940e+01      8.00000e+00   1761s
  2225     -2.99190e+01     -1.97940e+01      8.00000e+00   1762s
  2227     -3.34520e+01     -1.97940e+01      8.00000e+00   1763s
  2229     -3.77260e+01     -1.97940e+01      8.00000e+00   1765s
  2231     -4.08220e+01     -1.97940e+01      8.00000e+00   1766s
  2233     -3.81800e+01     -1.97940e+01      8.00000e+00   1768s
  2235     -3.37550e+01     -1.97940e+01      8.00000e+00   1769s
  2237     -2.77470e+01     -1.97940e+01      8.00000e+00   1771s
  2239     -2.82580e+01     -1.97940e+01      8.00000e+00   1773s
  2241     -3.03200e+01     -1.97940e+01      8.00000e+00   1774s
  2243     -3.30710e+01     -1.97940e+01      8.00000e+00   1776s
  2245     -3.14170e+01     -1.97940e+01      8.00000e+00   1778s
  2247     -3.00290e+01     -1.97940e+01      8.00000e+00   1780s
  2249     -3.01900e+01     -1.97940e+01      8.00000e+00   1782s
  2250     -2.95170e+01     -1.97940e+01      8.00000e+00   1783s
  2252     -2.94890e+01     -1.97940e+01      8.00000e+00   1784s
  2254     -3.37690e+01     -1.97940e+01      8.00000e+00   1786s
  2255     -3.70130e+01     -1.97940e+01      8.00000e+00   1787s
  2257     -3.97560e+01     -1.97940e+01      8.00000e+00   1789s
  2259     -3.84630e+01     -1.97940e+01      8.00000e+00   1791s
  2261     -3.18380e+01     -1.97940e+01      8.00000e+00   1792s
  2263     -2.77540e+01     -1.97940e+01      8.00000e+00   1794s
  2265     -3.00230e+01     -1.97940e+01      8.00000e+00   1795s
  2267     -3.48440e+01     -1.97940e+01      8.00000e+00   1797s
  2269     -3.97400e+01     -1.97940e+01      8.00000e+00   1799s
  2271     -3.67440e+01     -1.97940e+01      8.00000e+00   1800s
  2273     -3.28380e+01     -1.97940e+01      8.00000e+00   1802s
  2274     -3.14590e+01     -1.97940e+01      8.00000e+00   1803s
  2276     -2.91060e+01     -1.97940e+01      8.00000e+00   1805s
  2278     -3.32060e+01     -1.97940e+01      8.00000e+00   1807s
  2280     -3.78840e+01     -1.97940e+01      8.00000e+00   1808s
  2282     -3.98900e+01     -1.97940e+01      8.00000e+00   1810s
  2284     -3.81270e+01     -1.97940e+01      8.00000e+00   1811s
  2286     -3.23080e+01     -1.97940e+01      8.00000e+00   1813s
  2288     -2.72130e+01     -1.97940e+01      8.00000e+00   1814s
  2290     -3.16530e+01     -1.97940e+01      8.00000e+00   1816s
  2292     -3.58920e+01     -1.97940e+01      8.00000e+00   1817s
  2293     -3.90320e+01     -1.97940e+01      8.00000e+00   1819s
  2295     -3.92400e+01     -1.97940e+01      8.00000e+00   1820s
  2297     -3.61680e+01     -1.97940e+01      8.00000e+00   1821s
  2299     -3.12140e+01     -1.97940e+01      8.00000e+00   1823s
  2301     -3.59540e+01     -1.97940e+01      8.00000e+00   1824s
  2303     -4.74880e+01     -1.97940e+01      8.00000e+00   1826s
  2305     -5.51850e+01     -1.97940e+01      8.00000e+00   1828s
  2307     -5.34200e+01     -1.97940e+01      8.00000e+00   1829s
  2309     -4.39010e+01     -1.97940e+01      8.00000e+00   1831s
  2310     -3.86860e+01     -1.97940e+01      8.00000e+00   1832s
  2312     -2.98050e+01     -1.97940e+01      8.00000e+00   1833s
  2313     -2.87770e+01     -1.97940e+01      8.00000e+00   1834s
  2315     -2.89670e+01     -1.97940e+01      8.00000e+00   1836s
  2317     -2.90400e+01     -1.97940e+01      8.00000e+00   1837s
  2318     -2.92950e+01     -1.97940e+01      8.00000e+00   1839s
  2320     -2.54420e+01     -1.97940e+01      8.00000e+00   1841s
  2322     -2.42870e+01     -1.97940e+01      8.00000e+00   1842s
  2323     -2.49100e+01     -1.97940e+01      8.00000e+00   1843s
  2324     -2.88470e+01     -1.97940e+01      8.00000e+00   1844s
  2326     -3.68520e+01     -1.97940e+01      8.00000e+00   1846s
  2328     -4.95230e+01     -1.97940e+01      8.00000e+00   1848s
  2330     -5.43820e+01     -1.97940e+01      8.00000e+00   1849s
  2332     -5.18300e+01     -1.97940e+01      8.00000e+00   1852s
  2334     -4.23090e+01     -1.97940e+01      8.00000e+00   1853s
  2336     -3.14680e+01     -1.97940e+01      8.00000e+00   1855s
  2337     -3.07370e+01     -1.97940e+01      8.00000e+00   1857s
  2339     -2.77570e+01     -1.97940e+01      8.00000e+00   1858s
  2340     -2.90780e+01     -1.97940e+01      8.00000e+00   1859s
  2341     -2.95540e+01     -1.97940e+01      8.00000e+00   1860s
  2343     -2.89330e+01     -1.97940e+01      8.00000e+00   1861s
  2345     -2.60830e+01     -1.97940e+01      8.00000e+00   1863s
  2346     -2.50550e+01     -1.97940e+01      8.00000e+00   1864s
  2347     -2.39470e+01     -1.97940e+01      8.00000e+00   1865s
  2349     -2.92020e+01     -1.97940e+01      8.00000e+00   1866s
  2350     -2.92170e+01     -1.97940e+01      8.00000e+00   1867s
  2352     -2.14520e+01     -1.97940e+01      8.00000e+00   1869s
  2354     -2.12310e+01     -1.97940e+01      8.00000e+00   1871s
  2355     -2.45630e+01     -1.97940e+01      8.00000e+00   1872s
  2357     -3.09530e+01     -1.97940e+01      8.00000e+00   1873s
  2359     -3.52760e+01     -1.97940e+01      8.00000e+00   1875s
  2361     -3.26630e+01     -1.97940e+01      8.00000e+00   1877s
  2363     -2.97330e+01     -1.97940e+01      8.00000e+00   1879s
  2364     -2.93720e+01     -1.97940e+01      8.00000e+00   1880s
  2366     -3.47670e+01     -1.97940e+01      8.00000e+00   1881s
  2368     -4.63570e+01     -1.97940e+01      8.00000e+00   1883s
  2369     -4.90400e+01     -1.97940e+01      8.00000e+00   1884s
  2371     -4.75650e+01     -1.97940e+01      8.00000e+00   1886s
  2372     -4.40770e+01     -1.97940e+01      8.00000e+00   1887s
  2374     -3.34670e+01     -1.97940e+01      8.00000e+00   1889s
  2376     -2.40780e+01     -1.97940e+01      8.00000e+00   1891s
  2377     -2.10190e+01     -1.97940e+01      8.00000e+00   1892s
  2379     -2.40220e+01     -1.97770e+01      8.00000e+00   1894s
  2381     -3.00250e+01     -1.97770e+01      8.00000e+00   1895s
  2383     -3.50150e+01     -1.97770e+01      8.00000e+00   1897s
  2385     -3.30270e+01     -1.97770e+01      8.00000e+00   1898s
  2386     -3.05010e+01     -1.97770e+01      8.00000e+00   1900s
  2388     -2.87850e+01     -1.97770e+01      8.00000e+00   1901s
  2390     -3.48230e+01     -1.97770e+01      8.00000e+00   1903s
  2391     -3.79290e+01     -1.97770e+01      8.00000e+00   1904s
  2393     -4.80560e+01     -1.97770e+01      8.00000e+00   1906s
  2394     -4.98190e+01     -1.97770e+01      8.00000e+00   1907s
  2396     -4.75460e+01     -1.97770e+01      8.00000e+00   1909s
  2398     -3.67150e+01     -1.97770e+01      8.00000e+00   1910s
  2400     -2.85070e+01     -1.97770e+01      8.00000e+00   1911s
  2401     -3.61380e+01     -1.97770e+01      8.00000e+00   1912s
  2403     -5.36450e+01     -1.97770e+01      8.00000e+00   1914s
  2405     -6.67310e+01     -1.97770e+01      8.00000e+00   1915s
  2407     -6.28280e+01     -1.97770e+01      8.00000e+00   1917s
  2409     -4.98510e+01     -1.97770e+01      8.00000e+00   1918s
  2411     -3.44080e+01     -1.97770e+01      8.00000e+00   1920s
  2413     -3.03950e+01     -1.97770e+01      8.00000e+00   1922s
  2415     -3.47650e+01     -1.97770e+01      8.00000e+00   1923s
  2417     -4.38990e+01     -1.97770e+01      8.00000e+00   1925s
  2419     -4.09110e+01     -1.97770e+01      8.00000e+00   1926s
  2421     -3.21390e+01     -1.97770e+01      8.00000e+00   1928s
  2423     -2.59920e+01     -1.97770e+01      8.00000e+00   1930s
  2425     -3.34900e+01     -1.97770e+01      8.00000e+00   1931s
  2426     -4.01530e+01     -1.97770e+01      8.00000e+00   1933s
  2428     -5.85510e+01     -1.97770e+01      8.00000e+00   1934s
  2430     -6.66570e+01     -1.97770e+01      8.00000e+00   1935s
  2432     -6.07380e+01     -1.97770e+01      8.00000e+00   1937s
  2434     -4.53290e+01     -1.97770e+01      8.00000e+00   1939s
  2436     -3.13100e+01     -1.97770e+01      8.00000e+00   1940s
  2437     -3.00930e+01     -1.97770e+01      8.00000e+00   1942s
  2438     -3.02170e+01     -1.97770e+01      8.00000e+00   1943s
  2440     -3.83900e+01     -1.97770e+01      8.00000e+00   1944s
  2442     -4.34060e+01     -1.97770e+01      8.00000e+00   1946s
  2444     -3.92980e+01     -1.97770e+01      8.00000e+00   1947s
  2446     -3.06220e+01     -1.97770e+01      8.00000e+00   1949s
  2447     -2.66100e+01     -1.97770e+01      8.00000e+00   1950s
  2448     -2.70440e+01     -1.97770e+01      8.00000e+00   1951s
  2450     -3.03340e+01     -1.97770e+01      8.00000e+00   1952s
  2452     -3.06920e+01     -1.97770e+01      8.00000e+00   1953s
  2453     -3.11720e+01     -1.97770e+01      8.00000e+00   1955s
  2455     -3.07430e+01     -1.97770e+01      8.00000e+00   1956s
  2457     -2.86500e+01     -1.97770e+01      8.00000e+00   1958s
  2458     -3.05280e+01     -1.97770e+01      8.00000e+00   1959s
  2460     -2.94100e+01     -1.97770e+01      8.00000e+00   1961s
  2461     -3.07610e+01     -1.97770e+01      8.00000e+00   1962s
  2463     -2.96940e+01     -1.97770e+01      8.00000e+00   1964s
  2465     -2.99020e+01     -1.97770e+01      8.00000e+00   1965s
  2467     -3.00110e+01     -1.97770e+01      8.00000e+00   1967s
  2468     -2.98210e+01     -1.97770e+01      8.00000e+00   1968s
  2470     -3.05490e+01     -1.97770e+01      8.00000e+00   1969s
  2472     -3.12480e+01     -1.97770e+01      8.00000e+00   1971s
  2473     -2.95610e+01     -1.97770e+01      8.00000e+00   1973s
  2475     -2.95410e+01     -1.97770e+01      8.00000e+00   1974s
  2476     -3.00610e+01     -1.97770e+01      8.00000e+00   1975s
  2477     -2.98700e+01     -1.97770e+01      8.00000e+00   1976s
  2479     -3.06010e+01     -1.97770e+01      8.00000e+00   1978s
  2481     -3.07400e+01     -1.97770e+01      8.00000e+00   1979s
  2482     -3.14260e+01     -1.97770e+01      8.00000e+00   1981s
  2484     -3.03110e+01     -1.97770e+01      8.00000e+00   1982s
  2485     -3.10620e+01     -1.97770e+01      8.00000e+00   1983s
  2487     -3.06050e+01     -1.97770e+01      8.00000e+00   1985s
  2489     -2.85750e+01     -1.97770e+01      8.00000e+00   1986s
  2491     -3.03070e+01     -1.97770e+01      8.00000e+00   1988s
  2493     -3.08100e+01     -1.97770e+01      8.00000e+00   1989s
  2495     -2.87930e+01     -1.97770e+01      8.00000e+00   1991s
  2496     -3.02030e+01     -1.97770e+01      8.00000e+00   1992s
  2497     -2.97150e+01     -1.97770e+01      8.00000e+00   1993s
  2499     -3.13190e+01     -1.97770e+01      8.00000e+00   1995s

==================================================
Summary of results QAOA
--------------------------------------------------
Avg of QAOA obj (BQO obj):    3.47
Avg of QAOA obj (penalty):    -23.24
Avg of constraint violation:  1.10

Feasible percentage (%):      33.70
Avg of pure feasible obj:     2.74

Avg of QAOA obj:              -19.78
STD of QAOA obj:              7.91

Avg of QAOA obj (feasible):   3.29
STD of QAOA obj (feasible):   0.59

Gamma angles:                 6.03
Beta angles:                  3.59

Best QAOA obj:                8.00
Modified best QAOA obj:       8.00
Best QAOA obj (feasible):     8.00

QAOA total time:              1995.00s
QAOA circuit depth:           31
==================================================

==================================================
Summary of results of 0-S7
--------------------------------------------------
Number of vertices:           7
Number of edges:              18

Vertex num in largest comp:   7
Edge num in largest comp:     18

Pre-processing running time:  0.00
Total solver time:            1995.00
Running time:                 2000.07

Upper bound:                  11.00
Objective value:              8.00

Partition 0:                  1, 4, 5, 7          
Partition 1:                  3, 6                
Partition 2:                  2                   
==================================================
