==================================================
Instance parameters
--------------------------------------------------
Number of vertices:           7
Number of edges:              15
Number of partitions:         2

Density (%):                  71
Name of instance:             seed1_band_pen1.4
Is planar:                    True
==================================================

==================================================
Solver parameters
--------------------------------------------------
Method:                       QUBO
Peel:                         False
Decompose:                    False
Fold:                         False

QAOA Num Levels:              1
QAOA Scipy Optimizer:         brute
==================================================

  iter        avg-obj        best avg-obj       best-obj      time
     0     -3.93900e+00     -3.93900e+00      6.60000e+00      1s
     3     -4.05040e+00     -3.70490e+00      1.00000e+01      2s
     7     -3.82180e+00     -3.69020e+00      1.00000e+01      4s
    13     -3.65830e+00     -3.59650e+00      1.00000e+01      5s
    17     -3.77720e+00     -3.59650e+00      1.00000e+01      6s
    22     -3.74290e+00     -3.59650e+00      1.00000e+01      7s
    27     -3.97390e+00     -3.59650e+00      1.00000e+01      8s
    32     -3.86560e+00     -3.59650e+00      1.00000e+01     10s
    36     -3.82450e+00     -3.59650e+00      1.00000e+01     11s
    40     -3.99630e+00     -3.59650e+00      1.00000e+01     12s
    44     -3.66380e+00     -3.56680e+00      1.00000e+01     13s
    48     -3.88270e+00     -3.56680e+00      1.00000e+01     14s
    52     -2.25180e+00     -2.25180e+00      1.00000e+01     15s
    56     -3.45980e+00     -1.84410e+00      1.00000e+01     16s
    62     -3.89750e+00     -1.84410e+00      1.00000e+01     18s
    67     -3.14870e+00     -1.84410e+00      1.00000e+01     19s
    72     -5.68920e+00     -1.84410e+00      1.00000e+01     20s
    76     -2.60960e+00     -1.84410e+00      1.00000e+01     21s
    80     -3.30320e+00     -1.84410e+00      1.00000e+01     22s
    84     -5.25820e+00     -1.84410e+00      1.00000e+01     23s
    87     -3.55640e+00     -1.84410e+00      1.00000e+01     24s
    92     -3.62470e+00     -1.84410e+00      1.00000e+01     26s
    96     -5.71840e+00     -1.84410e+00      1.00000e+01     27s
    99     -3.79000e+00     -1.84410e+00      1.00000e+01     28s
   105     -1.90690e+00     -5.74500e-01      1.00000e+01     29s
   109     -6.33350e+00     -5.74500e-01      1.00000e+01     30s
   113     -2.71850e+00     -5.74500e-01      1.00000e+01     31s
   118     -4.18110e+00     -5.74500e-01      1.00000e+01     32s
   123     -5.97840e+00     -5.74500e-01      1.00000e+01     33s
   128     -7.08800e-01     -5.74500e-01      1.00000e+01     35s
   133     -6.23520e+00     -5.74500e-01      1.00000e+01     36s
   137     -3.55690e+00     -5.74500e-01      1.00000e+01     37s
   141     -2.22420e+00     -5.74500e-01      1.00000e+01     38s
   145     -7.05740e+00     -5.74500e-01      1.00000e+01     39s
   150     -3.64030e+00     -5.74500e-01      1.00000e+01     40s
   157     -5.18270e+00      4.92000e-02      1.00000e+01     41s
   162     -4.20820e+00      4.92000e-02      1.00000e+01     42s
   167     -2.44390e+00      4.92000e-02      1.00000e+01     43s
   172     -7.76150e+00      4.92000e-02      1.00000e+01     45s
   177      9.28000e-02      9.28000e-02      1.00000e+01     46s
   181     -4.17590e+00      9.28000e-02      1.00000e+01     47s
   187     -3.11160e+00      9.28000e-02      1.00000e+01     48s
   191     -1.89010e+00      9.28000e-02      1.00000e+01     49s
   195     -8.06110e+00      9.28000e-02      1.00000e+01     50s
   200     -4.00510e+00      9.28000e-02      1.00000e+01     51s
   205     -1.75220e+00      1.32200e-01      1.00000e+01     53s
   212     -4.04560e+00      1.32200e-01      1.00000e+01     54s
   217     -2.56500e+00      1.32200e-01      1.00000e+01     55s
   222     -8.29460e+00      1.32200e-01      1.00000e+01     56s
   227      1.79300e-01      1.79300e-01      1.00000e+01     57s
   232     -6.47970e+00      1.79300e-01      1.00000e+01     58s
   236     -5.40900e+00      1.79300e-01      1.00000e+01     59s
   240     -7.21700e-01      1.79300e-01      1.00000e+01     61s
   245     -8.45070e+00      1.79300e-01      1.00000e+01     62s
   249     -3.68280e+00      1.79300e-01      1.00000e+01     63s
   253     -2.41400e-01      1.79300e-01      1.00000e+01     64s
   259     -8.09200e+00      1.79300e-01      1.00000e+01     66s
   263     -2.47130e+00      1.79300e-01      1.00000e+01     67s
   269     -6.40630e+00      1.79300e-01      1.00000e+01     68s
   274     -4.77430e+00      1.79300e-01      1.00000e+01     69s
   279     -1.41000e+00      1.79300e-01      1.00000e+01     70s
   284     -7.95770e+00      1.79300e-01      1.00000e+01     71s
   289     -9.08900e-01      1.79300e-01      1.00000e+01     72s
   293     -5.24620e+00      1.79300e-01      1.00000e+01     74s
   298     -5.66990e+00      1.79300e-01      1.00000e+01     75s
   303     -8.62300e-01      1.79300e-01      1.00000e+01     76s
   307     -6.31510e+00      1.79300e-01      1.00000e+01     77s
   314     -1.42190e+00      1.79300e-01      1.00000e+01     78s
   318     -4.04710e+00      1.79300e-01      1.00000e+01     79s
   323     -6.30630e+00      1.79300e-01      1.00000e+01     80s
   328     -1.49630e+00      1.79300e-01      1.00000e+01     81s
   333     -7.77510e+00      1.79300e-01      1.00000e+01     83s
   338     -1.74330e+00      1.79300e-01      1.00000e+01     84s
   342     -3.34730e+00      1.79300e-01      1.00000e+01     85s
   347     -6.75620e+00      1.79300e-01      1.00000e+01     86s
   351     -2.68790e+00      1.79300e-01      1.00000e+01     87s
   355     -3.80630e+00      1.79300e-01      1.00000e+01     88s
   361     -5.57720e+00      1.79300e-01      1.00000e+01     89s
   365     -1.47060e+00      1.79300e-01      1.00000e+01     90s
   370     -6.13470e+00      1.79300e-01      1.00000e+01     91s
   374     -4.44980e+00      1.79300e-01      1.00000e+01     92s
   379     -3.09240e+00      1.79300e-01      1.00000e+01     94s
   383     -7.15160e+00      1.79300e-01      1.00000e+01     95s
   387     -3.56570e+00      1.79300e-01      1.00000e+01     96s
   392     -3.32260e+00      1.79300e-01      1.00000e+01     97s
   396     -6.49130e+00      1.79300e-01      1.00000e+01     98s
   399     -3.82370e+00      1.79300e-01      1.00000e+01     99s
   404     -3.58490e+00      1.79300e-01      1.00000e+01    100s
   409     -6.40090e+00      1.79300e-01      1.00000e+01    101s
   414     -2.40030e+00      1.79300e-01      1.00000e+01    103s
   419     -4.50480e+00      1.79300e-01      1.00000e+01    104s
   424     -4.20850e+00      1.79300e-01      1.00000e+01    105s
   428     -3.27690e+00      1.79300e-01      1.00000e+01    106s
   432     -6.29720e+00      1.79300e-01      1.00000e+01    107s
   436     -4.72760e+00      1.79300e-01      1.00000e+01    108s
   440     -2.08410e+00      1.79300e-01      1.00000e+01    109s
   444     -4.86950e+00      1.79300e-01      1.00000e+01    110s
   448     -4.25090e+00      1.79300e-01      1.00000e+01    111s
   452     -3.36510e+00      1.79300e-01      1.00000e+01    112s
   458     -6.40150e+00      1.79300e-01      1.00000e+01    114s
   463     -3.25980e+00      1.79300e-01      1.00000e+01    115s
   468     -3.35930e+00      1.79300e-01      1.00000e+01    116s
   473     -4.27160e+00      1.79300e-01      1.00000e+01    117s
   477     -3.67050e+00      1.79300e-01      1.00000e+01    118s
   481     -5.92120e+00      1.79300e-01      1.00000e+01    119s
   485     -5.15790e+00      1.79300e-01      1.00000e+01    120s
   490     -2.38260e+00      1.79300e-01      1.00000e+01    122s
   495     -4.57000e+00      1.79300e-01      1.00000e+01    123s
   499     -3.89370e+00      1.79300e-01      1.00000e+01    124s
   504     -4.39170e+00      1.79300e-01      1.00000e+01    125s
   510     -5.20500e+00      1.79300e-01      1.00000e+01    126s
   515     -2.65060e+00      1.79300e-01      1.00000e+01    127s
   519     -3.61750e+00      1.79300e-01      1.00000e+01    128s
   524     -3.70390e+00      1.79300e-01      1.00000e+01    129s
   528     -4.20590e+00      1.79300e-01      1.00000e+01    130s
   533     -5.70880e+00      1.79300e-01      1.00000e+01    131s
   537     -3.66410e+00      1.79300e-01      1.00000e+01    133s
   541     -2.86140e+00      1.79300e-01      1.00000e+01    134s
   546     -4.14670e+00      1.79300e-01      1.00000e+01    135s
   550     -3.76300e+00      1.79300e-01      1.00000e+01    136s
   554     -4.36410e+00      1.79300e-01      1.00000e+01    137s
   560     -4.82980e+00      1.79300e-01      1.00000e+01    138s
   564     -3.26390e+00      1.79300e-01      1.00000e+01    139s
   570     -3.69300e+00      1.79300e-01      1.00000e+01    140s
   575     -3.52540e+00      1.79300e-01      1.00000e+01    142s
   580     -4.91140e+00      1.79300e-01      1.00000e+01    143s
   584     -4.98810e+00      1.79300e-01      1.00000e+01    144s
   588     -3.27700e+00      1.79300e-01      1.00000e+01    145s
   592     -3.22120e+00      1.79300e-01      1.00000e+01    146s
   597     -3.93990e+00      1.79300e-01      1.00000e+01    147s
   601     -3.67770e+00      1.79300e-01      1.00000e+01    148s
   606     -4.99260e+00      1.79300e-01      1.00000e+01    150s
   611     -4.06970e+00      1.79300e-01      1.00000e+01    151s
   615     -3.00490e+00      1.79300e-01      1.00000e+01    152s
   620     -3.81150e+00      1.79300e-01      1.00000e+01    153s
   624     -3.98030e+00      1.79300e-01      1.00000e+01    154s
   628     -4.27370e+00      1.79300e-01      1.00000e+01    155s
   633     -5.04200e+00      1.79300e-01      1.00000e+01    157s
   638     -3.30230e+00      1.79300e-01      1.00000e+01    158s
   643     -3.52760e+00      1.79300e-01      1.00000e+01    159s
   647     -4.05060e+00      1.79300e-01      1.00000e+01    160s
   651     -3.68120e+00      1.79300e-01      1.00000e+01    161s
   657     -4.42990e+00      1.79300e-01      1.00000e+01    162s
   662     -3.91470e+00      1.79300e-01      1.00000e+01    164s
   666     -3.19990e+00      1.79300e-01      1.00000e+01    165s
   670     -3.85000e+00      1.79300e-01      1.00000e+01    166s
   674     -4.04250e+00      1.79300e-01      1.00000e+01    167s
   678     -3.89940e+00      1.79300e-01      1.00000e+01    168s
   682     -4.73630e+00      1.79300e-01      1.00000e+01    169s
   687     -3.63450e+00      1.79300e-01      1.00000e+01    170s
   691     -3.28390e+00      1.79300e-01      1.00000e+01    171s
   696     -4.15890e+00      1.79300e-01      1.00000e+01    172s
   700     -3.66860e+00      1.79300e-01      1.00000e+01    173s
   706     -4.25850e+00      1.79300e-01      1.00000e+01    175s
   711     -4.10070e+00      1.79300e-01      1.00000e+01    176s
   715     -3.32850e+00      1.79300e-01      1.00000e+01    177s
   719     -3.79780e+00      1.79300e-01      1.00000e+01    178s
   724     -3.78100e+00      1.79300e-01      1.00000e+01    180s
   728     -3.72730e+00      1.79300e-01      1.00000e+01    181s
   732     -4.41990e+00      1.79300e-01      1.00000e+01    182s
   736     -4.00180e+00      1.79300e-01      1.00000e+01    183s
   740     -3.26600e+00      1.79300e-01      1.00000e+01    184s
   744     -3.96210e+00      1.79300e-01      1.00000e+01    185s
   751     -3.57920e+00      1.79300e-01      1.00000e+01    186s
   755     -3.85850e+00      1.79300e-01      1.00000e+01    187s
   760     -4.24720e+00      1.79300e-01      1.00000e+01    189s
   765     -3.28800e+00      1.79300e-01      1.00000e+01    190s
   769     -3.88880e+00      1.79300e-01      1.00000e+01    191s
   773     -3.85790e+00      1.79300e-01      1.00000e+01    192s
   778     -3.64710e+00      1.79300e-01      1.00000e+01    193s
   781     -4.25270e+00      1.79300e-01      1.00000e+01    194s
   785     -4.13790e+00      1.79300e-01      1.00000e+01    196s
   790     -3.50480e+00      1.79300e-01      1.00000e+01    197s
   795     -4.05360e+00      1.79300e-01      1.00000e+01    198s
   799     -3.91920e+00      1.79300e-01      1.00000e+01    199s
   804     -3.64010e+00      1.79300e-01      1.00000e+01    201s
   807     -4.10390e+00      1.79300e-01      1.00000e+01    202s
   811     -4.01720e+00      1.79300e-01      1.00000e+01    203s
   815     -3.46670e+00      1.79300e-01      1.00000e+01    204s
   819     -3.90420e+00      1.79300e-01      1.00000e+01    205s
   823     -3.96940e+00      1.79300e-01      1.00000e+01    206s
   827     -3.73290e+00      1.79300e-01      1.00000e+01    207s
   831     -3.95510e+00      1.79300e-01      1.00000e+01    208s
   837     -4.00660e+00      1.79300e-01      1.00000e+01    210s
   841     -3.65770e+00      1.79300e-01      1.00000e+01    211s
   846     -4.14330e+00      1.79300e-01      1.00000e+01    212s
   851     -3.76210e+00      1.79300e-01      1.00000e+01    213s
   855     -3.60570e+00      1.79300e-01      1.00000e+01    214s
   859     -3.98270e+00      1.79300e-01      1.00000e+01    215s
   863     -3.73900e+00      1.79300e-01      1.00000e+01    216s
   867     -4.02930e+00      1.79300e-01      1.00000e+01    217s
   871     -4.12880e+00      1.79300e-01      1.00000e+01    218s
   875     -3.78210e+00      1.79300e-01      1.00000e+01    219s
   879     -3.70480e+00      1.79300e-01      1.00000e+01    221s
   884     -3.87610e+00      1.79300e-01      1.00000e+01    222s
   888     -3.86340e+00      1.79300e-01      1.00000e+01    223s
   892     -3.77870e+00      1.79300e-01      1.00000e+01    224s
   897     -3.89170e+00      1.79300e-01      1.00000e+01    225s
   901     -3.70090e+00      1.79300e-01      1.00000e+01    226s
   905     -3.82660e+00      1.79300e-01      1.00000e+01    228s
   910     -3.88340e+00      1.79300e-01      1.00000e+01    229s
   914     -3.82850e+00      1.79300e-01      1.00000e+01    230s
   918     -3.75210e+00      1.79300e-01      1.00000e+01    231s
   922     -3.85910e+00      1.79300e-01      1.00000e+01    232s
   926     -3.65890e+00      1.79300e-01      1.00000e+01    233s
   931     -3.72020e+00      1.79300e-01      1.00000e+01    235s
   936     -3.81740e+00      1.79300e-01      1.00000e+01    236s
   940     -3.58760e+00      1.79300e-01      1.00000e+01    237s
   944     -3.79510e+00      1.79300e-01      1.00000e+01    238s
   948     -3.88920e+00      1.79300e-01      1.00000e+01    239s
   953     -3.88340e+00      1.79300e-01      1.00000e+01    240s
   957     -3.94200e+00      1.79300e-01      1.00000e+01    241s
   961     -3.78280e+00      1.79300e-01      1.00000e+01    242s
   965     -3.64480e+00      1.79300e-01      1.00000e+01    243s
   968     -3.98570e+00      1.79300e-01      1.00000e+01    244s
   973     -3.73340e+00      1.79300e-01      1.00000e+01    246s
   977     -3.82490e+00      1.79300e-01      1.00000e+01    247s
   982     -3.73830e+00      1.79300e-01      1.00000e+01    248s
   986     -3.77070e+00      1.79300e-01      1.00000e+01    249s
   990     -3.72530e+00      1.79300e-01      1.00000e+01    250s
   994     -3.81090e+00      1.79300e-01      1.00000e+01    251s
   998     -3.76210e+00      1.79300e-01      1.00000e+01    252s
  1003     -3.75130e+00      1.79300e-01      1.00000e+01    254s
  1007     -3.81540e+00      1.79300e-01      1.00000e+01    255s
  1010     -3.69950e+00      1.79300e-01      1.00000e+01    256s
  1014     -3.76120e+00      1.79300e-01      1.00000e+01    257s
  1020     -3.89540e+00      1.79300e-01      1.00000e+01    258s
  1025     -3.75380e+00      1.79300e-01      1.00000e+01    259s
  1030     -3.66250e+00      1.79300e-01      1.00000e+01    261s
  1034     -3.82070e+00      1.79300e-01      1.00000e+01    262s
  1038     -3.70620e+00      1.79300e-01      1.00000e+01    263s
  1042     -3.90490e+00      1.79300e-01      1.00000e+01    264s
  1047     -3.71920e+00      1.79300e-01      1.00000e+01    265s
  1052     -3.79550e+00      1.79300e-01      1.00000e+01    266s
  1057     -3.79950e+00      1.79300e-01      1.00000e+01    268s
  1061     -3.73840e+00      1.79300e-01      1.00000e+01    269s
  1066     -3.77880e+00      1.79300e-01      1.00000e+01    270s
  1070     -3.74160e+00      1.79300e-01      1.00000e+01    271s
  1074     -3.90260e+00      1.79300e-01      1.00000e+01    272s
  1078     -3.93740e+00      1.79300e-01      1.00000e+01    273s
  1083     -3.87780e+00      1.79300e-01      1.00000e+01    274s
  1087     -3.63100e+00      1.79300e-01      1.00000e+01    275s
  1090     -3.82170e+00      1.79300e-01      1.00000e+01    276s
  1094     -3.73440e+00      1.79300e-01      1.00000e+01    277s
  1098     -3.75640e+00      1.79300e-01      1.00000e+01    279s
  1101     -3.61350e+00      1.79300e-01      1.00000e+01    280s
  1105     -3.76060e+00      1.79300e-01      1.00000e+01    281s
  1109     -3.96320e+00      1.79300e-01      1.00000e+01    282s
  1114     -3.95680e+00      1.79300e-01      1.00000e+01    283s
  1119     -3.56660e+00      1.79300e-01      1.00000e+01    284s
  1123     -3.56920e+00      1.79300e-01      1.00000e+01    285s
  1128     -3.62840e+00      1.79300e-01      1.00000e+01    286s
  1132     -3.71450e+00      1.79300e-01      1.00000e+01    287s
  1136     -3.77590e+00      1.79300e-01      1.00000e+01    288s
  1140     -3.73100e+00      1.79300e-01      1.00000e+01    289s
  1144     -3.73290e+00      1.79300e-01      1.00000e+01    291s
  1148     -3.98620e+00      1.79300e-01      1.00000e+01    292s
  1151     -3.77650e+00      1.79300e-01      1.00000e+01    293s
  1156     -3.86380e+00      1.79300e-01      1.00000e+01    294s
  1160     -3.84210e+00      1.79300e-01      1.00000e+01    295s
  1165     -3.81060e+00      1.79300e-01      1.00000e+01    296s
  1169     -3.84970e+00      1.79300e-01      1.00000e+01    297s
  1173     -3.78490e+00      1.79300e-01      1.00000e+01    298s
  1177     -3.86190e+00      1.79300e-01      1.00000e+01    300s
  1181     -3.68410e+00      1.79300e-01      1.00000e+01    301s
  1186     -3.85740e+00      1.79300e-01      1.00000e+01    302s
  1189     -3.63680e+00      1.79300e-01      1.00000e+01    303s
  1193     -3.76670e+00      1.79300e-01      1.00000e+01    304s
  1197     -3.74880e+00      1.79300e-01      1.00000e+01    306s
  1203     -3.82170e+00      1.79300e-01      1.00000e+01    307s
  1207     -3.72160e+00      1.79300e-01      1.00000e+01    308s
  1211     -3.70940e+00      1.79300e-01      1.00000e+01    309s
  1216     -3.90430e+00      1.79300e-01      1.00000e+01    310s
  1221     -3.77250e+00      1.79300e-01      1.00000e+01    311s
  1225     -3.85600e+00      1.79300e-01      1.00000e+01    312s
  1229     -3.75740e+00      1.79300e-01      1.00000e+01    314s
  1234     -3.64670e+00      1.79300e-01      1.00000e+01    315s
  1238     -3.86170e+00      1.79300e-01      1.00000e+01    316s
  1242     -3.75910e+00      1.79300e-01      1.00000e+01    317s
  1248     -3.87260e+00      1.79300e-01      1.00000e+01    318s
  1252     -3.84700e+00      1.79300e-01      1.00000e+01    320s
  1258     -3.81360e+00      1.79300e-01      1.00000e+01    321s
  1262     -3.95960e+00      1.79300e-01      1.00000e+01    322s
  1267     -3.82450e+00      1.79300e-01      1.00000e+01    323s
  1272     -3.67270e+00      1.79300e-01      1.00000e+01    325s
  1275     -3.75120e+00      1.79300e-01      1.00000e+01    326s
  1280     -3.67830e+00      1.79300e-01      1.00000e+01    327s
  1284     -3.87110e+00      1.79300e-01      1.00000e+01    328s
  1287     -3.81930e+00      1.79300e-01      1.00000e+01    329s
  1292     -3.69790e+00      1.79300e-01      1.00000e+01    330s
  1297     -3.91800e+00      1.79300e-01      1.00000e+01    331s
  1301     -3.86080e+00      1.79300e-01      1.00000e+01    332s
  1305     -3.80610e+00      1.79300e-01      1.00000e+01    333s
  1310     -3.98980e+00      1.79300e-01      1.00000e+01    335s
  1314     -3.61160e+00      1.79300e-01      1.00000e+01    336s
  1319     -3.74300e+00      1.79300e-01      1.00000e+01    337s
  1323     -3.73310e+00      1.79300e-01      1.00000e+01    338s
  1326     -3.83980e+00      1.79300e-01      1.00000e+01    339s
  1330     -3.85800e+00      1.79300e-01      1.00000e+01    340s
  1334     -3.84790e+00      1.79300e-01      1.00000e+01    341s
  1340     -3.79910e+00      1.79300e-01      1.00000e+01    342s
  1344     -3.80910e+00      1.79300e-01      1.00000e+01    343s
  1348     -3.78000e+00      1.79300e-01      1.00000e+01    344s
  1352     -3.72330e+00      1.79300e-01      1.00000e+01    345s
  1356     -3.81740e+00      1.79300e-01      1.00000e+01    346s
  1360     -3.77730e+00      1.79300e-01      1.00000e+01    348s
  1364     -4.00670e+00      1.79300e-01      1.00000e+01    349s
  1369     -3.66250e+00      1.79300e-01      1.00000e+01    350s
  1373     -3.90490e+00      1.79300e-01      1.00000e+01    351s
  1376     -3.77520e+00      1.79300e-01      1.00000e+01    353s
  1379     -3.83420e+00      1.79300e-01      1.00000e+01    354s
  1385     -3.81270e+00      1.79300e-01      1.00000e+01    355s
  1389     -3.93830e+00      1.79300e-01      1.00000e+01    356s
  1393     -3.80700e+00      1.79300e-01      1.00000e+01    357s
  1397     -3.68810e+00      1.79300e-01      1.00000e+01    358s
  1401     -3.78750e+00      1.79300e-01      1.00000e+01    359s
  1405     -3.77840e+00      1.79300e-01      1.00000e+01    361s
  1409     -3.93180e+00      1.79300e-01      1.00000e+01    362s
  1413     -3.75650e+00      1.79300e-01      1.00000e+01    363s
  1416     -3.83060e+00      1.79300e-01      1.00000e+01    364s
  1420     -3.85570e+00      1.79300e-01      1.00000e+01    365s
  1426     -3.75080e+00      1.79300e-01      1.00000e+01    367s
  1430     -3.63890e+00      1.79300e-01      1.00000e+01    368s
  1434     -3.89300e+00      1.79300e-01      1.00000e+01    369s
  1438     -3.93640e+00      1.79300e-01      1.00000e+01    370s
  1442     -3.71880e+00      1.79300e-01      1.00000e+01    371s
  1446     -3.71950e+00      1.79300e-01      1.00000e+01    372s
  1450     -3.75970e+00      1.79300e-01      1.00000e+01    373s
  1454     -3.66610e+00      1.79300e-01      1.00000e+01    374s
  1458     -3.84470e+00      1.79300e-01      1.00000e+01    375s
  1462     -3.63260e+00      1.79300e-01      1.00000e+01    376s
  1466     -3.74970e+00      1.79300e-01      1.00000e+01    378s
  1472     -3.75650e+00      1.79300e-01      1.00000e+01    379s
  1476     -3.84120e+00      1.79300e-01      1.00000e+01    380s
  1481     -3.66680e+00      1.79300e-01      1.00000e+01    381s
  1486     -3.82200e+00      1.79300e-01      1.00000e+01    382s
  1491     -3.84780e+00      1.79300e-01      1.00000e+01    384s
  1495     -3.79300e+00      1.79300e-01      1.00000e+01    385s
  1499     -3.86950e+00      1.79300e-01      1.00000e+01    386s
  1503     -3.78960e+00      1.79300e-01      1.00000e+01    387s
  1507     -3.94940e+00      1.79300e-01      1.00000e+01    388s
  1511     -3.66580e+00      1.79300e-01      1.00000e+01    389s
  1517     -3.92850e+00      1.79300e-01      1.00000e+01    390s
  1522     -3.73740e+00      1.79300e-01      1.00000e+01    391s
  1526     -3.74560e+00      1.79300e-01      1.00000e+01    393s
  1531     -3.91230e+00      1.79300e-01      1.00000e+01    394s
  1535     -3.68840e+00      1.79300e-01      1.00000e+01    395s
  1539     -3.85570e+00      1.79300e-01      1.00000e+01    396s
  1543     -4.00280e+00      1.79300e-01      1.00000e+01    397s
  1547     -3.82500e+00      1.79300e-01      1.00000e+01    398s
  1552     -4.00080e+00      1.79300e-01      1.00000e+01    400s
  1556     -3.72950e+00      1.79300e-01      1.00000e+01    401s
  1561     -3.87420e+00      1.79300e-01      1.00000e+01    402s
  1566     -3.76460e+00      1.79300e-01      1.00000e+01    403s
  1571     -3.71730e+00      1.79300e-01      1.00000e+01    404s
  1575     -3.77380e+00      1.79300e-01      1.00000e+01    406s
  1580     -3.61430e+00      1.79300e-01      1.00000e+01    407s
  1584     -3.74860e+00      1.79300e-01      1.00000e+01    408s
  1587     -3.79700e+00      1.79300e-01      1.00000e+01    409s
  1591     -3.89520e+00      1.79300e-01      1.00000e+01    410s
  1595     -3.61310e+00      1.79300e-01      1.00000e+01    412s
  1599     -3.56580e+00      1.79300e-01      1.00000e+01    413s
  1602     -3.83390e+00      1.79300e-01      1.00000e+01    414s
  1607     -3.72680e+00      1.79300e-01      1.00000e+01    415s
  1611     -3.85190e+00      1.79300e-01      1.00000e+01    416s
  1616     -3.98010e+00      1.79300e-01      1.00000e+01    417s
  1620     -3.77850e+00      1.79300e-01      1.00000e+01    418s
  1624     -3.57390e+00      1.79300e-01      1.00000e+01    419s
  1628     -3.95230e+00      1.79300e-01      1.00000e+01    420s
  1633     -3.66310e+00      1.79300e-01      1.00000e+01    422s
  1637     -3.88760e+00      1.79300e-01      1.00000e+01    423s
  1641     -3.97450e+00      1.79300e-01      1.00000e+01    424s
  1645     -3.53780e+00      1.79300e-01      1.00000e+01    425s
  1649     -3.77810e+00      1.79300e-01      1.00000e+01    426s
  1654     -3.74870e+00      1.79300e-01      1.00000e+01    427s
  1657     -3.71210e+00      1.79300e-01      1.00000e+01    428s
  1661     -3.76330e+00      1.79300e-01      1.00000e+01    429s
  1665     -4.06040e+00      1.79300e-01      1.00000e+01    430s
  1669     -3.94780e+00      1.79300e-01      1.00000e+01    431s
  1673     -3.80560e+00      1.79300e-01      1.00000e+01    432s
  1677     -3.95500e+00      1.79300e-01      1.00000e+01    434s
  1681     -3.77510e+00      1.79300e-01      1.00000e+01    435s
  1684     -3.83060e+00      1.79300e-01      1.00000e+01    436s
  1688     -3.97570e+00      1.79300e-01      1.00000e+01    437s
  1692     -4.16540e+00      1.79300e-01      1.00000e+01    438s
  1698     -3.62960e+00      1.79300e-01      1.00000e+01    439s
  1703     -4.05640e+00      1.79300e-01      1.00000e+01    440s
  1708     -3.88020e+00      1.79300e-01      1.00000e+01    442s
  1712     -3.76800e+00      1.79300e-01      1.00000e+01    443s
  1717     -4.17510e+00      1.79300e-01      1.00000e+01    444s
  1722     -3.89160e+00      1.79300e-01      1.00000e+01    445s
  1726     -3.95750e+00      1.79300e-01      1.00000e+01    446s
  1730     -3.82670e+00      1.79300e-01      1.00000e+01    447s
  1734     -3.64970e+00      1.79300e-01      1.00000e+01    448s
  1738     -3.94230e+00      1.79300e-01      1.00000e+01    450s
  1744     -4.22230e+00      1.79300e-01      1.00000e+01    451s
  1748     -3.85200e+00      1.79300e-01      1.00000e+01    452s
  1753     -3.89220e+00      1.79300e-01      1.00000e+01    453s
  1757     -3.84130e+00      1.79300e-01      1.00000e+01    454s
  1762     -3.86280e+00      1.79300e-01      1.00000e+01    455s
  1766     -4.21470e+00      1.79300e-01      1.00000e+01    457s
  1770     -4.15740e+00      1.79300e-01      1.00000e+01    458s
  1774     -3.83970e+00      1.79300e-01      1.00000e+01    459s
  1778     -3.70490e+00      1.79300e-01      1.00000e+01    460s
  1783     -3.74190e+00      1.79300e-01      1.00000e+01    461s
  1787     -3.90260e+00      1.79300e-01      1.00000e+01    462s
  1793     -4.42430e+00      1.79300e-01      1.00000e+01    463s
  1797     -4.14230e+00      1.79300e-01      1.00000e+01    464s
  1801     -3.73120e+00      1.79300e-01      1.00000e+01    466s
  1805     -3.39600e+00      1.79300e-01      1.00000e+01    467s
  1810     -3.81250e+00      1.79300e-01      1.00000e+01    468s
  1813     -3.74940e+00      1.79300e-01      1.00000e+01    469s
  1817     -4.40300e+00      1.79300e-01      1.00000e+01    470s
  1822     -4.34430e+00      1.79300e-01      1.00000e+01    471s
  1826     -3.50280e+00      1.79300e-01      1.00000e+01    472s
  1831     -3.54550e+00      1.79300e-01      1.00000e+01    473s
  1836     -4.11740e+00      1.79300e-01      1.00000e+01    474s
  1840     -4.37030e+00      1.79300e-01      1.00000e+01    476s
  1845     -4.63520e+00      1.79300e-01      1.00000e+01    477s
  1850     -3.62790e+00      1.79300e-01      1.00000e+01    478s
  1854     -3.41990e+00      1.79300e-01      1.00000e+01    479s
  1858     -3.69420e+00      1.79300e-01      1.00000e+01    480s
  1861     -3.70800e+00      1.79300e-01      1.00000e+01    481s
  1864     -3.89640e+00      1.79300e-01      1.00000e+01    482s
  1868     -4.64800e+00      1.79300e-01      1.00000e+01    483s
  1872     -4.49260e+00      1.79300e-01      1.00000e+01    484s
  1876     -3.62030e+00      1.79300e-01      1.00000e+01    486s
  1882     -3.51130e+00      1.79300e-01      1.00000e+01    487s
  1886     -3.79190e+00      1.79300e-01      1.00000e+01    488s
  1890     -4.20310e+00      1.79300e-01      1.00000e+01    489s
  1895     -4.63080e+00      1.79300e-01      1.00000e+01    490s
  1899     -3.88370e+00      1.79300e-01      1.00000e+01    491s
  1903     -3.39700e+00      1.79300e-01      1.00000e+01    492s
  1907     -3.56490e+00      1.79300e-01      1.00000e+01    493s
  1912     -3.95960e+00      1.79300e-01      1.00000e+01    495s
  1916     -4.30160e+00      1.79300e-01      1.00000e+01    496s
  1920     -4.60720e+00      1.79300e-01      1.00000e+01    497s
  1925     -3.56390e+00      1.79300e-01      1.00000e+01    498s
  1931     -3.66610e+00      1.79300e-01      1.00000e+01    499s
  1935     -3.77630e+00      1.79300e-01      1.00000e+01    500s
  1940     -4.30090e+00      1.79300e-01      1.00000e+01    502s
  1945     -4.68090e+00      1.79300e-01      1.00000e+01    503s
  1949     -3.85960e+00      1.79300e-01      1.00000e+01    504s
  1953     -3.52470e+00      1.79300e-01      1.00000e+01    505s
  1957     -3.77600e+00      1.79300e-01      1.00000e+01    506s
  1961     -3.94530e+00      1.79300e-01      1.00000e+01    507s
  1965     -4.40020e+00      1.79300e-01      1.00000e+01    508s
  1970     -4.56340e+00      1.79300e-01      1.00000e+01    510s
  1976     -3.73170e+00      1.79300e-01      1.00000e+01    511s
  1981     -3.60810e+00      1.79300e-01      1.00000e+01    512s
  1985     -3.45960e+00      1.79300e-01      1.00000e+01    513s
  1989     -4.11090e+00      1.79300e-01      1.00000e+01    514s
  1994     -4.79660e+00      1.79300e-01      1.00000e+01    515s
  1998     -3.93450e+00      1.79300e-01      1.00000e+01    516s
  2002     -3.92770e+00      1.79300e-01      1.00000e+01    517s
  2006     -4.17120e+00      1.79300e-01      1.00000e+01    518s
  2011     -3.73280e+00      1.79300e-01      1.00000e+01    520s
  2015     -4.40290e+00      1.79300e-01      1.00000e+01    521s
  2019     -4.77880e+00      1.79300e-01      1.00000e+01    522s
  2025     -3.84800e+00      1.79300e-01      1.00000e+01    523s
  2029     -4.22320e+00      1.79300e-01      1.00000e+01    524s
  2034     -3.55920e+00      1.79300e-01      1.00000e+01    525s
  2038     -4.06590e+00      1.79300e-01      1.00000e+01    526s
  2042     -4.71730e+00      1.79300e-01      1.00000e+01    528s
  2047     -3.87610e+00      1.79300e-01      1.00000e+01    529s
  2051     -4.03780e+00      1.79300e-01      1.00000e+01    530s
  2055     -4.96580e+00      1.79300e-01      1.00000e+01    531s
  2059     -3.82780e+00      1.79300e-01      1.00000e+01    532s
  2064     -4.33470e+00      1.79300e-01      1.00000e+01    533s
  2070     -4.16360e+00      1.79300e-01      1.00000e+01    535s
  2074     -3.57870e+00      1.79300e-01      1.00000e+01    536s
  2078     -4.88150e+00      1.79300e-01      1.00000e+01    537s
  2082     -4.31460e+00      1.79300e-01      1.00000e+01    538s
  2087     -3.82550e+00      1.79300e-01      1.00000e+01    539s
  2092     -4.74670e+00      1.79300e-01      1.00000e+01    540s
  2096     -3.68940e+00      1.79300e-01      1.00000e+01    541s
  2100     -3.75480e+00      1.79300e-01      1.00000e+01    543s
  2104     -5.57510e+00      1.79300e-01      1.00000e+01    544s
  2109     -3.79700e+00      1.79300e-01      1.00000e+01    545s
  2113     -4.08570e+00      1.79300e-01      1.00000e+01    546s
  2119     -4.01520e+00      1.79300e-01      1.00000e+01    547s
  2125     -4.20570e+00      1.79300e-01      1.00000e+01    549s
  2129     -5.46360e+00      1.79300e-01      1.00000e+01    550s
  2134     -3.60230e+00      1.79300e-01      1.00000e+01    551s
  2138     -4.27580e+00      1.79300e-01      1.00000e+01    552s
  2142     -4.78160e+00      1.79300e-01      1.00000e+01    553s
  2147     -3.16970e+00      1.79300e-01      1.00000e+01    555s
  2151     -4.45840e+00      1.79300e-01      1.00000e+01    556s
  2155     -5.89990e+00      1.79300e-01      1.00000e+01    557s
  2159     -3.89950e+00      1.79300e-01      1.00000e+01    558s
  2162     -3.74580e+00      1.79300e-01      1.00000e+01    559s
  2168     -3.97460e+00      1.79300e-01      1.00000e+01    560s
  2172     -2.71040e+00      1.79300e-01      1.00000e+01    561s
  2177     -5.54720e+00      1.79300e-01      1.00000e+01    562s
  2182     -4.62020e+00      1.79300e-01      1.00000e+01    563s
  2187     -3.81150e+00      1.79300e-01      1.00000e+01    565s
  2192     -4.18280e+00      1.79300e-01      1.00000e+01    566s
  2196     -2.59560e+00      1.79300e-01      1.00000e+01    567s
  2199     -3.93930e+00      1.79300e-01      1.00000e+01    568s
  2203     -5.87770e+00      1.79300e-01      1.00000e+01    569s
  2209     -4.04900e+00      1.79300e-01      1.00000e+01    570s
  2214     -4.12910e+00      1.79300e-01      1.00000e+01    572s
  2220     -2.75690e+00      1.79300e-01      1.00000e+01    573s
  2225     -4.26660e+00      1.79300e-01      1.00000e+01    574s
  2230     -5.87750e+00      1.79300e-01      1.00000e+01    575s
  2235     -3.68310e+00      1.79300e-01      1.00000e+01    576s
  2240     -4.15420e+00      1.79300e-01      1.00000e+01    577s
  2245     -2.21670e+00      1.79300e-01      1.00000e+01    578s
  2249     -3.93050e+00      1.79300e-01      1.00000e+01    580s
  2253     -5.43000e+00      1.79300e-01      1.00000e+01    581s
  2257     -5.00350e+00      1.79300e-01      1.00000e+01    582s
  2261     -3.75970e+00      1.79300e-01      1.00000e+01    583s
  2265     -3.82040e+00      1.79300e-01      1.00000e+01    584s
  2271     -2.46140e+00      1.79300e-01      1.00000e+01    585s
  2276     -4.70620e+00      1.79300e-01      1.00000e+01    587s
  2281     -5.05870e+00      1.79300e-01      1.00000e+01    588s
  2286     -3.92450e+00      1.79300e-01      1.00000e+01    589s
  2290     -3.61280e+00      1.79300e-01      1.00000e+01    590s
  2295     -2.49890e+00      1.79300e-01      1.00000e+01    591s
  2298     -3.10470e+00      1.79300e-01      1.00000e+01    592s
  2302     -4.40130e+00      1.79300e-01      1.00000e+01    593s
  2306     -4.95570e+00      1.79300e-01      1.00000e+01    595s
  2309     -4.49200e+00      1.79300e-01      1.00000e+01    596s
  2314     -3.52980e+00      1.79300e-01      1.00000e+01    597s
  2319     -3.17260e+00      1.79300e-01      1.00000e+01    598s
  2324     -3.55210e+00      1.79300e-01      1.00000e+01    599s
  2328     -4.87890e+00      1.79300e-01      1.00000e+01    600s
  2332     -4.83580e+00      1.79300e-01      1.00000e+01    601s
  2336     -3.96260e+00      1.79300e-01      1.00000e+01    602s
  2341     -3.04900e+00      1.79300e-01      1.00000e+01    603s
  2346     -3.19140e+00      1.79300e-01      1.00000e+01    605s
  2350     -4.01010e+00      1.79300e-01      1.00000e+01    606s
  2355     -4.21320e+00      1.79300e-01      1.00000e+01    607s
  2359     -5.22340e+00      1.79300e-01      1.00000e+01    608s
  2366     -2.56010e+00      1.79300e-01      1.00000e+01    609s
  2370     -3.74290e+00      1.79300e-01      1.00000e+01    611s
  2373     -4.07600e+00      1.79300e-01      1.00000e+01    612s
  2378     -3.70920e+00      1.79300e-01      1.00000e+01    613s
  2383     -5.32990e+00      1.79300e-01      1.00000e+01    614s
  2388     -3.09710e+00      1.79300e-01      1.00000e+01    615s
  2392     -3.02310e+00      1.79300e-01      1.00000e+01    616s
  2396     -4.20550e+00      1.79300e-01      1.00000e+01    618s
  2400     -3.84280e+00      1.79300e-01      1.00000e+01    619s
  2404     -2.70430e+00      1.79300e-01      1.00000e+01    620s
  2411     -4.97490e+00      1.79300e-01      1.00000e+01    622s
  2414     -2.27050e+00      1.79300e-01      1.00000e+01    623s
  2419     -4.09720e+00      1.79300e-01      1.00000e+01    624s
  2423     -4.93430e+00      1.79300e-01      1.00000e+01    625s
  2427     -2.50080e+00      1.79300e-01      1.00000e+01    626s
  2432     -5.30230e+00      1.79300e-01      1.00000e+01    627s
  2436     -4.43430e+00      1.79300e-01      1.00000e+01    628s
  2440     -1.93170e+00      1.79300e-01      1.00000e+01    630s
  2444     -4.43890e+00      1.79300e-01      1.00000e+01    631s
  2448     -4.56880e+00      1.79300e-01      1.00000e+01    632s
  2453     -1.13630e+00      1.79300e-01      1.00000e+01    633s
  2457     -5.01010e+00      1.79300e-01      1.00000e+01    634s
  2462     -4.15370e+00      1.79300e-01      1.00000e+01    635s
  2467     -2.02610e+00      1.79300e-01      1.00000e+01    636s
  2471     -6.39560e+00      1.79300e-01      1.00000e+01    637s
  2476     -1.98760e+00      1.79300e-01      1.00000e+01    638s
  2479     -1.71240e+00      1.79300e-01      1.00000e+01    639s
  2483     -6.29050e+00      1.79300e-01      1.00000e+01    641s
  2487     -3.32420e+00      1.79300e-01      1.00000e+01    642s
  2491     -1.68690e+00      1.79300e-01      1.00000e+01    643s
  2495     -6.18410e+00      1.79300e-01      1.00000e+01    644s

==================================================
Summary of results QAOA
--------------------------------------------------
Average of QAOA obj:          0.18
STD of QAOA obj:              34.84

Gamma angles:                 0.51
Beta angles:                  3.46

Best QAOA obj:                10.00
Modified best QAOA obj:       10.00

QAOA total time:              644.78s
QAOA circuit depth:           14
==================================================

==================================================
Summary of results of 0-S7
--------------------------------------------------
Number of vertices:           7
Number of edges:              15

Vertex num in largest comp:   7
Edge num in largest comp:     15

Pre-processing running time:  0.00
Total solver time:            644.01
Running time:                 648.21

Upper bound:                  10.00
Objective value:              10.00

Partition 0:                  1, 4, 5, 6          
Partition 1:                  2, 3, 7             
==================================================
