==================================================
Instance parameters
--------------------------------------------------
Number of vertices:           7
Number of edges:              15
Number of partitions:         2

Density (%):                  71
Name of instance:             seed1_band_pen1.4
Is planar:                    True
==================================================

==================================================
Solver parameters
--------------------------------------------------
Method:                       R-QUBO
Peel:                         False
Decompose:                    False
Fold:                         False

QAOA Num Levels:              1
QAOA Scipy Optimizer:         brute
==================================================

  iter        avg-obj        best avg-obj       best-obj      time
     0      2.55600e+00      2.55600e+00      1.00000e+01      2s
     8      2.53900e+00      2.58400e+00      1.00000e+01      3s
    21      2.51400e+00      2.58400e+00      1.00000e+01      4s
    33      2.44500e+00      2.63500e+00      1.00000e+01      5s
    40      2.51100e+00      2.63500e+00      1.00000e+01      6s
    52      2.63500e+00      2.63500e+00      1.00000e+01      7s
    64      2.44000e+00      2.63500e+00      1.00000e+01      8s
    78      2.50800e+00      2.63500e+00      1.00000e+01      9s
    87      2.46500e+00      2.63500e+00      1.00000e+01     10s
    94      2.51400e+00      2.63500e+00      1.00000e+01     11s
   102      2.46500e+00      2.63500e+00      1.00000e+01     12s
   111      2.47800e+00      2.63500e+00      1.00000e+01     13s
   120      2.42300e+00      2.63500e+00      1.00000e+01     15s
   128      2.44500e+00      2.63500e+00      1.00000e+01     16s
   142      2.48700e+00      2.63500e+00      1.00000e+01     17s
   150      2.56000e+00      2.63500e+00      1.00000e+01     18s
   159      2.40700e+00      2.63500e+00      1.00000e+01     19s
   164      2.44500e+00      2.65100e+00      1.00000e+01     20s
   173      2.46400e+00      2.65100e+00      1.00000e+01     21s
   179      2.46500e+00      2.65100e+00      1.00000e+01     22s
   185      2.50400e+00      2.65100e+00      1.00000e+01     23s
   193      2.24500e+00      2.65100e+00      1.00000e+01     24s
   201      2.55800e+00      2.65100e+00      1.00000e+01     25s
   208      2.36000e+00      2.65100e+00      1.00000e+01     26s
   215      2.42200e+00      2.65100e+00      1.00000e+01     27s
   222      2.35400e+00      2.65100e+00      1.00000e+01     29s
   230      2.24500e+00      2.65100e+00      1.00000e+01     30s
   243      2.37800e+00      2.65100e+00      1.00000e+01     31s
   253      2.46300e+00      2.65100e+00      1.00000e+01     32s
   264      2.49300e+00      2.65100e+00      1.00000e+01     33s
   273      2.45700e+00      2.65100e+00      1.00000e+01     34s
   284      2.42000e+00      2.65100e+00      1.00000e+01     35s
   294      2.37300e+00      2.65100e+00      1.00000e+01     36s
   305      2.33100e+00      2.65100e+00      1.00000e+01     37s
   313      2.61900e+00      2.65100e+00      1.00000e+01     38s
   320      2.30400e+00      2.65100e+00      1.00000e+01     39s
   330      2.26500e+00      2.65100e+00      1.00000e+01     40s
   342      2.23600e+00      2.65100e+00      1.00000e+01     41s
   352      2.47500e+00      2.65100e+00      1.00000e+01     42s
   360      2.32500e+00      2.65100e+00      1.00000e+01     43s
   369      2.24900e+00      2.65100e+00      1.00000e+01     44s
   380      2.21900e+00      2.65100e+00      1.00000e+01     45s
   391      2.25000e+00      2.65100e+00      1.00000e+01     46s
   397      2.47400e+00      2.65100e+00      1.00000e+01     48s
   408      2.21700e+00      2.65100e+00      1.00000e+01     49s
   416      2.21900e+00      2.65100e+00      1.00000e+01     50s
   425      2.49800e+00      2.65100e+00      1.00000e+01     51s
   435      2.46700e+00      2.65100e+00      1.00000e+01     52s
   443      2.10800e+00      2.65100e+00      1.00000e+01     53s
   456      2.23800e+00      2.65100e+00      1.00000e+01     54s
   465      2.37900e+00      2.65100e+00      1.00000e+01     55s
   475      2.64300e+00      2.65100e+00      1.00000e+01     56s
   485      2.51100e+00      2.65100e+00      1.00000e+01     57s
   493      2.18300e+00      2.65100e+00      1.00000e+01     58s
   502      2.42800e+00      2.65100e+00      1.00000e+01     59s
   510      2.35700e+00      2.65100e+00      1.00000e+01     60s
   519      2.26000e+00      2.65100e+00      1.00000e+01     61s
   527      2.41800e+00      2.65100e+00      1.00000e+01     62s
   537      2.45900e+00      2.65100e+00      1.00000e+01     63s
   544      2.26300e+00      2.65100e+00      1.00000e+01     64s
   554      2.34800e+00      2.65100e+00      1.00000e+01     65s
   561      2.36300e+00      2.65100e+00      1.00000e+01     66s
   571      2.51300e+00      2.65100e+00      1.00000e+01     67s
   580      2.35600e+00      2.65100e+00      1.00000e+01     68s
   585      2.44900e+00      2.65100e+00      1.00000e+01     70s
   598      2.55600e+00      2.65100e+00      1.00000e+01     71s
   610      2.51900e+00      2.65100e+00      1.00000e+01     72s
   619      2.49100e+00      2.65100e+00      1.00000e+01     73s
   626      2.52200e+00      2.65100e+00      1.00000e+01     74s
   639      2.50500e+00      2.65100e+00      1.00000e+01     75s
   649      2.53300e+00      2.65100e+00      1.00000e+01     76s
   659      2.60200e+00      2.65100e+00      1.00000e+01     77s
   669      2.63500e+00      2.65300e+00      1.00000e+01     78s
   680      2.55600e+00      2.65800e+00      1.00000e+01     79s
   693      2.62800e+00      2.81500e+00      1.00000e+01     80s
   701      2.51900e+00      2.81500e+00      1.00000e+01     81s
   713      2.46600e+00      2.81500e+00      1.00000e+01     82s
   724      2.47300e+00      2.81500e+00      1.00000e+01     83s
   733      2.60200e+00      2.81500e+00      1.00000e+01     84s
   741      2.61300e+00      2.81500e+00      1.00000e+01     85s
   749      2.47200e+00      2.81500e+00      1.00000e+01     87s
   760      2.59700e+00      2.85700e+00      1.00000e+01     88s
   770      2.72100e+00      2.85700e+00      1.00000e+01     89s
   778      2.62700e+00      2.85700e+00      1.00000e+01     90s
   787      2.57600e+00      2.85700e+00      1.00000e+01     91s
   794      2.63800e+00      2.85700e+00      1.00000e+01     92s
   801      2.55900e+00      2.85700e+00      1.00000e+01     93s
   808      2.71700e+00      2.85700e+00      1.00000e+01     95s
   816      2.77100e+00      2.85700e+00      1.00000e+01     96s
   825      2.43400e+00      2.85700e+00      1.00000e+01     97s
   833      2.81300e+00      2.85800e+00      1.00000e+01     98s
   846      2.51000e+00      2.85800e+00      1.00000e+01     99s
   861      2.38800e+00      2.85800e+00      1.00000e+01    100s
   872      2.63700e+00      2.85800e+00      1.00000e+01    101s
   882      2.79600e+00      2.85800e+00      1.00000e+01    102s
   889      2.65800e+00      2.85800e+00      1.00000e+01    103s
   900      2.49200e+00      2.85800e+00      1.00000e+01    104s
   910      2.49000e+00      2.88900e+00      1.00000e+01    105s
   922      2.57900e+00      2.88900e+00      1.00000e+01    106s
   929      2.72900e+00      2.88900e+00      1.00000e+01    107s
   936      2.53200e+00      2.88900e+00      1.00000e+01    108s
   947      2.45800e+00      2.88900e+00      1.00000e+01    109s
   959      2.56600e+00      2.88900e+00      1.00000e+01    111s
   968      2.74600e+00      2.88900e+00      1.00000e+01    112s
   978      2.67100e+00      2.88900e+00      1.00000e+01    113s
   983      2.65600e+00      2.88900e+00      1.00000e+01    114s
   991      2.63300e+00      2.88900e+00      1.00000e+01    115s
   998      2.46600e+00      2.88900e+00      1.00000e+01    116s
  1003      2.66300e+00      2.88900e+00      1.00000e+01    117s
  1013      2.55100e+00      2.88900e+00      1.00000e+01    118s
  1023      2.53600e+00      2.88900e+00      1.00000e+01    119s
  1034      2.60400e+00      2.88900e+00      1.00000e+01    120s
  1043      2.64300e+00      2.88900e+00      1.00000e+01    121s
  1050      2.47800e+00      2.88900e+00      1.00000e+01    122s
  1061      2.44100e+00      2.88900e+00      1.00000e+01    123s
  1069      2.63300e+00      2.88900e+00      1.00000e+01    124s
  1080      2.64900e+00      2.88900e+00      1.00000e+01    125s
  1089      2.62500e+00      2.88900e+00      1.00000e+01    126s
  1096      2.48000e+00      2.88900e+00      1.00000e+01    127s
  1102      2.58900e+00      2.88900e+00      1.00000e+01    129s
  1109      2.44500e+00      2.88900e+00      1.00000e+01    130s
  1117      2.52100e+00      2.88900e+00      1.00000e+01    131s
  1126      2.48100e+00      2.88900e+00      1.00000e+01    132s
  1141      2.58800e+00      2.88900e+00      1.00000e+01    133s
  1148      2.58000e+00      2.88900e+00      1.00000e+01    134s
  1156      2.44400e+00      2.88900e+00      1.00000e+01    135s
  1161      2.45200e+00      2.88900e+00      1.00000e+01    136s
  1170      2.39400e+00      2.88900e+00      1.00000e+01    137s
  1181      2.59100e+00      2.88900e+00      1.00000e+01    138s
  1189      2.54600e+00      2.88900e+00      1.00000e+01    139s
  1197      2.46200e+00      2.88900e+00      1.00000e+01    140s
  1204      2.38800e+00      2.88900e+00      1.00000e+01    141s
  1214      2.48900e+00      2.88900e+00      1.00000e+01    142s
  1221      2.53800e+00      2.88900e+00      1.00000e+01    144s
  1234      2.49600e+00      2.88900e+00      1.00000e+01    145s
  1242      2.56000e+00      2.88900e+00      1.00000e+01    146s
  1251      2.47300e+00      2.88900e+00      1.00000e+01    147s
  1259      2.40800e+00      2.88900e+00      1.00000e+01    148s
  1265      2.55500e+00      2.88900e+00      1.00000e+01    149s
  1275      2.47500e+00      2.88900e+00      1.00000e+01    150s
  1281      2.50100e+00      2.88900e+00      1.00000e+01    151s
  1290      2.53000e+00      2.88900e+00      1.00000e+01    152s
  1299      2.43100e+00      2.88900e+00      1.00000e+01    153s
  1308      2.50900e+00      2.88900e+00      1.00000e+01    154s
  1314      2.51000e+00      2.88900e+00      1.00000e+01    155s
  1324      2.38500e+00      2.88900e+00      1.00000e+01    157s
  1332      2.53600e+00      2.88900e+00      1.00000e+01    158s
  1339      2.47400e+00      2.88900e+00      1.00000e+01    159s
  1347      2.50300e+00      2.88900e+00      1.00000e+01    160s
  1359      2.51000e+00      2.88900e+00      1.00000e+01    161s
  1369      2.56800e+00      2.88900e+00      1.00000e+01    162s
  1379      2.60200e+00      2.88900e+00      1.00000e+01    163s
  1384      2.63400e+00      2.88900e+00      1.00000e+01    164s
  1390      2.51500e+00      2.88900e+00      1.00000e+01    165s
  1401      2.55900e+00      2.88900e+00      1.00000e+01    166s
  1417      2.55200e+00      2.88900e+00      1.00000e+01    167s
  1432      2.59000e+00      2.88900e+00      1.00000e+01    168s
  1441      2.61600e+00      2.88900e+00      1.00000e+01    169s
  1449      2.49500e+00      2.88900e+00      1.00000e+01    170s
  1457      2.65700e+00      2.88900e+00      1.00000e+01    171s
  1466      2.61300e+00      2.88900e+00      1.00000e+01    172s
  1474      2.40200e+00      2.88900e+00      1.00000e+01    173s
  1482      2.77200e+00      2.88900e+00      1.00000e+01    175s
  1487      2.57400e+00      2.88900e+00      1.00000e+01    176s
  1493      2.66100e+00      2.88900e+00      1.00000e+01    177s
  1505      2.72400e+00      2.88900e+00      1.00000e+01    178s
  1515      2.47100e+00      2.88900e+00      1.00000e+01    179s
  1520      2.79200e+00      2.88900e+00      1.00000e+01    180s
  1530      2.61000e+00      2.88900e+00      1.00000e+01    181s
  1538      2.40200e+00      2.88900e+00      1.00000e+01    182s
  1545      2.80800e+00      2.88900e+00      1.00000e+01    183s
  1553      2.68000e+00      2.88900e+00      1.00000e+01    184s
  1561      2.68100e+00      2.88900e+00      1.00000e+01    185s
  1566      2.68000e+00      2.88900e+00      1.00000e+01    186s
  1575      2.44500e+00      2.88900e+00      1.00000e+01    187s
  1584      2.64200e+00      2.88900e+00      1.00000e+01    189s
  1594      2.90100e+00      2.90100e+00      1.00000e+01    190s
  1605      2.74000e+00      2.90100e+00      1.00000e+01    191s
  1616      2.51300e+00      2.92400e+00      1.00000e+01    192s
  1632      2.76900e+00      2.92400e+00      1.00000e+01    193s
  1641      2.60700e+00      2.92400e+00      1.00000e+01    194s
  1651      2.48300e+00      2.92400e+00      1.00000e+01    195s
  1660      2.58700e+00      2.92400e+00      1.00000e+01    196s
  1668      2.71700e+00      2.92400e+00      1.00000e+01    197s
  1678      2.54100e+00      2.95300e+00      1.00000e+01    198s
  1688      2.55700e+00      2.95300e+00      1.00000e+01    199s
  1696      2.71700e+00      2.95300e+00      1.00000e+01    200s
  1703      2.52000e+00      2.95300e+00      1.00000e+01    201s
  1710      2.62900e+00      2.95300e+00      1.00000e+01    202s
  1719      2.85400e+00      2.95300e+00      1.00000e+01    203s
  1728      2.53800e+00      2.95300e+00      1.00000e+01    205s
  1734      2.60300e+00      2.95300e+00      1.00000e+01    206s
  1737      2.51200e+00      2.95300e+00      1.00000e+01    207s
  1743      2.68000e+00      2.95300e+00      1.00000e+01    208s
  1751      2.45000e+00      2.95300e+00      1.00000e+01    209s
  1762      2.45400e+00      2.95300e+00      1.00000e+01    210s
  1773      2.62700e+00      2.95300e+00      1.00000e+01    211s
  1781      2.75300e+00      2.95300e+00      1.00000e+01    212s
  1789      2.51200e+00      2.95300e+00      1.00000e+01    213s
  1799      2.64100e+00      2.95300e+00      1.00000e+01    214s
  1804      2.56600e+00      2.95300e+00      1.00000e+01    215s
  1813      2.37900e+00      2.95300e+00      1.00000e+01    216s
  1821      2.50900e+00      2.95300e+00      1.00000e+01    217s
  1831      2.69300e+00      2.95300e+00      1.00000e+01    218s
  1837      2.55300e+00      2.95300e+00      1.00000e+01    219s
  1844      2.65000e+00      2.95300e+00      1.00000e+01    221s
  1851      2.51400e+00      2.95300e+00      1.00000e+01    222s
  1858      2.41300e+00      2.95300e+00      1.00000e+01    223s
  1868      2.42400e+00      2.95300e+00      1.00000e+01    224s
  1877      2.55900e+00      2.95300e+00      1.00000e+01    225s
  1888      2.54200e+00      2.95300e+00      1.00000e+01    226s
  1894      2.54900e+00      2.95300e+00      1.00000e+01    227s
  1905      2.30900e+00      2.95300e+00      1.00000e+01    228s
  1915      2.54600e+00      2.95300e+00      1.00000e+01    229s
  1922      2.35700e+00      2.95300e+00      1.00000e+01    230s
  1932      2.36100e+00      2.95300e+00      1.00000e+01    232s
  1944      2.39800e+00      2.95300e+00      1.00000e+01    233s
  1958      2.39100e+00      2.95300e+00      1.00000e+01    234s
  1969      2.23400e+00      2.95300e+00      1.00000e+01    235s
  1978      2.29200e+00      2.95300e+00      1.00000e+01    236s
  1991      2.32100e+00      2.95300e+00      1.00000e+01    237s
  1999      2.50100e+00      2.95300e+00      1.00000e+01    238s
  2010      2.45000e+00      2.95300e+00      1.00000e+01    239s
  2019      2.24500e+00      2.95300e+00      1.00000e+01    240s
  2029      2.23100e+00      2.95300e+00      1.00000e+01    241s
  2036      2.45200e+00      2.95300e+00      1.00000e+01    242s
  2045      2.24300e+00      2.95300e+00      1.00000e+01    244s
  2055      2.17700e+00      2.95300e+00      1.00000e+01    245s
  2063      2.45200e+00      2.95300e+00      1.00000e+01    246s
  2074      2.44700e+00      2.95300e+00      1.00000e+01    247s
  2082      2.29700e+00      2.95300e+00      1.00000e+01    248s
  2095      2.22600e+00      2.95300e+00      1.00000e+01    249s
  2103      2.36800e+00      2.95300e+00      1.00000e+01    250s
  2110      2.40300e+00      2.95300e+00      1.00000e+01    251s
  2117      2.30500e+00      2.95300e+00      1.00000e+01    252s
  2127      2.38900e+00      2.95300e+00      1.00000e+01    253s
  2134      2.38900e+00      2.95300e+00      1.00000e+01    255s
  2147      2.37300e+00      2.95300e+00      1.00000e+01    256s
  2160      2.36300e+00      2.95300e+00      1.00000e+01    257s
  2167      2.26600e+00      2.95300e+00      1.00000e+01    258s
  2177      2.36100e+00      2.95300e+00      1.00000e+01    259s
  2189      2.32000e+00      2.95300e+00      1.00000e+01    260s
  2197      2.41800e+00      2.95300e+00      1.00000e+01    261s
  2206      2.33100e+00      2.95300e+00      1.00000e+01    262s
  2212      2.53800e+00      2.95300e+00      1.00000e+01    263s
  2220      2.36400e+00      2.95300e+00      1.00000e+01    264s
  2231      2.26300e+00      2.95300e+00      1.00000e+01    266s
  2239      2.37700e+00      2.95300e+00      1.00000e+01    267s
  2247      2.43000e+00      2.95300e+00      1.00000e+01    268s
  2255      2.33500e+00      2.95300e+00      1.00000e+01    269s
  2262      2.44400e+00      2.95300e+00      1.00000e+01    270s
  2271      2.37100e+00      2.95300e+00      1.00000e+01    271s
  2279      2.33800e+00      2.95300e+00      1.00000e+01    272s
  2287      2.47900e+00      2.95300e+00      1.00000e+01    273s
  2296      2.39100e+00      2.95300e+00      1.00000e+01    274s
  2302      2.49300e+00      2.95300e+00      1.00000e+01    275s
  2308      2.36900e+00      2.95300e+00      1.00000e+01    276s
  2313      2.50900e+00      2.95300e+00      1.00000e+01    277s
  2322      2.38400e+00      2.95300e+00      1.00000e+01    279s
  2333      2.43800e+00      2.95300e+00      1.00000e+01    280s
  2347      2.48900e+00      2.95300e+00      1.00000e+01    281s
  2354      2.42900e+00      2.95300e+00      1.00000e+01    282s
  2363      2.52200e+00      2.95300e+00      1.00000e+01    283s
  2373      2.53800e+00      2.95300e+00      1.00000e+01    284s
  2381      2.49300e+00      2.95300e+00      1.00000e+01    285s
  2393      2.47000e+00      2.95300e+00      1.00000e+01    286s
  2404      2.40800e+00      2.95300e+00      1.00000e+01    287s
  2419      2.49200e+00      2.95300e+00      1.00000e+01    288s
  2430      2.53700e+00      2.95300e+00      1.00000e+01    289s
  2441      2.40800e+00      2.95300e+00      1.00000e+01    290s
  2448      2.53400e+00      2.95300e+00      1.00000e+01    291s
  2454      2.47400e+00      2.95300e+00      1.00000e+01    292s
  2462      2.40600e+00      2.95300e+00      1.00000e+01    293s
  2469      2.42200e+00      2.95300e+00      1.00000e+01    294s
  2476      2.48900e+00      2.95300e+00      1.00000e+01    296s
  2483      2.51900e+00      2.95300e+00      1.00000e+01    297s
  2489      2.35600e+00      2.95300e+00      1.00000e+01    298s
  2495      2.54200e+00      2.95300e+00      1.00000e+01    299s

==================================================
Summary of results QAOA
--------------------------------------------------
Average of QAOA obj:          2.95
STD of QAOA obj:              20.06

Gamma angles:                 4.23
Beta angles:                  2.56

Best QAOA obj:                10.00
Modified best QAOA obj:       10.00

QAOA total time:              299.56s
QAOA circuit depth:           12
==================================================

==================================================
Summary of results of 0-S7
--------------------------------------------------
Number of vertices:           7
Number of edges:              15

Vertex num in largest comp:   7
Edge num in largest comp:     15

Pre-processing running time:  0.00
Total solver time:            298.63
Running time:                 305.77

Upper bound:                  10.00
Objective value:              10.00

Partition 0:                  1, 4, 5, 6          
Partition 1:                  2, 3, 7             
==================================================
