==================================================
Instance parameters
--------------------------------------------------
Number of vertices:           6
Number of edges:              15
Number of partitions:         4

Density (%):                  100
Name of instance:             seed1_band_pen_1.6
Is planar:                    False
==================================================

==================================================
Solver parameters
--------------------------------------------------
Method:                       QUBO
Peel:                         False
Decompose:                    False
Fold:                         False

QAOA Num Levels:              1
QAOA Scipy Optimizer:         brute
==================================================

  iter        avg-obj        best avg-obj       best-obj      time
     0     -1.98326e+01     -1.98326e+01      5.00000e+00      1s
     4     -2.00976e+01     -1.98326e+01      6.60000e+00      3s
     7     -2.02540e+01     -1.98326e+01      6.60000e+00      4s
    11     -2.00746e+01     -1.98326e+01      6.60000e+00      5s
    15     -2.03746e+01     -1.97178e+01      6.60000e+00      6s
    18     -2.01804e+01     -1.97178e+01      7.00000e+00      7s
    21     -2.01312e+01     -1.97178e+01      7.00000e+00      8s
    24     -2.07512e+01     -1.97178e+01      7.00000e+00      9s
    28     -2.06226e+01     -1.97178e+01      7.00000e+00     11s
    31     -2.05324e+01     -1.95970e+01      7.00000e+00     12s
    35     -2.03378e+01     -1.95970e+01      7.00000e+00     13s
    39     -2.07484e+01     -1.95970e+01      7.00000e+00     14s
    43     -1.96266e+01     -1.95970e+01      9.00000e+00     15s
    46     -2.02134e+01     -1.95970e+01      9.00000e+00     16s
    49     -2.00112e+01     -1.95970e+01      9.00000e+00     17s
    53     -1.14620e+00     -1.14620e+00      9.00000e+00     19s
    56     -6.21960e+00     -1.14620e+00      9.00000e+00     20s
    59     -1.37098e+01     -1.14620e+00      9.00000e+00     21s
    62     -1.95098e+01     -1.14620e+00      9.00000e+00     22s
    65     -3.76506e+01     -1.14620e+00      9.00000e+00     23s
    68     -5.84932e+01     -1.14620e+00      9.00000e+00     24s
    72     -4.68498e+01     -1.14620e+00      9.00000e+00     25s
    75     -1.51976e+01     -1.14620e+00      9.00000e+00     26s
    79     -1.86980e+00     -9.72600e-01      9.00000e+00     27s
    82     -1.03648e+01     -9.72600e-01      9.00000e+00     28s
    86     -1.72624e+01     -9.72600e-01      9.00000e+00     30s
    89     -3.33598e+01     -9.72600e-01      9.00000e+00     31s
    93     -6.15482e+01     -9.72600e-01      9.00000e+00     32s
    97     -4.17950e+01     -9.72600e-01      9.00000e+00     33s
   100     -2.04718e+01     -9.72600e-01      9.00000e+00     34s
   103     -5.55840e+00     -9.72600e-01      9.00000e+00     35s
   107     -1.02826e+01     -9.72600e-01      9.00000e+00     37s
   111     -1.42396e+01     -9.72600e-01      9.00000e+00     38s
   114     -3.39084e+01     -9.72600e-01      9.00000e+00     39s
   118     -6.54176e+01     -9.72600e-01      9.00000e+00     40s
   122     -4.67924e+01     -9.72600e-01      9.00000e+00     42s
   125     -1.53184e+01     -9.72600e-01      9.00000e+00     43s
   129     -6.73480e+00     -9.72600e-01      9.00000e+00     44s
   133     -1.25634e+01     -9.72600e-01      9.00000e+00     45s
   136     -1.61756e+01     -9.72600e-01      9.00000e+00     46s
   140     -4.82408e+01     -9.72600e-01      9.00000e+00     47s
   144     -6.63846e+01     -9.72600e-01      9.00000e+00     49s
   147     -4.29616e+01     -9.72600e-01      9.00000e+00     50s
   150     -2.00350e+01     -9.72600e-01      9.00000e+00     51s
   153     -2.06102e+01     -9.72600e-01      9.00000e+00     52s
   156     -2.09564e+01     -9.72600e-01      9.00000e+00     53s
   159     -1.52170e+01     -9.72600e-01      9.00000e+00     54s
   162     -1.86988e+01     -9.72600e-01      9.00000e+00     55s
   165     -3.80788e+01     -9.72600e-01      9.00000e+00     56s
   168     -4.80620e+01     -9.72600e-01      9.00000e+00     57s
   172     -3.02524e+01     -9.72600e-01      9.00000e+00     58s
   175     -1.97944e+01     -9.72600e-01      9.00000e+00     59s
   178     -2.11594e+01     -9.72600e-01      9.00000e+00     61s
   181     -2.06944e+01     -9.72600e-01      9.00000e+00     62s
   185     -1.51596e+01     -9.72600e-01      9.00000e+00     63s
   188     -2.75680e+01     -9.72600e-01      9.00000e+00     64s
   191     -4.54984e+01     -9.72600e-01      9.00000e+00     65s
   195     -3.97916e+01     -9.72600e-01      9.00000e+00     66s
   199     -2.00590e+01     -9.72600e-01      9.00000e+00     67s
   202     -2.49958e+01     -9.72600e-01      9.00000e+00     68s
   206     -2.88922e+01     -9.72600e-01      9.00000e+00     70s
   209     -2.03440e+01     -9.72600e-01      9.00000e+00     71s
   212     -2.01388e+01     -9.72600e-01      9.00000e+00     72s
   215     -3.00244e+01     -9.72600e-01      9.00000e+00     73s
   219     -3.14276e+01     -9.72600e-01      9.00000e+00     74s
   222     -2.18528e+01     -9.72600e-01      9.00000e+00     75s
   225     -2.09272e+01     -9.72600e-01      9.00000e+00     77s
   228     -2.79568e+01     -9.72600e-01      9.00000e+00     78s
   231     -2.68974e+01     -9.72600e-01      9.00000e+00     79s
   234     -1.87936e+01     -9.72600e-01      9.00000e+00     80s
   237     -2.05380e+01     -9.72600e-01      9.00000e+00     81s
   240     -3.22908e+01     -9.72600e-01      9.00000e+00     82s
   243     -3.13986e+01     -9.72600e-01      9.00000e+00     83s
   246     -2.38684e+01     -9.72600e-01      9.00000e+00     84s
   249     -2.04104e+01     -9.72600e-01      9.00000e+00     85s
   253     -2.41182e+01     -9.72600e-01      9.00000e+00     86s
   256     -2.56950e+01     -9.72600e-01      9.00000e+00     88s
   259     -2.21894e+01     -9.72600e-01      9.00000e+00     89s
   263     -2.12676e+01     -9.72600e-01      9.00000e+00     90s
   266     -2.58964e+01     -9.72600e-01      9.00000e+00     91s
   269     -2.61984e+01     -9.72600e-01      9.00000e+00     92s
   272     -2.13716e+01     -9.72600e-01      9.00000e+00     93s
   276     -2.18192e+01     -9.72600e-01      9.00000e+00     94s
   279     -2.54958e+01     -9.72600e-01      9.00000e+00     95s
   282     -2.39124e+01     -9.72600e-01      9.00000e+00     96s
   285     -2.01386e+01     -9.72600e-01      9.00000e+00     97s
   288     -2.14246e+01     -9.72600e-01      9.00000e+00     99s
   291     -2.65082e+01     -9.72600e-01      9.00000e+00    100s
   295     -2.39574e+01     -9.72600e-01      9.00000e+00    101s
   299     -2.04570e+01     -9.72600e-01      9.00000e+00    102s
   303     -2.43336e+01     -9.72600e-01      9.00000e+00    104s
   306     -2.81152e+01     -9.72600e-01      9.00000e+00    105s
   310     -2.20780e+01     -9.72600e-01      9.00000e+00    106s
   313     -2.12284e+01     -9.72600e-01      9.00000e+00    107s
   316     -2.67996e+01     -9.72600e-01      9.00000e+00    108s
   319     -2.91896e+01     -9.72600e-01      9.00000e+00    109s
   322     -2.29046e+01     -9.72600e-01      9.00000e+00    110s
   325     -2.08962e+01     -9.72600e-01      9.00000e+00    111s
   328     -2.61894e+01     -9.72600e-01      9.00000e+00    112s
   331     -2.74422e+01     -9.72600e-01      9.00000e+00    113s
   334     -2.33364e+01     -9.72600e-01      9.00000e+00    114s
   337     -2.08140e+01     -9.72600e-01      9.00000e+00    115s
   340     -2.50788e+01     -9.72600e-01      9.00000e+00    116s
   344     -2.74178e+01     -9.72600e-01      9.00000e+00    118s
   347     -2.17070e+01     -9.72600e-01      9.00000e+00    119s
   350     -2.02002e+01     -9.72600e-01      9.00000e+00    120s
   353     -2.30490e+01     -9.72600e-01      9.00000e+00    121s
   356     -2.31242e+01     -9.72600e-01      9.00000e+00    122s
   359     -2.04010e+01     -9.72600e-01      9.00000e+00    123s
   362     -2.02794e+01     -9.72600e-01      9.00000e+00    124s
   365     -2.38114e+01     -9.72600e-01      9.00000e+00    125s
   368     -2.54994e+01     -9.72600e-01      9.00000e+00    126s
   371     -2.25656e+01     -9.72600e-01      9.00000e+00    127s
   374     -2.04476e+01     -9.72600e-01      9.00000e+00    128s
   377     -2.10096e+01     -9.72600e-01      9.00000e+00    129s
   380     -2.20078e+01     -9.72600e-01      9.00000e+00    130s
   384     -1.96762e+01     -9.72600e-01      9.00000e+00    132s
   387     -2.09894e+01     -9.72600e-01      9.00000e+00    133s
   390     -2.44976e+01     -9.72600e-01      9.00000e+00    134s
   393     -2.54590e+01     -9.72600e-01      9.00000e+00    135s
   396     -2.25872e+01     -9.72600e-01      9.00000e+00    136s
   400     -2.04110e+01     -9.72600e-01      9.00000e+00    137s
   403     -1.77758e+01     -9.72600e-01      9.00000e+00    138s
   406     -1.87720e+01     -9.72600e-01      9.00000e+00    139s
   409     -1.95988e+01     -9.72600e-01      9.00000e+00    140s
   412     -1.97356e+01     -9.72600e-01      9.00000e+00    141s
   416     -2.44596e+01     -9.72600e-01      9.00000e+00    143s
   419     -2.73502e+01     -9.72600e-01      9.00000e+00    144s
   422     -2.44988e+01     -9.72600e-01      9.00000e+00    145s
   425     -1.95744e+01     -9.72600e-01      9.00000e+00    146s
   428     -1.80052e+01     -9.72600e-01      9.00000e+00    147s
   431     -1.90510e+01     -9.72600e-01      9.00000e+00    148s
   434     -1.99100e+01     -9.72600e-01      9.00000e+00    149s
   437     -1.98786e+01     -9.72600e-01      9.00000e+00    150s
   440     -2.37206e+01     -9.72600e-01      9.00000e+00    151s
   443     -2.67334e+01     -9.72600e-01      9.00000e+00    152s
   446     -2.52364e+01     -9.72600e-01      9.00000e+00    154s
   449     -2.03160e+01     -9.72600e-01      9.00000e+00    155s
   452     -1.93016e+01     -9.72600e-01      9.00000e+00    156s
   455     -1.94164e+01     -9.72600e-01      9.00000e+00    157s
   458     -2.18650e+01     -9.72600e-01      9.00000e+00    158s
   461     -2.04800e+01     -9.72600e-01      9.00000e+00    159s
   464     -2.06972e+01     -9.72600e-01      9.00000e+00    160s
   467     -2.36504e+01     -9.72600e-01      9.00000e+00    161s
   470     -2.54208e+01     -9.72600e-01      9.00000e+00    162s
   473     -2.29794e+01     -9.72600e-01      9.00000e+00    163s
   476     -1.88624e+01     -9.72600e-01      9.00000e+00    164s
   479     -1.90816e+01     -9.72600e-01      9.00000e+00    166s
   482     -2.16194e+01     -9.72600e-01      9.00000e+00    167s
   485     -2.08310e+01     -9.72600e-01      9.00000e+00    168s
   488     -2.08032e+01     -9.72600e-01      9.00000e+00    169s
   492     -2.41592e+01     -9.72600e-01      9.00000e+00    170s
   495     -2.59890e+01     -9.72600e-01      9.00000e+00    171s
   498     -2.18912e+01     -9.72600e-01      9.00000e+00    173s
   501     -2.16644e+01     -9.72600e-01      9.00000e+00    174s
   505     -2.50130e+01     -9.72600e-01      9.00000e+00    175s
   508     -2.29994e+01     -9.72600e-01      9.00000e+00    176s
   511     -2.06916e+01     -9.72600e-01      9.00000e+00    177s
   514     -1.95470e+01     -9.72600e-01      9.00000e+00    178s
   517     -1.90276e+01     -9.72600e-01      9.00000e+00    179s
   520     -1.81940e+01     -9.72600e-01      9.00000e+00    180s
   523     -1.87144e+01     -9.72600e-01      9.00000e+00    181s
   526     -2.27132e+01     -9.72600e-01      9.00000e+00    182s
   529     -2.35288e+01     -9.72600e-01      9.00000e+00    184s
   532     -2.34558e+01     -9.72600e-01      9.00000e+00    185s
   535     -2.06648e+01     -9.72600e-01      9.00000e+00    186s
   538     -1.94098e+01     -9.72600e-01      9.00000e+00    187s
   542     -1.92712e+01     -9.72600e-01      9.00000e+00    188s
   545     -1.80076e+01     -9.72600e-01      9.00000e+00    189s
   549     -2.05346e+01     -9.72600e-01      9.00000e+00    190s
   552     -2.39054e+01     -9.72600e-01      9.00000e+00    191s
   555     -2.50566e+01     -9.72600e-01      9.00000e+00    192s
   559     -2.22118e+01     -9.72600e-01      9.00000e+00    194s
   562     -2.02564e+01     -9.72600e-01      9.00000e+00    195s
   565     -2.05142e+01     -9.72600e-01      9.00000e+00    196s
   568     -1.80126e+01     -9.72600e-01      9.00000e+00    197s
   571     -1.60004e+01     -9.72600e-01      9.00000e+00    198s
   574     -1.97860e+01     -9.72600e-01      9.00000e+00    199s
   578     -2.60268e+01     -9.72600e-01      9.00000e+00    200s
   581     -2.44154e+01     -9.72600e-01      9.00000e+00    201s
   585     -2.01496e+01     -9.72600e-01      9.00000e+00    203s
   588     -2.02644e+01     -9.72600e-01      9.00000e+00    204s
   591     -1.86798e+01     -9.72600e-01      9.00000e+00    205s
   595     -1.64720e+01     -9.72600e-01      9.00000e+00    206s
   599     -1.98544e+01     -9.72600e-01      9.00000e+00    207s
   602     -2.11792e+01     -9.72600e-01      9.00000e+00    208s
   605     -2.18176e+01     -9.72600e-01      9.00000e+00    209s
   608     -2.09572e+01     -9.72600e-01      9.00000e+00    210s
   611     -2.05198e+01     -9.72600e-01      9.00000e+00    211s
   614     -2.06110e+01     -9.72600e-01      9.00000e+00    212s
   617     -2.10544e+01     -9.72600e-01      9.00000e+00    214s
   620     -2.02270e+01     -9.72600e-01      9.00000e+00    215s
   623     -1.98114e+01     -9.72600e-01      9.00000e+00    216s
   626     -2.08404e+01     -9.72600e-01      9.00000e+00    217s
   629     -2.11962e+01     -9.72600e-01      9.00000e+00    218s
   632     -2.13736e+01     -9.72600e-01      9.00000e+00    219s
   635     -1.97246e+01     -9.72600e-01      9.00000e+00    220s
   638     -2.04392e+01     -9.72600e-01      9.00000e+00    221s
   641     -2.03660e+01     -9.72600e-01      9.00000e+00    222s
   644     -2.04752e+01     -9.72600e-01      9.00000e+00    223s
   647     -2.05304e+01     -9.72600e-01      9.00000e+00    224s
   650     -1.98766e+01     -9.72600e-01      9.00000e+00    225s
   653     -1.80728e+01     -9.72600e-01      9.00000e+00    226s
   656     -1.83746e+01     -9.72600e-01      9.00000e+00    227s
   659     -1.97978e+01     -9.72600e-01      9.00000e+00    229s
   662     -1.97444e+01     -9.72600e-01      9.00000e+00    230s
   666     -2.28278e+01     -9.72600e-01      9.00000e+00    231s
   669     -2.49116e+01     -9.72600e-01      9.00000e+00    232s
   672     -2.23788e+01     -9.72600e-01      9.00000e+00    233s
   676     -1.87998e+01     -9.72600e-01      9.00000e+00    234s
   679     -1.84980e+01     -9.72600e-01      9.00000e+00    235s
   682     -1.92274e+01     -9.72600e-01      9.00000e+00    236s
   685     -1.97674e+01     -9.72600e-01      9.00000e+00    237s
   688     -2.12616e+01     -9.72600e-01      9.00000e+00    238s
   691     -2.30132e+01     -9.72600e-01      9.00000e+00    239s
   695     -2.36538e+01     -9.72600e-01      9.00000e+00    241s
   698     -2.01728e+01     -9.72600e-01      9.00000e+00    242s
   701     -2.00088e+01     -9.72600e-01      9.00000e+00    243s
   704     -1.86174e+01     -9.72600e-01      9.00000e+00    244s
   707     -1.88236e+01     -9.72600e-01      9.00000e+00    245s
   711     -2.04194e+01     -9.72600e-01      9.00000e+00    246s
   714     -2.17276e+01     -9.72600e-01      9.00000e+00    247s
   717     -2.29142e+01     -9.72600e-01      9.00000e+00    248s
   721     -2.18442e+01     -9.72600e-01      9.00000e+00    250s
   724     -2.01316e+01     -9.72600e-01      9.00000e+00    251s
   728     -1.93966e+01     -9.72600e-01      9.00000e+00    252s
   731     -1.86072e+01     -9.72600e-01      9.00000e+00    253s
   734     -1.88818e+01     -9.72600e-01      9.00000e+00    254s
   737     -2.01624e+01     -9.72600e-01      9.00000e+00    255s
   740     -2.16202e+01     -9.72600e-01      9.00000e+00    256s
   744     -2.11784e+01     -9.72600e-01      9.00000e+00    258s
   747     -2.10278e+01     -9.72600e-01      9.00000e+00    259s
   750     -1.92096e+01     -9.72600e-01      9.00000e+00    260s
   753     -2.08004e+01     -9.72600e-01      9.00000e+00    261s
   756     -2.03056e+01     -9.72600e-01      9.00000e+00    262s
   760     -1.95042e+01     -9.72600e-01      9.00000e+00    263s
   763     -2.04066e+01     -9.72600e-01      9.00000e+00    264s
   766     -2.08646e+01     -9.72600e-01      9.00000e+00    265s
   770     -2.11876e+01     -9.72600e-01      9.00000e+00    267s
   773     -1.99352e+01     -9.72600e-01      9.00000e+00    268s
   776     -2.13664e+01     -9.72600e-01      9.00000e+00    269s
   780     -2.01784e+01     -9.72600e-01      9.00000e+00    270s
   783     -1.94604e+01     -9.72600e-01      9.00000e+00    271s
   786     -1.98780e+01     -9.72600e-01      9.00000e+00    272s
   789     -2.10634e+01     -9.72600e-01      9.00000e+00    273s
   793     -2.02828e+01     -9.72600e-01      9.00000e+00    275s
   796     -1.98402e+01     -9.72600e-01      9.00000e+00    276s
   799     -2.07256e+01     -9.72600e-01      9.00000e+00    277s
   802     -2.14782e+01     -9.72600e-01      9.00000e+00    278s
   805     -2.06272e+01     -9.72600e-01      9.00000e+00    279s
   808     -2.01074e+01     -9.72600e-01      9.00000e+00    280s
   811     -2.07330e+01     -9.72600e-01      9.00000e+00    281s
   814     -2.11130e+01     -9.72600e-01      9.00000e+00    282s
   817     -2.04132e+01     -9.72600e-01      9.00000e+00    283s
   820     -1.94680e+01     -9.72600e-01      9.00000e+00    284s
   823     -2.01470e+01     -9.72600e-01      9.00000e+00    285s
   826     -2.05298e+01     -9.72600e-01      9.00000e+00    286s
   830     -2.09068e+01     -9.72600e-01      9.00000e+00    287s
   833     -1.98126e+01     -9.72600e-01      9.00000e+00    289s
   836     -2.05832e+01     -9.72600e-01      9.00000e+00    290s
   839     -2.05104e+01     -9.72600e-01      9.00000e+00    291s
   842     -2.11538e+01     -9.72600e-01      9.00000e+00    292s
   845     -1.97824e+01     -9.72600e-01      9.00000e+00    293s
   848     -1.99368e+01     -9.72600e-01      9.00000e+00    294s
   852     -2.10868e+01     -9.72600e-01      9.00000e+00    295s
   855     -1.95888e+01     -9.72600e-01      9.00000e+00    296s
   858     -2.01276e+01     -9.72600e-01      9.00000e+00    297s
   861     -2.02914e+01     -9.72600e-01      9.00000e+00    298s
   864     -2.05632e+01     -9.72600e-01      9.00000e+00    300s
   867     -2.03178e+01     -9.72600e-01      9.00000e+00    301s
   870     -2.03302e+01     -9.72600e-01      9.00000e+00    302s
   874     -2.03558e+01     -9.72600e-01      9.00000e+00    303s
   877     -2.05750e+01     -9.72600e-01      9.00000e+00    304s
   880     -2.11256e+01     -9.72600e-01      9.00000e+00    305s
   883     -1.97532e+01     -9.72600e-01      9.00000e+00    306s
   886     -2.04458e+01     -9.72600e-01      9.00000e+00    307s
   889     -1.99572e+01     -9.72600e-01      9.00000e+00    308s
   892     -2.03360e+01     -9.72600e-01      9.00000e+00    309s
   895     -1.91208e+01     -9.72600e-01      9.00000e+00    310s
   898     -2.04226e+01     -9.72600e-01      9.00000e+00    311s
   901     -2.07072e+01     -9.72600e-01      9.00000e+00    313s
   904     -2.10708e+01     -9.72600e-01      9.00000e+00    314s
   907     -1.96764e+01     -9.72600e-01      9.00000e+00    315s
   911     -2.01244e+01     -9.72600e-01      9.00000e+00    316s
   914     -2.01402e+01     -9.72600e-01      9.00000e+00    317s
   917     -1.97250e+01     -9.72600e-01      9.00000e+00    318s
   921     -1.96738e+01     -9.72600e-01      9.00000e+00    320s
   924     -1.97494e+01     -9.72600e-01      9.00000e+00    321s
   927     -2.09344e+01     -9.72600e-01      9.00000e+00    322s
   931     -2.09188e+01     -9.72600e-01      9.00000e+00    323s
   934     -2.05730e+01     -9.72600e-01      9.00000e+00    324s
   937     -2.03558e+01     -9.72600e-01      9.00000e+00    325s
   940     -2.01614e+01     -9.72600e-01      9.00000e+00    327s
   943     -2.05216e+01     -9.72600e-01      9.00000e+00    328s
   946     -1.94900e+01     -9.72600e-01      9.00000e+00    329s
   949     -2.06200e+01     -9.72600e-01      9.00000e+00    330s
   952     -2.08638e+01     -9.72600e-01      9.00000e+00    331s
   955     -2.00172e+01     -9.72600e-01      9.00000e+00    332s
   958     -1.93436e+01     -9.72600e-01      9.00000e+00    333s
   961     -2.02980e+01     -9.72600e-01      9.00000e+00    334s
   964     -2.04244e+01     -9.72600e-01      9.00000e+00    335s
   967     -1.93732e+01     -9.72600e-01      9.00000e+00    336s
   970     -1.91012e+01     -9.72600e-01      9.00000e+00    337s
   973     -1.94866e+01     -9.72600e-01      9.00000e+00    339s
   976     -1.99904e+01     -9.72600e-01      9.00000e+00    340s
   980     -1.98498e+01     -9.72600e-01      9.00000e+00    341s
   983     -2.03742e+01     -9.72600e-01      9.00000e+00    342s
   987     -2.08396e+01     -9.72600e-01      9.00000e+00    343s
   990     -2.02194e+01     -9.72600e-01      9.00000e+00    344s
   993     -1.94284e+01     -9.72600e-01      9.00000e+00    346s
   996     -1.99626e+01     -9.72600e-01      9.00000e+00    347s
   999     -1.95632e+01     -9.72600e-01      9.00000e+00    348s
  1002     -1.97070e+01     -9.72600e-01      9.00000e+00    349s
  1005     -2.01784e+01     -9.72600e-01      9.00000e+00    350s
  1008     -2.02338e+01     -9.72600e-01      9.00000e+00    351s
  1011     -2.00896e+01     -9.72600e-01      9.00000e+00    352s
  1014     -1.99914e+01     -9.72600e-01      9.00000e+00    353s
  1017     -1.95234e+01     -9.72600e-01      9.00000e+00    354s
  1020     -1.95552e+01     -9.72600e-01      9.00000e+00    355s
  1023     -2.02790e+01     -9.72600e-01      9.00000e+00    357s
  1026     -2.00504e+01     -9.72600e-01      9.00000e+00    358s
  1029     -1.93026e+01     -9.72600e-01      9.00000e+00    359s
  1032     -1.96064e+01     -9.72600e-01      9.00000e+00    360s
  1035     -1.98426e+01     -9.72600e-01      9.00000e+00    361s
  1039     -2.05042e+01     -9.72600e-01      9.00000e+00    362s
  1042     -1.92588e+01     -9.72600e-01      9.00000e+00    363s
  1045     -1.92454e+01     -9.72600e-01      9.00000e+00    364s
  1048     -2.00980e+01     -9.72600e-01      9.00000e+00    365s
  1051     -2.04556e+01     -9.72600e-01      9.00000e+00    367s
  1054     -1.98262e+01     -9.72600e-01      9.00000e+00    368s
  1058     -1.91972e+01     -9.72600e-01      9.00000e+00    369s
  1061     -1.98328e+01     -9.72600e-01      9.00000e+00    370s
  1064     -2.04050e+01     -9.72600e-01      9.00000e+00    371s
  1068     -1.84546e+01     -9.72600e-01      9.00000e+00    372s
  1071     -1.91294e+01     -9.72600e-01      9.00000e+00    373s
  1074     -2.13750e+01     -9.72600e-01      9.00000e+00    374s
  1077     -1.98030e+01     -9.72600e-01      9.00000e+00    375s
  1081     -1.94388e+01     -9.72600e-01      9.00000e+00    377s
  1084     -1.95712e+01     -9.72600e-01      9.00000e+00    378s
  1088     -1.98120e+01     -9.72600e-01      9.00000e+00    379s
  1091     -1.92478e+01     -9.72600e-01      9.00000e+00    380s
  1094     -1.92620e+01     -9.72600e-01      9.00000e+00    381s
  1097     -2.09430e+01     -9.72600e-01      9.00000e+00    382s
  1100     -2.06576e+01     -9.72600e-01      9.00000e+00    383s
  1103     -2.00982e+01     -9.72600e-01      9.00000e+00    385s
  1106     -1.95424e+01     -9.72600e-01      9.00000e+00    386s
  1109     -1.97382e+01     -9.72600e-01      9.00000e+00    387s
  1112     -2.06916e+01     -9.72600e-01      9.00000e+00    388s
  1115     -2.00270e+01     -9.72600e-01      9.00000e+00    389s
  1118     -1.99456e+01     -9.72600e-01      9.00000e+00    390s
  1121     -2.02772e+01     -9.72600e-01      9.00000e+00    391s
  1124     -2.04958e+01     -9.72600e-01      9.00000e+00    392s
  1127     -2.01494e+01     -9.72600e-01      9.00000e+00    393s
  1131     -1.97636e+01     -9.72600e-01      9.00000e+00    394s
  1134     -2.00784e+01     -9.72600e-01      9.00000e+00    395s
  1137     -2.02276e+01     -9.72600e-01      9.00000e+00    397s
  1141     -1.97284e+01     -9.72600e-01      9.00000e+00    398s
  1144     -1.99068e+01     -9.72600e-01      9.00000e+00    399s
  1148     -2.00782e+01     -9.72600e-01      9.00000e+00    400s
  1151     -2.01272e+01     -9.72600e-01      9.00000e+00    401s
  1154     -2.09720e+01     -9.72600e-01      9.00000e+00    402s
  1157     -2.03060e+01     -9.72600e-01      9.00000e+00    403s
  1161     -2.03860e+01     -9.72600e-01      9.00000e+00    405s
  1164     -2.06160e+01     -9.72600e-01      9.00000e+00    406s
  1167     -1.98442e+01     -9.72600e-01      9.00000e+00    407s
  1170     -2.03150e+01     -9.72600e-01      9.00000e+00    408s
  1173     -2.09426e+01     -9.72600e-01      9.00000e+00    409s
  1177     -2.03570e+01     -9.72600e-01      9.00000e+00    410s
  1180     -2.07552e+01     -9.72600e-01      9.00000e+00    411s
  1184     -2.04910e+01     -9.72600e-01      9.00000e+00    413s
  1187     -2.04820e+01     -9.72600e-01      9.00000e+00    414s
  1190     -2.10272e+01     -9.72600e-01      9.00000e+00    415s
  1193     -2.01092e+01     -9.72600e-01      9.00000e+00    416s
  1197     -2.00378e+01     -9.72600e-01      9.00000e+00    417s
  1200     -2.09476e+01     -9.72600e-01      9.00000e+00    418s
  1203     -2.05716e+01     -9.72600e-01      9.00000e+00    419s
  1206     -2.15466e+01     -9.72600e-01      9.00000e+00    420s
  1209     -2.02584e+01     -9.72600e-01      9.00000e+00    422s
  1212     -1.99742e+01     -9.72600e-01      9.00000e+00    423s
  1215     -2.06634e+01     -9.72600e-01      9.00000e+00    424s
  1218     -2.03508e+01     -9.72600e-01      9.00000e+00    425s
  1222     -2.02928e+01     -9.72600e-01      9.00000e+00    426s
  1225     -2.06144e+01     -9.72600e-01      9.00000e+00    427s
  1229     -2.00992e+01     -9.72600e-01      9.00000e+00    428s
  1232     -2.06836e+01     -9.72600e-01      9.00000e+00    429s
  1235     -2.03928e+01     -9.72600e-01      9.00000e+00    430s
  1238     -2.07872e+01     -9.72600e-01      9.00000e+00    431s
  1241     -2.16812e+01     -9.72600e-01      9.00000e+00    433s
  1244     -2.13102e+01     -9.72600e-01      9.00000e+00    434s
  1247     -2.04632e+01     -9.72600e-01      9.00000e+00    435s
  1250     -2.03562e+01     -9.72600e-01      9.00000e+00    436s
  1253     -2.08860e+01     -9.72600e-01      9.00000e+00    437s
  1256     -2.13520e+01     -9.72600e-01      9.00000e+00    438s
  1260     -2.11370e+01     -9.72600e-01      9.00000e+00    439s
  1263     -2.09312e+01     -9.72600e-01      9.00000e+00    441s
  1266     -2.11436e+01     -9.72600e-01      9.00000e+00    442s
  1269     -2.08872e+01     -9.72600e-01      9.00000e+00    443s
  1272     -2.05088e+01     -9.72600e-01      9.00000e+00    444s
  1275     -2.01442e+01     -9.72600e-01      9.00000e+00    445s
  1278     -2.08650e+01     -9.72600e-01      9.00000e+00    446s
  1281     -2.11584e+01     -9.72600e-01      9.00000e+00    447s
  1285     -2.06468e+01     -9.72600e-01      9.00000e+00    448s
  1289     -2.03834e+01     -9.72600e-01      9.00000e+00    450s
  1292     -2.03786e+01     -9.72600e-01      9.00000e+00    451s
  1295     -2.04542e+01     -9.72600e-01      9.00000e+00    452s
  1298     -2.05528e+01     -9.72600e-01      9.00000e+00    453s
  1302     -2.04604e+01     -9.72600e-01      9.00000e+00    454s
  1305     -2.02588e+01     -9.72600e-01      9.00000e+00    455s
  1308     -2.09092e+01     -9.72600e-01      9.00000e+00    456s
  1311     -1.96998e+01     -9.72600e-01      9.00000e+00    457s
  1314     -1.99398e+01     -9.72600e-01      9.00000e+00    459s
  1317     -2.04704e+01     -9.72600e-01      9.00000e+00    460s
  1320     -2.07104e+01     -9.72600e-01      9.00000e+00    461s
  1323     -1.97500e+01     -9.72600e-01      9.00000e+00    462s
  1326     -2.00788e+01     -9.72600e-01      9.00000e+00    463s
  1329     -2.11776e+01     -9.72600e-01      9.00000e+00    464s
  1332     -2.07966e+01     -9.72600e-01      9.00000e+00    465s
  1335     -2.04024e+01     -9.72600e-01      9.00000e+00    466s
  1338     -2.10156e+01     -9.72600e-01      9.00000e+00    467s
  1341     -2.02000e+01     -9.72600e-01      9.00000e+00    468s
  1344     -2.04390e+01     -9.72600e-01      9.00000e+00    469s
  1347     -2.07116e+01     -9.72600e-01      9.00000e+00    470s
  1350     -2.02086e+01     -9.72600e-01      9.00000e+00    471s
  1353     -1.95168e+01     -9.72600e-01      9.00000e+00    473s
  1357     -2.02648e+01     -9.72600e-01      9.00000e+00    474s
  1360     -2.03666e+01     -9.72600e-01      9.00000e+00    475s
  1363     -2.01100e+01     -9.72600e-01      9.00000e+00    476s
  1366     -2.04846e+01     -9.72600e-01      9.00000e+00    477s
  1369     -2.03434e+01     -9.72600e-01      9.00000e+00    478s
  1372     -2.03662e+01     -9.72600e-01      9.00000e+00    479s
  1375     -2.12046e+01     -9.72600e-01      9.00000e+00    480s
  1379     -2.05652e+01     -9.72600e-01      9.00000e+00    482s
  1382     -1.99010e+01     -9.72600e-01      9.00000e+00    483s
  1385     -2.06136e+01     -9.72600e-01      9.00000e+00    484s
  1388     -2.01974e+01     -9.72600e-01      9.00000e+00    485s
  1391     -2.06786e+01     -9.72600e-01      9.00000e+00    486s
  1394     -2.01624e+01     -9.72600e-01      9.00000e+00    487s
  1397     -2.05012e+01     -9.72600e-01      9.00000e+00    488s
  1400     -2.03966e+01     -9.72600e-01      9.00000e+00    489s
  1403     -2.01754e+01     -9.72600e-01      9.00000e+00    491s
  1406     -2.07604e+01     -9.72600e-01      9.00000e+00    492s
  1409     -2.05524e+01     -9.72600e-01      9.00000e+00    493s
  1412     -1.97196e+01     -9.72600e-01      9.00000e+00    494s
  1415     -2.05714e+01     -9.72600e-01      9.00000e+00    495s
  1418     -1.95268e+01     -9.72600e-01      9.00000e+00    496s
  1421     -1.99068e+01     -9.72600e-01      9.00000e+00    497s
  1424     -1.98250e+01     -9.72600e-01      9.00000e+00    498s
  1427     -2.00898e+01     -9.72600e-01      9.00000e+00    499s
  1430     -1.99578e+01     -9.72600e-01      9.00000e+00    500s
  1433     -2.09860e+01     -9.72600e-01      9.00000e+00    502s
  1436     -2.04276e+01     -9.72600e-01      9.00000e+00    503s
  1439     -2.06748e+01     -9.72600e-01      9.00000e+00    504s
  1443     -2.01874e+01     -9.72600e-01      9.00000e+00    505s
  1446     -2.05972e+01     -9.72600e-01      9.00000e+00    506s
  1449     -2.02712e+01     -9.72600e-01      9.00000e+00    507s
  1452     -2.04298e+01     -9.72600e-01      9.00000e+00    508s
  1455     -2.08322e+01     -9.72600e-01      9.00000e+00    509s
  1458     -2.03462e+01     -9.72600e-01      9.00000e+00    511s
  1461     -2.05910e+01     -9.72600e-01      9.00000e+00    512s
  1464     -2.00864e+01     -9.72600e-01      9.00000e+00    513s
  1467     -2.01288e+01     -9.72600e-01      9.00000e+00    514s
  1470     -2.00098e+01     -9.72600e-01      9.00000e+00    515s
  1473     -2.01420e+01     -9.72600e-01      9.00000e+00    516s
  1476     -2.02770e+01     -9.72600e-01      9.00000e+00    517s
  1479     -1.96492e+01     -9.72600e-01      9.00000e+00    518s
  1482     -2.04608e+01     -9.72600e-01      9.00000e+00    519s
  1485     -2.04218e+01     -9.72600e-01      9.00000e+00    520s
  1488     -2.02510e+01     -9.72600e-01      9.00000e+00    521s
  1491     -1.99454e+01     -9.72600e-01      9.00000e+00    522s
  1494     -2.09984e+01     -9.72600e-01      9.00000e+00    524s
  1497     -2.03330e+01     -9.72600e-01      9.00000e+00    525s
  1501     -2.00510e+01     -9.72600e-01      9.00000e+00    526s
  1504     -2.01484e+01     -9.72600e-01      9.00000e+00    527s
  1508     -2.06986e+01     -9.72600e-01      9.00000e+00    528s
  1511     -2.08510e+01     -9.72600e-01      9.00000e+00    529s
  1514     -1.96642e+01     -9.72600e-01      9.00000e+00    530s
  1517     -2.16122e+01     -9.72600e-01      9.00000e+00    531s
  1520     -2.05524e+01     -9.72600e-01      9.00000e+00    533s
  1523     -2.05480e+01     -9.72600e-01      9.00000e+00    534s
  1526     -2.04344e+01     -9.72600e-01      9.00000e+00    535s
  1529     -2.05468e+01     -9.72600e-01      9.00000e+00    536s
  1532     -2.02650e+01     -9.72600e-01      9.00000e+00    537s
  1535     -2.06288e+01     -9.72600e-01      9.00000e+00    538s
  1538     -2.03494e+01     -9.72600e-01      9.00000e+00    539s
  1541     -2.07928e+01     -9.72600e-01      9.00000e+00    540s
  1544     -2.07912e+01     -9.72600e-01      9.00000e+00    541s
  1547     -2.02810e+01     -9.72600e-01      9.00000e+00    542s
  1550     -2.05424e+01     -9.72600e-01      9.00000e+00    543s
  1553     -2.01364e+01     -9.72600e-01      9.00000e+00    544s
  1556     -2.03860e+01     -9.72600e-01      9.00000e+00    545s
  1559     -2.00846e+01     -9.72600e-01      9.00000e+00    546s
  1562     -2.06550e+01     -9.72600e-01      9.00000e+00    548s
  1565     -1.99868e+01     -9.72600e-01      9.00000e+00    549s
  1569     -2.06062e+01     -9.72600e-01      9.00000e+00    550s
  1572     -2.02404e+01     -9.72600e-01      9.00000e+00    551s
  1575     -2.05574e+01     -9.72600e-01      9.00000e+00    552s
  1579     -2.05388e+01     -9.72600e-01      9.00000e+00    554s
  1582     -2.04116e+01     -9.72600e-01      9.00000e+00    555s
  1585     -2.07442e+01     -9.72600e-01      9.00000e+00    556s
  1588     -1.99188e+01     -9.72600e-01      9.00000e+00    557s
  1591     -2.08518e+01     -9.72600e-01      9.00000e+00    558s
  1594     -2.11832e+01     -9.72600e-01      9.00000e+00    559s
  1597     -2.05312e+01     -9.72600e-01      9.00000e+00    560s
  1600     -2.11226e+01     -9.72600e-01      9.00000e+00    561s
  1603     -2.07958e+01     -9.72600e-01      9.00000e+00    562s
  1606     -2.11620e+01     -9.72600e-01      9.00000e+00    563s
  1609     -1.97602e+01     -9.72600e-01      9.00000e+00    565s
  1612     -2.13830e+01     -9.72600e-01      9.00000e+00    566s
  1615     -1.95580e+01     -9.72600e-01      9.00000e+00    567s
  1619     -2.00302e+01     -9.72600e-01      9.00000e+00    568s
  1623     -2.06134e+01     -9.72600e-01      9.00000e+00    570s
  1626     -2.02962e+01     -9.72600e-01      9.00000e+00    571s
  1629     -2.06440e+01     -9.72600e-01      9.00000e+00    572s
  1632     -2.06504e+01     -9.72600e-01      9.00000e+00    573s
  1635     -2.02526e+01     -9.72600e-01      9.00000e+00    574s
  1638     -2.04014e+01     -9.72600e-01      9.00000e+00    575s
  1641     -2.08014e+01     -9.72600e-01      9.00000e+00    576s
  1644     -2.12314e+01     -9.72600e-01      9.00000e+00    577s
  1647     -2.05632e+01     -9.72600e-01      9.00000e+00    578s
  1650     -2.08154e+01     -9.72600e-01      9.00000e+00    579s
  1654     -2.05804e+01     -9.72600e-01      9.00000e+00    581s
  1657     -2.02418e+01     -9.72600e-01      9.00000e+00    582s
  1660     -1.98566e+01     -9.72600e-01      9.00000e+00    583s
  1663     -1.97356e+01     -9.72600e-01      9.00000e+00    584s
  1666     -1.97020e+01     -9.72600e-01      9.00000e+00    585s
  1669     -2.04620e+01     -9.72600e-01      9.00000e+00    586s
  1672     -2.12000e+01     -9.72600e-01      9.00000e+00    587s
  1676     -2.05158e+01     -9.72600e-01      9.00000e+00    588s
  1679     -2.01244e+01     -9.72600e-01      9.00000e+00    590s
  1682     -2.09808e+01     -9.72600e-01      9.00000e+00    591s
  1686     -2.01352e+01     -9.72600e-01      9.00000e+00    592s
  1689     -2.01754e+01     -9.72600e-01      9.00000e+00    593s
  1692     -1.99184e+01     -9.72600e-01      9.00000e+00    594s
  1695     -2.06644e+01     -9.72600e-01      9.00000e+00    595s
  1698     -2.00104e+01     -9.72600e-01      9.00000e+00    596s
  1701     -2.05172e+01     -9.72600e-01      9.00000e+00    597s
  1704     -2.02744e+01     -9.72600e-01      9.00000e+00    598s
  1707     -2.11570e+01     -9.72600e-01      9.00000e+00    599s
  1710     -2.15204e+01     -9.72600e-01      9.00000e+00    601s
  1713     -2.09354e+01     -9.72600e-01      9.00000e+00    602s
  1716     -1.95938e+01     -9.72600e-01      9.00000e+00    603s
  1719     -2.01306e+01     -9.72600e-01      9.00000e+00    604s
  1722     -1.98576e+01     -9.72600e-01      9.00000e+00    605s
  1726     -1.95180e+01     -9.72600e-01      9.00000e+00    606s
  1729     -2.03722e+01     -9.72600e-01      9.00000e+00    607s
  1732     -2.13430e+01     -9.72600e-01      9.00000e+00    608s
  1735     -2.13120e+01     -9.72600e-01      9.00000e+00    609s
  1738     -1.94370e+01     -9.72600e-01      9.00000e+00    611s
  1741     -1.97012e+01     -9.72600e-01      9.00000e+00    612s
  1744     -2.08562e+01     -9.72600e-01      9.00000e+00    613s
  1747     -1.99882e+01     -9.72600e-01      9.00000e+00    614s
  1750     -2.00586e+01     -9.72600e-01      9.00000e+00    615s
  1753     -2.10902e+01     -9.72600e-01      9.00000e+00    616s
  1756     -2.21774e+01     -9.72600e-01      9.00000e+00    617s
  1759     -2.11446e+01     -9.72600e-01      9.00000e+00    618s
  1763     -2.02328e+01     -9.72600e-01      9.00000e+00    619s
  1766     -1.77926e+01     -9.72600e-01      9.00000e+00    620s
  1769     -1.94130e+01     -9.72600e-01      9.00000e+00    622s
  1772     -1.91996e+01     -9.72600e-01      9.00000e+00    623s
  1776     -2.06576e+01     -9.72600e-01      9.00000e+00    624s
  1779     -2.19736e+01     -9.72600e-01      9.00000e+00    625s
  1782     -2.20208e+01     -9.72600e-01      9.00000e+00    626s
  1785     -2.12806e+01     -9.72600e-01      9.00000e+00    627s
  1788     -1.95134e+01     -9.72600e-01      9.00000e+00    628s
  1791     -1.84702e+01     -9.72600e-01      9.00000e+00    629s
  1794     -1.94372e+01     -9.72600e-01      9.00000e+00    630s
  1797     -2.02720e+01     -9.72600e-01      9.00000e+00    631s
  1800     -1.96962e+01     -9.72600e-01      9.00000e+00    632s
  1803     -2.38484e+01     -9.72600e-01      9.00000e+00    634s
  1806     -2.47156e+01     -9.72600e-01      9.00000e+00    635s
  1810     -2.14476e+01     -9.72600e-01      9.00000e+00    636s
  1813     -1.93910e+01     -9.72600e-01      9.00000e+00    637s
  1816     -1.87336e+01     -9.72600e-01      9.00000e+00    638s
  1819     -1.80944e+01     -9.72600e-01      9.00000e+00    640s
  1822     -1.84026e+01     -9.72600e-01      9.00000e+00    641s
  1825     -2.12494e+01     -9.72600e-01      9.00000e+00    642s
  1828     -2.37232e+01     -9.72600e-01      9.00000e+00    643s
  1832     -2.27220e+01     -9.72600e-01      9.00000e+00    644s
  1835     -2.12134e+01     -9.72600e-01      9.00000e+00    645s
  1838     -1.90170e+01     -9.72600e-01      9.00000e+00    646s
  1841     -1.89672e+01     -9.72600e-01      9.00000e+00    647s
  1844     -1.84242e+01     -9.72600e-01      9.00000e+00    648s
  1847     -1.82464e+01     -9.72600e-01      9.00000e+00    650s
  1850     -1.98582e+01     -9.72600e-01      9.00000e+00    651s
  1854     -2.22958e+01     -9.72600e-01      9.00000e+00    652s
  1857     -2.13826e+01     -9.72600e-01      9.00000e+00    653s
  1860     -2.04218e+01     -9.72600e-01      9.00000e+00    654s
  1863     -2.00922e+01     -9.72600e-01      9.00000e+00    655s
  1866     -2.02890e+01     -9.72600e-01      9.00000e+00    656s
  1869     -2.10592e+01     -9.72600e-01      9.00000e+00    657s
  1872     -1.94026e+01     -9.72600e-01      9.00000e+00    658s
  1875     -2.10306e+01     -9.72600e-01      9.00000e+00    659s
  1878     -2.25304e+01     -9.72600e-01      9.00000e+00    660s
  1881     -2.15044e+01     -9.72600e-01      9.00000e+00    662s
  1884     -2.02438e+01     -9.72600e-01      9.00000e+00    663s
  1887     -2.03212e+01     -9.72600e-01      9.00000e+00    664s
  1890     -2.10438e+01     -9.72600e-01      9.00000e+00    665s
  1893     -2.04810e+01     -9.72600e-01      9.00000e+00    666s
  1896     -2.00412e+01     -9.72600e-01      9.00000e+00    667s
  1899     -2.07762e+01     -9.72600e-01      9.00000e+00    668s
  1902     -1.89476e+01     -9.72600e-01      9.00000e+00    669s
  1905     -1.89248e+01     -9.72600e-01      9.00000e+00    670s
  1908     -1.86792e+01     -9.72600e-01      9.00000e+00    671s
  1911     -1.92348e+01     -9.72600e-01      9.00000e+00    672s
  1914     -2.22076e+01     -9.72600e-01      9.00000e+00    674s
  1917     -2.31204e+01     -9.72600e-01      9.00000e+00    675s
  1920     -2.33422e+01     -9.72600e-01      9.00000e+00    676s
  1923     -2.17946e+01     -9.72600e-01      9.00000e+00    677s
  1926     -1.98580e+01     -9.72600e-01      9.00000e+00    678s
  1929     -1.86086e+01     -9.72600e-01      9.00000e+00    679s
  1932     -1.88184e+01     -9.72600e-01      9.00000e+00    680s
  1935     -1.90238e+01     -9.72600e-01      9.00000e+00    681s
  1939     -2.22836e+01     -9.72600e-01      9.00000e+00    683s
  1942     -2.36936e+01     -9.72600e-01      9.00000e+00    684s
  1945     -2.31292e+01     -9.72600e-01      9.00000e+00    685s
  1948     -2.18680e+01     -9.72600e-01      9.00000e+00    686s
  1951     -1.93584e+01     -9.72600e-01      9.00000e+00    687s
  1954     -2.02844e+01     -9.72600e-01      9.00000e+00    688s
  1958     -1.72668e+01     -9.72600e-01      9.00000e+00    689s
  1961     -1.79440e+01     -9.72600e-01      9.00000e+00    690s
  1965     -2.40676e+01     -9.72600e-01      9.00000e+00    692s
  1968     -2.45052e+01     -9.72600e-01      9.00000e+00    693s
  1971     -2.17146e+01     -9.72600e-01      9.00000e+00    694s
  1974     -2.00654e+01     -9.72600e-01      9.00000e+00    695s
  1977     -2.11598e+01     -9.72600e-01      9.00000e+00    696s
  1980     -1.90770e+01     -9.72600e-01      9.00000e+00    697s
  1983     -1.75866e+01     -9.72600e-01      9.00000e+00    698s
  1986     -1.87640e+01     -9.72600e-01      9.00000e+00    699s
  1989     -2.38052e+01     -9.72600e-01      9.00000e+00    700s
  1992     -2.51790e+01     -9.72600e-01      9.00000e+00    701s
  1995     -2.15250e+01     -9.72600e-01      9.00000e+00    702s
  1999     -2.02460e+01     -9.72600e-01      9.00000e+00    704s
  2002     -2.28192e+01     -9.72600e-01      9.00000e+00    705s
  2005     -2.22360e+01     -9.72600e-01      9.00000e+00    706s
  2008     -1.79230e+01     -9.72600e-01      9.00000e+00    707s
  2011     -1.80902e+01     -9.72600e-01      9.00000e+00    708s
  2015     -2.47332e+01     -9.72600e-01      9.00000e+00    709s
  2018     -2.29058e+01     -9.72600e-01      9.00000e+00    710s
  2021     -1.85178e+01     -9.72600e-01      9.00000e+00    711s
  2024     -1.96498e+01     -9.72600e-01      9.00000e+00    712s
  2027     -2.27756e+01     -9.72600e-01      9.00000e+00    714s
  2030     -2.14478e+01     -9.72600e-01      9.00000e+00    715s
  2033     -1.72340e+01     -9.72600e-01      9.00000e+00    716s
  2036     -1.80454e+01     -9.72600e-01      9.00000e+00    717s
  2039     -2.44666e+01     -9.72600e-01      9.00000e+00    718s
  2042     -2.38114e+01     -9.72600e-01      9.00000e+00    719s
  2045     -1.91492e+01     -9.72600e-01      9.00000e+00    720s
  2048     -1.89510e+01     -9.72600e-01      9.00000e+00    721s
  2051     -2.08186e+01     -9.72600e-01      9.00000e+00    722s
  2054     -2.02414e+01     -9.72600e-01      9.00000e+00    724s
  2057     -1.74248e+01     -9.72600e-01      9.00000e+00    725s
  2060     -1.68190e+01     -9.72600e-01      9.00000e+00    726s
  2063     -2.12778e+01     -9.72600e-01      9.00000e+00    727s
  2066     -2.66408e+01     -9.72600e-01      9.00000e+00    728s
  2070     -2.28002e+01     -9.72600e-01      9.00000e+00    729s
  2073     -1.99054e+01     -9.72600e-01      9.00000e+00    730s
  2076     -2.04658e+01     -9.72600e-01      9.00000e+00    732s
  2079     -1.95332e+01     -9.72600e-01      9.00000e+00    733s
  2082     -1.70494e+01     -9.72600e-01      9.00000e+00    734s
  2085     -1.67794e+01     -9.72600e-01      9.00000e+00    735s
  2088     -2.34208e+01     -9.72600e-01      9.00000e+00    736s
  2091     -2.69712e+01     -9.72600e-01      9.00000e+00    737s
  2094     -2.31832e+01     -9.72600e-01      9.00000e+00    738s
  2097     -2.00636e+01     -9.72600e-01      9.00000e+00    739s
  2100     -2.06498e+01     -9.72600e-01      9.00000e+00    740s
  2103     -1.71066e+01     -9.72600e-01      9.00000e+00    741s
  2106     -1.65106e+01     -9.72600e-01      9.00000e+00    742s
  2110     -1.77126e+01     -9.72600e-01      9.00000e+00    743s
  2113     -2.22218e+01     -9.72600e-01      9.00000e+00    745s
  2116     -3.11064e+01     -9.72600e-01      9.00000e+00    746s
  2120     -3.11232e+01     -9.72600e-01      9.00000e+00    747s
  2123     -2.39250e+01     -9.72600e-01      9.00000e+00    748s
  2126     -1.80220e+01     -9.72600e-01      9.00000e+00    749s
  2130     -1.73122e+01     -9.72600e-01      9.00000e+00    750s
  2133     -1.73214e+01     -9.72600e-01      9.00000e+00    751s
  2136     -1.87992e+01     -9.72600e-01      9.00000e+00    752s
  2139     -2.53566e+01     -9.72600e-01      9.00000e+00    754s
  2142     -3.28374e+01     -9.72600e-01      9.00000e+00    755s
  2145     -3.08254e+01     -9.72600e-01      9.00000e+00    756s
  2148     -2.26604e+01     -9.72600e-01      9.00000e+00    757s
  2151     -1.79640e+01     -9.72600e-01      9.00000e+00    758s
  2154     -2.02574e+01     -9.72600e-01      9.00000e+00    759s
  2157     -2.09196e+01     -9.72600e-01      9.00000e+00    760s
  2160     -1.90410e+01     -9.72600e-01      9.00000e+00    761s
  2163     -2.27798e+01     -9.72600e-01      9.00000e+00    762s
  2166     -3.33560e+01     -9.72600e-01      9.00000e+00    763s
  2169     -3.94144e+01     -9.72600e-01      9.00000e+00    765s
  2172     -2.89124e+01     -9.72600e-01      9.00000e+00    766s
  2175     -1.96984e+01     -9.72600e-01      9.00000e+00    767s
  2178     -1.85224e+01     -9.72600e-01      9.00000e+00    768s
  2182     -2.18576e+01     -9.72600e-01      9.00000e+00    769s
  2185     -1.86848e+01     -9.72600e-01      9.00000e+00    770s
  2188     -2.41680e+01     -9.72600e-01      9.00000e+00    771s
  2191     -3.63950e+01     -9.72600e-01      9.00000e+00    772s
  2194     -3.73734e+01     -9.72600e-01      9.00000e+00    774s
  2197     -2.73426e+01     -9.72600e-01      9.00000e+00    775s
  2200     -2.06564e+01     -9.72600e-01      9.00000e+00    776s
  2203     -2.06138e+01     -9.72600e-01      9.00000e+00    777s
  2206     -2.34926e+01     -9.72600e-01      9.00000e+00    778s
  2209     -2.10446e+01     -9.72600e-01      9.00000e+00    779s
  2212     -1.99508e+01     -9.72600e-01      9.00000e+00    780s
  2215     -2.85104e+01     -9.72600e-01      9.00000e+00    781s
  2218     -3.64762e+01     -9.72600e-01      9.00000e+00    782s
  2221     -3.22120e+01     -9.72600e-01      9.00000e+00    783s
  2224     -2.19804e+01     -9.72600e-01      9.00000e+00    785s
  2227     -1.93128e+01     -9.72600e-01      9.00000e+00    786s
  2230     -2.31820e+01     -9.72600e-01      9.00000e+00    787s
  2233     -2.27738e+01     -9.72600e-01      9.00000e+00    788s
  2237     -2.11618e+01     -9.72600e-01      9.00000e+00    789s
  2240     -3.00746e+01     -9.72600e-01      9.00000e+00    790s
  2243     -3.72872e+01     -9.72600e-01      9.00000e+00    791s
  2246     -3.02454e+01     -9.72600e-01      9.00000e+00    792s
  2249     -2.03330e+01     -9.72600e-01      9.00000e+00    793s
  2252     -1.76928e+01     -9.72600e-01      9.00000e+00    794s
  2255     -2.06752e+01     -9.72600e-01      9.00000e+00    796s
  2258     -2.37324e+01     -9.72600e-01      9.00000e+00    797s
  2261     -2.16174e+01     -9.72600e-01      9.00000e+00    798s
  2264     -2.07388e+01     -9.72600e-01      9.00000e+00    799s
  2267     -2.85868e+01     -9.72600e-01      9.00000e+00    800s
  2270     -3.24728e+01     -9.72600e-01      9.00000e+00    801s
  2273     -2.42964e+01     -9.72600e-01      9.00000e+00    802s
  2276     -1.79726e+01     -9.72600e-01      9.00000e+00    803s
  2279     -2.04554e+01     -9.72600e-01      9.00000e+00    804s
  2282     -2.53160e+01     -9.72600e-01      9.00000e+00    806s
  2285     -2.20924e+01     -9.72600e-01      9.00000e+00    807s
  2288     -2.04888e+01     -9.72600e-01      9.00000e+00    808s
  2291     -2.68040e+01     -9.72600e-01      9.00000e+00    809s
  2294     -3.19532e+01     -9.72600e-01      9.00000e+00    810s
  2297     -2.72084e+01     -9.72600e-01      9.00000e+00    811s
  2300     -1.99760e+01     -9.72600e-01      9.00000e+00    812s
  2303     -2.31016e+01     -9.72600e-01      9.00000e+00    813s
  2306     -3.05456e+01     -9.72600e-01      9.00000e+00    814s
  2309     -3.05298e+01     -9.72600e-01      9.00000e+00    815s
  2312     -2.08746e+01     -9.72600e-01      9.00000e+00    816s
  2315     -1.58452e+01     -9.72600e-01      9.00000e+00    818s
  2318     -2.02072e+01     -9.72600e-01      9.00000e+00    819s
  2321     -2.26000e+01     -9.72600e-01      9.00000e+00    820s
  2324     -2.05422e+01     -9.72600e-01      9.00000e+00    821s
  2327     -2.17784e+01     -9.72600e-01      9.00000e+00    822s
  2330     -2.87506e+01     -9.72600e-01      9.00000e+00    823s
  2333     -3.06662e+01     -9.72600e-01      9.00000e+00    824s
  2336     -2.23914e+01     -9.72600e-01      9.00000e+00    826s
  2339     -1.58964e+01     -9.72600e-01      9.00000e+00    827s
  2342     -1.91238e+01     -9.72600e-01      9.00000e+00    828s
  2345     -2.31614e+01     -9.72600e-01      9.00000e+00    829s
  2348     -2.09862e+01     -9.72600e-01      9.00000e+00    830s
  2351     -2.72966e+01     -9.72600e-01      9.00000e+00    831s
  2354     -4.76636e+01     -9.72600e-01      9.00000e+00    832s
  2357     -5.20616e+01     -9.72600e-01      9.00000e+00    833s
  2360     -3.24952e+01     -9.72600e-01      9.00000e+00    835s
  2363     -1.77290e+01     -9.72600e-01      9.00000e+00    836s
  2366     -1.65236e+01     -9.72600e-01      9.00000e+00    837s
  2369     -1.56406e+01     -9.72600e-01      9.00000e+00    838s
  2372     -1.32206e+01     -9.72600e-01      9.00000e+00    839s
  2375     -2.34408e+01     -9.72600e-01      9.00000e+00    840s
  2378     -4.55504e+01     -9.72600e-01      9.00000e+00    841s
  2381     -5.16078e+01     -9.72600e-01      9.00000e+00    842s
  2384     -3.61952e+01     -9.72600e-01      9.00000e+00    843s
  2387     -1.93746e+01     -9.72600e-01      9.00000e+00    845s
  2390     -1.62322e+01     -9.72600e-01      9.00000e+00    846s
  2393     -1.55248e+01     -9.72600e-01      9.00000e+00    847s
  2396     -1.21298e+01     -9.72600e-01      9.00000e+00    848s
  2400     -1.97468e+01     -9.72600e-01      9.00000e+00    849s
  2403     -4.43570e+01     -9.72600e-01      9.00000e+00    850s
  2406     -5.55130e+01     -9.72600e-01      9.00000e+00    851s
  2409     -3.73894e+01     -9.72600e-01      9.00000e+00    852s
  2412     -2.11888e+01     -9.72600e-01      9.00000e+00    854s
  2415     -2.00156e+01     -9.72600e-01      9.00000e+00    855s
  2418     -1.97584e+01     -9.72600e-01      9.00000e+00    856s
  2421     -1.22068e+01     -9.72600e-01      9.00000e+00    857s
  2424     -1.67308e+01     -9.72600e-01      9.00000e+00    858s
  2428     -4.99578e+01     -9.72600e-01      9.00000e+00    859s
  2432     -4.99390e+01     -9.72600e-01      9.00000e+00    860s
  2435     -2.76416e+01     -9.72600e-01      9.00000e+00    862s
  2438     -1.91544e+01     -9.72600e-01      9.00000e+00    863s
  2441     -2.16948e+01     -9.72600e-01      9.00000e+00    864s
  2444     -1.64204e+01     -9.72600e-01      9.00000e+00    865s
  2448     -1.42226e+01     -9.72600e-01      9.00000e+00    866s
  2451     -2.01662e+01     -9.72600e-01      9.00000e+00    867s
  2454     -2.38082e+01     -9.72600e-01      9.00000e+00    868s
  2457     -2.72522e+01     -9.72600e-01      9.00000e+00    869s
  2460     -2.22392e+01     -9.72600e-01      9.00000e+00    870s
  2463     -2.08662e+01     -9.72600e-01      9.00000e+00    871s
  2466     -3.02792e+01     -9.72600e-01      9.00000e+00    872s
  2469     -3.42734e+01     -9.72600e-01      9.00000e+00    873s
  2472     -2.61270e+01     -9.72600e-01      9.00000e+00    875s
  2475     -1.98908e+01     -9.72600e-01      9.00000e+00    876s
  2478     -2.38280e+01     -9.72600e-01      9.00000e+00    877s
  2481     -2.82064e+01     -9.72600e-01      9.00000e+00    878s
  2484     -2.26266e+01     -9.72600e-01      9.00000e+00    879s
  2488     -2.14952e+01     -9.72600e-01      9.00000e+00    880s
  2491     -3.05540e+01     -9.72600e-01      9.00000e+00    881s
  2494     -3.36734e+01     -9.72600e-01      9.00000e+00    882s
  2497     -2.55016e+01     -9.72600e-01      9.00000e+00    883s

==================================================
Summary of results QAOA
--------------------------------------------------
Avg of QAOA obj (BQO obj):    4.46
Avg of QAOA obj (penalty):    -5.43
Avg of constraint violation:  2.34

Avg of QAOA obj:              -0.97
STD of QAOA obj:              4.12
Avg of QAOA obj (feasible):   5.21
STD of QAOA obj (feasible):   0.61

Gamma angles:                 0.13
Beta angles:                  3.59

Best QAOA obj:                9.00
Modified best QAOA obj:       9.00
Best QAOA obj (feasible):     9.00

QAOA total time:              883.79s
QAOA circuit depth:           17
==================================================

==================================================
Summary of results of 0-S6
--------------------------------------------------
Number of vertices:           6
Number of edges:              15

Vertex num in largest comp:   6
Edge num in largest comp:     15

Pre-processing running time:  0.00
Total solver time:            883.26
Running time:                 887.27

Upper bound:                  10.00
Objective value:              9.00

Partition 0:                  1, 3, 4, 5          
Partition 1:                  2                   
Partition 2:                  6                   
Partition 3:                                      
==================================================
