==================================================
Instance parameters
--------------------------------------------------
Number of vertices:           6
Number of edges:              15
Number of partitions:         4

Density (%):                  100
Name of instance:             seed1_band_pen_1.0
Is planar:                    False
==================================================

==================================================
Solver parameters
--------------------------------------------------
Method:                       QUBO
Peel:                         False
Decompose:                    False
Fold:                         False

QAOA Num Levels:              1
QAOA Scipy Optimizer:         brute
==================================================

  iter        avg-obj        best avg-obj       best-obj      time
     0     -1.22335e+01     -1.22335e+01      5.50000e+00      1s
     3     -1.26813e+01     -1.22335e+01      6.25000e+00      2s
     6     -1.27590e+01     -1.22335e+01      6.25000e+00      3s
     9     -1.25255e+01     -1.22335e+01      6.25000e+00      4s
    13     -1.26203e+01     -1.22335e+01      7.50000e+00      6s
    16     -1.25950e+01     -1.22335e+01      7.50000e+00      7s
    19     -1.25177e+01     -1.22335e+01      7.50000e+00      8s
    23     -1.25832e+01     -1.18413e+01      7.50000e+00      9s
    26     -1.27745e+01     -1.18413e+01      7.50000e+00     10s
    30     -1.24835e+01     -1.18413e+01      7.50000e+00     11s
    33     -1.27587e+01     -1.18413e+01      7.50000e+00     12s
    37     -1.23477e+01     -1.18413e+01      7.50000e+00     14s
    41     -1.26210e+01     -1.18413e+01      7.50000e+00     15s
    45     -1.25185e+01     -1.18413e+01      7.50000e+00     16s
    48     -1.22528e+01     -1.18413e+01      7.50000e+00     17s
    52     -3.66100e+00     -3.66100e+00      8.00000e+00     18s
    55     -8.69750e-01     -2.60000e-01      8.00000e+00     19s
    59     -6.97750e+00     -2.60000e-01      8.00000e+00     21s
    63     -1.44388e+01     -2.60000e-01      8.00000e+00     22s
    66     -2.57692e+01     -2.60000e-01      8.00000e+00     23s
    69     -3.21090e+01     -2.60000e-01      8.00000e+00     24s
    73     -2.09007e+01     -2.60000e-01      8.00000e+00     25s
    77     -2.26300e+00     -2.60000e-01      8.00000e+00     26s
    80     -1.94600e+00     -2.60000e-01      8.00000e+00     27s
    83     -6.79075e+00     -2.60000e-01      8.00000e+00     28s
    86     -1.09622e+01     -2.60000e-01      8.00000e+00     30s
    89     -1.93747e+01     -2.60000e-01      8.00000e+00     31s
    92     -3.12323e+01     -2.60000e-01      8.00000e+00     32s
    96     -2.94420e+01     -2.60000e-01      8.00000e+00     33s
   100     -1.22570e+01     -2.60000e-01      8.00000e+00     34s
   103      1.10900e+00      1.10900e+00      9.00000e+00     35s
   107     -3.61600e+00      1.30425e+00      9.00000e+00     37s
   111     -9.15575e+00      1.30425e+00      9.00000e+00     38s
   114     -2.14655e+01      1.30425e+00      9.00000e+00     39s
   118     -4.59958e+01      1.30425e+00      9.00000e+00     40s
   121     -4.05847e+01      1.30425e+00      9.00000e+00     41s
   124     -1.68835e+01      1.30425e+00      9.00000e+00     42s
   128      1.56050e+00      1.56050e+00      9.00000e+00     44s
   131     -3.08025e+00      1.56050e+00      9.00000e+00     45s
   135     -8.13500e+00      1.56050e+00      9.00000e+00     46s
   139     -2.43070e+01      1.56050e+00      9.00000e+00     47s
   143     -4.67735e+01      1.56050e+00      9.00000e+00     49s
   147     -2.98375e+01      1.56050e+00      9.00000e+00     50s
   150     -1.31122e+01      1.56050e+00      9.00000e+00     51s
   153     -2.34700e+00      1.56050e+00      9.00000e+00     52s
   156     -3.66075e+00      1.56050e+00      9.00000e+00     53s
   160     -6.74875e+00      1.56050e+00      9.00000e+00     54s
   164     -2.13550e+01      1.56050e+00      9.00000e+00     55s
   168     -4.25932e+01      1.56050e+00      9.00000e+00     57s
   172     -2.97150e+01      1.56050e+00      9.00000e+00     58s
   175     -9.69425e+00      1.56050e+00      9.00000e+00     59s
   178     -1.76425e+00      1.56050e+00      9.00000e+00     60s
   182     -5.10925e+00      1.56050e+00      9.00000e+00     61s
   185     -7.71625e+00      1.56050e+00      9.00000e+00     62s
   188     -1.87188e+01      1.56050e+00      9.00000e+00     63s
   191     -3.66645e+01      1.56050e+00      9.00000e+00     64s
   195     -3.91923e+01      1.56050e+00      9.00000e+00     66s
   198     -1.92595e+01      1.56050e+00      9.00000e+00     67s
   201     -1.06728e+01      1.56050e+00      9.00000e+00     68s
   205     -8.60575e+00      1.56050e+00      9.00000e+00     69s
   209     -6.78775e+00      1.56050e+00      9.00000e+00     70s
   212     -1.14407e+01      1.56050e+00      9.00000e+00     71s
   215     -2.47613e+01      1.56050e+00      9.00000e+00     72s
   219     -3.11962e+01      1.56050e+00      9.00000e+00     74s
   222     -2.09165e+01      1.56050e+00      9.00000e+00     75s
   225     -1.09285e+01      1.56050e+00      9.00000e+00     76s
   228     -9.49150e+00      1.56050e+00      9.00000e+00     77s
   232     -8.02875e+00      1.56050e+00      9.00000e+00     78s
   236     -1.03075e+01      1.56050e+00      9.00000e+00     79s
   239     -2.18678e+01      1.56050e+00      9.00000e+00     80s
   242     -3.16955e+01      1.56050e+00      9.00000e+00     81s
   245     -2.68227e+01      1.56050e+00      9.00000e+00     82s
   248     -1.49900e+01      1.56050e+00      9.00000e+00     83s
   252     -1.45168e+01      1.56050e+00      9.00000e+00     85s
   256     -1.48990e+01      1.56050e+00      9.00000e+00     86s
   259     -1.02573e+01      1.56050e+00      9.00000e+00     87s
   263     -1.42495e+01      1.56050e+00      9.00000e+00     88s
   266     -2.20820e+01      1.56050e+00      9.00000e+00     89s
   269     -2.21762e+01      1.56050e+00      9.00000e+00     90s
   272     -1.47085e+01      1.56050e+00      9.00000e+00     91s
   275     -1.21587e+01      1.56050e+00      9.00000e+00     92s
   278     -1.50183e+01      1.56050e+00      9.00000e+00     93s
   282     -1.22342e+01      1.56050e+00      9.00000e+00     95s
   285     -1.00005e+01      1.56050e+00      9.00000e+00     96s
   288     -1.59335e+01      1.56050e+00      9.00000e+00     97s
   292     -2.37422e+01      1.56050e+00      9.00000e+00     98s
   295     -1.84703e+01      1.56050e+00      9.00000e+00     99s
   298     -1.20992e+01      1.56050e+00      9.00000e+00    100s
   301     -1.33067e+01      1.56050e+00      9.00000e+00    101s
   305     -1.75553e+01      1.56050e+00      9.00000e+00    103s
   309     -1.23447e+01      1.56050e+00      9.00000e+00    104s
   313     -1.34723e+01      1.56050e+00      9.00000e+00    105s
   317     -1.85190e+01      1.56050e+00      9.00000e+00    106s
   320     -1.55255e+01      1.56050e+00      9.00000e+00    107s
   323     -1.17988e+01      1.56050e+00      9.00000e+00    108s
   327     -1.59330e+01      1.56050e+00      9.00000e+00    110s
   330     -1.71765e+01      1.56050e+00      9.00000e+00    111s
   333     -1.31515e+01      1.56050e+00      9.00000e+00    112s
   337     -1.25023e+01      1.56050e+00      9.00000e+00    113s
   340     -1.77115e+01      1.56050e+00      9.00000e+00    114s
   343     -1.71722e+01      1.56050e+00      9.00000e+00    115s
   347     -1.21665e+01      1.56050e+00      9.00000e+00    117s
   351     -1.31330e+01      1.56050e+00      9.00000e+00    118s
   354     -1.59552e+01      1.56050e+00      9.00000e+00    119s
   357     -1.54430e+01      1.56050e+00      9.00000e+00    120s
   361     -1.21747e+01      1.56050e+00      9.00000e+00    121s
   364     -1.41490e+01      1.56050e+00      9.00000e+00    122s
   368     -1.58272e+01      1.56050e+00      9.00000e+00    124s
   371     -1.36595e+01      1.56050e+00      9.00000e+00    125s
   374     -1.21282e+01      1.56050e+00      9.00000e+00    126s
   377     -1.46918e+01      1.56050e+00      9.00000e+00    127s
   381     -1.58972e+01      1.56050e+00      9.00000e+00    128s
   384     -1.28575e+01      1.56050e+00      9.00000e+00    129s
   387     -1.26715e+01      1.56050e+00      9.00000e+00    130s
   391     -1.60328e+01      1.56050e+00      9.00000e+00    132s
   394     -1.54477e+01      1.56050e+00      9.00000e+00    133s
   398     -1.21598e+01      1.56050e+00      9.00000e+00    134s
   401     -1.25510e+01      1.56050e+00      9.00000e+00    135s
   405     -1.52852e+01      1.56050e+00      9.00000e+00    136s
   409     -1.34202e+01      1.56050e+00      9.00000e+00    138s
   412     -1.25950e+01      1.56050e+00      9.00000e+00    139s
   415     -1.39883e+01      1.56050e+00      9.00000e+00    140s
   418     -1.49265e+01      1.56050e+00      9.00000e+00    141s
   422     -1.31922e+01      1.56050e+00      9.00000e+00    142s
   426     -1.27272e+01      1.56050e+00      9.00000e+00    144s
   429     -1.44727e+01      1.56050e+00      9.00000e+00    145s
   433     -1.33785e+01      1.56050e+00      9.00000e+00    146s
   436     -1.22320e+01      1.56050e+00      9.00000e+00    147s
   439     -1.39253e+01      1.56050e+00      9.00000e+00    148s
   442     -1.45045e+01      1.56050e+00      9.00000e+00    149s
   446     -1.33975e+01      1.56050e+00      9.00000e+00    150s
   450     -1.26395e+01      1.56050e+00      9.00000e+00    151s
   453     -1.32112e+01      1.56050e+00      9.00000e+00    152s
   456     -1.34032e+01      1.56050e+00      9.00000e+00    154s
   459     -1.24452e+01      1.56050e+00      9.00000e+00    155s
   462     -1.20180e+01      1.56050e+00      9.00000e+00    156s
   465     -1.31943e+01      1.56050e+00      9.00000e+00    157s
   469     -1.38127e+01      1.56050e+00      9.00000e+00    158s
   472     -1.30870e+01      1.56050e+00      9.00000e+00    159s
   476     -1.22833e+01      1.56050e+00      9.00000e+00    160s
   480     -1.34060e+01      1.56050e+00      9.00000e+00    162s
   483     -1.26210e+01      1.56050e+00      9.00000e+00    163s
   487     -1.22625e+01      1.56050e+00      9.00000e+00    164s
   490     -1.31115e+01      1.56050e+00      9.00000e+00    165s
   493     -1.40962e+01      1.56050e+00      9.00000e+00    166s
   497     -1.23343e+01      1.56050e+00      9.00000e+00    167s
   501     -1.25977e+01      1.56050e+00      9.00000e+00    169s
   505     -1.26263e+01      1.56050e+00      9.00000e+00    170s
   508     -1.16387e+01      1.56050e+00      9.00000e+00    171s
   512     -1.25582e+01      1.56050e+00      9.00000e+00    172s
   515     -1.29808e+01      1.56050e+00      9.00000e+00    173s
   518     -1.34373e+01      1.56050e+00      9.00000e+00    174s
   522     -1.22118e+01      1.56050e+00      9.00000e+00    176s
   525     -1.26122e+01      1.56050e+00      9.00000e+00    177s
   528     -1.33175e+01      1.56050e+00      9.00000e+00    178s
   531     -1.24793e+01      1.56050e+00      9.00000e+00    179s
   534     -1.24078e+01      1.56050e+00      9.00000e+00    180s
   538     -1.28140e+01      1.56050e+00      9.00000e+00    181s
   542     -1.28532e+01      1.56050e+00      9.00000e+00    182s
   545     -1.26535e+01      1.56050e+00      9.00000e+00    183s
   548     -1.26840e+01      1.56050e+00      9.00000e+00    184s
   551     -1.28277e+01      1.56050e+00      9.00000e+00    186s
   554     -1.27048e+01      1.56050e+00      9.00000e+00    187s
   558     -1.19008e+01      1.56050e+00      9.00000e+00    188s
   562     -1.25490e+01      1.56050e+00      9.00000e+00    189s
   566     -1.27907e+01      1.56050e+00      9.00000e+00    191s
   569     -1.31163e+01      1.56050e+00      9.00000e+00    192s
   572     -1.28405e+01      1.56050e+00      9.00000e+00    193s
   575     -1.23227e+01      1.56050e+00      9.00000e+00    194s
   579     -1.25430e+01      1.56050e+00      9.00000e+00    195s
   582     -1.23823e+01      1.56050e+00      9.00000e+00    196s
   585     -1.21095e+01      1.56050e+00      9.00000e+00    197s
   588     -1.28415e+01      1.56050e+00      9.00000e+00    198s
   591     -1.31613e+01      1.56050e+00      9.00000e+00    199s
   595     -1.23163e+01      1.56050e+00      9.00000e+00    200s
   598     -1.24045e+01      1.56050e+00      9.00000e+00    202s
   602     -1.21060e+01      1.56050e+00      9.00000e+00    203s
   606     -1.22015e+01      1.56050e+00      9.00000e+00    204s
   609     -1.24633e+01      1.56050e+00      9.00000e+00    205s
   612     -1.22462e+01      1.56050e+00      9.00000e+00    206s
   615     -1.36148e+01      1.56050e+00      9.00000e+00    207s
   618     -1.34480e+01      1.56050e+00      9.00000e+00    208s
   621     -1.32873e+01      1.56050e+00      9.00000e+00    210s
   625     -1.22625e+01      1.56050e+00      9.00000e+00    211s
   628     -1.20877e+01      1.56050e+00      9.00000e+00    212s
   631     -1.23045e+01      1.56050e+00      9.00000e+00    213s
   635     -1.25032e+01      1.56050e+00      9.00000e+00    214s
   639     -1.31310e+01      1.56050e+00      9.00000e+00    216s
   642     -1.33865e+01      1.56050e+00      9.00000e+00    217s
   646     -1.28955e+01      1.56050e+00      9.00000e+00    218s
   649     -1.26190e+01      1.56050e+00      9.00000e+00    219s
   652     -1.25675e+01      1.56050e+00      9.00000e+00    220s
   655     -1.23573e+01      1.56050e+00      9.00000e+00    221s
   659     -1.21013e+01      1.56050e+00      9.00000e+00    222s
   662     -1.26455e+01      1.56050e+00      9.00000e+00    223s
   665     -1.30742e+01      1.56050e+00      9.00000e+00    225s
   668     -1.27470e+01      1.56050e+00      9.00000e+00    226s
   671     -1.27295e+01      1.56050e+00      9.00000e+00    227s
   675     -1.18280e+01      1.56050e+00      9.00000e+00    228s
   678     -1.22200e+01      1.56050e+00      9.00000e+00    229s
   682     -1.23863e+01      1.56050e+00      9.00000e+00    230s
   685     -1.24845e+01      1.56050e+00      9.00000e+00    231s
   688     -1.24482e+01      1.56050e+00      9.00000e+00    232s
   691     -1.29522e+01      1.56050e+00      9.00000e+00    233s
   694     -1.31937e+01      1.56050e+00      9.00000e+00    234s
   697     -1.29258e+01      1.56050e+00      9.00000e+00    236s
   700     -1.22457e+01      1.56050e+00      9.00000e+00    237s
   704     -1.23168e+01      1.56050e+00      9.00000e+00    238s
   707     -1.18040e+01      1.56050e+00      9.00000e+00    239s
   710     -1.22873e+01      1.56050e+00      9.00000e+00    240s
   713     -1.26535e+01      1.56050e+00      9.00000e+00    241s
   717     -1.26000e+01      1.56050e+00      9.00000e+00    242s
   720     -1.31342e+01      1.56050e+00      9.00000e+00    243s
   723     -1.23490e+01      1.56050e+00      9.00000e+00    244s
   726     -1.26118e+01      1.56050e+00      9.00000e+00    246s
   730     -1.17705e+01      1.56050e+00      9.00000e+00    247s
   733     -1.21602e+01      1.56050e+00      9.00000e+00    248s
   736     -1.23377e+01      1.56050e+00      9.00000e+00    249s
   739     -1.27417e+01      1.56050e+00      9.00000e+00    250s
   743     -1.28865e+01      1.56050e+00      9.00000e+00    252s
   747     -1.19727e+01      1.56050e+00      9.00000e+00    253s
   750     -1.24545e+01      1.56050e+00      9.00000e+00    254s
   754     -1.26105e+01      1.56050e+00      9.00000e+00    255s
   757     -1.18677e+01      1.56050e+00      9.00000e+00    256s
   760     -1.19450e+01      1.56050e+00      9.00000e+00    257s
   763     -1.29872e+01      1.56050e+00      9.00000e+00    258s
   766     -1.24437e+01      1.56050e+00      9.00000e+00    259s
   770     -1.22415e+01      1.56050e+00      9.00000e+00    261s
   773     -1.20988e+01      1.56050e+00      9.00000e+00    262s
   776     -1.27952e+01      1.56050e+00      9.00000e+00    263s
   779     -1.20017e+01      1.56050e+00      9.00000e+00    264s
   782     -1.18942e+01      1.56050e+00      9.00000e+00    265s
   786     -1.23413e+01      1.56050e+00      9.00000e+00    267s
   789     -1.28048e+01      1.56050e+00      9.00000e+00    268s
   793     -1.19640e+01      1.56050e+00      9.00000e+00    269s
   796     -1.22137e+01      1.56050e+00      9.00000e+00    270s
   799     -1.24458e+01      1.56050e+00      9.00000e+00    271s
   802     -1.25742e+01      1.56050e+00      9.00000e+00    272s
   805     -1.10505e+01      1.56050e+00      9.00000e+00    273s
   808     -1.14808e+01      1.56050e+00      9.00000e+00    275s
   811     -1.18590e+01      1.56050e+00      9.00000e+00    276s
   815     -1.26903e+01      1.56050e+00      9.00000e+00    277s
   818     -1.23520e+01      1.56050e+00      9.00000e+00    278s
   822     -1.21723e+01      1.56050e+00      9.00000e+00    279s
   825     -1.19593e+01      1.56050e+00      9.00000e+00    280s
   828     -1.19780e+01      1.56050e+00      9.00000e+00    281s
   832     -1.08235e+01      1.56050e+00      9.00000e+00    283s
   835     -1.17218e+01      1.56050e+00      9.00000e+00    284s
   838     -1.23492e+01      1.56050e+00      9.00000e+00    285s
   841     -1.19500e+01      1.56050e+00      9.00000e+00    286s
   844     -1.19000e+01      1.56050e+00      9.00000e+00    287s
   847     -1.25092e+01      1.56050e+00      9.00000e+00    288s
   850     -1.26695e+01      1.56050e+00      9.00000e+00    289s
   853     -1.21967e+01      1.56050e+00      9.00000e+00    290s
   857     -1.14120e+01      1.56050e+00      9.00000e+00    291s
   861     -1.20907e+01      1.56050e+00      9.00000e+00    293s
   864     -1.34545e+01      1.56050e+00      9.00000e+00    294s
   867     -1.21555e+01      1.56050e+00      9.00000e+00    295s
   871     -1.19100e+01      1.56050e+00      9.00000e+00    296s
   874     -1.23665e+01      1.56050e+00      9.00000e+00    297s
   877     -1.19460e+01      1.56050e+00      9.00000e+00    298s
   881     -1.11515e+01      1.56050e+00      9.00000e+00    299s
   884     -1.18810e+01      1.56050e+00      9.00000e+00    301s
   887     -1.21227e+01      1.56050e+00      9.00000e+00    302s
   890     -1.24462e+01      1.56050e+00      9.00000e+00    303s
   894     -1.16557e+01      1.56050e+00      9.00000e+00    304s
   897     -1.22870e+01      1.56050e+00      9.00000e+00    305s
   900     -1.24017e+01      1.56050e+00      9.00000e+00    306s
   903     -1.21173e+01      1.56050e+00      9.00000e+00    307s
   906     -1.19995e+01      1.56050e+00      9.00000e+00    309s
   910     -1.19492e+01      1.56050e+00      9.00000e+00    310s
   913     -1.26768e+01      1.56050e+00      9.00000e+00    311s
   916     -1.32655e+01      1.56050e+00      9.00000e+00    312s
   919     -1.23712e+01      1.56050e+00      9.00000e+00    313s
   922     -1.20910e+01      1.56050e+00      9.00000e+00    314s
   925     -1.27415e+01      1.56050e+00      9.00000e+00    315s
   928     -1.20930e+01      1.56050e+00      9.00000e+00    316s
   932     -1.20275e+01      1.56050e+00      9.00000e+00    318s
   935     -1.21560e+01      1.56050e+00      9.00000e+00    319s
   938     -1.27490e+01      1.56050e+00      9.00000e+00    320s
   941     -1.24392e+01      1.56050e+00      9.00000e+00    321s
   945     -1.24727e+01      1.56050e+00      9.00000e+00    322s
   948     -1.24883e+01      1.56050e+00      9.00000e+00    323s
   951     -1.23328e+01      1.56050e+00      9.00000e+00    324s
   954     -1.25828e+01      1.56050e+00      9.00000e+00    325s
   957     -1.24377e+01      1.56050e+00      9.00000e+00    326s
   960     -1.23970e+01      1.56050e+00      9.00000e+00    327s
   964     -1.27715e+01      1.56050e+00      9.00000e+00    329s
   968     -1.29823e+01      1.56050e+00      9.00000e+00    330s
   972     -1.29177e+01      1.56050e+00      9.00000e+00    332s
   975     -1.25080e+01      1.56050e+00      9.00000e+00    333s
   978     -1.29473e+01      1.56050e+00      9.00000e+00    334s
   981     -1.28940e+01      1.56050e+00      9.00000e+00    335s
   985     -1.28145e+01      1.56050e+00      9.00000e+00    336s
   988     -1.29857e+01      1.56050e+00      9.00000e+00    337s
   991     -1.32125e+01      1.56050e+00      9.00000e+00    338s
   994     -1.35968e+01      1.56050e+00      9.00000e+00    339s
   998     -1.24675e+01      1.56050e+00      9.00000e+00    341s
  1001     -1.29313e+01      1.56050e+00      9.00000e+00    342s
  1004     -1.28402e+01      1.56050e+00      9.00000e+00    343s
  1008     -1.34527e+01      1.56050e+00      9.00000e+00    344s
  1011     -1.23748e+01      1.56050e+00      9.00000e+00    345s
  1014     -1.26043e+01      1.56050e+00      9.00000e+00    346s
  1017     -1.30520e+01      1.56050e+00      9.00000e+00    347s
  1021     -1.31910e+01      1.56050e+00      9.00000e+00    349s
  1024     -1.21653e+01      1.56050e+00      9.00000e+00    350s
  1027     -1.29347e+01      1.56050e+00      9.00000e+00    351s
  1031     -1.30922e+01      1.56050e+00      9.00000e+00    352s
  1034     -1.26493e+01      1.56050e+00      9.00000e+00    353s
  1038     -1.24437e+01      1.56050e+00      9.00000e+00    355s
  1041     -1.30702e+01      1.56050e+00      9.00000e+00    356s
  1044     -1.24715e+01      1.56050e+00      9.00000e+00    357s
  1047     -1.23692e+01      1.56050e+00      9.00000e+00    358s
  1050     -1.29322e+01      1.56050e+00      9.00000e+00    359s
  1053     -1.32500e+01      1.56050e+00      9.00000e+00    360s
  1056     -1.39330e+01      1.56050e+00      9.00000e+00    361s
  1059     -1.25575e+01      1.56050e+00      9.00000e+00    362s
  1063     -1.28067e+01      1.56050e+00      9.00000e+00    363s
  1066     -1.32628e+01      1.56050e+00      9.00000e+00    365s
  1069     -1.35855e+01      1.56050e+00      9.00000e+00    366s
  1072     -1.27093e+01      1.56050e+00      9.00000e+00    367s
  1076     -1.29017e+01      1.56050e+00      9.00000e+00    368s
  1080     -1.34057e+01      1.56050e+00      9.00000e+00    369s
  1083     -1.30155e+01      1.56050e+00      9.00000e+00    370s
  1087     -1.26258e+01      1.56050e+00      9.00000e+00    372s
  1090     -1.29850e+01      1.56050e+00      9.00000e+00    373s
  1093     -1.36992e+01      1.56050e+00      9.00000e+00    374s
  1096     -1.28000e+01      1.56050e+00      9.00000e+00    375s
  1099     -1.19975e+01      1.56050e+00      9.00000e+00    376s
  1103     -1.33407e+01      1.56050e+00      9.00000e+00    377s
  1106     -1.43460e+01      1.56050e+00      9.00000e+00    378s
  1109     -1.30395e+01      1.56050e+00      9.00000e+00    380s
  1112     -1.22670e+01      1.56050e+00      9.00000e+00    381s
  1115     -1.30463e+01      1.56050e+00      9.00000e+00    382s
  1118     -1.40505e+01      1.56050e+00      9.00000e+00    383s
  1122     -1.31017e+01      1.56050e+00      9.00000e+00    384s
  1126     -1.25500e+01      1.56050e+00      9.00000e+00    385s
  1129     -1.39192e+01      1.56050e+00      9.00000e+00    386s
  1133     -1.30687e+01      1.56050e+00      9.00000e+00    388s
  1136     -1.26150e+01      1.56050e+00      9.00000e+00    389s
  1139     -1.24225e+01      1.56050e+00      9.00000e+00    390s
  1142     -1.31845e+01      1.56050e+00      9.00000e+00    391s
  1146     -1.32690e+01      1.56050e+00      9.00000e+00    392s
  1149     -1.28025e+01      1.56050e+00      9.00000e+00    393s
  1152     -1.30053e+01      1.56050e+00      9.00000e+00    394s
  1155     -1.34575e+01      1.56050e+00      9.00000e+00    395s
  1158     -1.33860e+01      1.56050e+00      9.00000e+00    397s
  1161     -1.29923e+01      1.56050e+00      9.00000e+00    398s
  1165     -1.30115e+01      1.56050e+00      9.00000e+00    399s
  1168     -1.37142e+01      1.56050e+00      9.00000e+00    400s
  1171     -1.27720e+01      1.56050e+00      9.00000e+00    401s
  1175     -1.19335e+01      1.56050e+00      9.00000e+00    403s
  1178     -1.38833e+01      1.56050e+00      9.00000e+00    404s
  1181     -1.32635e+01      1.56050e+00      9.00000e+00    405s
  1184     -1.30635e+01      1.56050e+00      9.00000e+00    406s
  1187     -1.23280e+01      1.56050e+00      9.00000e+00    407s
  1190     -1.30898e+01      1.56050e+00      9.00000e+00    408s
  1193     -1.38658e+01      1.56050e+00      9.00000e+00    409s
  1196     -1.31883e+01      1.56050e+00      9.00000e+00    410s
  1200     -1.24100e+01      1.56050e+00      9.00000e+00    411s
  1204     -1.29927e+01      1.56050e+00      9.00000e+00    413s
  1207     -1.22520e+01      1.56050e+00      9.00000e+00    414s
  1210     -1.27242e+01      1.56050e+00      9.00000e+00    415s
  1213     -1.25940e+01      1.56050e+00      9.00000e+00    416s
  1216     -1.33385e+01      1.56050e+00      9.00000e+00    417s
  1219     -1.27700e+01      1.56050e+00      9.00000e+00    418s
  1222     -1.25768e+01      1.56050e+00      9.00000e+00    419s
  1226     -1.27335e+01      1.56050e+00      9.00000e+00    421s
  1229     -1.29070e+01      1.56050e+00      9.00000e+00    422s
  1232     -1.20902e+01      1.56050e+00      9.00000e+00    423s
  1235     -1.24960e+01      1.56050e+00      9.00000e+00    424s
  1239     -1.29565e+01      1.56050e+00      9.00000e+00    425s
  1243     -1.26985e+01      1.56050e+00      9.00000e+00    426s
  1246     -1.25070e+01      1.56050e+00      9.00000e+00    428s
  1249     -1.20552e+01      1.56050e+00      9.00000e+00    429s
  1252     -1.20970e+01      1.56050e+00      9.00000e+00    430s
  1256     -1.25930e+01      1.56050e+00      9.00000e+00    431s
  1260     -1.19445e+01      1.56050e+00      9.00000e+00    433s
  1263     -1.22935e+01      1.56050e+00      9.00000e+00    434s
  1266     -1.20107e+01      1.56050e+00      9.00000e+00    435s
  1270     -1.19492e+01      1.56050e+00      9.00000e+00    436s
  1273     -1.24230e+01      1.56050e+00      9.00000e+00    437s
  1276     -1.27208e+01      1.56050e+00      9.00000e+00    438s
  1279     -1.21085e+01      1.56050e+00      9.00000e+00    439s
  1283     -1.29750e+01      1.56050e+00      9.00000e+00    441s
  1286     -1.22948e+01      1.56050e+00      9.00000e+00    442s
  1290     -1.27253e+01      1.56050e+00      9.00000e+00    443s
  1293     -1.24010e+01      1.56050e+00      9.00000e+00    444s
  1296     -1.26700e+01      1.56050e+00      9.00000e+00    445s
  1299     -1.28755e+01      1.56050e+00      9.00000e+00    446s
  1302     -1.23720e+01      1.56050e+00      9.00000e+00    447s
  1305     -1.19630e+01      1.56050e+00      9.00000e+00    449s
  1308     -1.21523e+01      1.56050e+00      9.00000e+00    450s
  1311     -1.29552e+01      1.56050e+00      9.00000e+00    451s
  1315     -1.20370e+01      1.56050e+00      9.00000e+00    452s
  1318     -1.21605e+01      1.56050e+00      9.00000e+00    453s
  1321     -1.27408e+01      1.56050e+00      9.00000e+00    454s
  1324     -1.22225e+01      1.56050e+00      9.00000e+00    455s
  1327     -1.25527e+01      1.56050e+00      9.00000e+00    456s
  1330     -1.26717e+01      1.56050e+00      9.00000e+00    457s
  1333     -1.19715e+01      1.56050e+00      9.00000e+00    458s
  1336     -1.23008e+01      1.56050e+00      9.00000e+00    459s
  1339     -1.29065e+01      1.56050e+00      9.00000e+00    461s
  1343     -1.25465e+01      1.56050e+00      9.00000e+00    462s
  1347     -1.23997e+01      1.56050e+00      9.00000e+00    463s
  1350     -1.20282e+01      1.56050e+00      9.00000e+00    464s
  1353     -1.26408e+01      1.56050e+00      9.00000e+00    465s
  1357     -1.18458e+01      1.56050e+00      9.00000e+00    467s
  1360     -1.22523e+01      1.56050e+00      9.00000e+00    468s
  1363     -1.25085e+01      1.56050e+00      9.00000e+00    469s
  1366     -1.24080e+01      1.56050e+00      9.00000e+00    470s
  1369     -1.25787e+01      1.56050e+00      9.00000e+00    471s
  1372     -1.20868e+01      1.56050e+00      9.00000e+00    472s
  1376     -1.26505e+01      1.56050e+00      9.00000e+00    473s
  1379     -1.26408e+01      1.56050e+00      9.00000e+00    474s
  1382     -1.27685e+01      1.56050e+00      9.00000e+00    476s
  1385     -1.27007e+01      1.56050e+00      9.00000e+00    477s
  1388     -1.25207e+01      1.56050e+00      9.00000e+00    478s
  1392     -1.26293e+01      1.56050e+00      9.00000e+00    479s
  1395     -1.24437e+01      1.56050e+00      9.00000e+00    480s
  1398     -1.21700e+01      1.56050e+00      9.00000e+00    481s
  1401     -1.24418e+01      1.56050e+00      9.00000e+00    482s
  1404     -1.24872e+01      1.56050e+00      9.00000e+00    483s
  1407     -1.26605e+01      1.56050e+00      9.00000e+00    485s
  1410     -1.25305e+01      1.56050e+00      9.00000e+00    486s
  1413     -1.23465e+01      1.56050e+00      9.00000e+00    487s
  1416     -1.23157e+01      1.56050e+00      9.00000e+00    488s
  1419     -1.24477e+01      1.56050e+00      9.00000e+00    489s
  1422     -1.28505e+01      1.56050e+00      9.00000e+00    490s
  1425     -1.26260e+01      1.56050e+00      9.00000e+00    491s
  1428     -1.28782e+01      1.56050e+00      9.00000e+00    492s
  1431     -1.24567e+01      1.56050e+00      9.00000e+00    494s
  1434     -1.22248e+01      1.56050e+00      9.00000e+00    495s
  1438     -1.28072e+01      1.56050e+00      9.00000e+00    496s
  1441     -1.28707e+01      1.56050e+00      9.00000e+00    497s
  1444     -1.19563e+01      1.56050e+00      9.00000e+00    498s
  1447     -1.19390e+01      1.56050e+00      9.00000e+00    499s
  1450     -1.29622e+01      1.56050e+00      9.00000e+00    500s
  1453     -1.29138e+01      1.56050e+00      9.00000e+00    501s
  1456     -1.23045e+01      1.56050e+00      9.00000e+00    503s
  1459     -1.25832e+01      1.56050e+00      9.00000e+00    504s
  1463     -1.24040e+01      1.56050e+00      9.00000e+00    505s
  1466     -1.27432e+01      1.56050e+00      9.00000e+00    506s
  1469     -1.23000e+01      1.56050e+00      9.00000e+00    507s
  1472     -1.23238e+01      1.56050e+00      9.00000e+00    508s
  1475     -1.26402e+01      1.56050e+00      9.00000e+00    509s
  1479     -1.27330e+01      1.56050e+00      9.00000e+00    510s
  1482     -1.25648e+01      1.56050e+00      9.00000e+00    512s
  1485     -1.26980e+01      1.56050e+00      9.00000e+00    513s
  1489     -1.21713e+01      1.56050e+00      9.00000e+00    514s
  1492     -1.23067e+01      1.56050e+00      9.00000e+00    515s
  1495     -1.25467e+01      1.56050e+00      9.00000e+00    516s
  1498     -1.23582e+01      1.56050e+00      9.00000e+00    517s
  1501     -1.23525e+01      1.56050e+00      9.00000e+00    518s
  1504     -1.25337e+01      1.56050e+00      9.00000e+00    519s
  1507     -1.21935e+01      1.56050e+00      9.00000e+00    521s
  1510     -1.23573e+01      1.56050e+00      9.00000e+00    522s
  1514     -1.24697e+01      1.56050e+00      9.00000e+00    523s
  1517     -1.25663e+01      1.56050e+00      9.00000e+00    524s
  1521     -1.22845e+01      1.56050e+00      9.00000e+00    525s
  1524     -1.26815e+01      1.56050e+00      9.00000e+00    526s
  1527     -1.29855e+01      1.56050e+00      9.00000e+00    527s
  1531     -1.20080e+01      1.56050e+00      9.00000e+00    529s
  1534     -1.28760e+01      1.56050e+00      9.00000e+00    530s
  1538     -1.29075e+01      1.56050e+00      9.00000e+00    531s
  1541     -1.17762e+01      1.56050e+00      9.00000e+00    532s
  1544     -1.25050e+01      1.56050e+00      9.00000e+00    533s
  1547     -1.31687e+01      1.56050e+00      9.00000e+00    534s
  1550     -1.25550e+01      1.56050e+00      9.00000e+00    535s
  1553     -1.23430e+01      1.56050e+00      9.00000e+00    536s
  1556     -1.20113e+01      1.56050e+00      9.00000e+00    537s
  1560     -1.20358e+01      1.56050e+00      9.00000e+00    539s
  1563     -1.25055e+01      1.56050e+00      9.00000e+00    540s
  1566     -1.22555e+01      1.56050e+00      9.00000e+00    541s
  1569     -1.20720e+01      1.56050e+00      9.00000e+00    542s
  1573     -1.22423e+01      1.56050e+00      9.00000e+00    543s
  1576     -1.24273e+01      1.56050e+00      9.00000e+00    544s
  1579     -1.22710e+01      1.56050e+00      9.00000e+00    546s
  1583     -1.23447e+01      1.56050e+00      9.00000e+00    547s
  1586     -1.27735e+01      1.56050e+00      9.00000e+00    548s
  1589     -1.19473e+01      1.56050e+00      9.00000e+00    549s
  1592     -1.23727e+01      1.56050e+00      9.00000e+00    550s
  1595     -1.20305e+01      1.56050e+00      9.00000e+00    551s
  1598     -1.21982e+01      1.56050e+00      9.00000e+00    552s
  1602     -1.25675e+01      1.56050e+00      9.00000e+00    554s
  1605     -1.19455e+01      1.56050e+00      9.00000e+00    555s
  1609     -1.20657e+01      1.56050e+00      9.00000e+00    556s
  1612     -1.20077e+01      1.56050e+00      9.00000e+00    557s
  1615     -1.25885e+01      1.56050e+00      9.00000e+00    558s
  1618     -1.21783e+01      1.56050e+00      9.00000e+00    559s
  1621     -1.18810e+01      1.56050e+00      9.00000e+00    560s
  1624     -1.26450e+01      1.56050e+00      9.00000e+00    561s
  1628     -1.24367e+01      1.56050e+00      9.00000e+00    563s
  1631     -1.18057e+01      1.56050e+00      9.00000e+00    564s
  1635     -1.22680e+01      1.56050e+00      9.00000e+00    565s
  1638     -1.20382e+01      1.56050e+00      9.00000e+00    566s
  1641     -1.23475e+01      1.56050e+00      9.00000e+00    567s
  1644     -1.20420e+01      1.56050e+00      9.00000e+00    568s
  1648     -1.23477e+01      1.56050e+00      9.00000e+00    570s
  1651     -1.25210e+01      1.56050e+00      9.00000e+00    571s
  1655     -1.24055e+01      1.56050e+00      9.00000e+00    572s
  1658     -1.16065e+01      1.56050e+00      9.00000e+00    573s
  1661     -1.23818e+01      1.56050e+00      9.00000e+00    574s
  1664     -1.33485e+01      1.56050e+00      9.00000e+00    575s
  1668     -1.24108e+01      1.56050e+00      9.00000e+00    577s
  1671     -1.20262e+01      1.56050e+00      9.00000e+00    578s
  1674     -1.22267e+01      1.56050e+00      9.00000e+00    579s
  1677     -1.26465e+01      1.56050e+00      9.00000e+00    580s
  1680     -1.22980e+01      1.56050e+00      9.00000e+00    581s
  1684     -1.20445e+01      1.56050e+00      9.00000e+00    582s
  1687     -1.28127e+01      1.56050e+00      9.00000e+00    583s
  1690     -1.30785e+01      1.56050e+00      9.00000e+00    585s
  1693     -1.20953e+01      1.56050e+00      9.00000e+00    586s
  1696     -1.18370e+01      1.56050e+00      9.00000e+00    587s
  1699     -1.26530e+01      1.56050e+00      9.00000e+00    588s
  1703     -1.22630e+01      1.56050e+00      9.00000e+00    589s
  1706     -1.17777e+01      1.56050e+00      9.00000e+00    590s
  1709     -1.13530e+01      1.56050e+00      9.00000e+00    591s
  1712     -1.22338e+01      1.56050e+00      9.00000e+00    593s
  1715     -1.41293e+01      1.56050e+00      9.00000e+00    594s
  1718     -1.32248e+01      1.56050e+00      9.00000e+00    595s
  1722     -1.24665e+01      1.56050e+00      9.00000e+00    596s
  1725     -1.26855e+01      1.56050e+00      9.00000e+00    597s
  1728     -1.25463e+01      1.56050e+00      9.00000e+00    598s
  1731     -1.12227e+01      1.56050e+00      9.00000e+00    599s
  1734     -1.15785e+01      1.56050e+00      9.00000e+00    600s
  1737     -1.28978e+01      1.56050e+00      9.00000e+00    602s
  1741     -1.36197e+01      1.56050e+00      9.00000e+00    603s
  1745     -1.27595e+01      1.56050e+00      9.00000e+00    604s
  1748     -1.24753e+01      1.56050e+00      9.00000e+00    605s
  1752     -1.27453e+01      1.56050e+00      9.00000e+00    607s
  1755     -1.12540e+01      1.56050e+00      9.00000e+00    608s
  1758     -1.05940e+01      1.56050e+00      9.00000e+00    609s
  1762     -1.25235e+01      1.56050e+00      9.00000e+00    610s
  1765     -1.38582e+01      1.56050e+00      9.00000e+00    611s
  1768     -1.38477e+01      1.56050e+00      9.00000e+00    612s
  1771     -1.35162e+01      1.56050e+00      9.00000e+00    613s
  1775     -1.21390e+01      1.56050e+00      9.00000e+00    614s
  1779     -1.11485e+01      1.56050e+00      9.00000e+00    616s
  1782     -1.05560e+01      1.56050e+00      9.00000e+00    617s
  1786     -1.23560e+01      1.56050e+00      9.00000e+00    618s
  1789     -1.31453e+01      1.56050e+00      9.00000e+00    619s
  1792     -1.42368e+01      1.56050e+00      9.00000e+00    620s
  1796     -1.33195e+01      1.56050e+00      9.00000e+00    622s
  1799     -1.21185e+01      1.56050e+00      9.00000e+00    623s
  1803     -1.05858e+01      1.56050e+00      9.00000e+00    624s
  1806     -9.56925e+00      1.56050e+00      9.00000e+00    625s
  1809     -1.06105e+01      1.56050e+00      9.00000e+00    626s
  1812     -1.27103e+01      1.56050e+00      9.00000e+00    627s
  1816     -1.53845e+01      1.56050e+00      9.00000e+00    629s
  1819     -1.52737e+01      1.56050e+00      9.00000e+00    630s
  1822     -1.39355e+01      1.56050e+00      9.00000e+00    631s
  1826     -1.12070e+01      1.56050e+00      9.00000e+00    632s
  1830     -9.67225e+00      1.56050e+00      9.00000e+00    633s
  1833     -1.05545e+01      1.56050e+00      9.00000e+00    634s
  1837     -1.29733e+01      1.56050e+00      9.00000e+00    636s
  1840     -1.52155e+01      1.56050e+00      9.00000e+00    637s
  1844     -1.54865e+01      1.56050e+00      9.00000e+00    638s
  1847     -1.37027e+01      1.56050e+00      9.00000e+00    639s
  1850     -1.23997e+01      1.56050e+00      9.00000e+00    640s
  1853     -9.87975e+00      1.56050e+00      9.00000e+00    641s
  1856     -9.73025e+00      1.56050e+00      9.00000e+00    642s
  1859     -1.06197e+01      1.56050e+00      9.00000e+00    643s
  1863     -1.28277e+01      1.56050e+00      9.00000e+00    645s
  1866     -1.54017e+01      1.56050e+00      9.00000e+00    646s
  1869     -1.68002e+01      1.56050e+00      9.00000e+00    647s
  1872     -1.52108e+01      1.56050e+00      9.00000e+00    648s
  1875     -1.13940e+01      1.56050e+00      9.00000e+00    649s
  1878     -9.86000e+00      1.56050e+00      9.00000e+00    650s
  1881     -9.88750e+00      1.56050e+00      9.00000e+00    651s
  1884     -1.12565e+01      1.56050e+00      9.00000e+00    653s
  1887     -1.25203e+01      1.56050e+00      9.00000e+00    654s
  1890     -1.44748e+01      1.56050e+00      9.00000e+00    655s
  1893     -1.65873e+01      1.56050e+00      9.00000e+00    656s
  1896     -1.61717e+01      1.56050e+00      9.00000e+00    657s
  1899     -1.23788e+01      1.56050e+00      9.00000e+00    658s
  1902     -1.12685e+01      1.56050e+00      9.00000e+00    659s
  1905     -1.07430e+01      1.56050e+00      9.00000e+00    660s
  1908     -1.16222e+01      1.56050e+00      9.00000e+00    661s
  1911     -1.26692e+01      1.56050e+00      9.00000e+00    662s
  1914     -1.25870e+01      1.56050e+00      9.00000e+00    663s
  1917     -1.45965e+01      1.56050e+00      9.00000e+00    664s
  1920     -1.63790e+01      1.56050e+00      9.00000e+00    665s
  1923     -1.44600e+01      1.56050e+00      9.00000e+00    667s
  1926     -1.14315e+01      1.56050e+00      9.00000e+00    668s
  1929     -1.05043e+01      1.56050e+00      9.00000e+00    669s
  1932     -1.23185e+01      1.56050e+00      9.00000e+00    670s
  1935     -1.29925e+01      1.56050e+00      9.00000e+00    671s
  1938     -1.30203e+01      1.56050e+00      9.00000e+00    672s
  1942     -1.47175e+01      1.56050e+00      9.00000e+00    674s
  1945     -1.51692e+01      1.56050e+00      9.00000e+00    675s
  1948     -1.39462e+01      1.56050e+00      9.00000e+00    676s
  1952     -1.28833e+01      1.56050e+00      9.00000e+00    677s
  1955     -1.40685e+01      1.56050e+00      9.00000e+00    678s
  1958     -1.51587e+01      1.56050e+00      9.00000e+00    679s
  1961     -1.38372e+01      1.56050e+00      9.00000e+00    680s
  1964     -1.11655e+01      1.56050e+00      9.00000e+00    682s
  1967     -1.13295e+01      1.56050e+00      9.00000e+00    683s
  1970     -1.24313e+01      1.56050e+00      9.00000e+00    684s
  1973     -1.26795e+01      1.56050e+00      9.00000e+00    685s
  1976     -1.24723e+01      1.56050e+00      9.00000e+00    686s
  1979     -1.35412e+01      1.56050e+00      9.00000e+00    687s
  1982     -1.52583e+01      1.56050e+00      9.00000e+00    688s
  1985     -1.41700e+01      1.56050e+00      9.00000e+00    689s
  1988     -1.14740e+01      1.56050e+00      9.00000e+00    690s
  1991     -1.11103e+01      1.56050e+00      9.00000e+00    691s
  1994     -1.22822e+01      1.56050e+00      9.00000e+00    692s
  1997     -1.28963e+01      1.56050e+00      9.00000e+00    694s
  2000     -1.26870e+01      1.56050e+00      9.00000e+00    695s
  2003     -1.71415e+01      1.56050e+00      9.00000e+00    696s
  2007     -1.99557e+01      1.56050e+00      9.00000e+00    697s
  2010     -1.71560e+01      1.56050e+00      9.00000e+00    698s
  2013     -1.13293e+01      1.56050e+00      9.00000e+00    699s
  2016     -7.70700e+00      1.56050e+00      9.00000e+00    700s
  2019     -7.51125e+00      1.56050e+00      9.00000e+00    701s
  2022     -1.04470e+01      1.56050e+00      9.00000e+00    703s
  2025     -1.30125e+01      1.56050e+00      9.00000e+00    704s
  2028     -1.73005e+01      1.56050e+00      9.00000e+00    705s
  2031     -2.08388e+01      1.56050e+00      9.00000e+00    706s
  2034     -1.76412e+01      1.56050e+00      9.00000e+00    707s
  2037     -1.26090e+01      1.56050e+00      9.00000e+00    708s
  2040     -8.20925e+00      1.56050e+00      9.00000e+00    709s
  2044     -8.13300e+00      1.56050e+00      9.00000e+00    710s
  2047     -1.03255e+01      1.56050e+00      9.00000e+00    711s
  2051     -1.47895e+01      1.56050e+00      9.00000e+00    713s
  2054     -2.24273e+01      1.56050e+00      9.00000e+00    714s
  2057     -2.42123e+01      1.56050e+00      9.00000e+00    715s
  2060     -1.88015e+01      1.56050e+00      9.00000e+00    716s
  2063     -1.07227e+01      1.56050e+00      9.00000e+00    717s
  2066     -6.76450e+00      1.56050e+00      9.00000e+00    718s
  2070     -6.66125e+00      1.56050e+00      9.00000e+00    719s
  2073     -9.79250e+00      1.56050e+00      9.00000e+00    720s
  2077     -1.89608e+01      1.56050e+00      9.00000e+00    722s
  2080     -2.46623e+01      1.56050e+00      9.00000e+00    723s
  2083     -2.25903e+01      1.56050e+00      9.00000e+00    724s
  2087     -1.19277e+01      1.56050e+00      9.00000e+00    725s
  2090     -7.04075e+00      1.56050e+00      9.00000e+00    726s
  2094     -6.59425e+00      1.56050e+00      9.00000e+00    728s
  2097     -9.22500e+00      1.56050e+00      9.00000e+00    729s
  2101     -1.45350e+01      1.56050e+00      9.00000e+00    730s
  2104     -2.22000e+01      1.56050e+00      9.00000e+00    731s
  2107     -2.47933e+01      1.56050e+00      9.00000e+00    732s
  2110     -1.79660e+01      1.56050e+00      9.00000e+00    733s
  2114     -9.26700e+00      1.56050e+00      9.00000e+00    735s
  2117     -7.38375e+00      1.56050e+00      9.00000e+00    736s
  2121     -8.56050e+00      1.56050e+00      9.00000e+00    737s
  2124     -1.16370e+01      1.56050e+00      9.00000e+00    738s
  2128     -2.05057e+01      1.56050e+00      9.00000e+00    739s
  2131     -2.44733e+01      1.56050e+00      9.00000e+00    740s
  2135     -1.71578e+01      1.56050e+00      9.00000e+00    742s
  2138     -9.67850e+00      1.56050e+00      9.00000e+00    743s
  2141     -7.86625e+00      1.56050e+00      9.00000e+00    744s
  2144     -8.66575e+00      1.56050e+00      9.00000e+00    745s
  2148     -1.07400e+01      1.56050e+00      9.00000e+00    746s
  2151     -1.30503e+01      1.56050e+00      9.00000e+00    747s
  2155     -2.15380e+01      1.56050e+00      9.00000e+00    749s
  2158     -2.12380e+01      1.56050e+00      9.00000e+00    750s
  2161     -1.52718e+01      1.56050e+00      9.00000e+00    751s
  2164     -1.10165e+01      1.56050e+00      9.00000e+00    752s
  2167     -1.22705e+01      1.56050e+00      9.00000e+00    753s
  2170     -1.28110e+01      1.56050e+00      9.00000e+00    754s
  2173     -1.23640e+01      1.56050e+00      9.00000e+00    755s
  2176     -1.45000e+01      1.56050e+00      9.00000e+00    756s
  2179     -2.03550e+01      1.56050e+00      9.00000e+00    758s
  2182     -2.20220e+01      1.56050e+00      9.00000e+00    759s
  2185     -1.54790e+01      1.56050e+00      9.00000e+00    760s
  2188     -1.09748e+01      1.56050e+00      9.00000e+00    761s
  2191     -1.19135e+01      1.56050e+00      9.00000e+00    762s
  2194     -1.33745e+01      1.56050e+00      9.00000e+00    763s
  2197     -1.24518e+01      1.56050e+00      9.00000e+00    764s
  2200     -1.27233e+01      1.56050e+00      9.00000e+00    765s
  2203     -1.45563e+01      1.56050e+00      9.00000e+00    766s
  2206     -1.85443e+01      1.56050e+00      9.00000e+00    767s
  2209     -1.72123e+01      1.56050e+00      9.00000e+00    769s
  2212     -1.22863e+01      1.56050e+00      9.00000e+00    770s
  2215     -1.38628e+01      1.56050e+00      9.00000e+00    771s
  2218     -1.85960e+01      1.56050e+00      9.00000e+00    772s
  2221     -1.73615e+01      1.56050e+00      9.00000e+00    773s
  2224     -1.34235e+01      1.56050e+00      9.00000e+00    774s
  2227     -1.37975e+01      1.56050e+00      9.00000e+00    775s
  2230     -1.83137e+01      1.56050e+00      9.00000e+00    776s
  2233     -1.72752e+01      1.56050e+00      9.00000e+00    777s
  2236     -1.35095e+01      1.56050e+00      9.00000e+00    779s
  2239     -1.33027e+01      1.56050e+00      9.00000e+00    780s
  2242     -1.75807e+01      1.56050e+00      9.00000e+00    781s
  2245     -1.76735e+01      1.56050e+00      9.00000e+00    782s
  2248     -1.38272e+01      1.56050e+00      9.00000e+00    783s
  2251     -1.22805e+01      1.56050e+00      9.00000e+00    784s
  2255     -1.68322e+01      1.56050e+00      9.00000e+00    785s
  2258     -1.66573e+01      1.56050e+00      9.00000e+00    786s
  2261     -1.27137e+01      1.56050e+00      9.00000e+00    787s
  2264     -1.42957e+01      1.56050e+00      9.00000e+00    789s
  2267     -2.15117e+01      1.56050e+00      9.00000e+00    790s
  2270     -2.27752e+01      1.56050e+00      9.00000e+00    791s
  2273     -1.46463e+01      1.56050e+00      9.00000e+00    792s
  2276     -1.15975e+01      1.56050e+00      9.00000e+00    793s
  2279     -1.49415e+01      1.56050e+00      9.00000e+00    794s
  2282     -1.71115e+01      1.56050e+00      9.00000e+00    795s
  2285     -1.25915e+01      1.56050e+00      9.00000e+00    796s
  2288     -1.35572e+01      1.56050e+00      9.00000e+00    797s
  2291     -2.03077e+01      1.56050e+00      9.00000e+00    799s
  2294     -2.25560e+01      1.56050e+00      9.00000e+00    800s
  2297     -1.61298e+01      1.56050e+00      9.00000e+00    801s
  2300     -1.21595e+01      1.56050e+00      9.00000e+00    802s
  2303     -1.39050e+01      1.56050e+00      9.00000e+00    803s
  2306     -1.84793e+01      1.56050e+00      9.00000e+00    804s
  2309     -1.62030e+01      1.56050e+00      9.00000e+00    805s
  2312     -1.25505e+01      1.56050e+00      9.00000e+00    806s
  2315     -1.79118e+01      1.56050e+00      9.00000e+00    807s
  2319     -2.55340e+01      1.56050e+00      9.00000e+00    809s
  2322     -1.88663e+01      1.56050e+00      9.00000e+00    810s
  2325     -1.14667e+01      1.56050e+00      9.00000e+00    811s
  2329     -1.71827e+01      1.56050e+00      9.00000e+00    812s
  2332     -1.89235e+01      1.56050e+00      9.00000e+00    814s
  2335     -1.36107e+01      1.56050e+00      9.00000e+00    815s
  2338     -1.38878e+01      1.56050e+00      9.00000e+00    816s
  2341     -2.21350e+01      1.56050e+00      9.00000e+00    817s
  2344     -2.59458e+01      1.56050e+00      9.00000e+00    818s
  2347     -1.70435e+01      1.56050e+00      9.00000e+00    819s
  2350     -1.25895e+01      1.56050e+00      9.00000e+00    820s
  2353     -1.56367e+01      1.56050e+00      9.00000e+00    821s
  2356     -1.92188e+01      1.56050e+00      9.00000e+00    823s
  2359     -1.63090e+01      1.56050e+00      9.00000e+00    824s
  2362     -1.28245e+01      1.56050e+00      9.00000e+00    825s
  2365     -1.81752e+01      1.56050e+00      9.00000e+00    826s
  2368     -2.50807e+01      1.56050e+00      9.00000e+00    827s
  2371     -2.21717e+01      1.56050e+00      9.00000e+00    828s
  2374     -1.31022e+01      1.56050e+00      9.00000e+00    829s
  2377     -1.36557e+01      1.56050e+00      9.00000e+00    830s
  2380     -1.91920e+01      1.56050e+00      9.00000e+00    831s
  2383     -1.85078e+01      1.56050e+00      9.00000e+00    833s
  2386     -1.24062e+01      1.56050e+00      9.00000e+00    834s
  2389     -1.63042e+01      1.56050e+00      9.00000e+00    835s
  2392     -2.40700e+01      1.56050e+00      9.00000e+00    836s
  2395     -2.34438e+01      1.56050e+00      9.00000e+00    837s
  2398     -1.43438e+01      1.56050e+00      9.00000e+00    838s
  2401     -1.19802e+01      1.56050e+00      9.00000e+00    839s
  2404     -1.38178e+01      1.56050e+00      9.00000e+00    840s
  2408     -1.43402e+01      1.56050e+00      9.00000e+00    842s
  2411     -1.26062e+01      1.56050e+00      9.00000e+00    843s
  2414     -1.37942e+01      1.56050e+00      9.00000e+00    844s
  2417     -1.82383e+01      1.56050e+00      9.00000e+00    845s
  2420     -1.77383e+01      1.56050e+00      9.00000e+00    846s
  2423     -1.42227e+01      1.56050e+00      9.00000e+00    848s
  2426     -1.22455e+01      1.56050e+00      9.00000e+00    849s
  2429     -1.39670e+01      1.56050e+00      9.00000e+00    850s
  2432     -1.50245e+01      1.56050e+00      9.00000e+00    851s
  2435     -1.31695e+01      1.56050e+00      9.00000e+00    852s
  2438     -1.32688e+01      1.56050e+00      9.00000e+00    853s
  2441     -1.64670e+01      1.56050e+00      9.00000e+00    854s
  2444     -1.88550e+01      1.56050e+00      9.00000e+00    855s
  2447     -1.50520e+01      1.56050e+00      9.00000e+00    857s
  2450     -1.26210e+01      1.56050e+00      9.00000e+00    858s
  2453     -1.27625e+01      1.56050e+00      9.00000e+00    859s
  2456     -1.27000e+01      1.56050e+00      9.00000e+00    860s
  2458     -1.23260e+01      1.56050e+00      9.00000e+00    861s
  2461     -1.23050e+01      1.56050e+00      9.00000e+00    862s
  2464     -1.22435e+01      1.56050e+00      9.00000e+00    863s
  2467     -1.22103e+01      1.56050e+00      9.00000e+00    864s
  2470     -1.22647e+01      1.56050e+00      9.00000e+00    865s
  2473     -1.21762e+01      1.56050e+00      9.00000e+00    867s
  2476     -1.23773e+01      1.56050e+00      9.00000e+00    868s
  2479     -1.24800e+01      1.56050e+00      9.00000e+00    869s
  2482     -1.26895e+01      1.56050e+00      9.00000e+00    870s
  2485     -1.21140e+01      1.56050e+00      9.00000e+00    871s
  2488     -1.20838e+01      1.56050e+00      9.00000e+00    872s
  2491     -1.28697e+01      1.56050e+00      9.00000e+00    873s
  2494     -1.23745e+01      1.56050e+00      9.00000e+00    875s
  2497     -1.22022e+01      1.56050e+00      9.00000e+00    876s

==================================================
Summary of results QAOA
--------------------------------------------------
Avg of QAOA obj (BQO obj):    5.07
Avg of QAOA obj (penalty):    -3.51
Avg of constraint violation:  2.32

Avg of QAOA obj:              1.56
STD of QAOA obj:              2.87
Avg of QAOA obj (feasible):   5.73
STD of QAOA obj (feasible):   0.59

Gamma angles:                 0.26
Beta angles:                  3.59

Best QAOA obj:                9.00
Modified best QAOA obj:       9.00
Best QAOA obj (feasible):     9.00

QAOA total time:              876.61s
QAOA circuit depth:           17
==================================================

==================================================
Summary of results of 0-S6
--------------------------------------------------
Number of vertices:           6
Number of edges:              15

Vertex num in largest comp:   6
Edge num in largest comp:     15

Pre-processing running time:  0.00
Total solver time:            875.98
Running time:                 880.25

Upper bound:                  10.00
Objective value:              9.00

Partition 0:                  1, 3, 4, 5          
Partition 1:                  2                   
Partition 2:                                      
Partition 3:                  6                   
==================================================
