==================================================
Instance parameters
--------------------------------------------------
Number of vertices:           7
Number of edges:              18
Number of partitions:         3

Density (%):                  86
Name of instance:             seed1_band_pen_1.6
Is planar:                    False
==================================================

==================================================
Solver parameters
--------------------------------------------------
Method:                       QUBO
Peel:                         False
Decompose:                    False
Fold:                         False

QAOA Num Levels:              1
QAOA Scipy Optimizer:         brute
==================================================

  iter        avg-obj        best avg-obj       best-obj      time
     0     -1.31927e+01     -1.31927e+01      5.40000e+00      1s
     3     -1.32697e+01     -1.31408e+01      8.00000e+00      2s
     6     -1.28461e+01     -1.28461e+01      8.00000e+00      3s
    10     -1.32328e+01     -1.28461e+01      8.00000e+00      5s
    13     -1.34529e+01     -1.28461e+01      8.00000e+00      6s
    17     -1.25829e+01     -1.25829e+01      8.00000e+00      7s
    20     -1.31791e+01     -1.25829e+01      8.00000e+00      8s
    23     -1.29516e+01     -1.25829e+01      8.00000e+00      9s
    27     -1.32053e+01     -1.25829e+01      8.00000e+00     10s
    30     -1.31681e+01     -1.25829e+01      8.00000e+00     11s
    33     -1.33231e+01     -1.25829e+01      8.00000e+00     12s
    37     -1.34252e+01     -1.25829e+01      8.00000e+00     14s
    40     -1.29086e+01     -1.25829e+01      8.00000e+00     15s
    44     -1.25371e+01     -1.25371e+01      8.00000e+00     16s
    47     -1.29119e+01     -1.25371e+01      8.00000e+00     17s
    50     -1.30952e+01     -1.25371e+01      8.00000e+00     18s
    53     -4.04593e+00     -4.04593e+00      8.00000e+00     20s
    56     -8.43313e+00     -4.04593e+00      8.00000e+00     21s
    60     -1.47371e+01     -4.04593e+00      8.00000e+00     22s
    63     -1.27175e+01     -4.04593e+00      8.00000e+00     23s
    67     -2.18611e+01     -4.04593e+00      8.00000e+00     24s
    70     -2.84651e+01     -4.04593e+00      8.00000e+00     25s
    73     -2.11117e+01     -4.04593e+00      8.00000e+00     26s
    76     -6.39060e+00     -4.04593e+00      8.00000e+00     28s
    79     -5.07187e+00     -3.56220e+00      8.00000e+00     29s
    83     -1.36541e+01     -3.56220e+00      8.00000e+00     30s
    86     -1.40028e+01     -3.56220e+00      8.00000e+00     31s
    89     -1.46438e+01     -3.56220e+00      8.00000e+00     32s
    92     -2.38642e+01     -3.56220e+00      8.00000e+00     33s
    95     -2.94224e+01     -3.56220e+00      8.00000e+00     34s
    99     -1.33765e+01     -3.56220e+00      8.00000e+00     35s
   102     -4.30540e+00     -3.56220e+00      8.00000e+00     37s
   105     -7.82167e+00     -3.56220e+00      8.00000e+00     38s
   109     -1.63735e+01     -3.56220e+00      8.00000e+00     39s
   112     -1.33140e+01     -3.56220e+00      8.00000e+00     40s
   116     -2.32467e+01     -3.56220e+00      8.00000e+00     41s
   119     -3.50657e+01     -3.56220e+00      8.00000e+00     42s
   122     -2.93323e+01     -3.56220e+00      8.00000e+00     44s
   126     -5.59160e+00     -3.56220e+00      8.00000e+00     45s
   129     -6.42333e+00     -3.56220e+00      8.00000e+00     46s
   133     -1.57643e+01     -3.56220e+00      8.00000e+00     47s
   136     -1.34415e+01     -3.56220e+00      8.00000e+00     48s
   139     -1.70977e+01     -3.56220e+00      8.00000e+00     49s
   142     -3.18193e+01     -3.56220e+00      8.00000e+00     51s
   145     -3.64977e+01     -3.56220e+00      8.00000e+00     52s
   149     -1.29754e+01     -3.56220e+00      8.00000e+00     53s
   152     -7.80400e+00     -3.56220e+00      8.00000e+00     54s
   155     -1.05617e+01     -3.56220e+00      8.00000e+00     55s
   159     -1.32547e+01     -3.56220e+00      8.00000e+00     56s
   162     -1.26631e+01     -3.56220e+00      8.00000e+00     57s
   166     -2.35923e+01     -3.56220e+00      8.00000e+00     59s
   169     -3.19046e+01     -3.56220e+00      8.00000e+00     60s
   173     -1.97447e+01     -3.56220e+00      8.00000e+00     61s
   176     -9.21293e+00     -3.56220e+00      8.00000e+00     63s
   180     -1.14264e+01     -3.56220e+00      8.00000e+00     64s
   183     -1.40286e+01     -3.56220e+00      8.00000e+00     65s
   186     -1.24839e+01     -3.56220e+00      8.00000e+00     66s
   190     -2.09807e+01     -3.56220e+00      8.00000e+00     67s
   193     -3.11191e+01     -3.56220e+00      8.00000e+00     69s
   197     -2.26241e+01     -3.56220e+00      8.00000e+00     70s
   200     -1.29208e+01     -3.56220e+00      8.00000e+00     71s
   204     -1.16583e+01     -3.56220e+00      8.00000e+00     72s
   207     -1.24548e+01     -3.56220e+00      8.00000e+00     74s
   210     -1.15597e+01     -3.56220e+00      8.00000e+00     75s
   213     -1.42205e+01     -3.56220e+00      8.00000e+00     76s
   216     -2.24626e+01     -3.56220e+00      8.00000e+00     77s
   220     -2.40286e+01     -3.56220e+00      8.00000e+00     78s
   223     -1.66405e+01     -3.56220e+00      8.00000e+00     80s
   226     -1.09179e+01     -3.56220e+00      8.00000e+00     81s
   229     -1.18852e+01     -3.56220e+00      8.00000e+00     82s
   232     -1.21507e+01     -3.56220e+00      8.00000e+00     83s
   236     -1.23015e+01     -3.56220e+00      8.00000e+00     84s
   239     -1.85058e+01     -3.56220e+00      8.00000e+00     85s
   243     -2.55123e+01     -3.56220e+00      8.00000e+00     87s
   246     -2.01298e+01     -3.56220e+00      8.00000e+00     88s
   249     -1.31832e+01     -3.56220e+00      8.00000e+00     89s
   252     -1.22397e+01     -3.56220e+00      8.00000e+00     90s
   255     -1.32321e+01     -3.56220e+00      8.00000e+00     91s
   259     -1.14265e+01     -3.56220e+00      8.00000e+00     92s
   262     -1.23232e+01     -3.56220e+00      8.00000e+00     94s
   266     -2.11530e+01     -3.56220e+00      8.00000e+00     95s
   269     -2.31114e+01     -3.56220e+00      8.00000e+00     96s
   272     -1.75585e+01     -3.56220e+00      8.00000e+00     97s
   275     -1.33933e+01     -3.56220e+00      8.00000e+00     98s
   278     -1.23045e+01     -3.56220e+00      8.00000e+00     99s
   282     -1.30881e+01     -3.56220e+00      8.00000e+00    101s
   285     -1.17358e+01     -3.56220e+00      8.00000e+00    102s
   288     -1.55511e+01     -3.56220e+00      8.00000e+00    103s
   291     -2.19732e+01     -3.56220e+00      8.00000e+00    104s
   295     -2.03269e+01     -3.56220e+00      8.00000e+00    105s
   299     -1.32015e+01     -3.56220e+00      8.00000e+00    107s
   302     -1.17865e+01     -3.56220e+00      8.00000e+00    108s
   306     -1.41359e+01     -3.56220e+00      8.00000e+00    109s
   309     -1.30953e+01     -3.56220e+00      8.00000e+00    110s
   313     -1.39547e+01     -3.56220e+00      8.00000e+00    112s
   316     -1.87791e+01     -3.56220e+00      8.00000e+00    113s
   319     -2.14057e+01     -3.56220e+00      8.00000e+00    114s
   322     -1.74953e+01     -3.56220e+00      8.00000e+00    115s
   325     -1.28792e+01     -3.56220e+00      8.00000e+00    116s
   329     -1.33778e+01     -3.56220e+00      8.00000e+00    117s
   332     -1.43895e+01     -3.56220e+00      8.00000e+00    119s
   335     -1.26700e+01     -3.56220e+00      8.00000e+00    120s
   338     -1.45863e+01     -3.56220e+00      8.00000e+00    121s
   341     -1.89515e+01     -3.56220e+00      8.00000e+00    122s
   345     -2.00925e+01     -3.56220e+00      8.00000e+00    123s
   348     -1.44943e+01     -3.56220e+00      8.00000e+00    124s
   351     -1.20251e+01     -3.56220e+00      8.00000e+00    125s
   355     -1.49039e+01     -3.56220e+00      8.00000e+00    127s
   358     -1.60302e+01     -3.56220e+00      8.00000e+00    128s
   362     -1.31665e+01     -3.56220e+00      8.00000e+00    129s
   365     -1.44788e+01     -3.56220e+00      8.00000e+00    130s
   368     -1.78349e+01     -3.56220e+00      8.00000e+00    131s
   371     -1.74488e+01     -3.56220e+00      8.00000e+00    132s
   374     -1.34401e+01     -3.56220e+00      8.00000e+00    133s
   377     -1.30707e+01     -3.56220e+00      8.00000e+00    134s
   381     -1.57164e+01     -3.56220e+00      8.00000e+00    136s
   384     -1.41830e+01     -3.56220e+00      8.00000e+00    137s
   388     -1.34503e+01     -3.56220e+00      8.00000e+00    138s
   391     -1.64629e+01     -3.56220e+00      8.00000e+00    139s
   395     -1.73864e+01     -3.56220e+00      8.00000e+00    141s
   398     -1.42967e+01     -3.56220e+00      8.00000e+00    142s
   402     -1.27259e+01     -3.56220e+00      8.00000e+00    144s
   405     -1.60020e+01     -3.56220e+00      8.00000e+00    145s
   409     -1.66700e+01     -3.56220e+00      8.00000e+00    146s
   413     -1.25682e+01     -3.56220e+00      8.00000e+00    147s
   416     -1.30574e+01     -3.56220e+00      8.00000e+00    149s
   420     -1.60091e+01     -3.56220e+00      8.00000e+00    150s
   423     -1.44031e+01     -3.56220e+00      8.00000e+00    151s
   427     -1.31675e+01     -3.56220e+00      8.00000e+00    152s
   431     -1.70652e+01     -3.56220e+00      8.00000e+00    153s
   434     -1.62643e+01     -3.56220e+00      8.00000e+00    155s
   438     -1.16259e+01     -3.56220e+00      8.00000e+00    156s
   441     -1.32139e+01     -3.56220e+00      8.00000e+00    157s
   444     -1.60360e+01     -3.56220e+00      8.00000e+00    158s
   447     -1.43594e+01     -3.56220e+00      8.00000e+00    159s
   450     -1.30481e+01     -3.56220e+00      8.00000e+00    160s
   454     -1.35654e+01     -3.56220e+00      8.00000e+00    162s
   457     -1.72555e+01     -3.56220e+00      8.00000e+00    163s
   461     -1.50958e+01     -3.56220e+00      8.00000e+00    164s
   464     -1.12448e+01     -3.56220e+00      8.00000e+00    165s
   467     -1.19591e+01     -3.56220e+00      8.00000e+00    166s
   471     -1.52703e+01     -3.56220e+00      8.00000e+00    167s
   474     -1.36351e+01     -3.56220e+00      8.00000e+00    169s
   478     -1.34761e+01     -3.56220e+00      8.00000e+00    170s
   481     -1.68006e+01     -3.56220e+00      8.00000e+00    171s
   484     -1.74157e+01     -3.56220e+00      8.00000e+00    172s
   487     -1.28873e+01     -3.56220e+00      8.00000e+00    173s
   490     -1.14519e+01     -3.56220e+00      8.00000e+00    175s
   494     -1.45617e+01     -3.56220e+00      8.00000e+00    176s
   497     -1.47151e+01     -3.56220e+00      8.00000e+00    177s
   501     -1.25192e+01     -3.56220e+00      8.00000e+00    178s
   504     -1.32877e+01     -3.56220e+00      8.00000e+00    180s
   507     -1.59136e+01     -3.56220e+00      8.00000e+00    181s
   510     -1.62861e+01     -3.56220e+00      8.00000e+00    182s
   513     -1.13305e+01     -3.56220e+00      8.00000e+00    183s
   517     -1.22903e+01     -3.56220e+00      8.00000e+00    184s
   520     -1.40969e+01     -3.56220e+00      8.00000e+00    186s
   524     -1.37953e+01     -3.56220e+00      8.00000e+00    187s
   527     -1.25862e+01     -3.56220e+00      8.00000e+00    188s
   529     -1.29517e+01     -3.56220e+00      8.00000e+00    189s
   533     -1.71703e+01     -3.56220e+00      8.00000e+00    190s
   536     -1.41608e+01     -3.56220e+00      8.00000e+00    192s
   540     -1.11416e+01     -3.56220e+00      8.00000e+00    193s
   543     -1.39079e+01     -3.56220e+00      8.00000e+00    194s
   547     -1.54362e+01     -3.56220e+00      8.00000e+00    196s
   550     -1.32371e+01     -3.56220e+00      8.00000e+00    197s
   553     -1.28039e+01     -3.56220e+00      8.00000e+00    198s
   556     -1.47957e+01     -3.56220e+00      8.00000e+00    199s
   559     -1.54442e+01     -3.56220e+00      8.00000e+00    200s
   563     -1.22981e+01     -3.56220e+00      8.00000e+00    202s
   566     -1.13968e+01     -3.56220e+00      8.00000e+00    203s
   570     -1.42051e+01     -3.56220e+00      8.00000e+00    204s
   573     -1.42241e+01     -3.56220e+00      8.00000e+00    205s
   576     -1.24152e+01     -3.56220e+00      8.00000e+00    207s
   579     -1.41923e+01     -3.56220e+00      8.00000e+00    208s
   581     -1.53237e+01     -3.56220e+00      8.00000e+00    209s
   585     -1.51389e+01     -3.56220e+00      8.00000e+00    210s
   588     -1.20819e+01     -3.56220e+00      8.00000e+00    211s
   591     -1.19776e+01     -3.56220e+00      8.00000e+00    212s
   595     -1.44551e+01     -3.56220e+00      8.00000e+00    213s
   598     -1.38333e+01     -3.56220e+00      8.00000e+00    215s
   602     -1.36281e+01     -3.56220e+00      8.00000e+00    216s
   605     -1.41753e+01     -3.56220e+00      8.00000e+00    217s
   609     -1.54381e+01     -3.56220e+00      8.00000e+00    218s
   612     -1.38471e+01     -3.56220e+00      8.00000e+00    220s
   615     -1.13402e+01     -3.56220e+00      8.00000e+00    221s
   618     -1.19207e+01     -3.56220e+00      8.00000e+00    222s
   621     -1.25325e+01     -3.56220e+00      8.00000e+00    223s
   625     -1.30718e+01     -3.56220e+00      8.00000e+00    224s
   628     -1.41513e+01     -3.56220e+00      8.00000e+00    226s
   631     -1.49461e+01     -3.56220e+00      8.00000e+00    227s
   635     -1.40885e+01     -3.56220e+00      8.00000e+00    228s
   638     -1.24301e+01     -3.56220e+00      8.00000e+00    229s
   641     -1.11183e+01     -3.56220e+00      8.00000e+00    230s
   644     -1.24057e+01     -3.56220e+00      8.00000e+00    231s
   647     -1.19527e+01     -3.56220e+00      8.00000e+00    232s
   650     -1.32581e+01     -3.56220e+00      8.00000e+00    234s
   653     -1.42774e+01     -3.56220e+00      8.00000e+00    235s
   657     -1.56745e+01     -3.56220e+00      8.00000e+00    236s
   660     -1.41413e+01     -3.56220e+00      8.00000e+00    237s
   663     -1.20821e+01     -3.56220e+00      8.00000e+00    238s
   666     -1.14591e+01     -3.56220e+00      8.00000e+00    239s
   669     -1.11776e+01     -3.56220e+00      8.00000e+00    241s
   672     -1.26539e+01     -3.56220e+00      8.00000e+00    242s
   675     -1.27977e+01     -3.56220e+00      8.00000e+00    243s
   679     -1.46595e+01     -3.56220e+00      8.00000e+00    244s
   682     -1.54755e+01     -3.56220e+00      8.00000e+00    245s
   686     -1.36750e+01     -3.56220e+00      8.00000e+00    247s
   689     -1.20230e+01     -3.56220e+00      8.00000e+00    248s
   692     -1.11128e+01     -3.56220e+00      8.00000e+00    249s
   695     -1.11695e+01     -3.56220e+00      8.00000e+00    250s
   698     -1.29386e+01     -3.56220e+00      8.00000e+00    251s
   702     -1.38613e+01     -3.56220e+00      8.00000e+00    252s
   705     -1.46449e+01     -3.56220e+00      8.00000e+00    254s
   709     -1.44306e+01     -3.56220e+00      8.00000e+00    255s
   712     -1.32219e+01     -3.56220e+00      8.00000e+00    256s
   715     -1.20483e+01     -3.56220e+00      8.00000e+00    257s
   719     -1.12235e+01     -3.56220e+00      8.00000e+00    259s
   722     -1.24163e+01     -3.56220e+00      8.00000e+00    260s
   726     -1.37207e+01     -3.56220e+00      8.00000e+00    261s
   729     -1.41759e+01     -3.56220e+00      8.00000e+00    262s
   733     -1.48169e+01     -3.56220e+00      8.00000e+00    264s
   736     -1.32109e+01     -3.56220e+00      8.00000e+00    265s
   739     -1.23165e+01     -3.56220e+00      8.00000e+00    266s
   742     -1.15459e+01     -3.56220e+00      8.00000e+00    267s
   745     -1.21513e+01     -3.56220e+00      8.00000e+00    268s
   749     -1.36109e+01     -3.56220e+00      8.00000e+00    270s
   752     -1.36332e+01     -3.56220e+00      8.00000e+00    271s
   756     -1.38749e+01     -3.56220e+00      8.00000e+00    272s
   759     -1.40384e+01     -3.56220e+00      8.00000e+00    273s
   762     -1.29923e+01     -3.56220e+00      8.00000e+00    274s
   765     -1.25235e+01     -3.56220e+00      8.00000e+00    276s
   768     -1.14701e+01     -3.56220e+00      8.00000e+00    277s
   772     -1.30475e+01     -3.56220e+00      8.00000e+00    278s
   775     -1.28661e+01     -3.56220e+00      8.00000e+00    279s
   778     -1.38712e+01     -3.56220e+00      8.00000e+00    280s
   781     -1.44937e+01     -3.56220e+00      8.00000e+00    281s
   784     -1.35465e+01     -3.56220e+00      8.00000e+00    282s
   788     -1.31127e+01     -3.56220e+00      8.00000e+00    284s
   791     -1.18564e+01     -3.56220e+00      8.00000e+00    285s
   794     -1.20505e+01     -3.56220e+00      8.00000e+00    286s
   797     -1.29336e+01     -3.56220e+00      8.00000e+00    287s
   800     -1.32499e+01     -3.56220e+00      8.00000e+00    288s
   804     -1.35763e+01     -3.56220e+00      8.00000e+00    289s
   807     -1.40847e+01     -3.56220e+00      8.00000e+00    291s
   811     -1.35584e+01     -3.56220e+00      8.00000e+00    292s
   814     -1.27085e+01     -3.56220e+00      8.00000e+00    293s
   817     -1.23014e+01     -3.56220e+00      8.00000e+00    294s
   821     -1.26788e+01     -3.56220e+00      8.00000e+00    295s
   824     -1.32111e+01     -3.56220e+00      8.00000e+00    297s
   828     -1.39174e+01     -3.56220e+00      8.00000e+00    298s
   831     -1.38424e+01     -3.56220e+00      8.00000e+00    299s
   835     -1.28991e+01     -3.56220e+00      8.00000e+00    300s
   838     -1.32123e+01     -3.56220e+00      8.00000e+00    302s
   842     -1.26332e+01     -3.56220e+00      8.00000e+00    303s
   845     -1.24383e+01     -3.56220e+00      8.00000e+00    304s
   848     -1.30835e+01     -3.56220e+00      8.00000e+00    305s
   852     -1.31748e+01     -3.56220e+00      8.00000e+00    307s
   855     -1.36555e+01     -3.56220e+00      8.00000e+00    308s
   859     -1.40614e+01     -3.56220e+00      8.00000e+00    309s
   862     -1.36393e+01     -3.56220e+00      8.00000e+00    310s
   866     -1.26169e+01     -3.56220e+00      8.00000e+00    312s
   869     -1.27623e+01     -3.56220e+00      8.00000e+00    313s
   872     -1.28063e+01     -3.56220e+00      8.00000e+00    314s
   875     -1.36012e+01     -3.56220e+00      8.00000e+00    315s
   878     -1.37664e+01     -3.56220e+00      8.00000e+00    317s
   881     -1.37436e+01     -3.56220e+00      8.00000e+00    318s
   884     -1.35713e+01     -3.56220e+00      8.00000e+00    319s
   888     -1.25987e+01     -3.56220e+00      8.00000e+00    320s
   891     -1.24945e+01     -3.56220e+00      8.00000e+00    321s
   894     -1.28158e+01     -3.56220e+00      8.00000e+00    322s
   898     -1.31231e+01     -3.56220e+00      8.00000e+00    324s
   901     -1.33403e+01     -3.56220e+00      8.00000e+00    325s
   905     -1.32400e+01     -3.56220e+00      8.00000e+00    326s
   908     -1.36299e+01     -3.56220e+00      8.00000e+00    327s
   912     -1.29794e+01     -3.56220e+00      8.00000e+00    329s
   915     -1.31540e+01     -3.56220e+00      8.00000e+00    330s
   918     -1.35944e+01     -3.56220e+00      8.00000e+00    331s
   921     -1.32001e+01     -3.56220e+00      8.00000e+00    332s
   924     -1.30829e+01     -3.56220e+00      8.00000e+00    333s
   927     -1.33574e+01     -3.56220e+00      8.00000e+00    334s
   930     -1.32747e+01     -3.56220e+00      8.00000e+00    336s
   934     -1.33179e+01     -3.56220e+00      8.00000e+00    337s
   937     -1.29094e+01     -3.56220e+00      8.00000e+00    338s
   940     -1.32654e+01     -3.56220e+00      8.00000e+00    339s
   943     -1.32444e+01     -3.56220e+00      8.00000e+00    340s
   946     -1.32081e+01     -3.56220e+00      8.00000e+00    341s
   950     -1.32663e+01     -3.56220e+00      8.00000e+00    343s
   953     -1.29678e+01     -3.56220e+00      8.00000e+00    344s
   957     -1.33105e+01     -3.56220e+00      8.00000e+00    346s
   960     -1.24881e+01     -3.56220e+00      8.00000e+00    347s
   963     -1.32032e+01     -3.56220e+00      8.00000e+00    348s
   966     -1.29297e+01     -3.56220e+00      8.00000e+00    349s
   969     -1.31468e+01     -3.56220e+00      8.00000e+00    350s
   972     -1.32346e+01     -3.56220e+00      8.00000e+00    351s
   975     -1.31957e+01     -3.56220e+00      8.00000e+00    352s
   978     -1.26195e+01     -3.56220e+00      8.00000e+00    353s
   982     -1.31037e+01     -3.56220e+00      8.00000e+00    355s
   985     -1.33511e+01     -3.56220e+00      8.00000e+00    356s
   989     -1.25440e+01     -3.56220e+00      8.00000e+00    357s
   992     -1.29959e+01     -3.56220e+00      8.00000e+00    358s
   996     -1.27541e+01     -3.56220e+00      8.00000e+00    360s
   999     -1.31078e+01     -3.56220e+00      8.00000e+00    361s
  1002     -1.31962e+01     -3.56220e+00      8.00000e+00    362s
  1005     -1.32005e+01     -3.56220e+00      8.00000e+00    363s
  1008     -1.31867e+01     -3.56220e+00      8.00000e+00    364s
  1012     -1.35275e+01     -3.56220e+00      8.00000e+00    366s
  1015     -1.28531e+01     -3.56220e+00      8.00000e+00    367s
  1019     -1.27900e+01     -3.56220e+00      8.00000e+00    368s
  1022     -1.34695e+01     -3.56220e+00      8.00000e+00    369s
  1026     -1.35410e+01     -3.56220e+00      8.00000e+00    371s
  1029     -1.28985e+01     -3.56220e+00      8.00000e+00    372s
  1032     -1.30249e+01     -3.56220e+00      8.00000e+00    373s
  1036     -1.28223e+01     -3.56220e+00      8.00000e+00    374s
  1039     -1.30193e+01     -3.56220e+00      8.00000e+00    375s
  1043     -1.27311e+01     -3.56220e+00      8.00000e+00    377s
  1046     -1.35742e+01     -3.56220e+00      8.00000e+00    378s
  1050     -1.29987e+01     -3.56220e+00      8.00000e+00    379s
  1053     -1.34319e+01     -3.56220e+00      8.00000e+00    380s
  1056     -1.32667e+01     -3.56220e+00      8.00000e+00    382s
  1059     -1.30339e+01     -3.56220e+00      8.00000e+00    383s
  1062     -1.34077e+01     -3.56220e+00      8.00000e+00    384s
  1066     -1.29332e+01     -3.56220e+00      8.00000e+00    385s
  1069     -1.33095e+01     -3.56220e+00      8.00000e+00    386s
  1073     -1.33900e+01     -3.56220e+00      8.00000e+00    388s
  1076     -1.28844e+01     -3.56220e+00      8.00000e+00    389s
  1079     -1.33799e+01     -3.56220e+00      8.00000e+00    390s
  1082     -1.35053e+01     -3.56220e+00      8.00000e+00    391s
  1085     -1.26999e+01     -3.56220e+00      8.00000e+00    392s
  1089     -1.41973e+01     -3.56220e+00      8.00000e+00    394s
  1092     -1.27125e+01     -3.56220e+00      8.00000e+00    395s
  1096     -1.32689e+01     -3.56220e+00      8.00000e+00    396s
  1099     -1.30514e+01     -3.56220e+00      8.00000e+00    397s
  1102     -1.35833e+01     -3.56220e+00      8.00000e+00    398s
  1105     -1.24835e+01     -3.56220e+00      8.00000e+00    400s
  1108     -1.32051e+01     -3.56220e+00      8.00000e+00    401s
  1112     -1.24493e+01     -3.56220e+00      8.00000e+00    402s
  1114     -1.28628e+01     -3.56220e+00      8.00000e+00    403s
  1118     -1.26476e+01     -3.56220e+00      8.00000e+00    405s
  1121     -1.29387e+01     -3.56220e+00      8.00000e+00    406s
  1124     -1.25189e+01     -3.56220e+00      8.00000e+00    407s
  1127     -1.30769e+01     -3.56220e+00      8.00000e+00    408s
  1130     -1.26193e+01     -3.56220e+00      8.00000e+00    409s
  1134     -1.28511e+01     -3.56220e+00      8.00000e+00    410s
  1137     -1.29267e+01     -3.56220e+00      8.00000e+00    411s
  1140     -1.31714e+01     -3.56220e+00      8.00000e+00    413s
  1143     -1.23661e+01     -3.56220e+00      8.00000e+00    414s
  1146     -1.24595e+01     -3.56220e+00      8.00000e+00    415s
  1150     -1.37571e+01     -3.56220e+00      8.00000e+00    416s
  1153     -1.30980e+01     -3.56220e+00      8.00000e+00    418s
  1157     -1.18975e+01     -3.56220e+00      8.00000e+00    419s
  1160     -1.26219e+01     -3.56220e+00      8.00000e+00    420s
  1163     -1.27962e+01     -3.56220e+00      8.00000e+00    421s
  1166     -1.21590e+01     -3.56220e+00      8.00000e+00    422s
  1169     -1.25601e+01     -3.56220e+00      8.00000e+00    423s
  1173     -1.32881e+01     -3.56220e+00      8.00000e+00    425s
  1176     -1.23486e+01     -3.56220e+00      8.00000e+00    426s
  1180     -1.16971e+01     -3.56220e+00      8.00000e+00    427s
  1183     -1.28819e+01     -3.56220e+00      8.00000e+00    428s
  1186     -1.31224e+01     -3.56220e+00      8.00000e+00    429s
  1189     -1.31091e+01     -3.56220e+00      8.00000e+00    431s
  1192     -1.24725e+01     -3.56220e+00      8.00000e+00    432s
  1196     -1.29480e+01     -3.56220e+00      8.00000e+00    433s
  1199     -1.32414e+01     -3.56220e+00      8.00000e+00    434s
  1203     -1.28743e+01     -3.56220e+00      8.00000e+00    436s
  1206     -1.29114e+01     -3.56220e+00      8.00000e+00    437s
  1209     -1.24315e+01     -3.56220e+00      8.00000e+00    438s
  1212     -1.28362e+01     -3.56220e+00      8.00000e+00    439s
  1215     -1.30796e+01     -3.56220e+00      8.00000e+00    440s
  1219     -1.30213e+01     -3.56220e+00      8.00000e+00    441s
  1222     -1.36091e+01     -3.56220e+00      8.00000e+00    442s
  1226     -1.31739e+01     -3.56220e+00      8.00000e+00    444s
  1229     -1.21708e+01     -3.56220e+00      8.00000e+00    445s
  1232     -1.29048e+01     -3.56220e+00      8.00000e+00    446s
  1236     -1.32466e+01     -3.56220e+00      8.00000e+00    447s
  1239     -1.27310e+01     -3.56220e+00      8.00000e+00    448s
  1242     -1.32679e+01     -3.56220e+00      8.00000e+00    450s
  1245     -1.27656e+01     -3.56220e+00      8.00000e+00    451s
  1248     -1.27611e+01     -3.56220e+00      8.00000e+00    452s
  1252     -1.31089e+01     -3.56220e+00      8.00000e+00    453s
  1255     -1.29723e+01     -3.56220e+00      8.00000e+00    454s
  1259     -1.36163e+01     -3.56220e+00      8.00000e+00    456s
  1262     -1.32141e+01     -3.56220e+00      8.00000e+00    457s
  1266     -1.23593e+01     -3.56220e+00      8.00000e+00    458s
  1269     -1.22733e+01     -3.56220e+00      8.00000e+00    460s
  1273     -1.27183e+01     -3.56220e+00      8.00000e+00    461s
  1276     -1.30092e+01     -3.56220e+00      8.00000e+00    462s
  1279     -1.27010e+01     -3.56220e+00      8.00000e+00    463s
  1283     -1.30565e+01     -3.56220e+00      8.00000e+00    465s
  1286     -1.27839e+01     -3.56220e+00      8.00000e+00    466s
  1290     -1.29902e+01     -3.56220e+00      8.00000e+00    467s
  1293     -1.30033e+01     -3.56220e+00      8.00000e+00    469s
  1297     -1.31875e+01     -3.56220e+00      8.00000e+00    470s
  1300     -1.28160e+01     -3.56220e+00      8.00000e+00    471s
  1304     -1.35774e+01     -3.56220e+00      8.00000e+00    472s
  1307     -1.36055e+01     -3.56220e+00      8.00000e+00    474s
  1311     -1.34619e+01     -3.56220e+00      8.00000e+00    475s
  1314     -1.29603e+01     -3.56220e+00      8.00000e+00    476s
  1317     -1.31194e+01     -3.56220e+00      8.00000e+00    477s
  1320     -1.33437e+01     -3.56220e+00      8.00000e+00    478s
  1323     -1.34307e+01     -3.56220e+00      8.00000e+00    479s
  1327     -1.27501e+01     -3.56220e+00      8.00000e+00    481s
  1330     -1.32995e+01     -3.56220e+00      8.00000e+00    482s
  1333     -1.31507e+01     -3.56220e+00      8.00000e+00    483s
  1336     -1.32227e+01     -3.56220e+00      8.00000e+00    484s
  1339     -1.32177e+01     -3.56220e+00      8.00000e+00    486s
  1343     -1.38140e+01     -3.56220e+00      8.00000e+00    487s
  1346     -1.31127e+01     -3.56220e+00      8.00000e+00    488s
  1350     -1.33177e+01     -3.56220e+00      8.00000e+00    489s
  1353     -1.30629e+01     -3.56220e+00      8.00000e+00    491s
  1357     -1.35731e+01     -3.56220e+00      8.00000e+00    492s
  1360     -1.27457e+01     -3.56220e+00      8.00000e+00    493s
  1364     -1.28203e+01     -3.56220e+00      8.00000e+00    495s
  1367     -1.31223e+01     -3.56220e+00      8.00000e+00    496s
  1371     -1.28799e+01     -3.56220e+00      8.00000e+00    497s
  1374     -1.30418e+01     -3.56220e+00      8.00000e+00    498s
  1377     -1.31739e+01     -3.56220e+00      8.00000e+00    499s
  1381     -1.30795e+01     -3.56220e+00      8.00000e+00    501s
  1384     -1.32941e+01     -3.56220e+00      8.00000e+00    502s
  1388     -1.25931e+01     -3.56220e+00      8.00000e+00    503s
  1391     -1.33287e+01     -3.56220e+00      8.00000e+00    504s
  1394     -1.30971e+01     -3.56220e+00      8.00000e+00    505s
  1397     -1.32284e+01     -3.56220e+00      8.00000e+00    506s
  1400     -1.30455e+01     -3.56220e+00      8.00000e+00    508s
  1404     -1.25177e+01     -3.56220e+00      8.00000e+00    509s
  1407     -1.27495e+01     -3.56220e+00      8.00000e+00    510s
  1411     -1.35630e+01     -3.56220e+00      8.00000e+00    512s
  1414     -1.28196e+01     -3.56220e+00      8.00000e+00    513s
  1418     -1.35329e+01     -3.56220e+00      8.00000e+00    514s
  1421     -1.37031e+01     -3.56220e+00      8.00000e+00    515s
  1424     -1.28295e+01     -3.56220e+00      8.00000e+00    516s
  1428     -1.30087e+01     -3.56220e+00      8.00000e+00    518s
  1431     -1.35061e+01     -3.56220e+00      8.00000e+00    519s
  1435     -1.28619e+01     -3.56220e+00      8.00000e+00    520s
  1438     -1.35431e+01     -3.56220e+00      8.00000e+00    521s
  1441     -1.32233e+01     -3.56220e+00      8.00000e+00    522s
  1444     -1.34131e+01     -3.56220e+00      8.00000e+00    523s
  1447     -1.31525e+01     -3.56220e+00      8.00000e+00    525s
  1451     -1.33911e+01     -3.56220e+00      8.00000e+00    526s
  1454     -1.33201e+01     -3.56220e+00      8.00000e+00    527s
  1458     -1.32317e+01     -3.56220e+00      8.00000e+00    529s
  1461     -1.33258e+01     -3.56220e+00      8.00000e+00    530s
  1464     -1.34443e+01     -3.56220e+00      8.00000e+00    531s
  1468     -1.31052e+01     -3.56220e+00      8.00000e+00    532s
  1471     -1.32561e+01     -3.56220e+00      8.00000e+00    533s
  1475     -1.34963e+01     -3.56220e+00      8.00000e+00    535s
  1478     -1.28685e+01     -3.56220e+00      8.00000e+00    536s
  1482     -1.33557e+01     -3.56220e+00      8.00000e+00    537s
  1485     -1.32352e+01     -3.56220e+00      8.00000e+00    539s
  1489     -1.31101e+01     -3.56220e+00      8.00000e+00    540s
  1492     -1.34186e+01     -3.56220e+00      8.00000e+00    541s
  1496     -1.33545e+01     -3.56220e+00      8.00000e+00    542s
  1499     -1.34113e+01     -3.56220e+00      8.00000e+00    544s
  1502     -1.25271e+01     -3.56220e+00      8.00000e+00    545s
  1506     -1.32069e+01     -3.56220e+00      8.00000e+00    546s
  1509     -1.31275e+01     -3.56220e+00      8.00000e+00    547s
  1513     -1.30939e+01     -3.56220e+00      8.00000e+00    549s
  1516     -1.27874e+01     -3.56220e+00      8.00000e+00    550s
  1520     -1.32765e+01     -3.56220e+00      8.00000e+00    551s
  1523     -1.28619e+01     -3.56220e+00      8.00000e+00    552s
  1526     -1.27983e+01     -3.56220e+00      8.00000e+00    553s
  1529     -1.30633e+01     -3.56220e+00      8.00000e+00    554s
  1532     -1.30465e+01     -3.56220e+00      8.00000e+00    556s
  1536     -1.28859e+01     -3.56220e+00      8.00000e+00    557s
  1539     -1.29549e+01     -3.56220e+00      8.00000e+00    558s
  1542     -1.30299e+01     -3.56220e+00      8.00000e+00    559s
  1545     -1.28209e+01     -3.56220e+00      8.00000e+00    561s
  1548     -1.32233e+01     -3.56220e+00      8.00000e+00    562s
  1551     -1.28065e+01     -3.56220e+00      8.00000e+00    563s
  1553     -1.33051e+01     -3.56220e+00      8.00000e+00    564s
  1557     -1.29431e+01     -3.56220e+00      8.00000e+00    565s
  1560     -1.32443e+01     -3.56220e+00      8.00000e+00    566s
  1564     -1.33926e+01     -3.56220e+00      8.00000e+00    568s
  1567     -1.26275e+01     -3.56220e+00      8.00000e+00    569s
  1570     -1.32941e+01     -3.56220e+00      8.00000e+00    570s
  1574     -1.31409e+01     -3.56220e+00      8.00000e+00    571s
  1577     -1.26327e+01     -3.56220e+00      8.00000e+00    572s
  1581     -1.30464e+01     -3.56220e+00      8.00000e+00    574s
  1584     -1.36726e+01     -3.56220e+00      8.00000e+00    575s
  1588     -1.35467e+01     -3.56220e+00      8.00000e+00    577s
  1591     -1.24542e+01     -3.56220e+00      8.00000e+00    578s
  1594     -1.29533e+01     -3.56220e+00      8.00000e+00    579s
  1597     -1.31573e+01     -3.56220e+00      8.00000e+00    580s
  1600     -1.30825e+01     -3.56220e+00      8.00000e+00    581s
  1604     -1.32176e+01     -3.56220e+00      8.00000e+00    583s
  1607     -1.36620e+01     -3.56220e+00      8.00000e+00    584s
  1611     -1.29465e+01     -3.56220e+00      8.00000e+00    585s
  1614     -1.32918e+01     -3.56220e+00      8.00000e+00    586s
  1618     -1.34501e+01     -3.56220e+00      8.00000e+00    587s
  1621     -1.26625e+01     -3.56220e+00      8.00000e+00    589s
  1624     -1.35923e+01     -3.56220e+00      8.00000e+00    590s
  1628     -1.38923e+01     -3.56220e+00      8.00000e+00    591s
  1631     -1.32719e+01     -3.56220e+00      8.00000e+00    592s
  1635     -1.33155e+01     -3.56220e+00      8.00000e+00    594s
  1638     -1.26379e+01     -3.56220e+00      8.00000e+00    595s
  1642     -1.23501e+01     -3.56220e+00      8.00000e+00    596s
  1645     -1.34558e+01     -3.56220e+00      8.00000e+00    597s
  1648     -1.30628e+01     -3.56220e+00      8.00000e+00    598s
  1651     -1.34990e+01     -3.56220e+00      8.00000e+00    600s
  1654     -1.38120e+01     -3.56220e+00      8.00000e+00    601s
  1658     -1.30067e+01     -3.56220e+00      8.00000e+00    602s
  1661     -1.31134e+01     -3.56220e+00      8.00000e+00    603s
  1665     -1.27347e+01     -3.56220e+00      8.00000e+00    605s
  1668     -1.27595e+01     -3.56220e+00      8.00000e+00    606s
  1672     -1.28255e+01     -3.56220e+00      8.00000e+00    607s
  1675     -1.28169e+01     -3.56220e+00      8.00000e+00    608s
  1678     -1.38877e+01     -3.56220e+00      8.00000e+00    609s
  1682     -1.33491e+01     -3.56220e+00      8.00000e+00    611s
  1685     -1.33809e+01     -3.56220e+00      8.00000e+00    612s
  1689     -1.31112e+01     -3.56220e+00      8.00000e+00    613s
  1692     -1.23152e+01     -3.56220e+00      8.00000e+00    614s
  1695     -1.27473e+01     -3.56220e+00      8.00000e+00    615s
  1698     -1.33375e+01     -3.56220e+00      8.00000e+00    616s
  1701     -1.32317e+01     -3.56220e+00      8.00000e+00    618s
  1705     -1.26764e+01     -3.56220e+00      8.00000e+00    619s
  1708     -1.37349e+01     -3.56220e+00      8.00000e+00    620s
  1712     -1.29944e+01     -3.56220e+00      8.00000e+00    621s
  1715     -1.29625e+01     -3.56220e+00      8.00000e+00    622s
  1718     -1.29001e+01     -3.56220e+00      8.00000e+00    624s
  1722     -1.33652e+01     -3.56220e+00      8.00000e+00    625s
  1725     -1.30497e+01     -3.56220e+00      8.00000e+00    626s
  1729     -1.31298e+01     -3.56220e+00      8.00000e+00    628s
  1732     -1.33643e+01     -3.56220e+00      8.00000e+00    629s
  1736     -1.32679e+01     -3.56220e+00      8.00000e+00    630s
  1739     -1.30929e+01     -3.56220e+00      8.00000e+00    631s
  1743     -1.27974e+01     -3.56220e+00      8.00000e+00    632s
  1746     -1.26885e+01     -3.56220e+00      8.00000e+00    634s
  1749     -1.32685e+01     -3.56220e+00      8.00000e+00    635s
  1753     -1.24967e+01     -3.56220e+00      8.00000e+00    636s
  1756     -1.28003e+01     -3.56220e+00      8.00000e+00    637s
  1760     -1.42426e+01     -3.56220e+00      8.00000e+00    639s
  1763     -1.34031e+01     -3.56220e+00      8.00000e+00    640s
  1767     -1.31479e+01     -3.56220e+00      8.00000e+00    641s
  1770     -1.43805e+01     -3.56220e+00      8.00000e+00    642s
  1773     -1.38831e+01     -3.56220e+00      8.00000e+00    644s
  1777     -1.27504e+01     -3.56220e+00      8.00000e+00    645s
  1780     -1.28410e+01     -3.56220e+00      8.00000e+00    646s
  1784     -1.30219e+01     -3.56220e+00      8.00000e+00    647s
  1787     -1.29926e+01     -3.56220e+00      8.00000e+00    649s
  1791     -1.38376e+01     -3.56220e+00      8.00000e+00    650s
  1794     -1.37557e+01     -3.56220e+00      8.00000e+00    651s
  1798     -1.32715e+01     -3.56220e+00      8.00000e+00    652s
  1801     -1.23447e+01     -3.56220e+00      8.00000e+00    654s
  1804     -1.17887e+01     -3.56220e+00      8.00000e+00    655s
  1807     -1.22989e+01     -3.56220e+00      8.00000e+00    656s
  1810     -1.31737e+01     -3.56220e+00      8.00000e+00    657s
  1814     -1.35349e+01     -3.56220e+00      8.00000e+00    658s
  1817     -1.36347e+01     -3.56220e+00      8.00000e+00    660s
  1820     -1.46611e+01     -3.56220e+00      8.00000e+00    661s
  1823     -1.43829e+01     -3.56220e+00      8.00000e+00    662s
  1826     -1.21403e+01     -3.56220e+00      8.00000e+00    663s
  1830     -1.26307e+01     -3.56220e+00      8.00000e+00    664s
  1833     -1.25889e+01     -3.56220e+00      8.00000e+00    665s
  1837     -1.30665e+01     -3.56220e+00      8.00000e+00    666s
  1840     -1.37989e+01     -3.56220e+00      8.00000e+00    668s
  1843     -1.44930e+01     -3.56220e+00      8.00000e+00    669s
  1847     -1.42422e+01     -3.56220e+00      8.00000e+00    670s
  1850     -1.33163e+01     -3.56220e+00      8.00000e+00    671s
  1854     -1.23550e+01     -3.56220e+00      8.00000e+00    672s
  1857     -1.27134e+01     -3.56220e+00      8.00000e+00    674s
  1861     -1.28255e+01     -3.56220e+00      8.00000e+00    675s
  1864     -1.39806e+01     -3.56220e+00      8.00000e+00    676s
  1867     -1.33181e+01     -3.56220e+00      8.00000e+00    677s
  1870     -1.38475e+01     -3.56220e+00      8.00000e+00    679s
  1873     -1.35110e+01     -3.56220e+00      8.00000e+00    680s
  1877     -1.30831e+01     -3.56220e+00      8.00000e+00    681s
  1880     -1.20601e+01     -3.56220e+00      8.00000e+00    682s
  1884     -1.29431e+01     -3.56220e+00      8.00000e+00    684s
  1887     -1.30814e+01     -3.56220e+00      8.00000e+00    685s
  1890     -1.32667e+01     -3.56220e+00      8.00000e+00    686s
  1893     -1.36989e+01     -3.56220e+00      8.00000e+00    687s
  1896     -1.36696e+01     -3.56220e+00      8.00000e+00    688s
  1900     -1.28647e+01     -3.56220e+00      8.00000e+00    690s
  1903     -1.41445e+01     -3.56220e+00      8.00000e+00    691s
  1907     -1.33028e+01     -3.56220e+00      8.00000e+00    692s
  1910     -1.26943e+01     -3.56220e+00      8.00000e+00    693s
  1913     -1.39600e+01     -3.56220e+00      8.00000e+00    694s
  1917     -1.38368e+01     -3.56220e+00      8.00000e+00    696s
  1920     -1.27822e+01     -3.56220e+00      8.00000e+00    697s
  1924     -1.27555e+01     -3.56220e+00      8.00000e+00    698s
  1927     -1.42427e+01     -3.56220e+00      8.00000e+00    699s
  1930     -1.38615e+01     -3.56220e+00      8.00000e+00    700s
  1934     -1.25423e+01     -3.56220e+00      8.00000e+00    702s
  1936     -1.28827e+01     -3.56220e+00      8.00000e+00    703s
  1940     -1.41465e+01     -3.56220e+00      8.00000e+00    704s
  1943     -1.33553e+01     -3.56220e+00      8.00000e+00    705s
  1947     -1.25483e+01     -3.56220e+00      8.00000e+00    707s
  1950     -1.28523e+01     -3.56220e+00      8.00000e+00    708s
  1953     -1.59435e+01     -3.56220e+00      8.00000e+00    709s
  1957     -1.48596e+01     -3.56220e+00      8.00000e+00    710s
  1960     -1.23101e+01     -3.56220e+00      8.00000e+00    712s
  1964     -1.45727e+01     -3.56220e+00      8.00000e+00    713s
  1967     -1.50521e+01     -3.56220e+00      8.00000e+00    714s
  1971     -1.19550e+01     -3.56220e+00      8.00000e+00    716s
  1974     -1.25710e+01     -3.56220e+00      8.00000e+00    717s
  1978     -1.60652e+01     -3.56220e+00      8.00000e+00    718s
  1981     -1.44339e+01     -3.56220e+00      8.00000e+00    719s
  1984     -1.30976e+01     -3.56220e+00      8.00000e+00    720s
  1987     -1.35709e+01     -3.56220e+00      8.00000e+00    722s
  1990     -1.50209e+01     -3.56220e+00      8.00000e+00    723s
  1994     -1.30266e+01     -3.56220e+00      8.00000e+00    724s
  1997     -1.20973e+01     -3.56220e+00      8.00000e+00    726s
  2001     -1.36167e+01     -3.56220e+00      8.00000e+00    727s
  2004     -1.45828e+01     -3.56220e+00      8.00000e+00    728s
  2008     -1.37769e+01     -3.56220e+00      8.00000e+00    729s
  2011     -1.31742e+01     -3.56220e+00      8.00000e+00    731s
  2015     -1.49831e+01     -3.56220e+00      8.00000e+00    732s
  2018     -1.52102e+01     -3.56220e+00      8.00000e+00    733s
  2021     -1.36283e+01     -3.56220e+00      8.00000e+00    734s
  2025     -1.31601e+01     -3.56220e+00      8.00000e+00    736s
  2028     -1.41489e+01     -3.56220e+00      8.00000e+00    737s
  2032     -1.38035e+01     -3.56220e+00      8.00000e+00    738s
  2035     -1.33972e+01     -3.56220e+00      8.00000e+00    739s
  2038     -1.37674e+01     -3.56220e+00      8.00000e+00    740s
  2041     -1.49068e+01     -3.56220e+00      8.00000e+00    741s
  2044     -1.48495e+01     -3.56220e+00      8.00000e+00    743s
  2048     -1.30536e+01     -3.56220e+00      8.00000e+00    744s
  2051     -1.28809e+01     -3.56220e+00      8.00000e+00    745s
  2054     -1.25300e+01     -3.56220e+00      8.00000e+00    746s
  2057     -1.43773e+01     -3.56220e+00      8.00000e+00    747s
  2060     -1.36637e+01     -3.56220e+00      8.00000e+00    748s
  2064     -1.30102e+01     -3.56220e+00      8.00000e+00    749s
  2067     -1.58348e+01     -3.56220e+00      8.00000e+00    751s
  2070     -1.59397e+01     -3.56220e+00      8.00000e+00    752s
  2073     -1.42116e+01     -3.56220e+00      8.00000e+00    753s
  2076     -1.20555e+01     -3.56220e+00      8.00000e+00    754s
  2080     -1.39083e+01     -3.56220e+00      8.00000e+00    755s
  2083     -1.41118e+01     -3.56220e+00      8.00000e+00    757s
  2087     -1.31420e+01     -3.56220e+00      8.00000e+00    758s
  2090     -1.44057e+01     -3.56220e+00      8.00000e+00    759s
  2093     -1.57951e+01     -3.56220e+00      8.00000e+00    760s
  2097     -1.48703e+01     -3.56220e+00      8.00000e+00    762s
  2100     -1.32232e+01     -3.56220e+00      8.00000e+00    763s
  2104     -1.46403e+01     -3.56220e+00      8.00000e+00    764s
  2107     -1.55175e+01     -3.56220e+00      8.00000e+00    765s
  2111     -1.36089e+01     -3.56220e+00      8.00000e+00    767s
  2114     -1.36966e+01     -3.56220e+00      8.00000e+00    768s
  2118     -1.71957e+01     -3.56220e+00      8.00000e+00    769s
  2121     -1.63328e+01     -3.56220e+00      8.00000e+00    770s
  2124     -1.29377e+01     -3.56220e+00      8.00000e+00    772s
  2127     -1.27864e+01     -3.56220e+00      8.00000e+00    773s
  2130     -1.54090e+01     -3.56220e+00      8.00000e+00    774s
  2134     -1.50233e+01     -3.56220e+00      8.00000e+00    775s
  2137     -1.27419e+01     -3.56220e+00      8.00000e+00    776s
  2140     -1.48796e+01     -3.56220e+00      8.00000e+00    777s
  2144     -1.73959e+01     -3.56220e+00      8.00000e+00    779s
  2147     -1.49485e+01     -3.56220e+00      8.00000e+00    780s
  2151     -1.37176e+01     -3.56220e+00      8.00000e+00    781s
  2154     -1.61360e+01     -3.56220e+00      8.00000e+00    782s
  2158     -1.71516e+01     -3.56220e+00      8.00000e+00    784s
  2161     -1.32748e+01     -3.56220e+00      8.00000e+00    785s
  2165     -1.49012e+01     -3.56220e+00      8.00000e+00    786s
  2168     -1.94387e+01     -3.56220e+00      8.00000e+00    787s
  2171     -1.72278e+01     -3.56220e+00      8.00000e+00    788s
  2175     -1.27834e+01     -3.56220e+00      8.00000e+00    790s
  2178     -1.59687e+01     -3.56220e+00      8.00000e+00    791s
  2182     -1.77247e+01     -3.56220e+00      8.00000e+00    792s
  2185     -1.41082e+01     -3.56220e+00      8.00000e+00    793s
  2189     -1.49195e+01     -3.56220e+00      8.00000e+00    795s
  2192     -1.86565e+01     -3.56220e+00      8.00000e+00    796s
  2195     -1.82782e+01     -3.56220e+00      8.00000e+00    797s
  2199     -1.28430e+01     -3.56220e+00      8.00000e+00    798s
  2202     -1.35589e+01     -3.56220e+00      8.00000e+00    800s
  2206     -1.77119e+01     -3.56220e+00      8.00000e+00    801s
  2209     -1.56233e+01     -3.56220e+00      8.00000e+00    802s
  2213     -1.39099e+01     -3.56220e+00      8.00000e+00    803s
  2216     -1.91941e+01     -3.56220e+00      8.00000e+00    804s
  2219     -2.26784e+01     -3.56220e+00      8.00000e+00    805s
  2223     -1.50258e+01     -3.56220e+00      8.00000e+00    807s
  2226     -1.32549e+01     -3.56220e+00      8.00000e+00    808s
  2230     -1.78607e+01     -3.56220e+00      8.00000e+00    809s
  2233     -1.63545e+01     -3.56220e+00      8.00000e+00    810s
  2237     -1.30555e+01     -3.56220e+00      8.00000e+00    812s
  2240     -1.83574e+01     -3.56220e+00      8.00000e+00    813s
  2243     -2.27634e+01     -3.56220e+00      8.00000e+00    814s
  2246     -1.86224e+01     -3.56220e+00      8.00000e+00    815s
  2249     -1.30457e+01     -3.56220e+00      8.00000e+00    816s
  2253     -1.26865e+01     -3.56220e+00      8.00000e+00    818s
  2256     -1.53545e+01     -3.56220e+00      8.00000e+00    819s
  2260     -1.29960e+01     -3.56220e+00      8.00000e+00    820s
  2263     -1.37531e+01     -3.56220e+00      8.00000e+00    821s
  2266     -2.04637e+01     -3.56220e+00      8.00000e+00    822s
  2270     -2.40661e+01     -3.56220e+00      8.00000e+00    823s
  2273     -1.62871e+01     -3.56220e+00      8.00000e+00    825s
  2277     -1.24634e+01     -3.56220e+00      8.00000e+00    826s
  2280     -1.52871e+01     -3.56220e+00      8.00000e+00    827s
  2283     -1.45964e+01     -3.56220e+00      8.00000e+00    828s
  2287     -1.31283e+01     -3.56220e+00      8.00000e+00    829s
  2290     -1.96366e+01     -3.56220e+00      8.00000e+00    831s
  2294     -2.37969e+01     -3.56220e+00      8.00000e+00    832s
  2297     -1.68337e+01     -3.56220e+00      8.00000e+00    833s
  2301     -1.23245e+01     -3.56220e+00      8.00000e+00    834s
  2304     -1.25235e+01     -3.56220e+00      8.00000e+00    836s
  2308     -1.29965e+01     -3.56220e+00      8.00000e+00    837s
  2311     -1.20641e+01     -3.56220e+00      8.00000e+00    838s
  2314     -1.55184e+01     -3.56220e+00      8.00000e+00    839s
  2317     -2.00929e+01     -3.56220e+00      8.00000e+00    840s
  2320     -2.04615e+01     -3.56220e+00      8.00000e+00    842s
  2324     -1.37000e+01     -3.56220e+00      8.00000e+00    843s
  2327     -1.16395e+01     -3.56220e+00      8.00000e+00    844s
  2331     -1.29879e+01     -3.56220e+00      8.00000e+00    845s
  2334     -1.18547e+01     -3.56220e+00      8.00000e+00    847s
  2337     -1.35963e+01     -3.56220e+00      8.00000e+00    848s
  2340     -1.77847e+01     -3.56220e+00      8.00000e+00    849s
  2343     -2.12152e+01     -3.56220e+00      8.00000e+00    850s
  2347     -1.62665e+01     -3.56220e+00      8.00000e+00    852s
  2350     -1.31014e+01     -3.56220e+00      8.00000e+00    853s
  2354     -1.60009e+01     -3.56220e+00      8.00000e+00    854s
  2357     -1.53681e+01     -3.56220e+00      8.00000e+00    855s
  2361     -1.27123e+01     -3.56220e+00      8.00000e+00    857s
  2364     -1.47565e+01     -3.56220e+00      8.00000e+00    858s
  2367     -1.68223e+01     -3.56220e+00      8.00000e+00    859s
  2371     -1.44571e+01     -3.56220e+00      8.00000e+00    860s
  2374     -1.30423e+01     -3.56220e+00      8.00000e+00    861s
  2378     -1.60254e+01     -3.56220e+00      8.00000e+00    863s
  2381     -1.56375e+01     -3.56220e+00      8.00000e+00    864s
  2385     -1.27891e+01     -3.56220e+00      8.00000e+00    865s
  2388     -1.43728e+01     -3.56220e+00      8.00000e+00    866s
  2391     -1.63566e+01     -3.56220e+00      8.00000e+00    867s
  2395     -1.43738e+01     -3.56220e+00      8.00000e+00    869s
  2398     -1.27100e+01     -3.56220e+00      8.00000e+00    870s
  2402     -1.77534e+01     -3.56220e+00      8.00000e+00    871s
  2405     -2.34549e+01     -3.56220e+00      8.00000e+00    873s
  2408     -2.00261e+01     -3.56220e+00      8.00000e+00    874s
  2411     -1.37784e+01     -3.56220e+00      8.00000e+00    875s
  2414     -1.39297e+01     -3.56220e+00      8.00000e+00    876s
  2417     -1.67945e+01     -3.56220e+00      8.00000e+00    877s
  2419     -1.64769e+01     -3.56220e+00      8.00000e+00    878s
  2423     -1.23238e+01     -3.56220e+00      8.00000e+00    879s
  2426     -1.65838e+01     -3.56220e+00      8.00000e+00    881s
  2430     -2.29699e+01     -3.56220e+00      8.00000e+00    882s
  2433     -1.88845e+01     -3.56220e+00      8.00000e+00    883s
  2436     -1.31779e+01     -3.56220e+00      8.00000e+00    884s
  2440     -1.59927e+01     -3.56220e+00      8.00000e+00    885s
  2443     -1.60497e+01     -3.56220e+00      8.00000e+00    887s
  2447     -1.21614e+01     -3.56220e+00      8.00000e+00    888s
  2450     -1.34253e+01     -3.56220e+00      8.00000e+00    889s
  2453     -2.00156e+01     -3.56220e+00      8.00000e+00    890s
  2457     -2.35621e+01     -3.56220e+00      8.00000e+00    891s
  2460     -1.70435e+01     -3.56220e+00      8.00000e+00    893s
  2464     -1.37958e+01     -3.56220e+00      8.00000e+00    894s
  2467     -1.78765e+01     -3.56220e+00      8.00000e+00    895s
  2471     -1.54774e+01     -3.56220e+00      8.00000e+00    896s
  2474     -1.28484e+01     -3.56220e+00      8.00000e+00    897s
  2477     -1.86461e+01     -3.56220e+00      8.00000e+00    899s
  2481     -2.46657e+01     -3.56220e+00      8.00000e+00    900s
  2484     -1.82896e+01     -3.56220e+00      8.00000e+00    901s
  2487     -1.29473e+01     -3.56220e+00      8.00000e+00    902s
  2490     -1.56677e+01     -3.56220e+00      8.00000e+00    903s
  2493     -1.85945e+01     -3.56220e+00      8.00000e+00    904s
  2496     -1.45897e+01     -3.56220e+00      8.00000e+00    905s
  2499     -1.27109e+01     -3.56220e+00      8.00000e+00    907s

==================================================
Summary of results QAOA
--------------------------------------------------
Avg of QAOA obj (BQO obj):    2.47
Avg of QAOA obj (penalty):    -6.03
Avg of constraint violation:  2.45

Avg of QAOA obj:              -3.56
STD of QAOA obj:              2.71
Avg of QAOA obj (feasible):   3.99
STD of QAOA obj (feasible):   0.65

Gamma angles:                 0.13
Beta angles:                  3.59

Best QAOA obj:                8.00
Modified best QAOA obj:       8.00
Best QAOA obj (feasible):     8.00

QAOA total time:              906.81s
QAOA circuit depth:           16
==================================================

==================================================
Summary of results of 0-S7
--------------------------------------------------
Number of vertices:           7
Number of edges:              18

Vertex num in largest comp:   7
Edge num in largest comp:     18

Pre-processing running time:  0.00
Total solver time:            906.81
Running time:                 910.65

Upper bound:                  11.00
Objective value:              8.00

Partition 0:                  1, 4, 5, 7          
Partition 1:                  2                   
Partition 2:                  3, 6                
==================================================
