==================================================
Instance parameters
--------------------------------------------------
Number of vertices:           7
Number of edges:              18
Number of partitions:         3

Density (%):                  86
Name of instance:             seed1_band_pen_2.0
Is planar:                    False
==================================================

==================================================
Solver parameters
--------------------------------------------------
Method:                       QUBO
Peel:                         False
Decompose:                    False
Fold:                         False

QAOA Num Levels:              1
QAOA Scipy Optimizer:         brute
==================================================

  iter        avg-obj        best avg-obj       best-obj      time
     0     -1.60857e+01     -1.60857e+01      4.33333e+00      1s
     3     -1.65323e+01     -1.60857e+01      5.00000e+00      2s
     7     -1.70460e+01     -1.60857e+01      5.00000e+00      4s
    10     -1.74950e+01     -1.60857e+01      8.00000e+00      5s
    14     -1.66857e+01     -1.60857e+01      8.00000e+00      6s
    17     -1.65877e+01     -1.60857e+01      8.00000e+00      7s
    20     -1.65323e+01     -1.60857e+01      8.00000e+00      8s
    24     -1.66977e+01     -1.60857e+01      8.00000e+00      9s
    27     -1.67293e+01     -1.60857e+01      8.00000e+00     11s
    31     -1.67223e+01     -1.60857e+01      8.00000e+00     12s
    34     -1.70450e+01     -1.60857e+01      8.00000e+00     13s
    37     -1.69343e+01     -1.60857e+01      8.00000e+00     14s
    41     -1.73767e+01     -1.60857e+01      8.00000e+00     15s
    44     -1.71150e+01     -1.60857e+01      8.00000e+00     16s
    47     -1.71867e+01     -1.60857e+01      8.00000e+00     18s
    50     -1.67487e+01     -1.60857e+01      8.00000e+00     19s
    53     -4.61500e+00     -4.61500e+00      8.00000e+00     20s
    57     -1.59367e+01     -4.61500e+00      8.00000e+00     21s
    60     -1.87100e+01     -4.61500e+00      8.00000e+00     22s
    63     -1.65043e+01     -4.61500e+00      8.00000e+00     23s
    66     -2.40517e+01     -4.61500e+00      8.00000e+00     24s
    69     -3.75680e+01     -4.61500e+00      8.00000e+00     26s
    73     -2.66140e+01     -4.61500e+00      8.00000e+00     27s
    76     -8.24600e+00     -4.61500e+00      8.00000e+00     28s
    79     -6.54833e+00     -4.61500e+00      8.00000e+00     29s
    82     -1.68967e+01     -4.61500e+00      8.00000e+00     30s
    85     -1.88190e+01     -4.61500e+00      8.00000e+00     31s
    89     -1.82810e+01     -4.61500e+00      8.00000e+00     33s
    92     -3.23120e+01     -4.61500e+00      8.00000e+00     34s
    96     -3.56390e+01     -4.61500e+00      8.00000e+00     35s
    99     -1.69310e+01     -4.61500e+00      8.00000e+00     36s
   102     -8.04033e+00     -4.61500e+00      8.00000e+00     37s
   106     -1.58633e+01     -4.61500e+00      8.00000e+00     39s
   109     -2.03463e+01     -4.61500e+00      8.00000e+00     40s
   113     -1.69267e+01     -4.61500e+00      8.00000e+00     41s
   116     -2.91193e+01     -4.61500e+00      8.00000e+00     42s
   119     -4.32607e+01     -4.61500e+00      8.00000e+00     43s
   123     -2.79487e+01     -4.61500e+00      8.00000e+00     44s
   126     -9.73033e+00     -4.61500e+00      8.00000e+00     46s
   129     -1.01313e+01     -4.61500e+00      8.00000e+00     47s
   132     -1.94337e+01     -4.61500e+00      8.00000e+00     48s
   135     -1.84360e+01     -4.61500e+00      8.00000e+00     49s
   139     -2.10463e+01     -4.61500e+00      8.00000e+00     50s
   142     -3.77070e+01     -4.61500e+00      8.00000e+00     51s
   146     -3.76907e+01     -4.61500e+00      8.00000e+00     53s
   149     -1.69707e+01     -4.61500e+00      8.00000e+00     54s
   152     -1.29460e+01     -4.61500e+00      8.00000e+00     55s
   155     -1.41647e+01     -4.61500e+00      8.00000e+00     56s
   158     -1.68067e+01     -4.61500e+00      8.00000e+00     57s
   162     -1.56677e+01     -4.61500e+00      8.00000e+00     58s
   165     -2.32383e+01     -4.61500e+00      8.00000e+00     59s
   168     -3.29573e+01     -4.61500e+00      8.00000e+00     60s
   172     -2.59920e+01     -4.61500e+00      8.00000e+00     62s
   175     -1.48343e+01     -4.61500e+00      8.00000e+00     63s
   178     -1.31823e+01     -4.61500e+00      8.00000e+00     64s
   181     -1.60300e+01     -4.61500e+00      8.00000e+00     65s
   184     -1.64267e+01     -4.61500e+00      8.00000e+00     66s
   188     -1.96167e+01     -4.61500e+00      8.00000e+00     67s
   191     -3.02177e+01     -4.61500e+00      8.00000e+00     68s
   195     -3.17503e+01     -4.61500e+00      8.00000e+00     70s
   198     -1.95993e+01     -4.61500e+00      8.00000e+00     71s
   202     -1.49237e+01     -4.61500e+00      8.00000e+00     72s
   205     -1.58933e+01     -4.61500e+00      8.00000e+00     73s
   208     -1.67437e+01     -4.61500e+00      8.00000e+00     74s
   212     -1.56753e+01     -4.61500e+00      8.00000e+00     76s
   215     -2.32353e+01     -4.61500e+00      8.00000e+00     77s
   218     -3.01957e+01     -4.61500e+00      8.00000e+00     78s
   221     -2.69973e+01     -4.61500e+00      8.00000e+00     79s
   224     -1.75243e+01     -4.61500e+00      8.00000e+00     80s
   228     -1.50800e+01     -4.61500e+00      8.00000e+00     82s
   231     -1.71480e+01     -4.61500e+00      8.00000e+00     83s
   235     -1.55377e+01     -4.61500e+00      8.00000e+00     84s
   238     -1.94050e+01     -4.61500e+00      8.00000e+00     85s
   241     -2.75507e+01     -4.61500e+00      8.00000e+00     86s
   245     -2.79327e+01     -4.61500e+00      8.00000e+00     88s
   249     -1.69517e+01     -4.61500e+00      8.00000e+00     89s
   252     -1.46830e+01     -4.61500e+00      8.00000e+00     90s
   255     -1.86813e+01     -4.61500e+00      8.00000e+00     91s
   259     -1.84450e+01     -4.61500e+00      8.00000e+00     93s
   262     -1.63043e+01     -4.61500e+00      8.00000e+00     94s
   265     -2.08040e+01     -4.61500e+00      8.00000e+00     95s
   268     -2.72003e+01     -4.61500e+00      8.00000e+00     97s
   272     -2.26403e+01     -4.61500e+00      8.00000e+00     98s
   275     -1.57993e+01     -4.61500e+00      8.00000e+00     99s
   278     -1.69320e+01     -4.61500e+00      8.00000e+00    100s
   282     -1.93557e+01     -4.61500e+00      8.00000e+00    102s
   285     -1.68513e+01     -4.61500e+00      8.00000e+00    103s
   289     -1.99967e+01     -4.61500e+00      8.00000e+00    104s
   292     -2.62963e+01     -4.61500e+00      8.00000e+00    106s
   296     -2.45157e+01     -4.61500e+00      8.00000e+00    107s
   299     -1.60300e+01     -4.61500e+00      8.00000e+00    108s
   303     -1.78880e+01     -4.61500e+00      8.00000e+00    109s
   306     -2.29487e+01     -4.61500e+00      8.00000e+00    110s
   309     -2.26353e+01     -4.61500e+00      8.00000e+00    112s
   312     -1.69127e+01     -4.61500e+00      8.00000e+00    113s
   315     -1.70657e+01     -4.61500e+00      8.00000e+00    114s
   319     -2.24837e+01     -4.61500e+00      8.00000e+00    115s
   322     -2.03460e+01     -4.61500e+00      8.00000e+00    117s
   326     -1.64037e+01     -4.61500e+00      8.00000e+00    118s
   329     -2.12607e+01     -4.61500e+00      8.00000e+00    119s
   333     -2.35470e+01     -4.61500e+00      8.00000e+00    120s
   336     -1.75763e+01     -4.61500e+00      8.00000e+00    122s
   339     -1.60870e+01     -4.61500e+00      8.00000e+00    123s
   343     -2.31503e+01     -4.61500e+00      8.00000e+00    124s
   346     -2.15903e+01     -4.61500e+00      8.00000e+00    125s
   350     -1.64193e+01     -4.61500e+00      8.00000e+00    127s
   352     -1.60360e+01     -4.61500e+00      8.00000e+00    128s
   355     -2.28837e+01     -4.61500e+00      8.00000e+00    129s
   359     -2.41640e+01     -4.61500e+00      8.00000e+00    130s
   362     -1.70953e+01     -4.61500e+00      8.00000e+00    131s
   365     -1.39223e+01     -4.61500e+00      8.00000e+00    132s
   368     -1.87570e+01     -4.61500e+00      8.00000e+00    133s
   371     -2.07493e+01     -4.61500e+00      8.00000e+00    134s
   374     -1.74510e+01     -4.61500e+00      8.00000e+00    135s
   377     -1.71480e+01     -4.61500e+00      8.00000e+00    137s
   381     -2.52293e+01     -4.61500e+00      8.00000e+00    138s
   384     -2.35813e+01     -4.61500e+00      8.00000e+00    139s
   387     -1.55850e+01     -4.61500e+00      8.00000e+00    140s
   390     -1.41300e+01     -4.61500e+00      8.00000e+00    141s
   393     -1.91593e+01     -4.61500e+00      8.00000e+00    142s
   397     -1.96550e+01     -4.61500e+00      8.00000e+00    144s
   400     -1.67263e+01     -4.61500e+00      8.00000e+00    145s
   403     -1.55483e+01     -4.61500e+00      8.00000e+00    146s
   406     -2.26213e+01     -4.61500e+00      8.00000e+00    147s
   409     -2.41910e+01     -4.61500e+00      8.00000e+00    149s
   412     -1.79673e+01     -4.61500e+00      8.00000e+00    150s
   415     -1.21580e+01     -4.61500e+00      8.00000e+00    151s
   419     -1.90833e+01     -4.61500e+00      8.00000e+00    152s
   422     -2.10603e+01     -4.61500e+00      8.00000e+00    154s
   426     -1.50533e+01     -4.61500e+00      8.00000e+00    155s
   429     -1.86603e+01     -4.61500e+00      8.00000e+00    156s
   432     -2.52410e+01     -4.61500e+00      8.00000e+00    157s
   436     -1.89183e+01     -4.61500e+00      8.00000e+00    159s
   439     -1.21557e+01     -4.61500e+00      8.00000e+00    160s
   442     -1.55360e+01     -4.61500e+00      8.00000e+00    161s
   445     -2.10660e+01     -4.61500e+00      8.00000e+00    162s
   448     -1.84617e+01     -4.61500e+00      8.00000e+00    163s
   452     -1.60227e+01     -4.61500e+00      8.00000e+00    164s
   455     -2.14527e+01     -4.61500e+00      8.00000e+00    166s
   458     -2.40903e+01     -4.61500e+00      8.00000e+00    167s
   461     -2.00860e+01     -4.61500e+00      8.00000e+00    168s
   464     -1.32187e+01     -4.61500e+00      8.00000e+00    169s
   467     -1.35487e+01     -4.61500e+00      8.00000e+00    170s
   470     -1.79880e+01     -4.61500e+00      8.00000e+00    171s
   474     -1.78260e+01     -4.61500e+00      8.00000e+00    173s
   477     -1.60883e+01     -4.61500e+00      8.00000e+00    174s
   481     -2.25920e+01     -4.61500e+00      8.00000e+00    175s
   484     -2.37363e+01     -4.61500e+00      8.00000e+00    177s
   487     -1.58827e+01     -4.61500e+00      8.00000e+00    178s
   490     -1.19690e+01     -4.61500e+00      8.00000e+00    179s
   493     -1.63913e+01     -4.61500e+00      8.00000e+00    180s
   496     -1.92440e+01     -4.61500e+00      8.00000e+00    181s
   499     -1.72157e+01     -4.61500e+00      8.00000e+00    183s
   503     -1.96573e+01     -4.61500e+00      8.00000e+00    184s
   506     -2.21197e+01     -4.61500e+00      8.00000e+00    185s
   510     -2.05033e+01     -4.61500e+00      8.00000e+00    186s
   513     -1.51170e+01     -4.61500e+00      8.00000e+00    188s
   517     -1.28950e+01     -4.61500e+00      8.00000e+00    189s
   521     -1.54300e+01     -4.61500e+00      8.00000e+00    190s
   524     -1.65220e+01     -4.61500e+00      8.00000e+00    191s
   527     -1.91127e+01     -4.61500e+00      8.00000e+00    192s
   529     -2.10727e+01     -4.61500e+00      8.00000e+00    193s
   532     -2.40020e+01     -4.61500e+00      8.00000e+00    194s
   535     -1.98057e+01     -4.61500e+00      8.00000e+00    196s
   538     -1.44330e+01     -4.61500e+00      8.00000e+00    197s
   542     -1.29117e+01     -4.61500e+00      8.00000e+00    198s
   545     -1.46873e+01     -4.61500e+00      8.00000e+00    200s
   549     -1.71357e+01     -4.61500e+00      8.00000e+00    201s
   552     -1.84487e+01     -4.61500e+00      8.00000e+00    202s
   556     -2.10387e+01     -4.61500e+00      8.00000e+00    203s
   559     -2.13113e+01     -4.61500e+00      8.00000e+00    205s
   562     -1.70753e+01     -4.61500e+00      8.00000e+00    206s
   565     -1.26707e+01     -4.61500e+00      8.00000e+00    207s
   568     -1.30500e+01     -4.61500e+00      8.00000e+00    208s
   571     -1.49380e+01     -4.61500e+00      8.00000e+00    209s
   574     -1.60627e+01     -4.61500e+00      8.00000e+00    211s
   578     -1.94223e+01     -4.61500e+00      8.00000e+00    212s
   581     -2.23450e+01     -4.61500e+00      8.00000e+00    213s
   584     -2.09167e+01     -4.61500e+00      8.00000e+00    214s
   588     -1.49753e+01     -4.61500e+00      8.00000e+00    215s
   591     -1.27307e+01     -4.61500e+00      8.00000e+00    217s
   595     -1.42543e+01     -4.61500e+00      8.00000e+00    218s
   598     -1.64580e+01     -4.61500e+00      8.00000e+00    219s
   602     -1.72147e+01     -4.61500e+00      8.00000e+00    221s
   605     -1.93490e+01     -4.61500e+00      8.00000e+00    222s
   609     -2.00887e+01     -4.61500e+00      8.00000e+00    223s
   612     -1.67760e+01     -4.61500e+00      8.00000e+00    224s
   614     -1.45150e+01     -4.61500e+00      8.00000e+00    225s
   618     -1.42687e+01     -4.61500e+00      8.00000e+00    227s
   621     -1.50147e+01     -4.61500e+00      8.00000e+00    228s
   624     -1.64800e+01     -4.61500e+00      8.00000e+00    229s
   627     -1.82680e+01     -4.61500e+00      8.00000e+00    230s
   630     -2.06000e+01     -4.61500e+00      8.00000e+00    231s
   634     -1.92380e+01     -4.61500e+00      8.00000e+00    232s
   637     -1.64363e+01     -4.61500e+00      8.00000e+00    234s
   641     -1.37470e+01     -4.61500e+00      8.00000e+00    235s
   644     -1.44367e+01     -4.61500e+00      8.00000e+00    236s
   647     -1.55363e+01     -4.61500e+00      8.00000e+00    237s
   650     -1.76977e+01     -4.61500e+00      8.00000e+00    239s
   653     -1.82073e+01     -4.61500e+00      8.00000e+00    240s
   657     -1.94940e+01     -4.61500e+00      8.00000e+00    241s
   660     -1.89597e+01     -4.61500e+00      8.00000e+00    242s
   663     -1.57963e+01     -4.61500e+00      8.00000e+00    243s
   666     -1.48117e+01     -4.61500e+00      8.00000e+00    244s
   669     -1.48767e+01     -4.61500e+00      8.00000e+00    246s
   672     -1.53613e+01     -4.61500e+00      8.00000e+00    247s
   675     -1.70120e+01     -4.61500e+00      8.00000e+00    248s
   679     -1.91067e+01     -4.61500e+00      8.00000e+00    249s
   682     -1.88577e+01     -4.61500e+00      8.00000e+00    250s
   685     -1.83513e+01     -4.61500e+00      8.00000e+00    251s
   688     -1.63867e+01     -4.61500e+00      8.00000e+00    252s
   691     -1.43407e+01     -4.61500e+00      8.00000e+00    254s
   695     -1.52710e+01     -4.61500e+00      8.00000e+00    255s
   698     -1.59230e+01     -4.61500e+00      8.00000e+00    256s
   702     -1.78027e+01     -4.61500e+00      8.00000e+00    257s
   705     -1.85580e+01     -4.61500e+00      8.00000e+00    259s
   709     -1.87823e+01     -4.61500e+00      8.00000e+00    260s
   712     -1.54400e+01     -4.61500e+00      8.00000e+00    261s
   715     -1.57940e+01     -4.61500e+00      8.00000e+00    262s
   718     -1.55530e+01     -4.61500e+00      8.00000e+00    264s
   721     -1.62023e+01     -4.61500e+00      8.00000e+00    265s
   724     -1.62253e+01     -4.61500e+00      8.00000e+00    266s
   727     -1.76097e+01     -4.61500e+00      8.00000e+00    267s
   730     -1.85247e+01     -4.61500e+00      8.00000e+00    268s
   734     -1.74100e+01     -4.61500e+00      8.00000e+00    269s
   737     -1.69190e+01     -4.61500e+00      8.00000e+00    271s
   741     -1.48917e+01     -4.61500e+00      8.00000e+00    272s
   744     -1.55267e+01     -4.61500e+00      8.00000e+00    273s
   747     -1.60283e+01     -4.61500e+00      8.00000e+00    274s
   750     -1.63703e+01     -4.61500e+00      8.00000e+00    275s
   753     -1.68137e+01     -4.61500e+00      8.00000e+00    276s
   757     -1.77427e+01     -4.61500e+00      8.00000e+00    278s
   760     -1.65823e+01     -4.61500e+00      8.00000e+00    279s
   764     -1.60443e+01     -4.61500e+00      8.00000e+00    280s
   767     -1.60153e+01     -4.61500e+00      8.00000e+00    281s
   770     -1.59883e+01     -4.61500e+00      8.00000e+00    283s
   773     -1.65823e+01     -4.61500e+00      8.00000e+00    284s
   776     -1.73903e+01     -4.61500e+00      8.00000e+00    285s
   780     -1.73650e+01     -4.61500e+00      8.00000e+00    286s
   783     -1.74070e+01     -4.61500e+00      8.00000e+00    287s
   787     -1.67400e+01     -4.61500e+00      8.00000e+00    289s
   790     -1.53293e+01     -4.61500e+00      8.00000e+00    290s
   793     -1.63330e+01     -4.61500e+00      8.00000e+00    291s
   797     -1.64697e+01     -4.61500e+00      8.00000e+00    292s
   799     -1.68147e+01     -4.61500e+00      8.00000e+00    293s
   803     -1.62857e+01     -4.61500e+00      8.00000e+00    295s
   806     -1.69907e+01     -4.61500e+00      8.00000e+00    296s
   809     -1.66283e+01     -4.61500e+00      8.00000e+00    297s
   812     -1.68860e+01     -4.61500e+00      8.00000e+00    298s
   815     -1.61117e+01     -4.61500e+00      8.00000e+00    299s
   819     -1.69680e+01     -4.61500e+00      8.00000e+00    301s
   822     -1.69333e+01     -4.61500e+00      8.00000e+00    302s
   826     -1.67860e+01     -4.61500e+00      8.00000e+00    303s
   829     -1.63707e+01     -4.61500e+00      8.00000e+00    304s
   832     -1.65930e+01     -4.61500e+00      8.00000e+00    305s
   836     -1.70603e+01     -4.61500e+00      8.00000e+00    307s
   839     -1.62887e+01     -4.61500e+00      8.00000e+00    308s
   843     -1.60920e+01     -4.61500e+00      8.00000e+00    309s
   846     -1.65560e+01     -4.61500e+00      8.00000e+00    311s
   849     -1.65940e+01     -4.61500e+00      8.00000e+00    312s
   852     -1.64213e+01     -4.61500e+00      8.00000e+00    313s
   855     -1.68997e+01     -4.61500e+00      8.00000e+00    314s
   859     -1.65623e+01     -4.61500e+00      8.00000e+00    316s
   862     -1.66763e+01     -4.61500e+00      8.00000e+00    317s
   865     -1.60307e+01     -4.61500e+00      8.00000e+00    318s
   868     -1.67270e+01     -4.61500e+00      8.00000e+00    319s
   871     -1.68560e+01     -4.61500e+00      8.00000e+00    320s
   875     -1.64297e+01     -4.61500e+00      8.00000e+00    321s
   877     -1.65020e+01     -4.61500e+00      8.00000e+00    322s
   880     -1.62067e+01     -4.61500e+00      8.00000e+00    324s
   883     -1.71743e+01     -4.61500e+00      8.00000e+00    325s
   886     -1.72240e+01     -4.61500e+00      8.00000e+00    326s
   889     -1.60940e+01     -4.61500e+00      8.00000e+00    327s
   892     -1.65233e+01     -4.61500e+00      8.00000e+00    329s
   896     -1.70967e+01     -4.61500e+00      8.00000e+00    330s
   899     -1.70347e+01     -4.61500e+00      8.00000e+00    331s
   902     -1.62220e+01     -4.61500e+00      8.00000e+00    332s
   905     -1.65987e+01     -4.61500e+00      8.00000e+00    333s
   908     -1.68883e+01     -4.61500e+00      8.00000e+00    335s
   911     -1.64100e+01     -4.61500e+00      8.00000e+00    336s
   914     -1.63730e+01     -4.61500e+00      8.00000e+00    337s
   917     -1.72753e+01     -4.61500e+00      8.00000e+00    338s
   920     -1.64440e+01     -4.61500e+00      8.00000e+00    339s
   923     -1.70823e+01     -4.61500e+00      8.00000e+00    340s
   926     -1.65507e+01     -4.61500e+00      8.00000e+00    341s
   929     -1.66767e+01     -4.61500e+00      8.00000e+00    343s
   933     -1.68620e+01     -4.61500e+00      8.00000e+00    344s
   936     -1.65867e+01     -4.61500e+00      8.00000e+00    345s
   939     -1.71217e+01     -4.61500e+00      8.00000e+00    346s
   942     -1.62770e+01     -4.61500e+00      8.00000e+00    348s
   945     -1.62283e+01     -4.61500e+00      8.00000e+00    349s
   949     -1.72557e+01     -4.61500e+00      8.00000e+00    350s
   952     -1.68577e+01     -4.61500e+00      8.00000e+00    351s
   955     -1.57420e+01     -4.61500e+00      8.00000e+00    353s
   958     -1.67587e+01     -4.61500e+00      8.00000e+00    354s
   961     -1.69013e+01     -4.61500e+00      8.00000e+00    355s
   965     -1.66483e+01     -4.61500e+00      8.00000e+00    356s
   968     -1.65200e+01     -4.61500e+00      8.00000e+00    357s
   971     -1.62323e+01     -4.61500e+00      8.00000e+00    359s
   974     -1.58497e+01     -4.61500e+00      8.00000e+00    360s
   977     -1.65623e+01     -4.61500e+00      8.00000e+00    361s
   980     -1.64497e+01     -4.61500e+00      8.00000e+00    362s
   983     -1.65700e+01     -4.61500e+00      8.00000e+00    363s
   987     -1.68863e+01     -4.61500e+00      8.00000e+00    364s
   990     -1.65640e+01     -4.61500e+00      8.00000e+00    366s
   993     -1.57530e+01     -4.61500e+00      8.00000e+00    367s
   997     -1.65817e+01     -4.61500e+00      8.00000e+00    368s
  1000     -1.60887e+01     -4.61500e+00      8.00000e+00    369s
  1004     -1.65457e+01     -4.61500e+00      8.00000e+00    371s
  1007     -1.68303e+01     -4.61500e+00      8.00000e+00    372s
  1011     -1.67817e+01     -4.61500e+00      8.00000e+00    373s
  1013     -1.73347e+01     -4.61500e+00      8.00000e+00    375s
  1016     -1.66657e+01     -4.61500e+00      8.00000e+00    376s
  1019     -1.60040e+01     -4.61500e+00      8.00000e+00    377s
  1021     -1.67327e+01     -4.61500e+00      8.00000e+00    378s
  1025     -1.69647e+01     -4.61500e+00      8.00000e+00    379s
  1028     -1.67190e+01     -4.61500e+00      8.00000e+00    380s
  1032     -1.65060e+01     -4.61500e+00      8.00000e+00    382s
  1035     -1.68680e+01     -4.61500e+00      8.00000e+00    383s
  1038     -1.64237e+01     -4.61500e+00      8.00000e+00    384s
  1041     -1.66557e+01     -4.61500e+00      8.00000e+00    386s
  1044     -1.60833e+01     -4.61500e+00      8.00000e+00    387s
  1048     -1.70450e+01     -4.61500e+00      8.00000e+00    388s
  1051     -1.68170e+01     -4.61500e+00      8.00000e+00    389s
  1054     -1.68540e+01     -4.61500e+00      8.00000e+00    390s
  1056     -1.68050e+01     -4.61500e+00      8.00000e+00    392s
  1059     -1.65120e+01     -4.61500e+00      8.00000e+00    393s
  1062     -1.67677e+01     -4.61500e+00      8.00000e+00    394s
  1065     -1.69917e+01     -4.61500e+00      8.00000e+00    395s
  1069     -1.64450e+01     -4.61500e+00      8.00000e+00    396s
  1072     -1.72037e+01     -4.61500e+00      8.00000e+00    398s
  1075     -1.68713e+01     -4.61500e+00      8.00000e+00    399s
  1078     -1.64343e+01     -4.61500e+00      8.00000e+00    400s
  1081     -1.68603e+01     -4.61500e+00      8.00000e+00    401s
  1084     -1.70253e+01     -4.61500e+00      8.00000e+00    402s
  1087     -1.71177e+01     -4.61500e+00      8.00000e+00    404s
  1091     -1.64897e+01     -4.61500e+00      8.00000e+00    405s
  1094     -1.67453e+01     -4.61500e+00      8.00000e+00    406s
  1097     -1.69760e+01     -4.61500e+00      8.00000e+00    407s
  1100     -1.69867e+01     -4.61500e+00      8.00000e+00    409s
  1103     -1.67093e+01     -4.61500e+00      8.00000e+00    410s
  1106     -1.62887e+01     -4.61500e+00      8.00000e+00    411s
  1109     -1.74007e+01     -4.61500e+00      8.00000e+00    412s
  1113     -1.71067e+01     -4.61500e+00      8.00000e+00    413s
  1116     -1.66650e+01     -4.61500e+00      8.00000e+00    414s
  1119     -1.64760e+01     -4.61500e+00      8.00000e+00    416s
  1122     -1.67390e+01     -4.61500e+00      8.00000e+00    417s
  1125     -1.62473e+01     -4.61500e+00      8.00000e+00    418s
  1129     -1.64430e+01     -4.61500e+00      8.00000e+00    419s
  1132     -1.61153e+01     -4.61500e+00      8.00000e+00    421s
  1135     -1.69360e+01     -4.61500e+00      8.00000e+00    422s
  1138     -1.65777e+01     -4.61500e+00      8.00000e+00    423s
  1141     -1.62363e+01     -4.61500e+00      8.00000e+00    424s
  1144     -1.67150e+01     -4.61500e+00      8.00000e+00    425s
  1147     -1.64973e+01     -4.61500e+00      8.00000e+00    427s
  1150     -1.61813e+01     -4.61500e+00      8.00000e+00    428s
  1153     -1.65710e+01     -4.61500e+00      8.00000e+00    429s
  1156     -1.70293e+01     -4.61500e+00      8.00000e+00    430s
  1160     -1.66903e+01     -4.61500e+00      8.00000e+00    431s
  1162     -1.67517e+01     -4.61500e+00      8.00000e+00    432s
  1165     -1.64233e+01     -4.61500e+00      8.00000e+00    434s
  1168     -1.70473e+01     -4.61500e+00      8.00000e+00    435s
  1171     -1.60023e+01     -4.61500e+00      8.00000e+00    436s
  1174     -1.59523e+01     -4.61500e+00      8.00000e+00    437s
  1176     -1.63353e+01     -4.61500e+00      8.00000e+00    438s
  1179     -1.66320e+01     -4.61500e+00      8.00000e+00    439s
  1182     -1.65017e+01     -4.61500e+00      8.00000e+00    441s
  1185     -1.62390e+01     -4.61500e+00      8.00000e+00    442s
  1188     -1.64520e+01     -4.61500e+00      8.00000e+00    443s
  1190     -1.70193e+01     -4.61500e+00      8.00000e+00    444s
  1194     -1.69910e+01     -4.61500e+00      8.00000e+00    445s
  1197     -1.69527e+01     -4.61500e+00      8.00000e+00    446s
  1200     -1.66320e+01     -4.61500e+00      8.00000e+00    448s
  1204     -1.61683e+01     -4.61500e+00      8.00000e+00    449s
  1207     -1.62403e+01     -4.61500e+00      8.00000e+00    450s
  1210     -1.60333e+01     -4.61500e+00      8.00000e+00    451s
  1213     -1.66893e+01     -4.61500e+00      8.00000e+00    452s
  1216     -1.65410e+01     -4.61500e+00      8.00000e+00    454s
  1220     -1.67110e+01     -4.61500e+00      8.00000e+00    455s
  1223     -1.63363e+01     -4.61500e+00      8.00000e+00    456s
  1227     -1.63740e+01     -4.61500e+00      8.00000e+00    458s
  1230     -1.61103e+01     -4.61500e+00      8.00000e+00    459s
  1233     -1.66263e+01     -4.61500e+00      8.00000e+00    460s
  1236     -1.68730e+01     -4.61500e+00      8.00000e+00    461s
  1239     -1.63070e+01     -4.61500e+00      8.00000e+00    462s
  1243     -1.65920e+01     -4.61500e+00      8.00000e+00    464s
  1246     -1.65670e+01     -4.61500e+00      8.00000e+00    465s
  1250     -1.69283e+01     -4.61500e+00      8.00000e+00    466s
  1253     -1.66673e+01     -4.61500e+00      8.00000e+00    468s
  1257     -1.68383e+01     -4.61500e+00      8.00000e+00    469s
  1260     -1.65057e+01     -4.61500e+00      8.00000e+00    471s
  1264     -1.59733e+01     -4.61500e+00      8.00000e+00    472s
  1267     -1.63020e+01     -4.61500e+00      8.00000e+00    473s
  1270     -1.57660e+01     -4.61500e+00      8.00000e+00    474s
  1273     -1.68950e+01     -4.61500e+00      8.00000e+00    475s
  1276     -1.65177e+01     -4.61500e+00      8.00000e+00    476s
  1279     -1.67983e+01     -4.61500e+00      8.00000e+00    478s
  1282     -1.64293e+01     -4.61500e+00      8.00000e+00    479s
  1285     -1.62133e+01     -4.61500e+00      8.00000e+00    480s
  1288     -1.72443e+01     -4.61500e+00      8.00000e+00    481s
  1291     -1.60723e+01     -4.61500e+00      8.00000e+00    483s
  1294     -1.65500e+01     -4.61500e+00      8.00000e+00    484s
  1297     -1.70007e+01     -4.61500e+00      8.00000e+00    485s
  1300     -1.61907e+01     -4.61500e+00      8.00000e+00    486s
  1303     -1.66013e+01     -4.61500e+00      8.00000e+00    487s
  1306     -1.62337e+01     -4.61500e+00      8.00000e+00    488s
  1310     -1.65667e+01     -4.61500e+00      8.00000e+00    490s
  1313     -1.59703e+01     -4.61500e+00      8.00000e+00    491s
  1317     -1.68220e+01     -4.61500e+00      8.00000e+00    493s
  1320     -1.62030e+01     -4.61500e+00      8.00000e+00    494s
  1323     -1.68447e+01     -4.61500e+00      8.00000e+00    495s
  1326     -1.62823e+01     -4.61500e+00      8.00000e+00    496s
  1329     -1.61893e+01     -4.61500e+00      8.00000e+00    497s
  1332     -1.66120e+01     -4.61500e+00      8.00000e+00    499s
  1335     -1.70453e+01     -4.61500e+00      8.00000e+00    500s
  1339     -1.61613e+01     -4.61500e+00      8.00000e+00    501s
  1342     -1.67030e+01     -4.61500e+00      8.00000e+00    502s
  1345     -1.63613e+01     -4.61500e+00      8.00000e+00    504s
  1348     -1.63007e+01     -4.61500e+00      8.00000e+00    505s
  1351     -1.67980e+01     -4.61500e+00      8.00000e+00    506s
  1354     -1.60523e+01     -4.61500e+00      8.00000e+00    507s
  1357     -1.64473e+01     -4.61500e+00      8.00000e+00    508s
  1361     -1.66467e+01     -4.61500e+00      8.00000e+00    510s
  1364     -1.69667e+01     -4.61500e+00      8.00000e+00    511s
  1367     -1.63153e+01     -4.61500e+00      8.00000e+00    512s
  1370     -1.66183e+01     -4.61500e+00      8.00000e+00    513s
  1373     -1.63480e+01     -4.61500e+00      8.00000e+00    514s
  1376     -1.68510e+01     -4.61500e+00      8.00000e+00    515s
  1379     -1.62203e+01     -4.61500e+00      8.00000e+00    517s
  1383     -1.64967e+01     -4.61500e+00      8.00000e+00    518s
  1386     -1.71450e+01     -4.61500e+00      8.00000e+00    519s
  1389     -1.68700e+01     -4.61500e+00      8.00000e+00    520s
  1392     -1.62730e+01     -4.61500e+00      8.00000e+00    522s
  1395     -1.59043e+01     -4.61500e+00      8.00000e+00    523s
  1399     -1.62183e+01     -4.61500e+00      8.00000e+00    524s
  1402     -1.66977e+01     -4.61500e+00      8.00000e+00    526s
  1405     -1.67907e+01     -4.61500e+00      8.00000e+00    527s
  1408     -1.63003e+01     -4.61500e+00      8.00000e+00    528s
  1412     -1.58673e+01     -4.61500e+00      8.00000e+00    529s
  1415     -1.68547e+01     -4.61500e+00      8.00000e+00    531s
  1418     -1.64710e+01     -4.61500e+00      8.00000e+00    532s
  1421     -1.72120e+01     -4.61500e+00      8.00000e+00    533s
  1424     -1.72230e+01     -4.61500e+00      8.00000e+00    534s
  1428     -1.61110e+01     -4.61500e+00      8.00000e+00    536s
  1431     -1.58370e+01     -4.61500e+00      8.00000e+00    537s
  1435     -1.61633e+01     -4.61500e+00      8.00000e+00    538s
  1438     -1.71070e+01     -4.61500e+00      8.00000e+00    540s
  1442     -1.68717e+01     -4.61500e+00      8.00000e+00    541s
  1445     -1.65560e+01     -4.61500e+00      8.00000e+00    542s
  1448     -1.68283e+01     -4.61500e+00      8.00000e+00    543s
  1452     -1.67937e+01     -4.61500e+00      8.00000e+00    545s
  1455     -1.66830e+01     -4.61500e+00      8.00000e+00    546s
  1458     -1.61923e+01     -4.61500e+00      8.00000e+00    547s
  1461     -1.70557e+01     -4.61500e+00      8.00000e+00    548s
  1464     -1.67607e+01     -4.61500e+00      8.00000e+00    549s
  1468     -1.67450e+01     -4.61500e+00      8.00000e+00    551s
  1471     -1.69803e+01     -4.61500e+00      8.00000e+00    552s
  1475     -1.67887e+01     -4.61500e+00      8.00000e+00    553s
  1478     -1.64943e+01     -4.61500e+00      8.00000e+00    554s
  1481     -1.63740e+01     -4.61500e+00      8.00000e+00    555s
  1484     -1.67060e+01     -4.61500e+00      8.00000e+00    557s
  1487     -1.63933e+01     -4.61500e+00      8.00000e+00    558s
  1491     -1.72220e+01     -4.61500e+00      8.00000e+00    559s
  1494     -1.68757e+01     -4.61500e+00      8.00000e+00    560s
  1498     -1.59747e+01     -4.61500e+00      8.00000e+00    562s
  1501     -1.65993e+01     -4.61500e+00      8.00000e+00    563s
  1504     -1.75190e+01     -4.61500e+00      8.00000e+00    564s
  1507     -1.67993e+01     -4.61500e+00      8.00000e+00    565s
  1510     -1.70970e+01     -4.61500e+00      8.00000e+00    567s
  1514     -1.69087e+01     -4.61500e+00      8.00000e+00    568s
  1517     -1.66023e+01     -4.61500e+00      8.00000e+00    569s
  1521     -1.67830e+01     -4.61500e+00      8.00000e+00    570s
  1524     -1.74383e+01     -4.61500e+00      8.00000e+00    572s
  1528     -1.65767e+01     -4.61500e+00      8.00000e+00    573s
  1531     -1.62360e+01     -4.61500e+00      8.00000e+00    574s
  1534     -1.65273e+01     -4.61500e+00      8.00000e+00    575s
  1538     -1.66637e+01     -4.61500e+00      8.00000e+00    577s
  1541     -1.63137e+01     -4.61500e+00      8.00000e+00    578s
  1544     -1.62153e+01     -4.61500e+00      8.00000e+00    579s
  1547     -1.68930e+01     -4.61500e+00      8.00000e+00    580s
  1551     -1.68590e+01     -4.61500e+00      8.00000e+00    582s
  1554     -1.68163e+01     -4.61500e+00      8.00000e+00    583s
  1557     -1.72433e+01     -4.61500e+00      8.00000e+00    584s
  1560     -1.65220e+01     -4.61500e+00      8.00000e+00    585s
  1563     -1.65370e+01     -4.61500e+00      8.00000e+00    586s
  1567     -1.63697e+01     -4.61500e+00      8.00000e+00    588s
  1570     -1.65917e+01     -4.61500e+00      8.00000e+00    589s
  1573     -1.63187e+01     -4.61500e+00      8.00000e+00    590s
  1576     -1.73187e+01     -4.61500e+00      8.00000e+00    591s
  1579     -1.70580e+01     -4.61500e+00      8.00000e+00    592s
  1582     -1.66270e+01     -4.61500e+00      8.00000e+00    593s
  1585     -1.64090e+01     -4.61500e+00      8.00000e+00    595s
  1589     -1.68347e+01     -4.61500e+00      8.00000e+00    596s
  1592     -1.68953e+01     -4.61500e+00      8.00000e+00    597s
  1596     -1.66710e+01     -4.61500e+00      8.00000e+00    599s
  1599     -1.61553e+01     -4.61500e+00      8.00000e+00    600s
  1602     -1.70120e+01     -4.61500e+00      8.00000e+00    601s
  1605     -1.64110e+01     -4.61500e+00      8.00000e+00    602s
  1608     -1.62767e+01     -4.61500e+00      8.00000e+00    603s
  1612     -1.67677e+01     -4.61500e+00      8.00000e+00    605s
  1615     -1.71160e+01     -4.61500e+00      8.00000e+00    606s
  1619     -1.65033e+01     -4.61500e+00      8.00000e+00    607s
  1622     -1.62700e+01     -4.61500e+00      8.00000e+00    609s
  1626     -1.64833e+01     -4.61500e+00      8.00000e+00    610s
  1629     -1.68497e+01     -4.61500e+00      8.00000e+00    611s
  1632     -1.67937e+01     -4.61500e+00      8.00000e+00    613s
  1635     -1.66423e+01     -4.61500e+00      8.00000e+00    614s
  1638     -1.70970e+01     -4.61500e+00      8.00000e+00    615s
  1642     -1.64193e+01     -4.61500e+00      8.00000e+00    616s
  1645     -1.59737e+01     -4.61500e+00      8.00000e+00    618s
  1648     -1.63600e+01     -4.61500e+00      8.00000e+00    619s
  1651     -1.70200e+01     -4.61500e+00      8.00000e+00    620s
  1654     -1.69857e+01     -4.61500e+00      8.00000e+00    621s
  1657     -1.62643e+01     -4.61500e+00      8.00000e+00    622s
  1660     -1.66083e+01     -4.61500e+00      8.00000e+00    623s
  1664     -1.71073e+01     -4.61500e+00      8.00000e+00    624s
  1667     -1.67230e+01     -4.61500e+00      8.00000e+00    626s
  1671     -1.63753e+01     -4.61500e+00      8.00000e+00    627s
  1674     -1.65833e+01     -4.61500e+00      8.00000e+00    628s
  1677     -1.68797e+01     -4.61500e+00      8.00000e+00    630s
  1680     -1.65473e+01     -4.61500e+00      8.00000e+00    631s
  1683     -1.58560e+01     -4.61500e+00      8.00000e+00    632s
  1687     -1.66863e+01     -4.61500e+00      8.00000e+00    633s
  1690     -1.69887e+01     -4.61500e+00      8.00000e+00    634s
  1694     -1.71153e+01     -4.61500e+00      8.00000e+00    636s
  1697     -1.64777e+01     -4.61500e+00      8.00000e+00    637s
  1700     -1.68240e+01     -4.61500e+00      8.00000e+00    638s
  1704     -1.69540e+01     -4.61500e+00      8.00000e+00    639s
  1707     -1.58213e+01     -4.61500e+00      8.00000e+00    641s
  1711     -1.66030e+01     -4.61500e+00      8.00000e+00    642s
  1714     -1.70827e+01     -4.61500e+00      8.00000e+00    643s
  1717     -1.67850e+01     -4.61500e+00      8.00000e+00    644s
  1720     -1.67127e+01     -4.61500e+00      8.00000e+00    646s
  1723     -1.66947e+01     -4.61500e+00      8.00000e+00    647s
  1727     -1.67507e+01     -4.61500e+00      8.00000e+00    648s
  1730     -1.62813e+01     -4.61500e+00      8.00000e+00    649s
  1733     -1.65730e+01     -4.61500e+00      8.00000e+00    650s
  1736     -1.59280e+01     -4.61500e+00      8.00000e+00    651s
  1739     -1.70480e+01     -4.61500e+00      8.00000e+00    652s
  1743     -1.71703e+01     -4.61500e+00      8.00000e+00    654s
  1745     -1.69200e+01     -4.61500e+00      8.00000e+00    655s
  1748     -1.67117e+01     -4.61500e+00      8.00000e+00    656s
  1752     -1.62673e+01     -4.61500e+00      8.00000e+00    657s
  1755     -1.56820e+01     -4.61500e+00      8.00000e+00    658s
  1758     -1.63487e+01     -4.61500e+00      8.00000e+00    659s
  1761     -1.64900e+01     -4.61500e+00      8.00000e+00    661s
  1764     -1.70763e+01     -4.61500e+00      8.00000e+00    662s
  1768     -1.73033e+01     -4.61500e+00      8.00000e+00    663s
  1771     -1.77523e+01     -4.61500e+00      8.00000e+00    665s
  1774     -1.69710e+01     -4.61500e+00      8.00000e+00    666s
  1777     -1.56023e+01     -4.61500e+00      8.00000e+00    667s
  1781     -1.63400e+01     -4.61500e+00      8.00000e+00    668s
  1784     -1.63603e+01     -4.61500e+00      8.00000e+00    670s
  1787     -1.67520e+01     -4.61500e+00      8.00000e+00    671s
  1790     -1.71450e+01     -4.61500e+00      8.00000e+00    672s
  1793     -1.80750e+01     -4.61500e+00      8.00000e+00    673s
  1797     -1.64973e+01     -4.61500e+00      8.00000e+00    674s
  1800     -1.66437e+01     -4.61500e+00      8.00000e+00    675s
  1803     -1.59530e+01     -4.61500e+00      8.00000e+00    676s
  1806     -1.53483e+01     -4.61500e+00      8.00000e+00    677s
  1809     -1.59723e+01     -4.61500e+00      8.00000e+00    679s
  1812     -1.69083e+01     -4.61500e+00      8.00000e+00    680s
  1815     -1.67753e+01     -4.61500e+00      8.00000e+00    681s
  1818     -1.75983e+01     -4.61500e+00      8.00000e+00    682s
  1821     -1.78740e+01     -4.61500e+00      8.00000e+00    683s
  1824     -1.64213e+01     -4.61500e+00      8.00000e+00    684s
  1828     -1.62487e+01     -4.61500e+00      8.00000e+00    686s
  1831     -1.59820e+01     -4.61500e+00      8.00000e+00    687s
  1834     -1.62860e+01     -4.61500e+00      8.00000e+00    688s
  1837     -1.73510e+01     -4.61500e+00      8.00000e+00    689s
  1840     -1.74253e+01     -4.61500e+00      8.00000e+00    690s
  1843     -1.84917e+01     -4.61500e+00      8.00000e+00    692s
  1846     -1.75277e+01     -4.61500e+00      8.00000e+00    693s
  1849     -1.67060e+01     -4.61500e+00      8.00000e+00    694s
  1852     -1.61787e+01     -4.61500e+00      8.00000e+00    695s
  1855     -1.56580e+01     -4.61500e+00      8.00000e+00    696s
  1859     -1.54960e+01     -4.61500e+00      8.00000e+00    698s
  1862     -1.65300e+01     -4.61500e+00      8.00000e+00    699s
  1865     -1.75367e+01     -4.61500e+00      8.00000e+00    700s
  1868     -1.85047e+01     -4.61500e+00      8.00000e+00    701s
  1871     -1.81350e+01     -4.61500e+00      8.00000e+00    702s
  1874     -1.69697e+01     -4.61500e+00      8.00000e+00    703s
  1877     -1.62407e+01     -4.61500e+00      8.00000e+00    705s
  1880     -1.52607e+01     -4.61500e+00      8.00000e+00    706s
  1883     -1.59457e+01     -4.61500e+00      8.00000e+00    707s
  1886     -1.64153e+01     -4.61500e+00      8.00000e+00    708s
  1889     -1.74660e+01     -4.61500e+00      8.00000e+00    709s
  1892     -1.85840e+01     -4.61500e+00      8.00000e+00    710s
  1895     -1.89953e+01     -4.61500e+00      8.00000e+00    711s
  1898     -1.73273e+01     -4.61500e+00      8.00000e+00    713s
  1901     -1.56443e+01     -4.61500e+00      8.00000e+00    714s
  1904     -1.43253e+01     -4.61500e+00      8.00000e+00    715s
  1907     -1.50027e+01     -4.61500e+00      8.00000e+00    716s
  1911     -1.62800e+01     -4.61500e+00      8.00000e+00    718s
  1914     -1.73333e+01     -4.61500e+00      8.00000e+00    719s
  1917     -2.02227e+01     -4.61500e+00      8.00000e+00    720s
  1920     -2.02443e+01     -4.61500e+00      8.00000e+00    721s
  1923     -1.77747e+01     -4.61500e+00      8.00000e+00    722s
  1926     -1.64527e+01     -4.61500e+00      8.00000e+00    723s
  1929     -1.48930e+01     -4.61500e+00      8.00000e+00    725s
  1933     -1.54220e+01     -4.61500e+00      8.00000e+00    726s
  1936     -1.63793e+01     -4.61500e+00      8.00000e+00    727s
  1939     -1.83297e+01     -4.61500e+00      8.00000e+00    729s
  1942     -2.00867e+01     -4.61500e+00      8.00000e+00    730s
  1946     -1.90047e+01     -4.61500e+00      8.00000e+00    731s
  1949     -1.64547e+01     -4.61500e+00      8.00000e+00    732s
  1952     -1.45717e+01     -4.61500e+00      8.00000e+00    734s
  1956     -1.54140e+01     -4.61500e+00      8.00000e+00    735s
  1959     -1.58537e+01     -4.61500e+00      8.00000e+00    736s
  1963     -1.71363e+01     -4.61500e+00      8.00000e+00    737s
  1966     -1.98870e+01     -4.61500e+00      8.00000e+00    738s
  1969     -2.06863e+01     -4.61500e+00      8.00000e+00    740s
  1972     -1.84013e+01     -4.61500e+00      8.00000e+00    741s
  1975     -1.62230e+01     -4.61500e+00      8.00000e+00    742s
  1978     -1.50510e+01     -4.61500e+00      8.00000e+00    743s
  1981     -1.49400e+01     -4.61500e+00      8.00000e+00    744s
  1984     -1.49800e+01     -4.61500e+00      8.00000e+00    745s
  1987     -1.67310e+01     -4.61500e+00      8.00000e+00    747s
  1990     -1.87290e+01     -4.61500e+00      8.00000e+00    748s
  1993     -2.06873e+01     -4.61500e+00      8.00000e+00    749s
  1996     -1.98947e+01     -4.61500e+00      8.00000e+00    750s
  1999     -1.60337e+01     -4.61500e+00      8.00000e+00    751s
  2002     -1.75420e+01     -4.61500e+00      8.00000e+00    753s
  2005     -1.72190e+01     -4.61500e+00      8.00000e+00    754s
  2008     -1.65327e+01     -4.61500e+00      8.00000e+00    755s
  2011     -1.58163e+01     -4.61500e+00      8.00000e+00    756s
  2015     -1.92210e+01     -4.61500e+00      8.00000e+00    757s
  2018     -1.95763e+01     -4.61500e+00      8.00000e+00    759s
  2021     -1.76193e+01     -4.61500e+00      8.00000e+00    760s
  2024     -1.64450e+01     -4.61500e+00      8.00000e+00    761s
  2026     -1.69640e+01     -4.61500e+00      8.00000e+00    762s
  2030     -1.77157e+01     -4.61500e+00      8.00000e+00    763s
  2033     -1.61190e+01     -4.61500e+00      8.00000e+00    765s
  2037     -1.69470e+01     -4.61500e+00      8.00000e+00    766s
  2040     -1.97353e+01     -4.61500e+00      8.00000e+00    767s
  2044     -1.89043e+01     -4.61500e+00      8.00000e+00    769s
  2047     -1.66813e+01     -4.61500e+00      8.00000e+00    770s
  2050     -1.71483e+01     -4.61500e+00      8.00000e+00    771s
  2053     -2.06987e+01     -4.61500e+00      8.00000e+00    773s
  2056     -2.12987e+01     -4.61500e+00      8.00000e+00    774s
  2059     -1.84283e+01     -4.61500e+00      8.00000e+00    775s
  2062     -1.67360e+01     -4.61500e+00      8.00000e+00    776s
  2066     -2.12477e+01     -4.61500e+00      8.00000e+00    777s
  2069     -2.03913e+01     -4.61500e+00      8.00000e+00    779s
  2073     -1.63193e+01     -4.61500e+00      8.00000e+00    780s
  2076     -1.81790e+01     -4.61500e+00      8.00000e+00    782s
  2079     -2.13187e+01     -4.61500e+00      8.00000e+00    783s
  2082     -1.98380e+01     -4.61500e+00      8.00000e+00    784s
  2085     -1.61210e+01     -4.61500e+00      8.00000e+00    785s
  2089     -1.92717e+01     -4.61500e+00      8.00000e+00    787s
  2092     -2.16723e+01     -4.61500e+00      8.00000e+00    788s
  2096     -1.74583e+01     -4.61500e+00      8.00000e+00    789s
  2099     -1.64987e+01     -4.61500e+00      8.00000e+00    790s
  2102     -1.81020e+01     -4.61500e+00      8.00000e+00    792s
  2105     -2.08723e+01     -4.61500e+00      8.00000e+00    793s
  2108     -2.04030e+01     -4.61500e+00      8.00000e+00    794s
  2112     -1.64080e+01     -4.61500e+00      8.00000e+00    795s
  2115     -1.91900e+01     -4.61500e+00      8.00000e+00    797s
  2119     -2.08640e+01     -4.61500e+00      8.00000e+00    798s
  2121     -1.93870e+01     -4.61500e+00      8.00000e+00    799s
  2124     -1.66097e+01     -4.61500e+00      8.00000e+00    800s
  2128     -2.06053e+01     -4.61500e+00      8.00000e+00    801s
  2131     -2.19360e+01     -4.61500e+00      8.00000e+00    803s
  2135     -1.74380e+01     -4.61500e+00      8.00000e+00    804s
  2138     -1.74597e+01     -4.61500e+00      8.00000e+00    805s
  2141     -2.13493e+01     -4.61500e+00      8.00000e+00    806s
  2144     -2.11717e+01     -4.61500e+00      8.00000e+00    808s
  2147     -1.68793e+01     -4.61500e+00      8.00000e+00    809s
  2150     -1.65457e+01     -4.61500e+00      8.00000e+00    810s
  2153     -1.85060e+01     -4.61500e+00      8.00000e+00    811s
  2157     -2.24323e+01     -4.61500e+00      8.00000e+00    813s
  2160     -1.93333e+01     -4.61500e+00      8.00000e+00    814s
  2164     -1.60163e+01     -4.61500e+00      8.00000e+00    815s
  2167     -1.76393e+01     -4.61500e+00      8.00000e+00    817s
  2170     -1.93910e+01     -4.61500e+00      8.00000e+00    818s
  2173     -1.69680e+01     -4.61500e+00      8.00000e+00    819s
  2176     -1.68277e+01     -4.61500e+00      8.00000e+00    820s
  2180     -2.26837e+01     -4.61500e+00      8.00000e+00    821s
  2183     -2.18200e+01     -4.61500e+00      8.00000e+00    823s
  2187     -1.68007e+01     -4.61500e+00      8.00000e+00    824s
  2190     -1.68960e+01     -4.61500e+00      8.00000e+00    825s
  2194     -1.96180e+01     -4.61500e+00      8.00000e+00    827s
  2197     -1.76020e+01     -4.61500e+00      8.00000e+00    828s
  2201     -1.75247e+01     -4.61500e+00      8.00000e+00    829s
  2203     -2.21683e+01     -4.61500e+00      8.00000e+00    830s
  2206     -2.89463e+01     -4.61500e+00      8.00000e+00    831s
  2209     -2.54577e+01     -4.61500e+00      8.00000e+00    832s
  2212     -1.67297e+01     -4.61500e+00      8.00000e+00    834s
  2215     -1.61003e+01     -4.61500e+00      8.00000e+00    835s
  2218     -1.99827e+01     -4.61500e+00      8.00000e+00    836s
  2221     -1.99467e+01     -4.61500e+00      8.00000e+00    837s
  2225     -1.68897e+01     -4.61500e+00      8.00000e+00    838s
  2228     -2.36133e+01     -4.61500e+00      8.00000e+00    839s
  2232     -2.86853e+01     -4.61500e+00      8.00000e+00    841s
  2235     -2.18253e+01     -4.61500e+00      8.00000e+00    842s
  2239     -1.58020e+01     -4.61500e+00      8.00000e+00    843s
  2242     -1.94390e+01     -4.61500e+00      8.00000e+00    844s
  2245     -1.92963e+01     -4.61500e+00      8.00000e+00    846s
  2249     -1.64773e+01     -4.61500e+00      8.00000e+00    847s
  2252     -1.98513e+01     -4.61500e+00      8.00000e+00    848s
  2256     -2.93553e+01     -4.61500e+00      8.00000e+00    849s
  2259     -2.56453e+01     -4.61500e+00      8.00000e+00    851s
  2262     -1.67310e+01     -4.61500e+00      8.00000e+00    852s
  2265     -1.63290e+01     -4.61500e+00      8.00000e+00    853s
  2268     -2.14633e+01     -4.61500e+00      8.00000e+00    854s
  2272     -1.97300e+01     -4.61500e+00      8.00000e+00    855s
  2275     -1.73883e+01     -4.61500e+00      8.00000e+00    856s
  2279     -2.63887e+01     -4.61500e+00      8.00000e+00    858s
  2282     -2.96067e+01     -4.61500e+00      8.00000e+00    859s
  2285     -2.12650e+01     -4.61500e+00      8.00000e+00    860s
  2288     -1.51540e+01     -4.61500e+00      8.00000e+00    861s
  2291     -1.86670e+01     -4.61500e+00      8.00000e+00    863s
  2295     -2.15367e+01     -4.61500e+00      8.00000e+00    864s
  2298     -1.62137e+01     -4.61500e+00      8.00000e+00    865s
  2302     -2.10600e+01     -4.61500e+00      8.00000e+00    866s
  2305     -2.66250e+01     -4.61500e+00      8.00000e+00    868s
  2308     -2.51950e+01     -4.61500e+00      8.00000e+00    869s
  2312     -1.65430e+01     -4.61500e+00      8.00000e+00    870s
  2315     -1.76113e+01     -4.61500e+00      8.00000e+00    871s
  2318     -2.00997e+01     -4.61500e+00      8.00000e+00    872s
  2321     -1.76853e+01     -4.61500e+00      8.00000e+00    874s
  2324     -1.60460e+01     -4.61500e+00      8.00000e+00    875s
  2328     -2.38353e+01     -4.61500e+00      8.00000e+00    876s
  2331     -2.73063e+01     -4.61500e+00      8.00000e+00    877s
  2334     -2.19443e+01     -4.61500e+00      8.00000e+00    879s
  2337     -1.62693e+01     -4.61500e+00      8.00000e+00    880s
  2341     -1.84533e+01     -4.61500e+00      8.00000e+00    881s
  2344     -1.92087e+01     -4.61500e+00      8.00000e+00    882s
  2347     -1.58160e+01     -4.61500e+00      8.00000e+00    883s
  2350     -1.69050e+01     -4.61500e+00      8.00000e+00    884s
  2353     -3.18170e+01     -4.61500e+00      8.00000e+00    886s
  2357     -2.91600e+01     -4.61500e+00      8.00000e+00    887s
  2360     -1.80017e+01     -4.61500e+00      8.00000e+00    888s
  2364     -1.98513e+01     -4.61500e+00      8.00000e+00    890s
  2367     -2.14680e+01     -4.61500e+00      8.00000e+00    891s
  2370     -1.23353e+01     -4.61500e+00      8.00000e+00    892s
  2373     -1.06920e+01     -4.61500e+00      8.00000e+00    893s
  2376     -2.56407e+01     -4.61500e+00      8.00000e+00    894s
  2379     -3.52170e+01     -4.61500e+00      8.00000e+00    895s
  2382     -2.76580e+01     -4.61500e+00      8.00000e+00    897s
  2385     -1.70270e+01     -4.61500e+00      8.00000e+00    898s
  2389     -2.05910e+01     -4.61500e+00      8.00000e+00    899s
  2392     -2.02863e+01     -4.61500e+00      8.00000e+00    901s
  2395     -1.13353e+01     -4.61500e+00      8.00000e+00    902s
  2398     -1.24160e+01     -4.61500e+00      8.00000e+00    903s
  2402     -2.96747e+01     -4.61500e+00      8.00000e+00    904s
  2405     -3.62757e+01     -4.61500e+00      8.00000e+00    905s
  2408     -2.40320e+01     -4.61500e+00      8.00000e+00    906s
  2411     -1.49940e+01     -4.61500e+00      8.00000e+00    908s
  2414     -2.13213e+01     -4.61500e+00      8.00000e+00    909s
  2417     -2.13820e+01     -4.61500e+00      8.00000e+00    910s
  2420     -9.85133e+00     -4.61500e+00      8.00000e+00    912s
  2423     -9.00267e+00     -4.61500e+00      8.00000e+00    913s
  2426     -2.71023e+01     -4.61500e+00      8.00000e+00    914s
  2429     -3.72667e+01     -4.61500e+00      8.00000e+00    915s
  2432     -2.63020e+01     -4.61500e+00      8.00000e+00    916s
  2435     -1.51363e+01     -4.61500e+00      8.00000e+00    917s
  2439     -2.21143e+01     -4.61500e+00      8.00000e+00    919s
  2442     -2.01627e+01     -4.61500e+00      8.00000e+00    920s
  2446     -6.63433e+00     -4.61500e+00      8.00000e+00    921s
  2449     -1.63590e+01     -4.61500e+00      8.00000e+00    923s
  2453     -2.13473e+01     -4.61500e+00      8.00000e+00    924s
  2456     -2.21930e+01     -4.61500e+00      8.00000e+00    925s
  2459     -1.86543e+01     -4.61500e+00      8.00000e+00    926s
  2462     -1.64907e+01     -4.61500e+00      8.00000e+00    928s
  2464     -1.91057e+01     -4.61500e+00      8.00000e+00    929s
  2467     -2.16590e+01     -4.61500e+00      8.00000e+00    930s
  2470     -1.90783e+01     -4.61500e+00      8.00000e+00    931s
  2473     -1.56693e+01     -4.61500e+00      8.00000e+00    932s
  2476     -1.89587e+01     -4.61500e+00      8.00000e+00    933s
  2479     -2.23160e+01     -4.61500e+00      8.00000e+00    935s
  2483     -1.93353e+01     -4.61500e+00      8.00000e+00    936s
  2485     -1.66480e+01     -4.61500e+00      8.00000e+00    937s
  2489     -1.88577e+01     -4.61500e+00      8.00000e+00    939s
  2492     -2.13357e+01     -4.61500e+00      8.00000e+00    940s
  2496     -1.69737e+01     -4.61500e+00      8.00000e+00    941s
  2499     -1.65863e+01     -4.61500e+00      8.00000e+00    942s

==================================================
Summary of results QAOA
--------------------------------------------------
Avg of QAOA obj (BQO obj):    2.17
Avg of QAOA obj (penalty):    -6.78
Avg of constraint violation:  2.20

Avg of QAOA obj:              -4.61
STD of QAOA obj:              3.30
Avg of QAOA obj (feasible):   3.69
STD of QAOA obj (feasible):   0.64

Gamma angles:                 0.13
Beta angles:                  0.38

Best QAOA obj:                8.00
Modified best QAOA obj:       8.00
Best QAOA obj (feasible):     8.00

QAOA total time:              942.43s
QAOA circuit depth:           16
==================================================

==================================================
Summary of results of 0-S7
--------------------------------------------------
Number of vertices:           7
Number of edges:              18

Vertex num in largest comp:   7
Edge num in largest comp:     18

Pre-processing running time:  0.00
Total solver time:            942.43
Running time:                 946.63

Upper bound:                  11.00
Objective value:              8.00

Partition 0:                  1, 4                
Partition 1:                  3, 5, 6             
Partition 2:                  2, 7                
==================================================
