==================================================
Instance parameters
--------------------------------------------------
Number of vertices:           7
Number of edges:              18
Number of partitions:         3

Density (%):                  86
Name of instance:             seed1_band_pen_1.2
Is planar:                    False
==================================================

==================================================
Solver parameters
--------------------------------------------------
Method:                       QUBO
Peel:                         False
Decompose:                    False
Fold:                         False

QAOA Num Levels:              1
QAOA Scipy Optimizer:         brute
==================================================

  iter        avg-obj        best avg-obj       best-obj      time
     0     -9.69580e+00     -9.69580e+00      3.40000e+00      1s
     4     -9.55360e+00     -9.38300e+00      6.80000e+00      2s
     8     -9.39820e+00     -9.33060e+00      8.00000e+00      3s
    12     -9.72080e+00     -9.23920e+00      8.00000e+00      5s
    16     -9.39640e+00     -9.23920e+00      8.00000e+00      6s
    20     -9.45220e+00     -9.23920e+00      8.00000e+00      7s
    24     -9.42660e+00     -8.96900e+00      8.00000e+00      8s
    28     -9.67660e+00     -8.96900e+00      8.00000e+00      9s
    32     -9.80320e+00     -8.96900e+00      8.00000e+00     10s
    36     -9.56820e+00     -8.96900e+00      8.00000e+00     11s
    40     -9.35600e+00     -8.96900e+00      8.00000e+00     12s
    44     -1.00176e+01     -8.96900e+00      8.00000e+00     13s
    48     -9.42880e+00     -8.96900e+00      8.00000e+00     14s
    52     -4.65080e+00     -4.65080e+00      8.00000e+00     15s
    56     -5.63060e+00     -3.31800e+00      8.00000e+00     17s
    60     -9.96580e+00     -3.31800e+00      8.00000e+00     18s
    64     -1.02718e+01     -3.31800e+00      8.00000e+00     19s
    69     -1.86092e+01     -3.31800e+00      8.00000e+00     20s
    73     -1.45850e+01     -3.31800e+00      8.00000e+00     21s
    77     -3.88340e+00     -3.31800e+00      8.00000e+00     22s
    82     -8.19940e+00     -3.23000e+00      8.00000e+00     24s
    86     -9.80200e+00     -3.23000e+00      8.00000e+00     25s
    90     -1.19996e+01     -3.23000e+00      8.00000e+00     26s
    94     -1.91058e+01     -3.23000e+00      8.00000e+00     27s
    98     -1.30274e+01     -3.23000e+00      8.00000e+00     28s
   102     -2.55920e+00     -2.55920e+00      8.00000e+00     30s
   106     -6.54020e+00     -1.91120e+00      8.00000e+00     31s
   110     -1.05878e+01     -1.91120e+00      8.00000e+00     32s
   114     -1.13876e+01     -1.91120e+00      8.00000e+00     33s
   118     -2.39866e+01     -1.91120e+00      8.00000e+00     34s
   122     -2.19710e+01     -1.91120e+00      8.00000e+00     35s
   126     -3.90180e+00     -1.91120e+00      8.00000e+00     36s
   130     -5.10420e+00     -1.91120e+00      8.00000e+00     38s
   134     -1.09194e+01     -1.91120e+00      8.00000e+00     39s
   138     -1.04502e+01     -1.91120e+00      8.00000e+00     40s
   142     -2.23222e+01     -1.91120e+00      8.00000e+00     41s
   146     -2.39180e+01     -1.91120e+00      8.00000e+00     42s
   150     -9.55580e+00     -1.91120e+00      8.00000e+00     43s
   154     -4.09920e+00     -1.91120e+00      8.00000e+00     44s
   158     -1.00778e+01     -1.91120e+00      8.00000e+00     45s
   162     -9.91760e+00     -1.91120e+00      8.00000e+00     46s
   167     -2.26934e+01     -1.91120e+00      8.00000e+00     48s
   171     -2.39956e+01     -1.91120e+00      8.00000e+00     49s
   175     -7.66400e+00     -1.91120e+00      8.00000e+00     50s
   179     -4.91820e+00     -1.91120e+00      8.00000e+00     51s
   183     -1.07636e+01     -1.91120e+00      8.00000e+00     52s
   187     -9.66920e+00     -1.91120e+00      8.00000e+00     53s
   191     -2.09018e+01     -1.91120e+00      8.00000e+00     54s
   196     -2.36580e+01     -1.91120e+00      8.00000e+00     55s
   201     -7.64660e+00     -1.91120e+00      8.00000e+00     57s
   205     -7.73800e+00     -1.91120e+00      8.00000e+00     58s
   209     -9.06420e+00     -1.91120e+00      8.00000e+00     59s
   213     -1.08168e+01     -1.91120e+00      8.00000e+00     60s
   217     -2.11520e+01     -1.91120e+00      8.00000e+00     61s
   221     -2.03746e+01     -1.91120e+00      8.00000e+00     62s
   225     -8.27280e+00     -1.91120e+00      8.00000e+00     63s
   229     -7.27400e+00     -1.91120e+00      8.00000e+00     65s
   233     -8.92660e+00     -1.91120e+00      8.00000e+00     66s
   237     -1.02564e+01     -1.91120e+00      8.00000e+00     67s
   241     -1.98026e+01     -1.91120e+00      8.00000e+00     68s
   246     -1.87312e+01     -1.91120e+00      8.00000e+00     69s
   250     -9.13560e+00     -1.91120e+00      8.00000e+00     70s
   254     -8.21800e+00     -1.91120e+00      8.00000e+00     71s
   258     -8.00340e+00     -1.91120e+00      8.00000e+00     73s
   262     -8.95020e+00     -1.91120e+00      8.00000e+00     74s
   266     -1.70240e+01     -1.91120e+00      8.00000e+00     75s
   270     -1.83152e+01     -1.91120e+00      8.00000e+00     76s
   274     -9.98940e+00     -1.91120e+00      8.00000e+00     77s
   278     -8.43480e+00     -1.91120e+00      8.00000e+00     79s
   282     -8.58900e+00     -1.91120e+00      8.00000e+00     80s
   286     -8.89140e+00     -1.91120e+00      8.00000e+00     81s
   290     -1.65340e+01     -1.91120e+00      8.00000e+00     82s
   294     -1.82420e+01     -1.91120e+00      8.00000e+00     83s
   298     -1.09560e+01     -1.91120e+00      8.00000e+00     84s
   302     -9.61760e+00     -1.91120e+00      8.00000e+00     86s
   306     -9.13980e+00     -1.91120e+00      8.00000e+00     87s
   310     -7.10900e+00     -1.91120e+00      8.00000e+00     88s
   314     -1.30458e+01     -1.91120e+00      8.00000e+00     89s
   318     -1.65534e+01     -1.91120e+00      8.00000e+00     90s
   322     -1.19358e+01     -1.91120e+00      8.00000e+00     91s
   326     -9.52820e+00     -1.91120e+00      8.00000e+00     92s
   330     -8.99260e+00     -1.91120e+00      8.00000e+00     94s
   334     -7.62600e+00     -1.91120e+00      8.00000e+00     95s
   338     -1.18838e+01     -1.91120e+00      8.00000e+00     96s
   342     -1.67490e+01     -1.91120e+00      8.00000e+00     97s
   346     -1.24280e+01     -1.91120e+00      8.00000e+00     98s
   350     -9.57140e+00     -1.91120e+00      8.00000e+00     99s
   354     -9.75740e+00     -1.91120e+00      8.00000e+00    100s
   358     -7.91620e+00     -1.91120e+00      8.00000e+00    101s
   362     -9.17720e+00     -1.91120e+00      8.00000e+00    102s
   366     -1.47074e+01     -1.91120e+00      8.00000e+00    103s
   370     -1.38062e+01     -1.91120e+00      8.00000e+00    104s
   374     -9.81520e+00     -1.91120e+00      8.00000e+00    106s
   378     -9.69160e+00     -1.91120e+00      8.00000e+00    107s
   382     -8.40940e+00     -1.91120e+00      8.00000e+00    108s
   387     -1.01104e+01     -1.91120e+00      8.00000e+00    109s
   392     -1.48042e+01     -1.91120e+00      8.00000e+00    110s
   396     -1.16662e+01     -1.91120e+00      8.00000e+00    111s
   401     -9.55740e+00     -1.91120e+00      8.00000e+00    112s
   406     -9.81460e+00     -1.91120e+00      8.00000e+00    114s
   409     -8.79720e+00     -1.91120e+00      8.00000e+00    115s
   413     -1.02084e+01     -1.91120e+00      8.00000e+00    116s
   416     -1.27650e+01     -1.91120e+00      8.00000e+00    117s
   419     -1.31754e+01     -1.91120e+00      8.00000e+00    119s
   423     -1.06362e+01     -1.91120e+00      8.00000e+00    120s
   426     -9.24940e+00     -1.91120e+00      8.00000e+00    121s
   430     -9.89900e+00     -1.91120e+00      8.00000e+00    122s
   433     -9.35500e+00     -1.91120e+00      8.00000e+00    124s
   437     -9.89280e+00     -1.91120e+00      8.00000e+00    125s
   440     -1.30120e+01     -1.91120e+00      8.00000e+00    126s
   443     -1.36204e+01     -1.91120e+00      8.00000e+00    127s
   447     -1.09522e+01     -1.91120e+00      8.00000e+00    128s
   450     -9.66060e+00     -1.91120e+00      8.00000e+00    129s
   454     -9.76640e+00     -1.91120e+00      8.00000e+00    131s
   457     -1.05320e+01     -1.91120e+00      8.00000e+00    132s
   460     -9.98700e+00     -1.91120e+00      8.00000e+00    133s
   464     -9.63580e+00     -1.91120e+00      8.00000e+00    134s
   467     -1.16406e+01     -1.91120e+00      8.00000e+00    135s
   471     -1.16818e+01     -1.91120e+00      8.00000e+00    136s
   474     -9.85220e+00     -1.91120e+00      8.00000e+00    138s
   477     -9.67900e+00     -1.91120e+00      8.00000e+00    139s
   481     -1.05042e+01     -1.91120e+00      8.00000e+00    140s
   484     -1.00066e+01     -1.91120e+00      8.00000e+00    141s
   487     -9.64340e+00     -1.91120e+00      8.00000e+00    142s
   490     -1.05896e+01     -1.91120e+00      8.00000e+00    143s
   493     -1.18444e+01     -1.91120e+00      8.00000e+00    144s
   497     -1.03594e+01     -1.91120e+00      8.00000e+00    146s
   500     -9.64480e+00     -1.91120e+00      8.00000e+00    147s
   504     -9.78680e+00     -1.91120e+00      8.00000e+00    148s
   507     -1.10364e+01     -1.91120e+00      8.00000e+00    149s
   511     -9.73760e+00     -1.91120e+00      8.00000e+00    151s
   514     -9.81620e+00     -1.91120e+00      8.00000e+00    152s
   517     -9.77980e+00     -1.91120e+00      8.00000e+00    153s
   521     -1.07626e+01     -1.91120e+00      8.00000e+00    154s
   524     -9.87940e+00     -1.91120e+00      8.00000e+00    155s
   528     -9.42300e+00     -1.91120e+00      8.00000e+00    157s
   531     -1.04926e+01     -1.91120e+00      8.00000e+00    158s
   535     -9.90980e+00     -1.91120e+00      8.00000e+00    159s
   538     -9.54040e+00     -1.91120e+00      8.00000e+00    160s
   541     -9.76340e+00     -1.91120e+00      8.00000e+00    161s
   545     -1.07044e+01     -1.91120e+00      8.00000e+00    163s
   548     -9.48780e+00     -1.91120e+00      8.00000e+00    164s
   552     -9.38120e+00     -1.91120e+00      8.00000e+00    165s
   555     -9.72080e+00     -1.91120e+00      8.00000e+00    166s
   559     -1.06036e+01     -1.91120e+00      8.00000e+00    168s
   562     -9.49960e+00     -1.91120e+00      8.00000e+00    169s
   565     -8.68880e+00     -1.91120e+00      8.00000e+00    170s
   569     -1.03184e+01     -1.91120e+00      8.00000e+00    171s
   572     -1.06122e+01     -1.91120e+00      8.00000e+00    172s
   576     -9.05400e+00     -1.91120e+00      8.00000e+00    174s
   579     -9.70980e+00     -1.91120e+00      8.00000e+00    175s
   582     -1.05428e+01     -1.91120e+00      8.00000e+00    176s
   586     -1.01350e+01     -1.91120e+00      8.00000e+00    177s
   589     -9.02180e+00     -1.91120e+00      8.00000e+00    178s
   593     -9.74700e+00     -1.91120e+00      8.00000e+00    180s
   596     -1.06228e+01     -1.91120e+00      8.00000e+00    181s
   600     -9.21080e+00     -1.91120e+00      8.00000e+00    182s
   603     -9.38980e+00     -1.91120e+00      8.00000e+00    183s
   607     -1.01826e+01     -1.91120e+00      8.00000e+00    185s
   610     -1.06000e+01     -1.91120e+00      8.00000e+00    186s
   613     -9.48620e+00     -1.91120e+00      8.00000e+00    187s
   617     -9.14680e+00     -1.91120e+00      8.00000e+00    188s
   620     -1.00444e+01     -1.91120e+00      8.00000e+00    190s
   624     -9.67000e+00     -1.91120e+00      8.00000e+00    191s
   627     -9.01960e+00     -1.91120e+00      8.00000e+00    192s
   631     -1.02528e+01     -1.91120e+00      8.00000e+00    193s
   634     -1.03622e+01     -1.91120e+00      8.00000e+00    194s
   637     -9.62360e+00     -1.91120e+00      8.00000e+00    196s
   640     -8.91760e+00     -1.91120e+00      8.00000e+00    197s
   643     -9.93100e+00     -1.91120e+00      8.00000e+00    198s
   647     -1.04868e+01     -1.91120e+00      8.00000e+00    199s
   650     -9.58840e+00     -1.91120e+00      8.00000e+00    200s
   654     -9.77020e+00     -1.91120e+00      8.00000e+00    202s
   657     -1.00092e+01     -1.91120e+00      8.00000e+00    203s
   660     -9.45840e+00     -1.91120e+00      8.00000e+00    204s
   663     -9.95220e+00     -1.91120e+00      8.00000e+00    205s
   666     -8.92740e+00     -1.91120e+00      8.00000e+00    206s
   670     -9.71780e+00     -1.91120e+00      8.00000e+00    207s
   673     -9.70080e+00     -1.91120e+00      8.00000e+00    209s
   676     -9.61200e+00     -1.91120e+00      8.00000e+00    210s
   680     -9.50900e+00     -1.91120e+00      8.00000e+00    211s
   683     -9.86740e+00     -1.91120e+00      8.00000e+00    212s
   687     -9.39040e+00     -1.91120e+00      8.00000e+00    213s
   690     -9.25580e+00     -1.91120e+00      8.00000e+00    214s
   693     -9.61180e+00     -1.91120e+00      8.00000e+00    215s
   696     -1.01846e+01     -1.91120e+00      8.00000e+00    217s
   699     -9.85560e+00     -1.91120e+00      8.00000e+00    218s
   703     -9.44980e+00     -1.91120e+00      8.00000e+00    219s
   706     -9.63080e+00     -1.91120e+00      8.00000e+00    220s
   710     -1.02534e+01     -1.91120e+00      8.00000e+00    221s
   713     -9.14860e+00     -1.91120e+00      8.00000e+00    223s
   716     -9.47020e+00     -1.91120e+00      8.00000e+00    224s
   720     -9.74880e+00     -1.91120e+00      8.00000e+00    225s
   723     -9.80720e+00     -1.91120e+00      8.00000e+00    226s
   727     -9.59280e+00     -1.91120e+00      8.00000e+00    227s
   730     -9.35580e+00     -1.91120e+00      8.00000e+00    229s
   733     -9.79700e+00     -1.91120e+00      8.00000e+00    230s
   736     -9.75780e+00     -1.91120e+00      8.00000e+00    231s
   739     -9.49960e+00     -1.91120e+00      8.00000e+00    232s
   743     -9.85340e+00     -1.91120e+00      8.00000e+00    233s
   746     -9.19400e+00     -1.91120e+00      8.00000e+00    234s
   749     -9.67540e+00     -1.91120e+00      8.00000e+00    235s
   752     -9.37600e+00     -1.91120e+00      8.00000e+00    236s
   755     -9.90740e+00     -1.91120e+00      8.00000e+00    238s
   759     -9.83260e+00     -1.91120e+00      8.00000e+00    239s
   762     -9.98100e+00     -1.91120e+00      8.00000e+00    240s
   765     -9.60820e+00     -1.91120e+00      8.00000e+00    241s
   769     -9.41420e+00     -1.91120e+00      8.00000e+00    242s
   772     -9.72640e+00     -1.91120e+00      8.00000e+00    244s
   776     -9.93220e+00     -1.91120e+00      8.00000e+00    245s
   779     -9.70740e+00     -1.91120e+00      8.00000e+00    246s
   783     -1.02228e+01     -1.91120e+00      8.00000e+00    247s
   786     -9.58300e+00     -1.91120e+00      8.00000e+00    248s
   789     -9.77680e+00     -1.91120e+00      8.00000e+00    249s
   792     -9.26480e+00     -1.91120e+00      8.00000e+00    251s
   795     -9.15500e+00     -1.91120e+00      8.00000e+00    252s
   799     -9.32160e+00     -1.91120e+00      8.00000e+00    253s
   802     -9.88620e+00     -1.91120e+00      8.00000e+00    254s
   806     -9.82600e+00     -1.91120e+00      8.00000e+00    255s
   809     -9.47520e+00     -1.91120e+00      8.00000e+00    257s
   812     -9.72760e+00     -1.91120e+00      8.00000e+00    258s
   816     -9.22600e+00     -1.91120e+00      8.00000e+00    259s
   819     -9.22500e+00     -1.91120e+00      8.00000e+00    260s
   823     -9.63900e+00     -1.91120e+00      8.00000e+00    261s
   826     -9.48640e+00     -1.91120e+00      8.00000e+00    263s
   830     -9.39780e+00     -1.91120e+00      8.00000e+00    264s
   833     -9.94180e+00     -1.91120e+00      8.00000e+00    265s
   836     -9.37120e+00     -1.91120e+00      8.00000e+00    266s
   839     -9.33700e+00     -1.91120e+00      8.00000e+00    267s
   842     -9.56420e+00     -1.91120e+00      8.00000e+00    269s
   846     -9.32920e+00     -1.91120e+00      8.00000e+00    270s
   849     -9.64960e+00     -1.91120e+00      8.00000e+00    271s
   853     -9.88260e+00     -1.91120e+00      8.00000e+00    272s
   856     -9.40000e+00     -1.91120e+00      8.00000e+00    274s
   859     -9.82860e+00     -1.91120e+00      8.00000e+00    275s
   863     -9.19360e+00     -1.91120e+00      8.00000e+00    276s
   866     -9.60440e+00     -1.91120e+00      8.00000e+00    277s
   870     -9.65940e+00     -1.91120e+00      8.00000e+00    278s
   873     -9.52720e+00     -1.91120e+00      8.00000e+00    280s
   877     -1.00030e+01     -1.91120e+00      8.00000e+00    281s
   879     -9.89620e+00     -1.91120e+00      8.00000e+00    282s
   882     -9.56700e+00     -1.91120e+00      8.00000e+00    283s
   886     -9.41680e+00     -1.91120e+00      8.00000e+00    284s
   889     -9.26700e+00     -1.91120e+00      8.00000e+00    286s
   893     -9.29700e+00     -1.91120e+00      8.00000e+00    287s
   896     -9.43520e+00     -1.91120e+00      8.00000e+00    288s
   900     -9.33000e+00     -1.91120e+00      8.00000e+00    289s
   903     -9.70000e+00     -1.91120e+00      8.00000e+00    291s
   907     -9.50840e+00     -1.91120e+00      8.00000e+00    292s
   910     -9.38420e+00     -1.91120e+00      8.00000e+00    293s
   913     -9.18860e+00     -1.91120e+00      8.00000e+00    294s
   917     -9.63120e+00     -1.91120e+00      8.00000e+00    296s
   920     -9.08180e+00     -1.91120e+00      8.00000e+00    297s
   924     -9.21040e+00     -1.91120e+00      8.00000e+00    298s
   926     -9.21120e+00     -1.91120e+00      8.00000e+00    299s
   929     -9.58980e+00     -1.91120e+00      8.00000e+00    300s
   933     -9.82320e+00     -1.91120e+00      8.00000e+00    302s
   936     -9.90360e+00     -1.91120e+00      8.00000e+00    303s
   940     -9.27860e+00     -1.91120e+00      8.00000e+00    304s
   943     -9.25480e+00     -1.91120e+00      8.00000e+00    305s
   947     -9.35060e+00     -1.91120e+00      8.00000e+00    307s
   950     -9.87120e+00     -1.91120e+00      8.00000e+00    308s
   954     -9.58120e+00     -1.91120e+00      8.00000e+00    309s
   957     -9.08020e+00     -1.91120e+00      8.00000e+00    310s
   960     -9.65620e+00     -1.91120e+00      8.00000e+00    311s
   963     -9.24740e+00     -1.91120e+00      8.00000e+00    313s
   966     -9.72660e+00     -1.91120e+00      8.00000e+00    314s
   970     -9.82620e+00     -1.91120e+00      8.00000e+00    315s
   973     -9.52060e+00     -1.91120e+00      8.00000e+00    316s
   977     -9.65800e+00     -1.91120e+00      8.00000e+00    318s
   980     -9.92320e+00     -1.91120e+00      8.00000e+00    319s
   983     -9.48900e+00     -1.91120e+00      8.00000e+00    320s
   987     -9.48000e+00     -1.91120e+00      8.00000e+00    321s
   990     -9.89760e+00     -1.91120e+00      8.00000e+00    322s
   994     -9.54020e+00     -1.91120e+00      8.00000e+00    324s
   997     -9.25400e+00     -1.91120e+00      8.00000e+00    325s
  1001     -9.72660e+00     -1.91120e+00      8.00000e+00    326s
  1004     -1.02866e+01     -1.91120e+00      8.00000e+00    328s
  1008     -9.49280e+00     -1.91120e+00      8.00000e+00    329s
  1011     -9.97520e+00     -1.91120e+00      8.00000e+00    330s
  1013     -9.94600e+00     -1.91120e+00      8.00000e+00    331s
  1016     -9.67380e+00     -1.91120e+00      8.00000e+00    332s
  1019     -9.20860e+00     -1.91120e+00      8.00000e+00    333s
  1023     -9.54640e+00     -1.91120e+00      8.00000e+00    335s
  1026     -9.65280e+00     -1.91120e+00      8.00000e+00    336s
  1030     -9.58420e+00     -1.91120e+00      8.00000e+00    337s
  1033     -9.80640e+00     -1.91120e+00      8.00000e+00    339s
  1036     -9.51220e+00     -1.91120e+00      8.00000e+00    340s
  1040     -9.64880e+00     -1.91120e+00      8.00000e+00    341s
  1043     -9.49080e+00     -1.91120e+00      8.00000e+00    342s
  1047     -9.67600e+00     -1.91120e+00      8.00000e+00    343s
  1050     -9.72040e+00     -1.91120e+00      8.00000e+00    345s
  1053     -9.47500e+00     -1.91120e+00      8.00000e+00    346s
  1056     -9.14080e+00     -1.91120e+00      8.00000e+00    347s
  1059     -9.65660e+00     -1.91120e+00      8.00000e+00    348s
  1063     -9.78380e+00     -1.91120e+00      8.00000e+00    349s
  1066     -9.53380e+00     -1.91120e+00      8.00000e+00    350s
  1069     -9.45840e+00     -1.91120e+00      8.00000e+00    351s
  1072     -9.42380e+00     -1.91120e+00      8.00000e+00    352s
  1075     -9.61740e+00     -1.91120e+00      8.00000e+00    354s
  1079     -9.73560e+00     -1.91120e+00      8.00000e+00    355s
  1082     -9.77920e+00     -1.91120e+00      8.00000e+00    356s
  1085     -9.38380e+00     -1.91120e+00      8.00000e+00    357s
  1088     -9.31580e+00     -1.91120e+00      8.00000e+00    358s
  1091     -9.60840e+00     -1.91120e+00      8.00000e+00    359s
  1095     -9.09660e+00     -1.91120e+00      8.00000e+00    361s
  1098     -9.77560e+00     -1.91120e+00      8.00000e+00    362s
  1102     -9.58040e+00     -1.91120e+00      8.00000e+00    363s
  1105     -9.59940e+00     -1.91120e+00      8.00000e+00    364s
  1108     -9.51320e+00     -1.91120e+00      8.00000e+00    366s
  1112     -9.51620e+00     -1.91120e+00      8.00000e+00    367s
  1115     -9.49480e+00     -1.91120e+00      8.00000e+00    368s
  1119     -9.94180e+00     -1.91120e+00      8.00000e+00    370s
  1122     -9.22460e+00     -1.91120e+00      8.00000e+00    371s
  1126     -9.67540e+00     -1.91120e+00      8.00000e+00    372s
  1129     -9.79680e+00     -1.91120e+00      8.00000e+00    373s
  1133     -9.76760e+00     -1.91120e+00      8.00000e+00    375s
  1136     -9.51300e+00     -1.91120e+00      8.00000e+00    376s
  1140     -9.26340e+00     -1.91120e+00      8.00000e+00    377s
  1143     -9.71740e+00     -1.91120e+00      8.00000e+00    378s
  1146     -9.53800e+00     -1.91120e+00      8.00000e+00    380s
  1150     -1.00684e+01     -1.91120e+00      8.00000e+00    381s
  1153     -9.53420e+00     -1.91120e+00      8.00000e+00    382s
  1157     -1.00702e+01     -1.91120e+00      8.00000e+00    383s
  1160     -9.39940e+00     -1.91120e+00      8.00000e+00    385s
  1163     -9.55080e+00     -1.91120e+00      8.00000e+00    386s
  1166     -9.59100e+00     -1.91120e+00      8.00000e+00    387s
  1169     -9.87180e+00     -1.91120e+00      8.00000e+00    388s
  1173     -9.64920e+00     -1.91120e+00      8.00000e+00    389s
  1176     -9.59560e+00     -1.91120e+00      8.00000e+00    390s
  1180     -9.82180e+00     -1.91120e+00      8.00000e+00    392s
  1183     -9.66160e+00     -1.91120e+00      8.00000e+00    393s
  1186     -9.45120e+00     -1.91120e+00      8.00000e+00    394s
  1189     -9.40940e+00     -1.91120e+00      8.00000e+00    395s
  1192     -9.84800e+00     -1.91120e+00      8.00000e+00    396s
  1196     -9.75940e+00     -1.91120e+00      8.00000e+00    397s
  1199     -9.49200e+00     -1.91120e+00      8.00000e+00    399s
  1202     -9.96820e+00     -1.91120e+00      8.00000e+00    400s
  1206     -9.61540e+00     -1.91120e+00      8.00000e+00    401s
  1209     -9.64080e+00     -1.91120e+00      8.00000e+00    402s
  1213     -9.59800e+00     -1.91120e+00      8.00000e+00    403s
  1216     -9.57800e+00     -1.91120e+00      8.00000e+00    405s
  1220     -9.84040e+00     -1.91120e+00      8.00000e+00    406s
  1223     -9.70760e+00     -1.91120e+00      8.00000e+00    407s
  1226     -9.81840e+00     -1.91120e+00      8.00000e+00    408s
  1229     -9.88160e+00     -1.91120e+00      8.00000e+00    409s
  1232     -9.30000e+00     -1.91120e+00      8.00000e+00    411s
  1235     -9.86980e+00     -1.91120e+00      8.00000e+00    412s
  1238     -1.00414e+01     -1.91120e+00      8.00000e+00    413s
  1241     -1.00834e+01     -1.91120e+00      8.00000e+00    414s
  1244     -9.92740e+00     -1.91120e+00      8.00000e+00    415s
  1247     -9.90140e+00     -1.91120e+00      8.00000e+00    416s
  1251     -9.67020e+00     -1.91120e+00      8.00000e+00    417s
  1254     -9.85620e+00     -1.91120e+00      8.00000e+00    419s
  1257     -9.63940e+00     -1.91120e+00      8.00000e+00    420s
  1260     -9.68620e+00     -1.91120e+00      8.00000e+00    421s
  1263     -9.94240e+00     -1.91120e+00      8.00000e+00    422s
  1267     -9.71960e+00     -1.91120e+00      8.00000e+00    423s
  1270     -9.70000e+00     -1.91120e+00      8.00000e+00    424s
  1274     -9.48500e+00     -1.91120e+00      8.00000e+00    426s
  1277     -9.38980e+00     -1.91120e+00      8.00000e+00    427s
  1279     -9.75460e+00     -1.91120e+00      8.00000e+00    428s
  1283     -9.92680e+00     -1.91120e+00      8.00000e+00    429s
  1286     -9.58620e+00     -1.91120e+00      8.00000e+00    430s
  1290     -9.54000e+00     -1.91120e+00      8.00000e+00    432s
  1293     -1.00298e+01     -1.91120e+00      8.00000e+00    433s
  1297     -9.41720e+00     -1.91120e+00      8.00000e+00    434s
  1300     -9.95440e+00     -1.91120e+00      8.00000e+00    435s
  1303     -9.41400e+00     -1.91120e+00      8.00000e+00    437s
  1306     -9.59700e+00     -1.91120e+00      8.00000e+00    438s
  1309     -9.64820e+00     -1.91120e+00      8.00000e+00    439s
  1313     -9.13960e+00     -1.91120e+00      8.00000e+00    440s
  1316     -9.59480e+00     -1.91120e+00      8.00000e+00    441s
  1320     -9.60780e+00     -1.91120e+00      8.00000e+00    443s
  1323     -9.63900e+00     -1.91120e+00      8.00000e+00    444s
  1327     -9.74700e+00     -1.91120e+00      8.00000e+00    445s
  1330     -9.45040e+00     -1.91120e+00      8.00000e+00    447s
  1333     -9.69660e+00     -1.91120e+00      8.00000e+00    448s
  1337     -9.81780e+00     -1.91120e+00      8.00000e+00    449s
  1340     -9.63640e+00     -1.91120e+00      8.00000e+00    450s
  1344     -1.05804e+01     -1.91120e+00      8.00000e+00    452s
  1347     -9.67740e+00     -1.91120e+00      8.00000e+00    453s
  1351     -9.58520e+00     -1.91120e+00      8.00000e+00    454s
  1354     -9.54460e+00     -1.91120e+00      8.00000e+00    455s
  1357     -9.25280e+00     -1.91120e+00      8.00000e+00    456s
  1360     -9.47820e+00     -1.91120e+00      8.00000e+00    457s
  1363     -9.37320e+00     -1.91120e+00      8.00000e+00    459s
  1366     -9.40020e+00     -1.91120e+00      8.00000e+00    460s
  1369     -9.70300e+00     -1.91120e+00      8.00000e+00    461s
  1373     -9.33420e+00     -1.91120e+00      8.00000e+00    462s
  1376     -9.69200e+00     -1.91120e+00      8.00000e+00    464s
  1379     -9.01520e+00     -1.91120e+00      8.00000e+00    465s
  1382     -9.28300e+00     -1.91120e+00      8.00000e+00    466s
  1385     -9.80620e+00     -1.91120e+00      8.00000e+00    467s
  1389     -9.41380e+00     -1.91120e+00      8.00000e+00    468s
  1392     -9.46160e+00     -1.91120e+00      8.00000e+00    469s
  1395     -9.61520e+00     -1.91120e+00      8.00000e+00    470s
  1399     -9.55020e+00     -1.91120e+00      8.00000e+00    472s
  1402     -9.69500e+00     -1.91120e+00      8.00000e+00    473s
  1406     -9.08160e+00     -1.91120e+00      8.00000e+00    474s
  1409     -9.33300e+00     -1.91120e+00      8.00000e+00    476s
  1413     -9.60940e+00     -1.91120e+00      8.00000e+00    477s
  1416     -9.11740e+00     -1.91120e+00      8.00000e+00    478s
  1420     -9.27080e+00     -1.91120e+00      8.00000e+00    479s
  1423     -9.67880e+00     -1.91120e+00      8.00000e+00    481s
  1426     -9.37780e+00     -1.91120e+00      8.00000e+00    482s
  1430     -9.63920e+00     -1.91120e+00      8.00000e+00    483s
  1433     -9.43660e+00     -1.91120e+00      8.00000e+00    484s
  1436     -9.74240e+00     -1.91120e+00      8.00000e+00    485s
  1439     -9.48620e+00     -1.91120e+00      8.00000e+00    486s
  1442     -9.43700e+00     -1.91120e+00      8.00000e+00    487s
  1445     -9.42280e+00     -1.91120e+00      8.00000e+00    488s
  1448     -9.46500e+00     -1.91120e+00      8.00000e+00    490s
  1452     -9.34740e+00     -1.91120e+00      8.00000e+00    491s
  1454     -9.07560e+00     -1.91120e+00      8.00000e+00    492s
  1457     -9.31860e+00     -1.91120e+00      8.00000e+00    493s
  1461     -9.62440e+00     -1.91120e+00      8.00000e+00    494s
  1464     -9.49160e+00     -1.91120e+00      8.00000e+00    495s
  1468     -9.48120e+00     -1.91120e+00      8.00000e+00    497s
  1471     -9.40260e+00     -1.91120e+00      8.00000e+00    498s
  1474     -9.77720e+00     -1.91120e+00      8.00000e+00    499s
  1477     -9.67300e+00     -1.91120e+00      8.00000e+00    500s
  1480     -9.47100e+00     -1.91120e+00      8.00000e+00    501s
  1484     -9.83120e+00     -1.91120e+00      8.00000e+00    502s
  1487     -9.90320e+00     -1.91120e+00      8.00000e+00    504s
  1490     -9.56000e+00     -1.91120e+00      8.00000e+00    505s
  1493     -9.60700e+00     -1.91120e+00      8.00000e+00    506s
  1496     -9.55620e+00     -1.91120e+00      8.00000e+00    507s
  1499     -9.72660e+00     -1.91120e+00      8.00000e+00    508s
  1502     -9.32140e+00     -1.91120e+00      8.00000e+00    509s
  1505     -9.21840e+00     -1.91120e+00      8.00000e+00    510s
  1509     -9.23520e+00     -1.91120e+00      8.00000e+00    512s
  1512     -9.58980e+00     -1.91120e+00      8.00000e+00    513s
  1516     -9.70400e+00     -1.91120e+00      8.00000e+00    514s
  1519     -9.47840e+00     -1.91120e+00      8.00000e+00    515s
  1523     -9.49680e+00     -1.91120e+00      8.00000e+00    517s
  1526     -9.35040e+00     -1.91120e+00      8.00000e+00    518s
  1530     -9.13120e+00     -1.91120e+00      8.00000e+00    519s
  1533     -9.60860e+00     -1.91120e+00      8.00000e+00    520s
  1536     -9.27560e+00     -1.91120e+00      8.00000e+00    521s
  1539     -9.78960e+00     -1.91120e+00      8.00000e+00    522s
  1541     -9.45860e+00     -1.91120e+00      8.00000e+00    523s
  1545     -9.57620e+00     -1.91120e+00      8.00000e+00    525s
  1548     -9.75800e+00     -1.91120e+00      8.00000e+00    526s
  1551     -9.33300e+00     -1.91120e+00      8.00000e+00    527s
  1555     -9.21520e+00     -1.91120e+00      8.00000e+00    528s
  1558     -9.28400e+00     -1.91120e+00      8.00000e+00    529s
  1562     -9.54900e+00     -1.91120e+00      8.00000e+00    531s
  1565     -9.47940e+00     -1.91120e+00      8.00000e+00    532s
  1569     -9.40000e+00     -1.91120e+00      8.00000e+00    533s
  1572     -9.64060e+00     -1.91120e+00      8.00000e+00    534s
  1575     -9.80600e+00     -1.91120e+00      8.00000e+00    536s
  1579     -9.67720e+00     -1.91120e+00      8.00000e+00    537s
  1582     -9.82120e+00     -1.91120e+00      8.00000e+00    538s
  1586     -9.30540e+00     -1.91120e+00      8.00000e+00    539s
  1589     -9.63900e+00     -1.91120e+00      8.00000e+00    541s
  1593     -9.41260e+00     -1.91120e+00      8.00000e+00    542s
  1596     -9.73900e+00     -1.91120e+00      8.00000e+00    543s
  1599     -9.66720e+00     -1.91120e+00      8.00000e+00    544s
  1603     -9.60580e+00     -1.91120e+00      8.00000e+00    546s
  1606     -9.62540e+00     -1.91120e+00      8.00000e+00    547s
  1610     -9.52560e+00     -1.91120e+00      8.00000e+00    548s
  1613     -9.35880e+00     -1.91120e+00      8.00000e+00    549s
  1617     -8.95800e+00     -1.91120e+00      8.00000e+00    551s
  1620     -9.62920e+00     -1.91120e+00      8.00000e+00    552s
  1623     -9.26880e+00     -1.91120e+00      8.00000e+00    553s
  1626     -9.64880e+00     -1.91120e+00      8.00000e+00    554s
  1629     -9.44620e+00     -1.91120e+00      8.00000e+00    555s
  1632     -9.69660e+00     -1.91120e+00      8.00000e+00    556s
  1635     -9.77360e+00     -1.91120e+00      8.00000e+00    557s
  1639     -8.98280e+00     -1.91120e+00      8.00000e+00    559s
  1642     -9.14800e+00     -1.91120e+00      8.00000e+00    560s
  1645     -9.73280e+00     -1.91120e+00      8.00000e+00    561s
  1649     -9.51880e+00     -1.91120e+00      8.00000e+00    562s
  1652     -1.00894e+01     -1.91120e+00      8.00000e+00    563s
  1656     -9.85680e+00     -1.91120e+00      8.00000e+00    565s
  1659     -9.93700e+00     -1.91120e+00      8.00000e+00    566s
  1662     -9.38300e+00     -1.91120e+00      8.00000e+00    567s
  1665     -9.67640e+00     -1.91120e+00      8.00000e+00    568s
  1668     -9.12100e+00     -1.91120e+00      8.00000e+00    569s
  1672     -9.52600e+00     -1.91120e+00      8.00000e+00    571s
  1674     -8.95420e+00     -1.91120e+00      8.00000e+00    572s
  1677     -9.46920e+00     -1.91120e+00      8.00000e+00    573s
  1680     -9.78420e+00     -1.91120e+00      8.00000e+00    574s
  1683     -9.87360e+00     -1.91120e+00      8.00000e+00    575s
  1687     -9.26620e+00     -1.91120e+00      8.00000e+00    576s
  1690     -9.23920e+00     -1.91120e+00      8.00000e+00    578s
  1694     -9.52380e+00     -1.91120e+00      8.00000e+00    579s
  1697     -9.60460e+00     -1.91120e+00      8.00000e+00    580s
  1701     -9.89360e+00     -1.91120e+00      8.00000e+00    582s
  1704     -9.40100e+00     -1.91120e+00      8.00000e+00    583s
  1707     -9.92700e+00     -1.91120e+00      8.00000e+00    584s
  1710     -9.88380e+00     -1.91120e+00      8.00000e+00    585s
  1713     -9.18600e+00     -1.91120e+00      8.00000e+00    586s
  1716     -8.98320e+00     -1.91120e+00      8.00000e+00    587s
  1719     -9.45400e+00     -1.91120e+00      8.00000e+00    588s
  1722     -9.27020e+00     -1.91120e+00      8.00000e+00    589s
  1726     -9.43640e+00     -1.91120e+00      8.00000e+00    591s
  1729     -9.96920e+00     -1.91120e+00      8.00000e+00    592s
  1733     -1.01880e+01     -1.91120e+00      8.00000e+00    593s
  1736     -9.65000e+00     -1.91120e+00      8.00000e+00    595s
  1739     -9.39920e+00     -1.91120e+00      8.00000e+00    596s
  1742     -9.02340e+00     -1.91120e+00      8.00000e+00    597s
  1745     -9.74040e+00     -1.91120e+00      8.00000e+00    598s
  1749     -9.24820e+00     -1.91120e+00      8.00000e+00    600s
  1752     -9.66720e+00     -1.91120e+00      8.00000e+00    601s
  1756     -1.04842e+01     -1.91120e+00      8.00000e+00    602s
  1759     -1.03186e+01     -1.91120e+00      8.00000e+00    603s
  1762     -9.48520e+00     -1.91120e+00      8.00000e+00    604s
  1765     -8.69580e+00     -1.91120e+00      8.00000e+00    605s
  1768     -9.01740e+00     -1.91120e+00      8.00000e+00    606s
  1772     -9.36140e+00     -1.91120e+00      8.00000e+00    608s
  1775     -9.51180e+00     -1.91120e+00      8.00000e+00    609s
  1778     -9.97560e+00     -1.91120e+00      8.00000e+00    610s
  1781     -1.08140e+01     -1.91120e+00      8.00000e+00    611s
  1784     -1.01960e+01     -1.91120e+00      8.00000e+00    612s
  1788     -9.16240e+00     -1.91120e+00      8.00000e+00    614s
  1791     -8.51520e+00     -1.91120e+00      8.00000e+00    615s
  1794     -8.72680e+00     -1.91120e+00      8.00000e+00    616s
  1798     -9.03120e+00     -1.91120e+00      8.00000e+00    617s
  1801     -9.44680e+00     -1.91120e+00      8.00000e+00    618s
  1805     -1.08556e+01     -1.91120e+00      8.00000e+00    619s
  1808     -1.07820e+01     -1.91120e+00      8.00000e+00    621s
  1812     -9.49660e+00     -1.91120e+00      8.00000e+00    622s
  1815     -8.64360e+00     -1.91120e+00      8.00000e+00    623s
  1818     -8.43780e+00     -1.91120e+00      8.00000e+00    624s
  1822     -9.27500e+00     -1.91120e+00      8.00000e+00    626s
  1825     -1.00238e+01     -1.91120e+00      8.00000e+00    627s
  1829     -1.03750e+01     -1.91120e+00      8.00000e+00    628s
  1832     -1.08374e+01     -1.91120e+00      8.00000e+00    629s
  1836     -9.83540e+00     -1.91120e+00      8.00000e+00    631s
  1839     -8.51780e+00     -1.91120e+00      8.00000e+00    632s
  1843     -8.93180e+00     -1.91120e+00      8.00000e+00    633s
  1846     -9.48000e+00     -1.91120e+00      8.00000e+00    634s
  1849     -9.79580e+00     -1.91120e+00      8.00000e+00    636s
  1852     -9.91260e+00     -1.91120e+00      8.00000e+00    637s
  1855     -1.15550e+01     -1.91120e+00      8.00000e+00    638s
  1859     -1.15152e+01     -1.91120e+00      8.00000e+00    639s
  1862     -9.72440e+00     -1.91120e+00      8.00000e+00    641s
  1866     -7.84360e+00     -1.91120e+00      8.00000e+00    642s
  1869     -8.24240e+00     -1.91120e+00      8.00000e+00    643s
  1872     -9.10300e+00     -1.91120e+00      8.00000e+00    644s
  1875     -9.69100e+00     -1.91120e+00      8.00000e+00    645s
  1878     -1.09506e+01     -1.91120e+00      8.00000e+00    647s
  1882     -1.15790e+01     -1.91120e+00      8.00000e+00    648s
  1885     -1.06276e+01     -1.91120e+00      8.00000e+00    649s
  1888     -8.82580e+00     -1.91120e+00      8.00000e+00    650s
  1891     -8.04040e+00     -1.91120e+00      8.00000e+00    652s
  1894     -8.28920e+00     -1.91120e+00      8.00000e+00    653s
  1897     -9.33000e+00     -1.91120e+00      8.00000e+00    654s
  1900     -9.45060e+00     -1.91120e+00      8.00000e+00    655s
  1904     -1.21548e+01     -1.91120e+00      8.00000e+00    656s
  1907     -1.26728e+01     -1.91120e+00      8.00000e+00    657s
  1911     -1.01240e+01     -1.91120e+00      8.00000e+00    659s
  1914     -8.56860e+00     -1.91120e+00      8.00000e+00    660s
  1917     -8.04960e+00     -1.91120e+00      8.00000e+00    661s
  1920     -7.77980e+00     -1.91120e+00      8.00000e+00    662s
  1923     -8.95960e+00     -1.91120e+00      8.00000e+00    664s
  1927     -1.08022e+01     -1.91120e+00      8.00000e+00    665s
  1930     -1.28686e+01     -1.91120e+00      8.00000e+00    666s
  1934     -1.19260e+01     -1.91120e+00      8.00000e+00    667s
  1936     -1.04868e+01     -1.91120e+00      8.00000e+00    668s
  1939     -8.10660e+00     -1.91120e+00      8.00000e+00    669s
  1943     -7.31800e+00     -1.91120e+00      8.00000e+00    671s
  1946     -8.34580e+00     -1.91120e+00      8.00000e+00    672s
  1950     -9.85600e+00     -1.91120e+00      8.00000e+00    673s
  1953     -1.30722e+01     -1.91120e+00      8.00000e+00    674s
  1957     -1.39674e+01     -1.91120e+00      8.00000e+00    676s
  1960     -1.13552e+01     -1.91120e+00      8.00000e+00    677s
  1963     -9.33260e+00     -1.91120e+00      8.00000e+00    678s
  1967     -8.02360e+00     -1.91120e+00      8.00000e+00    679s
  1970     -7.18140e+00     -1.91120e+00      8.00000e+00    681s
  1974     -9.40020e+00     -1.91120e+00      8.00000e+00    682s
  1977     -1.21364e+01     -1.91120e+00      8.00000e+00    683s
  1981     -1.41234e+01     -1.91120e+00      8.00000e+00    685s
  1984     -1.22968e+01     -1.91120e+00      8.00000e+00    686s
  1988     -8.34860e+00     -1.91120e+00      8.00000e+00    687s
  1991     -7.92460e+00     -1.91120e+00      8.00000e+00    689s
  1995     -7.30820e+00     -1.91120e+00      8.00000e+00    690s
  1998     -8.56700e+00     -1.91120e+00      8.00000e+00    691s
  2001     -1.14926e+01     -1.91120e+00      8.00000e+00    692s
  2004     -1.58716e+01     -1.91120e+00      8.00000e+00    693s
  2007     -1.52486e+01     -1.91120e+00      8.00000e+00    695s
  2011     -1.06026e+01     -1.91120e+00      8.00000e+00    696s
  2014     -8.70020e+00     -1.91120e+00      8.00000e+00    697s
  2018     -7.17660e+00     -1.91120e+00      8.00000e+00    699s
  2021     -6.18480e+00     -1.91120e+00      8.00000e+00    700s
  2024     -9.01460e+00     -1.91120e+00      8.00000e+00    701s
  2027     -1.32530e+01     -1.91120e+00      8.00000e+00    702s
  2030     -1.61298e+01     -1.91120e+00      8.00000e+00    703s
  2034     -1.25140e+01     -1.91120e+00      8.00000e+00    705s
  2037     -9.34700e+00     -1.91120e+00      8.00000e+00    706s
  2041     -7.42320e+00     -1.91120e+00      8.00000e+00    707s
  2044     -6.49340e+00     -1.91120e+00      8.00000e+00    708s
  2047     -6.91800e+00     -1.91120e+00      8.00000e+00    709s
  2050     -9.75040e+00     -1.91120e+00      8.00000e+00    711s
  2053     -1.47902e+01     -1.91120e+00      8.00000e+00    712s
  2056     -1.61654e+01     -1.91120e+00      8.00000e+00    713s
  2059     -1.34578e+01     -1.91120e+00      8.00000e+00    714s
  2063     -9.30780e+00     -1.91120e+00      8.00000e+00    715s
  2066     -8.00660e+00     -1.91120e+00      8.00000e+00    717s
  2069     -6.30900e+00     -1.91120e+00      8.00000e+00    718s
  2072     -6.87060e+00     -1.91120e+00      8.00000e+00    719s
  2075     -1.02258e+01     -1.91120e+00      8.00000e+00    720s
  2079     -1.63064e+01     -1.91120e+00      8.00000e+00    721s
  2082     -1.52726e+01     -1.91120e+00      8.00000e+00    723s
  2086     -1.00036e+01     -1.91120e+00      8.00000e+00    724s
  2089     -8.28440e+00     -1.91120e+00      8.00000e+00    725s
  2092     -7.11200e+00     -1.91120e+00      8.00000e+00    726s
  2095     -6.12040e+00     -1.91120e+00      8.00000e+00    727s
  2098     -8.28780e+00     -1.91120e+00      8.00000e+00    728s
  2102     -1.21826e+01     -1.91120e+00      8.00000e+00    730s
  2105     -1.51278e+01     -1.91120e+00      8.00000e+00    731s
  2109     -1.34366e+01     -1.91120e+00      8.00000e+00    732s
  2112     -9.43260e+00     -1.91120e+00      8.00000e+00    734s
  2115     -8.13720e+00     -1.91120e+00      8.00000e+00    735s
  2118     -8.11080e+00     -1.91120e+00      8.00000e+00    736s
  2121     -8.57400e+00     -1.91120e+00      8.00000e+00    737s
  2124     -9.22040e+00     -1.91120e+00      8.00000e+00    738s
  2127     -1.28294e+01     -1.91120e+00      8.00000e+00    740s
  2130     -1.55082e+01     -1.91120e+00      8.00000e+00    741s
  2133     -1.39730e+01     -1.91120e+00      8.00000e+00    742s
  2136     -1.03456e+01     -1.91120e+00      8.00000e+00    743s
  2140     -8.10460e+00     -1.91120e+00      8.00000e+00    744s
  2143     -8.21900e+00     -1.91120e+00      8.00000e+00    746s
  2147     -8.37320e+00     -1.91120e+00      8.00000e+00    747s
  2150     -9.17580e+00     -1.91120e+00      8.00000e+00    748s
  2153     -1.01986e+01     -1.91120e+00      8.00000e+00    749s
  2156     -1.40920e+01     -1.91120e+00      8.00000e+00    750s
  2159     -1.39498e+01     -1.91120e+00      8.00000e+00    752s
  2163     -8.98240e+00     -1.91120e+00      8.00000e+00    753s
  2166     -9.80740e+00     -1.91120e+00      8.00000e+00    754s
  2170     -1.30862e+01     -1.91120e+00      8.00000e+00    756s
  2173     -1.06008e+01     -1.91120e+00      8.00000e+00    757s
  2177     -9.70480e+00     -1.91120e+00      8.00000e+00    758s
  2180     -1.35318e+01     -1.91120e+00      8.00000e+00    759s
  2183     -1.41094e+01     -1.91120e+00      8.00000e+00    760s
  2186     -1.03964e+01     -1.91120e+00      8.00000e+00    761s
  2189     -8.25100e+00     -1.91120e+00      8.00000e+00    763s
  2193     -1.19466e+01     -1.91120e+00      8.00000e+00    764s
  2196     -1.19754e+01     -1.91120e+00      8.00000e+00    765s
  2199     -9.75320e+00     -1.91120e+00      8.00000e+00    766s
  2202     -7.23940e+00     -1.91120e+00      8.00000e+00    767s
  2205     -1.02160e+01     -1.91120e+00      8.00000e+00    769s
  2209     -1.38126e+01     -1.91120e+00      8.00000e+00    770s
  2212     -1.02310e+01     -1.91120e+00      8.00000e+00    771s
  2216     -1.10268e+01     -1.91120e+00      8.00000e+00    772s
  2219     -1.61010e+01     -1.91120e+00      8.00000e+00    773s
  2222     -1.52778e+01     -1.91120e+00      8.00000e+00    775s
  2225     -8.62060e+00     -1.91120e+00      8.00000e+00    776s
  2228     -7.92720e+00     -1.91120e+00      8.00000e+00    777s
  2232     -1.35646e+01     -1.91120e+00      8.00000e+00    778s
  2235     -1.22338e+01     -1.91120e+00      8.00000e+00    780s
  2239     -9.20440e+00     -1.91120e+00      8.00000e+00    781s
  2242     -1.41016e+01     -1.91120e+00      8.00000e+00    782s
  2245     -1.69446e+01     -1.91120e+00      8.00000e+00    783s
  2248     -1.15838e+01     -1.91120e+00      8.00000e+00    784s
  2251     -7.38860e+00     -1.91120e+00      8.00000e+00    785s
  2255     -9.93900e+00     -1.91120e+00      8.00000e+00    787s
  2258     -1.32894e+01     -1.91120e+00      8.00000e+00    788s
  2262     -1.01176e+01     -1.91120e+00      8.00000e+00    789s
  2265     -1.04580e+01     -1.91120e+00      8.00000e+00    790s
  2268     -1.63120e+01     -1.91120e+00      8.00000e+00    791s
  2271     -1.79288e+01     -1.91120e+00      8.00000e+00    793s
  2274     -1.05110e+01     -1.91120e+00      8.00000e+00    794s
  2278     -7.41720e+00     -1.91120e+00      8.00000e+00    795s
  2281     -1.24470e+01     -1.91120e+00      8.00000e+00    796s
  2285     -1.18800e+01     -1.91120e+00      8.00000e+00    797s
  2288     -8.82360e+00     -1.91120e+00      8.00000e+00    799s
  2291     -1.34782e+01     -1.91120e+00      8.00000e+00    800s
  2295     -1.89142e+01     -1.91120e+00      8.00000e+00    801s
  2298     -1.20822e+01     -1.91120e+00      8.00000e+00    802s
  2302     -8.81760e+00     -1.91120e+00      8.00000e+00    804s
  2305     -1.21696e+01     -1.91120e+00      8.00000e+00    805s
  2309     -1.29972e+01     -1.91120e+00      8.00000e+00    806s
  2312     -9.55720e+00     -1.91120e+00      8.00000e+00    807s
  2315     -1.12800e+01     -1.91120e+00      8.00000e+00    809s
  2319     -1.61732e+01     -1.91120e+00      8.00000e+00    810s
  2322     -1.36256e+01     -1.91120e+00      8.00000e+00    811s
  2326     -8.38160e+00     -1.91120e+00      8.00000e+00    812s
  2329     -1.09932e+01     -1.91120e+00      8.00000e+00    814s
  2333     -1.34480e+01     -1.91120e+00      8.00000e+00    815s
  2335     -1.11444e+01     -1.91120e+00      8.00000e+00    816s
  2338     -9.70920e+00     -1.91120e+00      8.00000e+00    817s
  2341     -1.40978e+01     -1.91120e+00      8.00000e+00    818s
  2344     -1.62264e+01     -1.91120e+00      8.00000e+00    819s
  2347     -1.32506e+01     -1.91120e+00      8.00000e+00    820s
  2350     -9.63900e+00     -1.91120e+00      8.00000e+00    822s
  2353     -1.32812e+01     -1.91120e+00      8.00000e+00    823s
  2357     -1.46482e+01     -1.91120e+00      8.00000e+00    824s
  2360     -1.01388e+01     -1.91120e+00      8.00000e+00    825s
  2364     -1.08170e+01     -1.91120e+00      8.00000e+00    827s
  2367     -1.41802e+01     -1.91120e+00      8.00000e+00    828s
  2371     -1.09536e+01     -1.91120e+00      8.00000e+00    829s
  2374     -9.56060e+00     -1.91120e+00      8.00000e+00    830s
  2378     -1.38476e+01     -1.91120e+00      8.00000e+00    832s
  2381     -1.49514e+01     -1.91120e+00      8.00000e+00    833s
  2384     -1.12140e+01     -1.91120e+00      8.00000e+00    834s
  2387     -9.72800e+00     -1.91120e+00      8.00000e+00    835s
  2390     -1.27508e+01     -1.91120e+00      8.00000e+00    836s
  2394     -1.33620e+01     -1.91120e+00      8.00000e+00    838s
  2397     -9.71140e+00     -1.91120e+00      8.00000e+00    839s
  2401     -1.10894e+01     -1.91120e+00      8.00000e+00    841s
  2404     -1.63286e+01     -1.91120e+00      8.00000e+00    842s
  2408     -1.23680e+01     -1.91120e+00      8.00000e+00    843s
  2411     -9.10260e+00     -1.91120e+00      8.00000e+00    844s
  2414     -1.15996e+01     -1.91120e+00      8.00000e+00    845s
  2418     -1.25160e+01     -1.91120e+00      8.00000e+00    847s
  2421     -8.34480e+00     -1.91120e+00      8.00000e+00    848s
  2425     -1.06024e+01     -1.91120e+00      8.00000e+00    849s
  2428     -1.52796e+01     -1.91120e+00      8.00000e+00    851s
  2432     -1.30412e+01     -1.91120e+00      8.00000e+00    852s
  2435     -8.68240e+00     -1.91120e+00      8.00000e+00    853s
  2439     -1.20188e+01     -1.91120e+00      8.00000e+00    855s
  2442     -1.30152e+01     -1.91120e+00      8.00000e+00    856s
  2445     -9.59400e+00     -1.91120e+00      8.00000e+00    857s
  2448     -8.62760e+00     -1.91120e+00      8.00000e+00    858s
  2451     -1.12178e+01     -1.91120e+00      8.00000e+00    859s
  2455     -1.43958e+01     -1.91120e+00      8.00000e+00    860s
  2458     -1.15866e+01     -1.91120e+00      8.00000e+00    862s
  2462     -9.43400e+00     -1.91120e+00      8.00000e+00    863s
  2465     -1.26744e+01     -1.91120e+00      8.00000e+00    864s
  2468     -1.29986e+01     -1.91120e+00      8.00000e+00    865s
  2471     -8.83220e+00     -1.91120e+00      8.00000e+00    866s
  2474     -9.22860e+00     -1.91120e+00      8.00000e+00    868s
  2478     -1.45638e+01     -1.91120e+00      8.00000e+00    869s
  2481     -1.34492e+01     -1.91120e+00      8.00000e+00    870s
  2485     -9.21760e+00     -1.91120e+00      8.00000e+00    871s
  2488     -1.11784e+01     -1.91120e+00      8.00000e+00    873s
  2491     -1.38570e+01     -1.91120e+00      8.00000e+00    874s
  2495     -1.02152e+01     -1.91120e+00      8.00000e+00    875s
  2498     -8.70000e+00     -1.91120e+00      8.00000e+00    876s

==================================================
Summary of results QAOA
--------------------------------------------------
Avg of QAOA obj (BQO obj):    2.39
Avg of QAOA obj (penalty):    -4.30
Avg of constraint violation:  2.25

Avg of QAOA obj:              -1.91
STD of QAOA obj:              2.09
Avg of QAOA obj (feasible):   4.06
STD of QAOA obj (feasible):   0.65

Gamma angles:                 0.26
Beta angles:                  0.38

Best QAOA obj:                8.00
Modified best QAOA obj:       8.00
Best QAOA obj (feasible):     8.00

QAOA total time:              876.66s
QAOA circuit depth:           16
==================================================

==================================================
Summary of results of 0-S7
--------------------------------------------------
Number of vertices:           7
Number of edges:              18

Vertex num in largest comp:   7
Edge num in largest comp:     18

Pre-processing running time:  0.00
Total solver time:            876.31
Running time:                 880.44

Upper bound:                  11.00
Objective value:              8.00

Partition 0:                  1, 4, 5             
Partition 1:                  3, 6                
Partition 2:                  2, 7                
==================================================
