==================================================
Instance parameters
--------------------------------------------------
Number of vertices:           6
Number of edges:              15
Number of partitions:         4

Density (%):                  100
Name of instance:             seed1_band_pen_1.8
Is planar:                    False
==================================================

==================================================
Solver parameters
--------------------------------------------------
Method:                       QUBO
Peel:                         False
Decompose:                    False
Fold:                         False

QAOA Num Levels:              1
QAOA Scipy Optimizer:         brute
==================================================

  iter        avg-obj        best avg-obj       best-obj      time
     0     -2.24934e+01     -2.24934e+01      7.00000e+00      1s
     4     -2.28772e+01     -2.24934e+01      7.00000e+00      3s
     7     -2.25148e+01     -2.24934e+01      7.00000e+00      4s
    11     -2.24420e+01     -2.23971e+01      7.00000e+00      5s
    14     -2.26236e+01     -2.23971e+01      7.00000e+00      6s
    17     -2.29411e+01     -2.23971e+01      7.00000e+00      7s
    21     -2.23614e+01     -2.21680e+01      7.00000e+00      8s
    24     -2.27386e+01     -2.21680e+01      7.00000e+00      9s
    27     -2.33707e+01     -2.21680e+01      7.00000e+00     10s
    30     -2.18977e+01     -2.18977e+01      7.00000e+00     11s
    33     -2.31266e+01     -2.18977e+01      7.00000e+00     12s
    37     -2.24849e+01     -2.18977e+01      9.00000e+00     14s
    40     -2.23297e+01     -2.18977e+01      9.00000e+00     15s
    43     -2.27377e+01     -2.18977e+01      9.00000e+00     16s
    47     -2.25354e+01     -2.18977e+01      9.00000e+00     17s
    51     -1.23420e+01     -1.23420e+01      9.00000e+00     18s
    54     -1.67365e+00     -1.67365e+00      9.00000e+00     19s
    57     -1.17069e+01     -1.67365e+00      9.00000e+00     20s
    60     -1.67122e+01     -1.67365e+00      9.00000e+00     21s
    63     -2.77817e+01     -1.67365e+00      9.00000e+00     23s
    66     -5.40974e+01     -1.67365e+00      9.00000e+00     24s
    70     -7.13354e+01     -1.67365e+00      9.00000e+00     25s
    74     -2.92192e+01     -1.67365e+00      9.00000e+00     26s
    77     -3.02325e+00     -1.67365e+00      9.00000e+00     27s
    80     -6.06180e+00     -1.18365e+00      9.00000e+00     28s
    84     -1.61125e+01     -1.18365e+00      9.00000e+00     29s
    87     -2.45049e+01     -1.18365e+00      9.00000e+00     31s
    90     -4.77392e+01     -1.18365e+00      9.00000e+00     32s
    94     -7.25982e+01     -1.18365e+00      9.00000e+00     33s
    97     -4.89813e+01     -1.18365e+00      9.00000e+00     34s
   100     -2.26302e+01     -1.18365e+00      9.00000e+00     35s
   103     -1.10890e+01     -1.18365e+00      9.00000e+00     36s
   106     -1.30637e+01     -1.18365e+00      9.00000e+00     37s
   110     -1.40309e+01     -1.18365e+00      9.00000e+00     38s
   113     -2.81626e+01     -1.18365e+00      9.00000e+00     39s
   117     -6.52580e+01     -1.18365e+00      9.00000e+00     41s
   121     -5.83687e+01     -1.18365e+00      9.00000e+00     42s
   125     -1.97624e+01     -1.18365e+00      9.00000e+00     43s
   129     -1.15821e+01     -1.18365e+00      9.00000e+00     44s
   133     -1.42699e+01     -1.18365e+00      9.00000e+00     46s
   137     -2.46200e+01     -1.18365e+00      9.00000e+00     47s
   140     -5.27597e+01     -1.18365e+00      9.00000e+00     48s
   144     -6.89678e+01     -1.18365e+00      9.00000e+00     49s
   148     -3.25197e+01     -1.18365e+00      9.00000e+00     50s
   151     -2.31726e+01     -1.18365e+00      9.00000e+00     51s
   154     -2.89238e+01     -1.18365e+00      9.00000e+00     52s
   157     -2.64793e+01     -1.18365e+00      9.00000e+00     53s
   160     -1.68719e+01     -1.18365e+00      9.00000e+00     54s
   163     -2.73338e+01     -1.18365e+00      9.00000e+00     55s
   166     -4.49712e+01     -1.18365e+00      9.00000e+00     56s
   169     -4.67415e+01     -1.18365e+00      9.00000e+00     58s
   172     -3.04272e+01     -1.18365e+00      9.00000e+00     59s
   176     -2.36746e+01     -1.18365e+00      9.00000e+00     60s
   179     -2.96177e+01     -1.18365e+00      9.00000e+00     61s
   183     -2.12387e+01     -1.18365e+00      9.00000e+00     62s
   186     -1.95510e+01     -1.18365e+00      9.00000e+00     63s
   189     -3.77297e+01     -1.18365e+00      9.00000e+00     64s
   192     -4.88301e+01     -1.18365e+00      9.00000e+00     65s
   195     -3.79420e+01     -1.18365e+00      9.00000e+00     66s
   199     -2.25310e+01     -1.18365e+00      9.00000e+00     68s
   202     -2.66151e+01     -1.18365e+00      9.00000e+00     69s
   205     -3.13332e+01     -1.18365e+00      9.00000e+00     70s
   208     -2.60901e+01     -1.18365e+00      9.00000e+00     71s
   211     -2.12593e+01     -1.18365e+00      9.00000e+00     72s
   214     -2.63681e+01     -1.18365e+00      9.00000e+00     73s
   217     -3.34200e+01     -1.18365e+00      9.00000e+00     74s
   220     -2.87641e+01     -1.18365e+00      9.00000e+00     76s
   223     -2.24890e+01     -1.18365e+00      9.00000e+00     77s
   226     -2.58403e+01     -1.18365e+00      9.00000e+00     78s
   229     -3.04420e+01     -1.18365e+00      9.00000e+00     79s
   232     -2.81671e+01     -1.18365e+00      9.00000e+00     80s
   235     -2.13566e+01     -1.18365e+00      9.00000e+00     81s
   238     -2.59332e+01     -1.18365e+00      9.00000e+00     82s
   241     -3.42041e+01     -1.18365e+00      9.00000e+00     83s
   244     -2.97229e+01     -1.18365e+00      9.00000e+00     84s
   248     -2.26583e+01     -1.18365e+00      9.00000e+00     86s
   251     -2.38457e+01     -1.18365e+00      9.00000e+00     87s
   254     -3.06736e+01     -1.18365e+00      9.00000e+00     88s
   257     -3.20466e+01     -1.18365e+00      9.00000e+00     89s
   260     -2.48028e+01     -1.18365e+00      9.00000e+00     90s
   263     -2.33525e+01     -1.18365e+00      9.00000e+00     91s
   266     -3.06042e+01     -1.18365e+00      9.00000e+00     92s
   269     -3.38092e+01     -1.18365e+00      9.00000e+00     93s
   272     -2.58040e+01     -1.18365e+00      9.00000e+00     94s
   275     -2.32238e+01     -1.18365e+00      9.00000e+00     95s
   278     -2.94314e+01     -1.18365e+00      9.00000e+00     97s
   281     -3.17169e+01     -1.18365e+00      9.00000e+00     98s
   284     -2.55917e+01     -1.18365e+00      9.00000e+00     99s
   287     -2.22728e+01     -1.18365e+00      9.00000e+00    100s
   290     -2.93115e+01     -1.18365e+00      9.00000e+00    101s
   293     -3.21538e+01     -1.18365e+00      9.00000e+00    102s
   296     -2.57570e+01     -1.18365e+00      9.00000e+00    103s
   300     -2.25441e+01     -1.18365e+00      9.00000e+00    104s
   304     -2.96729e+01     -1.18365e+00      9.00000e+00    105s
   307     -2.88252e+01     -1.18365e+00      9.00000e+00    107s
   310     -2.44070e+01     -1.18365e+00      9.00000e+00    108s
   313     -2.45665e+01     -1.18365e+00      9.00000e+00    109s
   316     -3.06705e+01     -1.18365e+00      9.00000e+00    110s
   320     -2.97344e+01     -1.18365e+00      9.00000e+00    111s
   324     -2.29082e+01     -1.18365e+00      9.00000e+00    112s
   327     -2.70102e+01     -1.18365e+00      9.00000e+00    113s
   330     -3.02956e+01     -1.18365e+00      9.00000e+00    114s
   333     -2.64277e+01     -1.18365e+00      9.00000e+00    115s
   337     -2.29189e+01     -1.18365e+00      9.00000e+00    117s
   340     -2.98982e+01     -1.18365e+00      9.00000e+00    118s
   343     -3.17786e+01     -1.18365e+00      9.00000e+00    119s
   346     -2.60544e+01     -1.18365e+00      9.00000e+00    120s
   349     -2.31346e+01     -1.18365e+00      9.00000e+00    121s
   353     -1.94645e+01     -1.18365e+00      9.00000e+00    122s
   356     -2.17253e+01     -1.18365e+00      9.00000e+00    123s
   359     -2.26929e+01     -1.18365e+00      9.00000e+00    124s
   362     -2.33713e+01     -1.18365e+00      9.00000e+00    126s
   365     -2.64435e+01     -1.18365e+00      9.00000e+00    127s
   368     -3.26140e+01     -1.18365e+00      9.00000e+00    128s
   371     -2.99199e+01     -1.18365e+00      9.00000e+00    129s
   374     -2.37629e+01     -1.18365e+00      9.00000e+00    130s
   377     -1.98152e+01     -1.18365e+00      9.00000e+00    131s
   381     -2.21231e+01     -1.18365e+00      9.00000e+00    132s
   384     -2.24293e+01     -1.18365e+00      9.00000e+00    133s
   387     -2.35518e+01     -1.18365e+00      9.00000e+00    134s
   391     -2.94705e+01     -1.18365e+00      9.00000e+00    136s
   394     -3.24048e+01     -1.18365e+00      9.00000e+00    137s
   397     -2.69352e+01     -1.18365e+00      9.00000e+00    138s
   400     -2.26569e+01     -1.18365e+00      9.00000e+00    139s
   403     -1.99790e+01     -1.18365e+00      9.00000e+00    140s
   406     -2.30272e+01     -1.18365e+00      9.00000e+00    141s
   409     -2.50160e+01     -1.18365e+00      9.00000e+00    142s
   413     -2.28056e+01     -1.18365e+00      9.00000e+00    143s
   416     -2.73077e+01     -1.18365e+00      9.00000e+00    144s
   419     -3.24184e+01     -1.18365e+00      9.00000e+00    145s
   422     -2.91585e+01     -1.18365e+00      9.00000e+00    146s
   425     -2.26358e+01     -1.18365e+00      9.00000e+00    147s
   428     -2.09085e+01     -1.18365e+00      9.00000e+00    149s
   431     -2.29964e+01     -1.18365e+00      9.00000e+00    150s
   434     -2.43069e+01     -1.18365e+00      9.00000e+00    151s
   438     -2.24160e+01     -1.18365e+00      9.00000e+00    152s
   441     -2.76930e+01     -1.18365e+00      9.00000e+00    153s
   445     -3.27991e+01     -1.18365e+00      9.00000e+00    154s
   448     -2.47087e+01     -1.18365e+00      9.00000e+00    155s
   451     -2.49469e+01     -1.18365e+00      9.00000e+00    156s
   454     -2.87189e+01     -1.18365e+00      9.00000e+00    158s
   457     -2.85692e+01     -1.18365e+00      9.00000e+00    159s
   461     -2.38047e+01     -1.18365e+00      9.00000e+00    160s
   464     -2.19726e+01     -1.18365e+00      9.00000e+00    161s
   467     -2.12859e+01     -1.18365e+00      9.00000e+00    162s
   470     -1.95867e+01     -1.18365e+00      9.00000e+00    163s
   473     -2.09629e+01     -1.18365e+00      9.00000e+00    164s
   476     -2.61275e+01     -1.18365e+00      9.00000e+00    165s
   479     -2.85583e+01     -1.18365e+00      9.00000e+00    166s
   482     -2.87692e+01     -1.18365e+00      9.00000e+00    168s
   485     -2.47318e+01     -1.18365e+00      9.00000e+00    169s
   489     -2.15199e+01     -1.18365e+00      9.00000e+00    170s
   492     -2.04907e+01     -1.18365e+00      9.00000e+00    171s
   496     -1.96997e+01     -1.18365e+00      9.00000e+00    172s
   499     -2.29990e+01     -1.18365e+00      9.00000e+00    173s
   502     -2.81166e+01     -1.18365e+00      9.00000e+00    174s
   505     -3.29252e+01     -1.18365e+00      9.00000e+00    175s
   508     -2.91022e+01     -1.18365e+00      9.00000e+00    176s
   511     -2.45046e+01     -1.18365e+00      9.00000e+00    177s
   514     -2.14909e+01     -1.18365e+00      9.00000e+00    179s
   517     -1.95305e+01     -1.18365e+00      9.00000e+00    180s
   520     -1.65058e+01     -1.18365e+00      9.00000e+00    181s
   523     -1.92024e+01     -1.18365e+00      9.00000e+00    182s
   526     -2.77517e+01     -1.18365e+00      9.00000e+00    183s
   529     -3.21826e+01     -1.18365e+00      9.00000e+00    184s
   532     -2.88246e+01     -1.18365e+00      9.00000e+00    185s
   535     -2.46881e+01     -1.18365e+00      9.00000e+00    186s
   538     -2.24791e+01     -1.18365e+00      9.00000e+00    187s
   541     -1.97258e+01     -1.18365e+00      9.00000e+00    188s
   544     -1.59642e+01     -1.18365e+00      9.00000e+00    189s
   547     -1.84013e+01     -1.18365e+00      9.00000e+00    190s
   550     -2.28916e+01     -1.18365e+00      9.00000e+00    191s
   554     -2.36258e+01     -1.18365e+00      9.00000e+00    193s
   557     -2.50334e+01     -1.18365e+00      9.00000e+00    194s
   561     -2.28550e+01     -1.18365e+00      9.00000e+00    195s
   564     -2.20817e+01     -1.18365e+00      9.00000e+00    196s
   567     -2.32033e+01     -1.18365e+00      9.00000e+00    197s
   570     -2.30952e+01     -1.18365e+00      9.00000e+00    198s
   573     -2.36145e+01     -1.18365e+00      9.00000e+00    199s
   577     -2.30590e+01     -1.18365e+00      9.00000e+00    200s
   580     -2.47602e+01     -1.18365e+00      9.00000e+00    201s
   583     -2.45193e+01     -1.18365e+00      9.00000e+00    203s
   587     -2.30820e+01     -1.18365e+00      9.00000e+00    204s
   590     -2.29137e+01     -1.18365e+00      9.00000e+00    205s
   593     -2.38005e+01     -1.18365e+00      9.00000e+00    206s
   597     -2.35115e+01     -1.18365e+00      9.00000e+00    207s
   600     -2.33238e+01     -1.18365e+00      9.00000e+00    208s
   603     -1.88900e+01     -1.18365e+00      9.00000e+00    209s
   607     -1.97027e+01     -1.18365e+00      9.00000e+00    210s
   610     -2.19560e+01     -1.18365e+00      9.00000e+00    212s
   613     -2.27741e+01     -1.18365e+00      9.00000e+00    213s
   616     -2.56348e+01     -1.18365e+00      9.00000e+00    214s
   619     -2.74922e+01     -1.18365e+00      9.00000e+00    215s
   622     -2.61189e+01     -1.18365e+00      9.00000e+00    216s
   626     -2.03031e+01     -1.18365e+00      9.00000e+00    217s
   629     -1.92805e+01     -1.18365e+00      9.00000e+00    218s
   632     -2.17948e+01     -1.18365e+00      9.00000e+00    219s
   636     -2.29665e+01     -1.18365e+00      9.00000e+00    221s
   639     -2.45377e+01     -1.18365e+00      9.00000e+00    222s
   642     -2.78654e+01     -1.18365e+00      9.00000e+00    223s
   645     -2.74011e+01     -1.18365e+00      9.00000e+00    224s
   648     -2.38727e+01     -1.18365e+00      9.00000e+00    225s
   652     -2.23106e+01     -1.18365e+00      9.00000e+00    226s
   655     -2.10288e+01     -1.18365e+00      9.00000e+00    227s
   658     -2.12378e+01     -1.18365e+00      9.00000e+00    228s
   661     -2.18524e+01     -1.18365e+00      9.00000e+00    230s
   664     -2.44142e+01     -1.18365e+00      9.00000e+00    231s
   667     -2.54890e+01     -1.18365e+00      9.00000e+00    232s
   670     -2.43395e+01     -1.18365e+00      9.00000e+00    233s
   673     -2.37111e+01     -1.18365e+00      9.00000e+00    234s
   676     -2.19034e+01     -1.18365e+00      9.00000e+00    235s
   679     -2.09129e+01     -1.18365e+00      9.00000e+00    236s
   682     -2.11361e+01     -1.18365e+00      9.00000e+00    237s
   685     -2.11433e+01     -1.18365e+00      9.00000e+00    238s
   689     -2.53467e+01     -1.18365e+00      9.00000e+00    239s
   692     -2.61392e+01     -1.18365e+00      9.00000e+00    240s
   695     -2.41857e+01     -1.18365e+00      9.00000e+00    242s
   698     -2.26589e+01     -1.18365e+00      9.00000e+00    243s
   701     -2.24061e+01     -1.18365e+00      9.00000e+00    244s
   704     -2.43698e+01     -1.18365e+00      9.00000e+00    245s
   707     -2.26155e+01     -1.18365e+00      9.00000e+00    246s
   710     -2.29033e+01     -1.18365e+00      9.00000e+00    247s
   713     -2.33169e+01     -1.18365e+00      9.00000e+00    248s
   717     -2.25708e+01     -1.18365e+00      9.00000e+00    249s
   720     -2.24880e+01     -1.18365e+00      9.00000e+00    250s
   723     -2.29472e+01     -1.18365e+00      9.00000e+00    252s
   726     -2.36911e+01     -1.18365e+00      9.00000e+00    253s
   729     -2.28757e+01     -1.18365e+00      9.00000e+00    254s
   732     -2.22842e+01     -1.18365e+00      9.00000e+00    255s
   736     -2.26934e+01     -1.18365e+00      9.00000e+00    256s
   739     -2.33156e+01     -1.18365e+00      9.00000e+00    257s
   742     -2.35943e+01     -1.18365e+00      9.00000e+00    258s
   745     -2.16981e+01     -1.18365e+00      9.00000e+00    259s
   748     -2.21368e+01     -1.18365e+00      9.00000e+00    261s
   751     -2.27203e+01     -1.18365e+00      9.00000e+00    262s
   754     -2.27383e+01     -1.18365e+00      9.00000e+00    263s
   758     -2.36225e+01     -1.18365e+00      9.00000e+00    264s
   761     -2.34503e+01     -1.18365e+00      9.00000e+00    265s
   765     -2.28321e+01     -1.18365e+00      9.00000e+00    266s
   768     -2.21350e+01     -1.18365e+00      9.00000e+00    267s
   771     -2.25680e+01     -1.18365e+00      9.00000e+00    268s
   774     -2.23980e+01     -1.18365e+00      9.00000e+00    270s
   777     -2.38159e+01     -1.18365e+00      9.00000e+00    271s
   781     -2.40318e+01     -1.18365e+00      9.00000e+00    272s
   785     -2.24897e+01     -1.18365e+00      9.00000e+00    273s
   789     -2.28618e+01     -1.18365e+00      9.00000e+00    275s
   792     -2.14268e+01     -1.18365e+00      9.00000e+00    276s
   795     -2.18776e+01     -1.18365e+00      9.00000e+00    277s
   799     -2.33563e+01     -1.18365e+00      9.00000e+00    278s
   802     -2.29272e+01     -1.18365e+00      9.00000e+00    279s
   806     -2.32204e+01     -1.18365e+00      9.00000e+00    281s
   810     -2.23006e+01     -1.18365e+00      9.00000e+00    282s
   813     -2.24069e+01     -1.18365e+00      9.00000e+00    283s
   816     -2.21631e+01     -1.18365e+00      9.00000e+00    284s
   819     -2.23686e+01     -1.18365e+00      9.00000e+00    285s
   823     -2.26068e+01     -1.18365e+00      9.00000e+00    286s
   826     -2.34651e+01     -1.18365e+00      9.00000e+00    287s
   830     -2.36583e+01     -1.18365e+00      9.00000e+00    289s
   833     -2.30355e+01     -1.18365e+00      9.00000e+00    290s
   836     -2.39389e+01     -1.18365e+00      9.00000e+00    291s
   840     -2.20961e+01     -1.18365e+00      9.00000e+00    292s
   843     -2.25142e+01     -1.18365e+00      9.00000e+00    293s
   847     -2.31527e+01     -1.18365e+00      9.00000e+00    295s
   850     -2.30041e+01     -1.18365e+00      9.00000e+00    296s
   853     -2.20689e+01     -1.18365e+00      9.00000e+00    297s
   856     -2.30643e+01     -1.18365e+00      9.00000e+00    298s
   860     -2.33170e+01     -1.18365e+00      9.00000e+00    299s
   863     -2.24965e+01     -1.18365e+00      9.00000e+00    300s
   866     -2.19703e+01     -1.18365e+00      9.00000e+00    301s
   869     -2.20933e+01     -1.18365e+00      9.00000e+00    302s
   873     -2.26970e+01     -1.18365e+00      9.00000e+00    304s
   876     -2.24377e+01     -1.18365e+00      9.00000e+00    305s
   880     -2.31896e+01     -1.18365e+00      9.00000e+00    306s
   883     -2.27634e+01     -1.18365e+00      9.00000e+00    307s
   886     -2.31836e+01     -1.18365e+00      9.00000e+00    308s
   889     -2.30927e+01     -1.18365e+00      9.00000e+00    309s
   892     -2.26334e+01     -1.18365e+00      9.00000e+00    310s
   896     -2.26808e+01     -1.18365e+00      9.00000e+00    312s
   899     -2.28019e+01     -1.18365e+00      9.00000e+00    313s
   902     -2.28022e+01     -1.18365e+00      9.00000e+00    314s
   905     -2.24755e+01     -1.18365e+00      9.00000e+00    315s
   908     -2.28470e+01     -1.18365e+00      9.00000e+00    316s
   912     -2.36514e+01     -1.18365e+00      9.00000e+00    317s
   915     -2.19580e+01     -1.18365e+00      9.00000e+00    318s
   918     -2.21397e+01     -1.18365e+00      9.00000e+00    320s
   921     -2.19613e+01     -1.18365e+00      9.00000e+00    321s
   925     -2.18710e+01     -1.18365e+00      9.00000e+00    322s
   929     -2.13507e+01     -1.18365e+00      9.00000e+00    323s
   932     -2.23040e+01     -1.18365e+00      9.00000e+00    324s
   935     -2.38217e+01     -1.18365e+00      9.00000e+00    326s
   938     -2.31139e+01     -1.18365e+00      9.00000e+00    327s
   941     -2.20316e+01     -1.18365e+00      9.00000e+00    328s
   944     -2.17637e+01     -1.18365e+00      9.00000e+00    329s
   947     -2.28340e+01     -1.18365e+00      9.00000e+00    330s
   950     -2.23221e+01     -1.18365e+00      9.00000e+00    331s
   953     -2.27380e+01     -1.18365e+00      9.00000e+00    332s
   957     -2.19912e+01     -1.18365e+00      9.00000e+00    333s
   960     -2.33203e+01     -1.18365e+00      9.00000e+00    335s
   963     -2.31398e+01     -1.18365e+00      9.00000e+00    336s
   966     -2.19341e+01     -1.18365e+00      9.00000e+00    337s
   969     -2.17137e+01     -1.18365e+00      9.00000e+00    338s
   972     -2.17540e+01     -1.18365e+00      9.00000e+00    339s
   975     -2.32055e+01     -1.18365e+00      9.00000e+00    340s
   978     -2.21954e+01     -1.18365e+00      9.00000e+00    341s
   981     -2.16368e+01     -1.18365e+00      9.00000e+00    342s
   985     -2.28528e+01     -1.18365e+00      9.00000e+00    343s
   988     -2.20241e+01     -1.18365e+00      9.00000e+00    344s
   991     -2.36550e+01     -1.18365e+00      9.00000e+00    346s
   994     -2.12460e+01     -1.18365e+00      9.00000e+00    347s
   998     -2.28033e+01     -1.18365e+00      9.00000e+00    348s
  1001     -2.22641e+01     -1.18365e+00      9.00000e+00    349s
  1004     -2.28840e+01     -1.18365e+00      9.00000e+00    350s
  1007     -2.25042e+01     -1.18365e+00      9.00000e+00    351s
  1010     -2.30941e+01     -1.18365e+00      9.00000e+00    352s
  1013     -2.24836e+01     -1.18365e+00      9.00000e+00    353s
  1016     -2.32783e+01     -1.18365e+00      9.00000e+00    354s
  1019     -2.29839e+01     -1.18365e+00      9.00000e+00    356s
  1022     -2.23607e+01     -1.18365e+00      9.00000e+00    357s
  1025     -2.33738e+01     -1.18365e+00      9.00000e+00    358s
  1028     -2.34166e+01     -1.18365e+00      9.00000e+00    359s
  1031     -2.28741e+01     -1.18365e+00      9.00000e+00    360s
  1034     -2.26940e+01     -1.18365e+00      9.00000e+00    361s
  1037     -2.20261e+01     -1.18365e+00      9.00000e+00    362s
  1040     -2.29863e+01     -1.18365e+00      9.00000e+00    363s
  1043     -2.23809e+01     -1.18365e+00      9.00000e+00    364s
  1046     -2.29044e+01     -1.18365e+00      9.00000e+00    365s
  1049     -2.32332e+01     -1.18365e+00      9.00000e+00    367s
  1052     -2.29059e+01     -1.18365e+00      9.00000e+00    368s
  1055     -2.29885e+01     -1.18365e+00      9.00000e+00    369s
  1059     -2.32533e+01     -1.18365e+00      9.00000e+00    370s
  1062     -2.38800e+01     -1.18365e+00      9.00000e+00    371s
  1065     -2.32548e+01     -1.18365e+00      9.00000e+00    372s
  1068     -2.26486e+01     -1.18365e+00      9.00000e+00    373s
  1071     -2.21411e+01     -1.18365e+00      9.00000e+00    375s
  1074     -2.25690e+01     -1.18365e+00      9.00000e+00    376s
  1077     -2.30242e+01     -1.18365e+00      9.00000e+00    377s
  1080     -2.27304e+01     -1.18365e+00      9.00000e+00    378s
  1083     -2.31738e+01     -1.18365e+00      9.00000e+00    379s
  1087     -2.28460e+01     -1.18365e+00      9.00000e+00    380s
  1090     -2.30285e+01     -1.18365e+00      9.00000e+00    381s
  1093     -2.35707e+01     -1.18365e+00      9.00000e+00    382s
  1096     -2.15837e+01     -1.18365e+00      9.00000e+00    384s
  1099     -2.32425e+01     -1.18365e+00      9.00000e+00    385s
  1102     -2.26290e+01     -1.18365e+00      9.00000e+00    386s
  1105     -2.38182e+01     -1.18365e+00      9.00000e+00    387s
  1108     -2.33481e+01     -1.18365e+00      9.00000e+00    388s
  1111     -2.26533e+01     -1.18365e+00      9.00000e+00    389s
  1115     -2.26818e+01     -1.18365e+00      9.00000e+00    390s
  1119     -2.37022e+01     -1.18365e+00      9.00000e+00    391s
  1122     -2.27264e+01     -1.18365e+00      9.00000e+00    392s
  1125     -2.34341e+01     -1.18365e+00      9.00000e+00    394s
  1128     -2.28423e+01     -1.18365e+00      9.00000e+00    395s
  1131     -2.40457e+01     -1.18365e+00      9.00000e+00    396s
  1134     -2.37140e+01     -1.18365e+00      9.00000e+00    397s
  1137     -2.27076e+01     -1.18365e+00      9.00000e+00    398s
  1140     -2.31026e+01     -1.18365e+00      9.00000e+00    399s
  1143     -2.35926e+01     -1.18365e+00      9.00000e+00    400s
  1146     -2.29056e+01     -1.18365e+00      9.00000e+00    401s
  1149     -2.23813e+01     -1.18365e+00      9.00000e+00    402s
  1152     -2.32354e+01     -1.18365e+00      9.00000e+00    403s
  1155     -2.51324e+01     -1.18365e+00      9.00000e+00    404s
  1158     -2.34315e+01     -1.18365e+00      9.00000e+00    405s
  1161     -2.32479e+01     -1.18365e+00      9.00000e+00    407s
  1165     -2.33099e+01     -1.18365e+00      9.00000e+00    408s
  1168     -2.33614e+01     -1.18365e+00      9.00000e+00    409s
  1172     -2.27288e+01     -1.18365e+00      9.00000e+00    410s
  1175     -2.32750e+01     -1.18365e+00      9.00000e+00    411s
  1178     -2.31059e+01     -1.18365e+00      9.00000e+00    412s
  1182     -2.37773e+01     -1.18365e+00      9.00000e+00    414s
  1185     -2.30520e+01     -1.18365e+00      9.00000e+00    415s
  1189     -2.27316e+01     -1.18365e+00      9.00000e+00    416s
  1192     -2.27412e+01     -1.18365e+00      9.00000e+00    417s
  1195     -2.21528e+01     -1.18365e+00      9.00000e+00    418s
  1199     -2.29034e+01     -1.18365e+00      9.00000e+00    419s
  1202     -2.25472e+01     -1.18365e+00      9.00000e+00    421s
  1205     -2.33336e+01     -1.18365e+00      9.00000e+00    422s
  1208     -2.34254e+01     -1.18365e+00      9.00000e+00    423s
  1211     -2.21617e+01     -1.18365e+00      9.00000e+00    424s
  1215     -2.33399e+01     -1.18365e+00      9.00000e+00    425s
  1218     -2.28189e+01     -1.18365e+00      9.00000e+00    426s
  1221     -2.25690e+01     -1.18365e+00      9.00000e+00    427s
  1224     -2.26185e+01     -1.18365e+00      9.00000e+00    428s
  1228     -2.25269e+01     -1.18365e+00      9.00000e+00    429s
  1231     -2.29056e+01     -1.18365e+00      9.00000e+00    431s
  1234     -2.35141e+01     -1.18365e+00      9.00000e+00    432s
  1237     -2.33352e+01     -1.18365e+00      9.00000e+00    433s
  1241     -2.39651e+01     -1.18365e+00      9.00000e+00    434s
  1244     -2.22805e+01     -1.18365e+00      9.00000e+00    435s
  1247     -2.27183e+01     -1.18365e+00      9.00000e+00    436s
  1250     -2.28559e+01     -1.18365e+00      9.00000e+00    437s
  1253     -2.22964e+01     -1.18365e+00      9.00000e+00    439s
  1257     -2.19559e+01     -1.18365e+00      9.00000e+00    440s
  1260     -2.24289e+01     -1.18365e+00      9.00000e+00    441s
  1264     -2.27124e+01     -1.18365e+00      9.00000e+00    442s
  1267     -2.25118e+01     -1.18365e+00      9.00000e+00    443s
  1270     -2.29080e+01     -1.18365e+00      9.00000e+00    444s
  1273     -2.37936e+01     -1.18365e+00      9.00000e+00    445s
  1276     -2.33024e+01     -1.18365e+00      9.00000e+00    447s
  1279     -2.27104e+01     -1.18365e+00      9.00000e+00    448s
  1282     -2.22940e+01     -1.18365e+00      9.00000e+00    449s
  1285     -2.32237e+01     -1.18365e+00      9.00000e+00    450s
  1288     -2.30193e+01     -1.18365e+00      9.00000e+00    451s
  1291     -2.33251e+01     -1.18365e+00      9.00000e+00    452s
  1294     -2.30557e+01     -1.18365e+00      9.00000e+00    453s
  1297     -2.25869e+01     -1.18365e+00      9.00000e+00    454s
  1300     -2.20799e+01     -1.18365e+00      9.00000e+00    455s
  1303     -2.33698e+01     -1.18365e+00      9.00000e+00    456s
  1306     -2.33835e+01     -1.18365e+00      9.00000e+00    457s
  1310     -2.35159e+01     -1.18365e+00      9.00000e+00    459s
  1314     -2.25873e+01     -1.18365e+00      9.00000e+00    460s
  1317     -2.28648e+01     -1.18365e+00      9.00000e+00    461s
  1320     -2.44810e+01     -1.18365e+00      9.00000e+00    462s
  1323     -2.34200e+01     -1.18365e+00      9.00000e+00    463s
  1326     -2.38822e+01     -1.18365e+00      9.00000e+00    464s
  1329     -2.33379e+01     -1.18365e+00      9.00000e+00    465s
  1332     -2.42579e+01     -1.18365e+00      9.00000e+00    466s
  1335     -2.35191e+01     -1.18365e+00      9.00000e+00    468s
  1338     -2.28359e+01     -1.18365e+00      9.00000e+00    469s
  1341     -2.37357e+01     -1.18365e+00      9.00000e+00    470s
  1345     -2.32611e+01     -1.18365e+00      9.00000e+00    471s
  1348     -2.33413e+01     -1.18365e+00      9.00000e+00    472s
  1351     -2.31155e+01     -1.18365e+00      9.00000e+00    473s
  1354     -2.32760e+01     -1.18365e+00      9.00000e+00    474s
  1358     -2.35456e+01     -1.18365e+00      9.00000e+00    476s
  1361     -2.32532e+01     -1.18365e+00      9.00000e+00    477s
  1364     -2.31699e+01     -1.18365e+00      9.00000e+00    478s
  1367     -2.43545e+01     -1.18365e+00      9.00000e+00    479s
  1371     -2.31471e+01     -1.18365e+00      9.00000e+00    480s
  1374     -2.13559e+01     -1.18365e+00      9.00000e+00    481s
  1378     -2.36377e+01     -1.18365e+00      9.00000e+00    483s
  1382     -2.27688e+01     -1.18365e+00      9.00000e+00    484s
  1385     -2.38114e+01     -1.18365e+00      9.00000e+00    485s
  1388     -2.35357e+01     -1.18365e+00      9.00000e+00    486s
  1391     -2.36606e+01     -1.18365e+00      9.00000e+00    487s
  1394     -2.42851e+01     -1.18365e+00      9.00000e+00    488s
  1397     -2.38005e+01     -1.18365e+00      9.00000e+00    489s
  1400     -2.32255e+01     -1.18365e+00      9.00000e+00    490s
  1403     -2.35559e+01     -1.18365e+00      9.00000e+00    491s
  1406     -2.34877e+01     -1.18365e+00      9.00000e+00    492s
  1409     -2.41210e+01     -1.18365e+00      9.00000e+00    494s
  1412     -2.31661e+01     -1.18365e+00      9.00000e+00    495s
  1415     -2.32127e+01     -1.18365e+00      9.00000e+00    496s
  1418     -2.31903e+01     -1.18365e+00      9.00000e+00    497s
  1421     -2.29464e+01     -1.18365e+00      9.00000e+00    498s
  1424     -2.34702e+01     -1.18365e+00      9.00000e+00    499s
  1428     -2.35789e+01     -1.18365e+00      9.00000e+00    500s
  1431     -2.37971e+01     -1.18365e+00      9.00000e+00    501s
  1434     -2.25415e+01     -1.18365e+00      9.00000e+00    503s
  1438     -2.40406e+01     -1.18365e+00      9.00000e+00    504s
  1441     -2.44186e+01     -1.18365e+00      9.00000e+00    505s
  1444     -2.32419e+01     -1.18365e+00      9.00000e+00    506s
  1447     -2.33894e+01     -1.18365e+00      9.00000e+00    507s
  1450     -2.28479e+01     -1.18365e+00      9.00000e+00    508s
  1453     -2.27019e+01     -1.18365e+00      9.00000e+00    509s
  1456     -2.28764e+01     -1.18365e+00      9.00000e+00    510s
  1459     -2.28782e+01     -1.18365e+00      9.00000e+00    511s
  1462     -2.33603e+01     -1.18365e+00      9.00000e+00    513s
  1465     -2.24956e+01     -1.18365e+00      9.00000e+00    514s
  1468     -2.31142e+01     -1.18365e+00      9.00000e+00    515s
  1471     -2.32549e+01     -1.18365e+00      9.00000e+00    516s
  1474     -2.36869e+01     -1.18365e+00      9.00000e+00    517s
  1477     -2.38059e+01     -1.18365e+00      9.00000e+00    518s
  1480     -2.31057e+01     -1.18365e+00      9.00000e+00    519s
  1483     -2.31886e+01     -1.18365e+00      9.00000e+00    520s
  1486     -2.34237e+01     -1.18365e+00      9.00000e+00    521s
  1489     -2.33043e+01     -1.18365e+00      9.00000e+00    522s
  1492     -2.41945e+01     -1.18365e+00      9.00000e+00    523s
  1495     -2.22025e+01     -1.18365e+00      9.00000e+00    525s
  1498     -2.32654e+01     -1.18365e+00      9.00000e+00    526s
  1501     -2.31664e+01     -1.18365e+00      9.00000e+00    527s
  1504     -2.31053e+01     -1.18365e+00      9.00000e+00    528s
  1507     -2.39699e+01     -1.18365e+00      9.00000e+00    529s
  1510     -2.30844e+01     -1.18365e+00      9.00000e+00    530s
  1513     -2.19687e+01     -1.18365e+00      9.00000e+00    531s
  1516     -2.31074e+01     -1.18365e+00      9.00000e+00    532s
  1519     -2.38911e+01     -1.18365e+00      9.00000e+00    534s
  1522     -2.37375e+01     -1.18365e+00      9.00000e+00    535s
  1525     -2.24644e+01     -1.18365e+00      9.00000e+00    536s
  1528     -2.20962e+01     -1.18365e+00      9.00000e+00    537s
  1531     -2.32680e+01     -1.18365e+00      9.00000e+00    538s
  1534     -2.27763e+01     -1.18365e+00      9.00000e+00    539s
  1537     -2.25797e+01     -1.18365e+00      9.00000e+00    540s
  1540     -2.21761e+01     -1.18365e+00      9.00000e+00    542s
  1543     -2.39114e+01     -1.18365e+00      9.00000e+00    543s
  1546     -2.23475e+01     -1.18365e+00      9.00000e+00    544s
  1549     -2.24606e+01     -1.18365e+00      9.00000e+00    545s
  1552     -2.24058e+01     -1.18365e+00      9.00000e+00    546s
  1555     -2.30863e+01     -1.18365e+00      9.00000e+00    547s
  1558     -2.41154e+01     -1.18365e+00      9.00000e+00    548s
  1561     -2.34524e+01     -1.18365e+00      9.00000e+00    549s
  1564     -2.26477e+01     -1.18365e+00      9.00000e+00    550s
  1567     -2.35296e+01     -1.18365e+00      9.00000e+00    551s
  1570     -2.37636e+01     -1.18365e+00      9.00000e+00    552s
  1573     -2.40465e+01     -1.18365e+00      9.00000e+00    554s
  1576     -2.32609e+01     -1.18365e+00      9.00000e+00    555s
  1579     -2.33295e+01     -1.18365e+00      9.00000e+00    556s
  1582     -2.32376e+01     -1.18365e+00      9.00000e+00    557s
  1585     -2.26683e+01     -1.18365e+00      9.00000e+00    558s
  1588     -2.24861e+01     -1.18365e+00      9.00000e+00    559s
  1591     -2.28303e+01     -1.18365e+00      9.00000e+00    560s
  1594     -2.34315e+01     -1.18365e+00      9.00000e+00    562s
  1597     -2.30479e+01     -1.18365e+00      9.00000e+00    563s
  1600     -2.27164e+01     -1.18365e+00      9.00000e+00    564s
  1603     -2.31634e+01     -1.18365e+00      9.00000e+00    565s
  1606     -2.38317e+01     -1.18365e+00      9.00000e+00    566s
  1609     -2.24596e+01     -1.18365e+00      9.00000e+00    567s
  1612     -2.31246e+01     -1.18365e+00      9.00000e+00    568s
  1615     -2.32046e+01     -1.18365e+00      9.00000e+00    569s
  1619     -2.23369e+01     -1.18365e+00      9.00000e+00    571s
  1622     -2.16488e+01     -1.18365e+00      9.00000e+00    572s
  1625     -2.24793e+01     -1.18365e+00      9.00000e+00    573s
  1628     -2.30568e+01     -1.18365e+00      9.00000e+00    574s
  1631     -2.42249e+01     -1.18365e+00      9.00000e+00    575s
  1634     -2.35294e+01     -1.18365e+00      9.00000e+00    576s
  1637     -2.21115e+01     -1.18365e+00      9.00000e+00    577s
  1641     -2.25868e+01     -1.18365e+00      9.00000e+00    578s
  1644     -2.26140e+01     -1.18365e+00      9.00000e+00    580s
  1647     -2.31033e+01     -1.18365e+00      9.00000e+00    581s
  1650     -2.28038e+01     -1.18365e+00      9.00000e+00    582s
  1653     -2.45823e+01     -1.18365e+00      9.00000e+00    583s
  1656     -2.47865e+01     -1.18365e+00      9.00000e+00    584s
  1659     -2.37797e+01     -1.18365e+00      9.00000e+00    585s
  1662     -2.28284e+01     -1.18365e+00      9.00000e+00    586s
  1665     -2.22620e+01     -1.18365e+00      9.00000e+00    587s
  1668     -2.25129e+01     -1.18365e+00      9.00000e+00    588s
  1671     -2.26373e+01     -1.18365e+00      9.00000e+00    589s
  1674     -2.26947e+01     -1.18365e+00      9.00000e+00    590s
  1677     -2.39105e+01     -1.18365e+00      9.00000e+00    592s
  1680     -2.41135e+01     -1.18365e+00      9.00000e+00    593s
  1683     -2.32798e+01     -1.18365e+00      9.00000e+00    594s
  1686     -2.31071e+01     -1.18365e+00      9.00000e+00    595s
  1689     -2.24430e+01     -1.18365e+00      9.00000e+00    596s
  1693     -2.21734e+01     -1.18365e+00      9.00000e+00    597s
  1696     -2.23919e+01     -1.18365e+00      9.00000e+00    598s
  1699     -2.19690e+01     -1.18365e+00      9.00000e+00    599s
  1703     -2.49124e+01     -1.18365e+00      9.00000e+00    601s
  1706     -2.35815e+01     -1.18365e+00      9.00000e+00    602s
  1709     -2.30539e+01     -1.18365e+00      9.00000e+00    603s
  1712     -2.29066e+01     -1.18365e+00      9.00000e+00    604s
  1715     -2.20910e+01     -1.18365e+00      9.00000e+00    605s
  1718     -2.25134e+01     -1.18365e+00      9.00000e+00    607s
  1721     -2.23840e+01     -1.18365e+00      9.00000e+00    608s
  1724     -2.30011e+01     -1.18365e+00      9.00000e+00    609s
  1727     -2.36469e+01     -1.18365e+00      9.00000e+00    610s
  1730     -2.39545e+01     -1.18365e+00      9.00000e+00    611s
  1733     -2.36924e+01     -1.18365e+00      9.00000e+00    612s
  1736     -2.27798e+01     -1.18365e+00      9.00000e+00    613s
  1739     -2.17775e+01     -1.18365e+00      9.00000e+00    614s
  1742     -2.28834e+01     -1.18365e+00      9.00000e+00    615s
  1745     -2.30050e+01     -1.18365e+00      9.00000e+00    616s
  1748     -2.28113e+01     -1.18365e+00      9.00000e+00    618s
  1751     -2.28755e+01     -1.18365e+00      9.00000e+00    619s
  1754     -2.32482e+01     -1.18365e+00      9.00000e+00    620s
  1757     -2.31028e+01     -1.18365e+00      9.00000e+00    621s
  1760     -2.24388e+01     -1.18365e+00      9.00000e+00    622s
  1763     -2.26255e+01     -1.18365e+00      9.00000e+00    623s
  1766     -2.36110e+01     -1.18365e+00      9.00000e+00    624s
  1769     -2.37959e+01     -1.18365e+00      9.00000e+00    625s
  1772     -2.17899e+01     -1.18365e+00      9.00000e+00    626s
  1775     -2.27634e+01     -1.18365e+00      9.00000e+00    627s
  1778     -2.31252e+01     -1.18365e+00      9.00000e+00    629s
  1782     -2.32306e+01     -1.18365e+00      9.00000e+00    630s
  1785     -2.22888e+01     -1.18365e+00      9.00000e+00    631s
  1788     -2.28907e+01     -1.18365e+00      9.00000e+00    632s
  1791     -2.27137e+01     -1.18365e+00      9.00000e+00    633s
  1794     -2.28950e+01     -1.18365e+00      9.00000e+00    634s
  1797     -2.22957e+01     -1.18365e+00      9.00000e+00    635s
  1800     -2.22279e+01     -1.18365e+00      9.00000e+00    637s
  1803     -2.33305e+01     -1.18365e+00      9.00000e+00    638s
  1806     -2.20789e+01     -1.18365e+00      9.00000e+00    639s
  1809     -2.01718e+01     -1.18365e+00      9.00000e+00    640s
  1812     -2.24815e+01     -1.18365e+00      9.00000e+00    641s
  1815     -2.48595e+01     -1.18365e+00      9.00000e+00    642s
  1818     -2.38245e+01     -1.18365e+00      9.00000e+00    643s
  1821     -2.21280e+01     -1.18365e+00      9.00000e+00    644s
  1824     -2.24636e+01     -1.18365e+00      9.00000e+00    645s
  1827     -2.30694e+01     -1.18365e+00      9.00000e+00    646s
  1830     -2.16945e+01     -1.18365e+00      9.00000e+00    647s
  1833     -2.07458e+01     -1.18365e+00      9.00000e+00    649s
  1836     -2.15600e+01     -1.18365e+00      9.00000e+00    650s
  1839     -2.45048e+01     -1.18365e+00      9.00000e+00    651s
  1842     -2.44364e+01     -1.18365e+00      9.00000e+00    652s
  1845     -2.24196e+01     -1.18365e+00      9.00000e+00    653s
  1848     -2.32921e+01     -1.18365e+00      9.00000e+00    654s
  1851     -2.16740e+01     -1.18365e+00      9.00000e+00    655s
  1854     -2.15027e+01     -1.18365e+00      9.00000e+00    656s
  1857     -1.98519e+01     -1.18365e+00      9.00000e+00    657s
  1860     -2.14691e+01     -1.18365e+00      9.00000e+00    659s
  1863     -2.42258e+01     -1.18365e+00      9.00000e+00    660s
  1866     -2.66705e+01     -1.18365e+00      9.00000e+00    661s
  1869     -2.62287e+01     -1.18365e+00      9.00000e+00    662s
  1872     -2.34409e+01     -1.18365e+00      9.00000e+00    663s
  1875     -2.21826e+01     -1.18365e+00      9.00000e+00    664s
  1878     -2.02434e+01     -1.18365e+00      9.00000e+00    665s
  1881     -1.90372e+01     -1.18365e+00      9.00000e+00    666s
  1884     -2.06959e+01     -1.18365e+00      9.00000e+00    667s
  1887     -2.22342e+01     -1.18365e+00      9.00000e+00    669s
  1890     -2.58371e+01     -1.18365e+00      9.00000e+00    670s
  1893     -2.69089e+01     -1.18365e+00      9.00000e+00    671s
  1896     -2.45703e+01     -1.18365e+00      9.00000e+00    672s
  1899     -2.21652e+01     -1.18365e+00      9.00000e+00    673s
  1902     -2.12258e+01     -1.18365e+00      9.00000e+00    674s
  1905     -1.84222e+01     -1.18365e+00      9.00000e+00    675s
  1908     -1.88787e+01     -1.18365e+00      9.00000e+00    676s
  1911     -2.22488e+01     -1.18365e+00      9.00000e+00    677s
  1914     -2.42339e+01     -1.18365e+00      9.00000e+00    678s
  1917     -2.77723e+01     -1.18365e+00      9.00000e+00    679s
  1920     -2.73915e+01     -1.18365e+00      9.00000e+00    680s
  1923     -2.48253e+01     -1.18365e+00      9.00000e+00    681s
  1927     -2.01178e+01     -1.18365e+00      9.00000e+00    683s
  1930     -1.85215e+01     -1.18365e+00      9.00000e+00    684s
  1933     -1.91344e+01     -1.18365e+00      9.00000e+00    685s
  1936     -2.31159e+01     -1.18365e+00      9.00000e+00    686s
  1939     -2.48170e+01     -1.18365e+00      9.00000e+00    687s
  1942     -2.70092e+01     -1.18365e+00      9.00000e+00    688s
  1946     -2.57072e+01     -1.18365e+00      9.00000e+00    690s
  1949     -2.31072e+01     -1.18365e+00      9.00000e+00    691s
  1952     -2.19412e+01     -1.18365e+00      9.00000e+00    692s
  1955     -2.11358e+01     -1.18365e+00      9.00000e+00    693s
  1958     -2.05455e+01     -1.18365e+00      9.00000e+00    694s
  1961     -2.09179e+01     -1.18365e+00      9.00000e+00    695s
  1964     -2.49891e+01     -1.18365e+00      9.00000e+00    696s
  1967     -2.77109e+01     -1.18365e+00      9.00000e+00    697s
  1970     -2.79142e+01     -1.18365e+00      9.00000e+00    698s
  1973     -2.48841e+01     -1.18365e+00      9.00000e+00    700s
  1976     -2.23609e+01     -1.18365e+00      9.00000e+00    701s
  1979     -2.17411e+01     -1.18365e+00      9.00000e+00    702s
  1982     -2.13185e+01     -1.18365e+00      9.00000e+00    703s
  1985     -2.19241e+01     -1.18365e+00      9.00000e+00    704s
  1988     -2.41511e+01     -1.18365e+00      9.00000e+00    705s
  1991     -2.75201e+01     -1.18365e+00      9.00000e+00    706s
  1994     -2.75562e+01     -1.18365e+00      9.00000e+00    707s
  1997     -2.54457e+01     -1.18365e+00      9.00000e+00    708s
  2000     -2.28701e+01     -1.18365e+00      9.00000e+00    709s
  2003     -2.12037e+01     -1.18365e+00      9.00000e+00    710s
  2007     -2.08219e+01     -1.18365e+00      9.00000e+00    712s
  2010     -2.22075e+01     -1.18365e+00      9.00000e+00    713s
  2013     -2.36637e+01     -1.18365e+00      9.00000e+00    714s
  2016     -2.71662e+01     -1.18365e+00      9.00000e+00    715s
  2019     -2.97437e+01     -1.18365e+00      9.00000e+00    716s
  2022     -2.71327e+01     -1.18365e+00      9.00000e+00    717s
  2025     -2.17065e+01     -1.18365e+00      9.00000e+00    719s
  2028     -2.02902e+01     -1.18365e+00      9.00000e+00    720s
  2032     -2.04060e+01     -1.18365e+00      9.00000e+00    721s
  2035     -2.16660e+01     -1.18365e+00      9.00000e+00    722s
  2038     -2.40429e+01     -1.18365e+00      9.00000e+00    723s
  2041     -2.80507e+01     -1.18365e+00      9.00000e+00    724s
  2044     -2.80103e+01     -1.18365e+00      9.00000e+00    725s
  2047     -2.60653e+01     -1.18365e+00      9.00000e+00    726s
  2050     -2.24708e+01     -1.18365e+00      9.00000e+00    727s
  2054     -1.83183e+01     -1.18365e+00      9.00000e+00    729s
  2057     -2.23715e+01     -1.18365e+00      9.00000e+00    730s
  2060     -2.45348e+01     -1.18365e+00      9.00000e+00    731s
  2063     -2.23174e+01     -1.18365e+00      9.00000e+00    732s
  2066     -2.57617e+01     -1.18365e+00      9.00000e+00    733s
  2069     -3.05610e+01     -1.18365e+00      9.00000e+00    734s
  2072     -2.84834e+01     -1.18365e+00      9.00000e+00    735s
  2075     -2.17741e+01     -1.18365e+00      9.00000e+00    736s
  2078     -1.84018e+01     -1.18365e+00      9.00000e+00    737s
  2081     -1.99639e+01     -1.18365e+00      9.00000e+00    739s
  2084     -2.31196e+01     -1.18365e+00      9.00000e+00    740s
  2087     -2.22982e+01     -1.18365e+00      9.00000e+00    741s
  2090     -2.41566e+01     -1.18365e+00      9.00000e+00    742s
  2093     -2.97307e+01     -1.18365e+00      9.00000e+00    743s
  2096     -3.08871e+01     -1.18365e+00      9.00000e+00    744s
  2099     -2.28805e+01     -1.18365e+00      9.00000e+00    745s
  2102     -2.34978e+01     -1.18365e+00      9.00000e+00    746s
  2105     -3.06988e+01     -1.18365e+00      9.00000e+00    747s
  2108     -3.28504e+01     -1.18365e+00      9.00000e+00    748s
  2111     -2.51298e+01     -1.18365e+00      9.00000e+00    750s
  2114     -1.98710e+01     -1.18365e+00      9.00000e+00    751s
  2117     -2.20437e+01     -1.18365e+00      9.00000e+00    752s
  2121     -2.47982e+01     -1.18365e+00      9.00000e+00    753s
  2124     -2.31916e+01     -1.18365e+00      9.00000e+00    754s
  2127     -2.57443e+01     -1.18365e+00      9.00000e+00    755s
  2130     -3.07047e+01     -1.18365e+00      9.00000e+00    756s
  2133     -3.16161e+01     -1.18365e+00      9.00000e+00    757s
  2136     -2.48259e+01     -1.18365e+00      9.00000e+00    759s
  2139     -1.99580e+01     -1.18365e+00      9.00000e+00    760s
  2142     -2.20727e+01     -1.18365e+00      9.00000e+00    761s
  2145     -2.46135e+01     -1.18365e+00      9.00000e+00    762s
  2148     -2.32948e+01     -1.18365e+00      9.00000e+00    763s
  2152     -3.32399e+01     -1.18365e+00      9.00000e+00    764s
  2155     -4.77259e+01     -1.18365e+00      9.00000e+00    765s
  2158     -4.57730e+01     -1.18365e+00      9.00000e+00    767s
  2161     -2.76865e+01     -1.18365e+00      9.00000e+00    768s
  2164     -1.80745e+01     -1.18365e+00      9.00000e+00    769s
  2167     -1.68703e+01     -1.18365e+00      9.00000e+00    770s
  2170     -1.79361e+01     -1.18365e+00      9.00000e+00    771s
  2173     -1.86196e+01     -1.18365e+00      9.00000e+00    772s
  2176     -2.99407e+01     -1.18365e+00      9.00000e+00    773s
  2179     -4.58006e+01     -1.18365e+00      9.00000e+00    774s
  2182     -4.66816e+01     -1.18365e+00      9.00000e+00    775s
  2185     -3.19675e+01     -1.18365e+00      9.00000e+00    776s
  2188     -1.89707e+01     -1.18365e+00      9.00000e+00    777s
  2192     -1.68000e+01     -1.18365e+00      9.00000e+00    779s
  2195     -1.73117e+01     -1.18365e+00      9.00000e+00    780s
  2198     -1.97819e+01     -1.18365e+00      9.00000e+00    781s
  2201     -2.59862e+01     -1.18365e+00      9.00000e+00    782s
  2204     -4.38822e+01     -1.18365e+00      9.00000e+00    783s
  2208     -4.84973e+01     -1.18365e+00      9.00000e+00    785s
  2211     -3.07391e+01     -1.18365e+00      9.00000e+00    786s
  2215     -1.55617e+01     -1.18365e+00      9.00000e+00    787s
  2218     -2.06437e+01     -1.18365e+00      9.00000e+00    788s
  2221     -2.14124e+01     -1.18365e+00      9.00000e+00    789s
  2224     -2.06884e+01     -1.18365e+00      9.00000e+00    790s
  2227     -3.40514e+01     -1.18365e+00      9.00000e+00    791s
  2230     -4.91677e+01     -1.18365e+00      9.00000e+00    793s
  2233     -4.62870e+01     -1.18365e+00      9.00000e+00    794s
  2236     -2.74322e+01     -1.18365e+00      9.00000e+00    795s
  2239     -1.61416e+01     -1.18365e+00      9.00000e+00    796s
  2242     -1.92923e+01     -1.18365e+00      9.00000e+00    797s
  2245     -2.18504e+01     -1.18365e+00      9.00000e+00    798s
  2248     -2.10338e+01     -1.18365e+00      9.00000e+00    799s
  2251     -2.20283e+01     -1.18365e+00      9.00000e+00    800s
  2254     -2.73878e+01     -1.18365e+00      9.00000e+00    801s
  2257     -3.57771e+01     -1.18365e+00      9.00000e+00    802s
  2260     -3.24896e+01     -1.18365e+00      9.00000e+00    803s
  2263     -2.01704e+01     -1.18365e+00      9.00000e+00    805s
  2266     -1.77441e+01     -1.18365e+00      9.00000e+00    806s
  2269     -2.70134e+01     -1.18365e+00      9.00000e+00    807s
  2273     -2.61025e+01     -1.18365e+00      9.00000e+00    808s
  2276     -2.21089e+01     -1.18365e+00      9.00000e+00    809s
  2279     -2.83464e+01     -1.18365e+00      9.00000e+00    811s
  2282     -3.66102e+01     -1.18365e+00      9.00000e+00    812s
  2286     -2.66843e+01     -1.18365e+00      9.00000e+00    813s
  2289     -1.64044e+01     -1.18365e+00      9.00000e+00    814s
  2292     -2.12631e+01     -1.18365e+00      9.00000e+00    815s
  2295     -2.85775e+01     -1.18365e+00      9.00000e+00    816s
  2298     -2.47520e+01     -1.18365e+00      9.00000e+00    818s
  2301     -2.29053e+01     -1.18365e+00      9.00000e+00    819s
  2304     -3.09563e+01     -1.18365e+00      9.00000e+00    820s
  2308     -3.70475e+01     -1.18365e+00      9.00000e+00    821s
  2311     -2.62593e+01     -1.18365e+00      9.00000e+00    822s
  2314     -2.19898e+01     -1.18365e+00      9.00000e+00    824s
  2317     -2.96655e+01     -1.18365e+00      9.00000e+00    825s
  2320     -3.17633e+01     -1.18365e+00      9.00000e+00    826s
  2323     -2.64666e+01     -1.18365e+00      9.00000e+00    827s
  2326     -2.36284e+01     -1.18365e+00      9.00000e+00    828s
  2329     -3.36740e+01     -1.18365e+00      9.00000e+00    829s
  2332     -3.76553e+01     -1.18365e+00      9.00000e+00    830s
  2335     -2.78180e+01     -1.18365e+00      9.00000e+00    831s
  2338     -2.14937e+01     -1.18365e+00      9.00000e+00    833s
  2341     -2.79094e+01     -1.18365e+00      9.00000e+00    834s
  2344     -3.34147e+01     -1.18365e+00      9.00000e+00    835s
  2347     -2.61517e+01     -1.18365e+00      9.00000e+00    836s
  2350     -2.29308e+01     -1.18365e+00      9.00000e+00    837s
  2353     -3.48625e+01     -1.18365e+00      9.00000e+00    838s
  2356     -4.25063e+01     -1.18365e+00      9.00000e+00    840s
  2359     -3.35989e+01     -1.18365e+00      9.00000e+00    841s
  2362     -2.29074e+01     -1.18365e+00      9.00000e+00    842s
  2365     -2.63982e+01     -1.18365e+00      9.00000e+00    843s
  2368     -3.12723e+01     -1.18365e+00      9.00000e+00    844s
  2371     -2.59884e+01     -1.18365e+00      9.00000e+00    845s
  2374     -2.20048e+01     -1.18365e+00      9.00000e+00    846s
  2377     -3.26442e+01     -1.18365e+00      9.00000e+00    847s
  2380     -4.20928e+01     -1.18365e+00      9.00000e+00    848s
  2383     -3.53191e+01     -1.18365e+00      9.00000e+00    850s
  2386     -2.43562e+01     -1.18365e+00      9.00000e+00    851s
  2389     -2.53225e+01     -1.18365e+00      9.00000e+00    852s
  2392     -3.24022e+01     -1.18365e+00      9.00000e+00    853s
  2395     -2.76766e+01     -1.18365e+00      9.00000e+00    854s
  2398     -2.19653e+01     -1.18365e+00      9.00000e+00    855s
  2401     -2.44678e+01     -1.18365e+00      9.00000e+00    856s
  2404     -3.75011e+01     -1.18365e+00      9.00000e+00    857s
  2407     -4.05075e+01     -1.18365e+00      9.00000e+00    858s
  2410     -3.00836e+01     -1.18365e+00      9.00000e+00    859s
  2413     -2.24699e+01     -1.18365e+00      9.00000e+00    861s
  2416     -2.88058e+01     -1.18365e+00      9.00000e+00    862s
  2419     -3.25068e+01     -1.18365e+00      9.00000e+00    863s
  2422     -2.56811e+01     -1.18365e+00      9.00000e+00    864s
  2425     -2.35382e+01     -1.18365e+00      9.00000e+00    865s
  2428     -3.42421e+01     -1.18365e+00      9.00000e+00    866s
  2431     -4.09794e+01     -1.18365e+00      9.00000e+00    867s
  2434     -3.13110e+01     -1.18365e+00      9.00000e+00    868s
  2437     -2.18939e+01     -1.18365e+00      9.00000e+00    869s
  2440     -2.74980e+01     -1.18365e+00      9.00000e+00    870s
  2443     -3.34283e+01     -1.18365e+00      9.00000e+00    871s
  2446     -2.88374e+01     -1.18365e+00      9.00000e+00    872s
  2449     -2.28750e+01     -1.18365e+00      9.00000e+00    874s
  2452     -2.41657e+01     -1.18365e+00      9.00000e+00    875s
  2456     -3.11949e+01     -1.18365e+00      9.00000e+00    876s
  2459     -2.87576e+01     -1.18365e+00      9.00000e+00    877s
  2462     -2.32686e+01     -1.18365e+00      9.00000e+00    878s
  2466     -2.65289e+01     -1.18365e+00      9.00000e+00    879s
  2469     -3.19578e+01     -1.18365e+00      9.00000e+00    881s
  2472     -2.70428e+01     -1.18365e+00      9.00000e+00    882s
  2475     -2.19755e+01     -1.18365e+00      9.00000e+00    883s
  2478     -2.71505e+01     -1.18365e+00      9.00000e+00    884s
  2481     -3.15919e+01     -1.18365e+00      9.00000e+00    885s
  2484     -2.88645e+01     -1.18365e+00      9.00000e+00    886s
  2487     -2.24299e+01     -1.18365e+00      9.00000e+00    887s
  2490     -2.57382e+01     -1.18365e+00      9.00000e+00    888s
  2493     -3.07195e+01     -1.18365e+00      9.00000e+00    889s
  2496     -2.88628e+01     -1.18365e+00      9.00000e+00    891s
  2499     -2.31293e+01     -1.18365e+00      9.00000e+00    892s

==================================================
Summary of results QAOA
--------------------------------------------------
Avg of QAOA obj (BQO obj):    4.49
Avg of QAOA obj (penalty):    -5.68
Avg of constraint violation:  2.19

Avg of QAOA obj:              -1.18
STD of QAOA obj:              4.59
Avg of QAOA obj (feasible):   5.25
STD of QAOA obj (feasible):   0.63

Gamma angles:                 0.13
Beta angles:                  3.59

Best QAOA obj:                9.00
Modified best QAOA obj:       9.00
Best QAOA obj (feasible):     9.00

QAOA total time:              891.66s
QAOA circuit depth:           17
==================================================

==================================================
Summary of results of 0-S6
--------------------------------------------------
Number of vertices:           6
Number of edges:              15

Vertex num in largest comp:   6
Edge num in largest comp:     15

Pre-processing running time:  0.00
Total solver time:            891.66
Running time:                 895.05

Upper bound:                  10.00
Objective value:              9.00

Partition 0:                  1, 3, 4, 5          
Partition 1:                                      
Partition 2:                  2                   
Partition 3:                  6                   
==================================================
