==================================================
Instance parameters
--------------------------------------------------
Number of vertices:           6
Number of edges:              15
Number of partitions:         4

Density (%):                  100
Name of instance:             seed1_band_pen1.2
Is planar:                    False
==================================================

==================================================
Solver parameters
--------------------------------------------------
Method:                       R-QUBO
Peel:                         False
Decompose:                    False
Fold:                         False

QAOA Num Levels:              1
QAOA Scipy Optimizer:         brute
==================================================

  iter        avg-obj        best avg-obj       best-obj      time
     1     -2.28440e+01     -2.17440e+01      7.00000e+00      1s
     6     -2.25980e+01     -2.17150e+01      9.00000e+00      2s
    10     -2.19160e+01     -2.11790e+01      9.00000e+00      3s
    14     -2.26870e+01     -2.11790e+01      9.00000e+00      4s
    18     -2.17060e+01     -2.11790e+01      9.00000e+00      5s
    22     -2.08900e+01     -2.08900e+01      9.00000e+00      6s
    27     -2.18530e+01     -2.08900e+01      9.00000e+00      8s
    31     -2.21320e+01     -2.08900e+01      9.00000e+00      9s
    35     -2.22860e+01     -2.08900e+01      9.00000e+00     10s
    40     -2.26430e+01     -2.08900e+01      9.00000e+00     11s
    45     -2.18010e+01     -2.08900e+01      9.00000e+00     12s
    50     -2.07830e+01     -2.07830e+01      9.00000e+00     13s
    54      1.31800e+00      1.31800e+00      9.00000e+00     14s
    60     -1.17830e+01      1.31800e+00      9.00000e+00     16s
    65     -5.12400e+01      1.31800e+00      9.00000e+00     17s
    71     -7.04130e+01      1.31800e+00      9.00000e+00     18s
    75     -1.60500e+01      1.31800e+00      9.00000e+00     19s
    80     -1.62200e+00      1.57700e+00      9.00000e+00     20s
    85     -1.29730e+01      1.57700e+00      9.00000e+00     21s
    89     -4.44070e+01      1.57700e+00      9.00000e+00     22s
    94     -8.01480e+01      1.57700e+00      9.00000e+00     23s
    98     -3.57140e+01      1.57700e+00      9.00000e+00     24s
   103     -1.78720e+01      1.57700e+00      9.00000e+00     26s
   108     -1.04900e+01      1.57700e+00      9.00000e+00     27s
   112     -2.14860e+01      1.57700e+00      9.00000e+00     28s
   117     -5.39470e+01      1.57700e+00      9.00000e+00     29s
   121     -3.99540e+01      1.57700e+00      9.00000e+00     30s
   126     -1.79560e+01      1.57700e+00      9.00000e+00     31s
   131     -1.38910e+01      1.57700e+00      9.00000e+00     32s
   136     -1.72620e+01      1.57700e+00      9.00000e+00     33s
   141     -5.15610e+01      1.57700e+00      9.00000e+00     35s
   146     -3.75640e+01      1.57700e+00      9.00000e+00     36s
   151     -2.49760e+01      1.57700e+00      9.00000e+00     37s
   156     -3.28200e+01      1.57700e+00      9.00000e+00     38s
   161     -1.99840e+01      1.57700e+00      9.00000e+00     39s
   164     -2.91240e+01      1.57700e+00      9.00000e+00     40s
   169     -3.20720e+01      1.57700e+00      9.00000e+00     42s
   173     -1.99170e+01      1.57700e+00      9.00000e+00     43s
   177     -2.94480e+01      1.57700e+00      9.00000e+00     44s
   182     -2.79140e+01      1.57700e+00      9.00000e+00     45s
   186     -1.99820e+01      1.57700e+00      9.00000e+00     46s
   191     -3.27130e+01      1.57700e+00      9.00000e+00     47s
   195     -2.55600e+01      1.57700e+00      9.00000e+00     48s
   199     -2.23190e+01      1.57700e+00      9.00000e+00     49s
   203     -2.65850e+01      1.57700e+00      9.00000e+00     50s
   207     -2.96480e+01      1.57700e+00      9.00000e+00     51s
   212     -2.25390e+01      1.57700e+00      9.00000e+00     53s
   217     -2.96070e+01      1.57700e+00      9.00000e+00     54s
   222     -2.51140e+01      1.57700e+00      9.00000e+00     55s
   227     -2.48760e+01      1.57700e+00      9.00000e+00     56s
   231     -3.11930e+01      1.57700e+00      9.00000e+00     57s
   236     -2.28200e+01      1.57700e+00      9.00000e+00     58s
   240     -2.58990e+01      1.57700e+00      9.00000e+00     60s
   244     -2.88330e+01      1.57700e+00      9.00000e+00     61s
   249     -2.21400e+01      1.57700e+00      9.00000e+00     62s
   253     -2.62300e+01      1.57700e+00      9.00000e+00     63s
   257     -2.79250e+01      1.57700e+00      9.00000e+00     64s
   261     -2.26440e+01      1.57700e+00      9.00000e+00     65s
   265     -2.39950e+01      1.57700e+00      9.00000e+00     66s
   270     -2.62480e+01      1.57700e+00      9.00000e+00     67s
   274     -2.17880e+01      1.57700e+00      9.00000e+00     68s
   279     -2.76110e+01      1.57700e+00      9.00000e+00     69s
   283     -2.80340e+01      1.57700e+00      9.00000e+00     71s
   287     -2.22140e+01      1.57700e+00      9.00000e+00     72s
   292     -2.66380e+01      1.57700e+00      9.00000e+00     73s
   296     -2.43940e+01      1.57700e+00      9.00000e+00     74s
   300     -2.26920e+01      1.57700e+00      9.00000e+00     75s
   304     -2.40750e+01      1.57700e+00      9.00000e+00     76s
   309     -2.30780e+01      1.57700e+00      9.00000e+00     77s
   314     -2.21520e+01      1.57700e+00      9.00000e+00     78s
   318     -2.53120e+01      1.57700e+00      9.00000e+00     79s
   323     -2.29230e+01      1.57700e+00      9.00000e+00     81s
   327     -2.35260e+01      1.57700e+00      9.00000e+00     82s
   331     -2.37650e+01      1.57700e+00      9.00000e+00     83s
   335     -2.19130e+01      1.57700e+00      9.00000e+00     84s
   339     -2.34010e+01      1.57700e+00      9.00000e+00     85s
   343     -2.39580e+01      1.57700e+00      9.00000e+00     86s
   347     -2.25030e+01      1.57700e+00      9.00000e+00     87s
   351     -2.22610e+01      1.57700e+00      9.00000e+00     88s
   356     -2.34020e+01      1.57700e+00      9.00000e+00     89s
   361     -2.24570e+01      1.57700e+00      9.00000e+00     91s
   365     -2.21080e+01      1.57700e+00      9.00000e+00     92s
   369     -2.29400e+01      1.57700e+00      9.00000e+00     93s
   373     -2.26680e+01      1.57700e+00      9.00000e+00     94s
   377     -2.18060e+01      1.57700e+00      9.00000e+00     95s
   382     -2.31240e+01      1.57700e+00      9.00000e+00     96s
   386     -2.23210e+01      1.57700e+00      9.00000e+00     97s
   391     -2.34920e+01      1.57700e+00      9.00000e+00     98s
   396     -2.28470e+01      1.57700e+00      9.00000e+00     99s
   400     -2.15910e+01      1.57700e+00      9.00000e+00    100s
   405     -2.28130e+01      1.57700e+00      9.00000e+00    102s
   410     -2.17490e+01      1.57700e+00      9.00000e+00    103s
   414     -2.13330e+01      1.57700e+00      9.00000e+00    104s
   418     -2.26720e+01      1.57700e+00      9.00000e+00    105s
   422     -2.22190e+01      1.57700e+00      9.00000e+00    106s
   426     -2.24190e+01      1.57700e+00      9.00000e+00    107s
   430     -2.45130e+01      1.57700e+00      9.00000e+00    108s
   434     -2.24490e+01      1.57700e+00      9.00000e+00    109s
   438     -2.23170e+01      1.57700e+00      9.00000e+00    110s
   442     -2.33930e+01      1.57700e+00      9.00000e+00    112s
   447     -2.10460e+01      1.57700e+00      9.00000e+00    113s
   451     -2.13280e+01      1.57700e+00      9.00000e+00    114s
   455     -2.40150e+01      1.57700e+00      9.00000e+00    115s
   460     -2.24160e+01      1.57700e+00      9.00000e+00    116s
   464     -2.25420e+01      1.57700e+00      9.00000e+00    117s
   468     -2.50720e+01      1.57700e+00      9.00000e+00    118s
   472     -2.23200e+01      1.57700e+00      9.00000e+00    119s
   476     -2.18030e+01      1.57700e+00      9.00000e+00    120s
   481     -2.38800e+01      1.57700e+00      9.00000e+00    122s
   485     -2.29290e+01      1.57700e+00      9.00000e+00    123s
   489     -2.23120e+01      1.57700e+00      9.00000e+00    124s
   493     -2.37530e+01      1.57700e+00      9.00000e+00    125s
   498     -2.24790e+01      1.57700e+00      9.00000e+00    126s
   502     -2.28250e+01      1.57700e+00      9.00000e+00    127s
   507     -2.29440e+01      1.57700e+00      9.00000e+00    128s
   512     -2.26620e+01      1.57700e+00      9.00000e+00    130s
   516     -2.30620e+01      1.57700e+00      9.00000e+00    131s
   520     -2.46270e+01      1.57700e+00      9.00000e+00    132s
   524     -2.18560e+01      1.57700e+00      9.00000e+00    133s
   528     -2.34570e+01      1.57700e+00      9.00000e+00    134s
   533     -2.27370e+01      1.57700e+00      9.00000e+00    135s
   537     -2.21040e+01      1.57700e+00      9.00000e+00    136s
   541     -2.43120e+01      1.57700e+00      9.00000e+00    137s
   546     -2.32510e+01      1.57700e+00      9.00000e+00    138s
   550     -2.19030e+01      1.57700e+00      9.00000e+00    139s
   554     -2.25140e+01      1.57700e+00      9.00000e+00    140s
   559     -2.31230e+01      1.57700e+00      9.00000e+00    142s
   563     -2.22710e+01      1.57700e+00      9.00000e+00    143s
   567     -2.22180e+01      1.57700e+00      9.00000e+00    144s
   571     -2.24860e+01      1.57700e+00      9.00000e+00    145s
   575     -2.26720e+01      1.57700e+00      9.00000e+00    146s
   579     -2.34240e+01      1.57700e+00      9.00000e+00    147s
   583     -2.34770e+01      1.57700e+00      9.00000e+00    148s
   587     -2.13710e+01      1.57700e+00      9.00000e+00    149s
   591     -2.24430e+01      1.57700e+00      9.00000e+00    150s
   595     -2.14940e+01      1.57700e+00      9.00000e+00    151s
   599     -2.13560e+01      1.57700e+00      9.00000e+00    152s
   603     -2.23490e+01      1.57700e+00      9.00000e+00    153s
   608     -2.19040e+01      1.57700e+00      9.00000e+00    154s
   613     -2.22600e+01      1.57700e+00      9.00000e+00    156s
   617     -2.17580e+01      1.57700e+00      9.00000e+00    157s
   622     -2.21960e+01      1.57700e+00      9.00000e+00    158s
   626     -2.17610e+01      1.57700e+00      9.00000e+00    159s
   630     -2.18700e+01      1.57700e+00      9.00000e+00    160s
   634     -2.14140e+01      1.57700e+00      9.00000e+00    161s
   638     -2.16900e+01      1.57700e+00      9.00000e+00    162s
   642     -2.26740e+01      1.57700e+00      9.00000e+00    163s
   646     -2.17010e+01      1.57700e+00      9.00000e+00    164s
   650     -2.19600e+01      1.57700e+00      9.00000e+00    166s
   654     -2.11240e+01      1.57700e+00      9.00000e+00    167s
   658     -2.17540e+01      1.57700e+00      9.00000e+00    168s
   662     -2.17360e+01      1.57700e+00      9.00000e+00    169s
   666     -2.19830e+01      1.57700e+00      9.00000e+00    170s
   670     -2.23660e+01      1.57700e+00      9.00000e+00    171s
   674     -2.11360e+01      1.57700e+00      9.00000e+00    172s
   678     -2.23440e+01      1.57700e+00      9.00000e+00    173s
   683     -2.23370e+01      1.57700e+00      9.00000e+00    174s
   687     -2.19760e+01      1.57700e+00      9.00000e+00    175s
   691     -2.00220e+01      1.57700e+00      9.00000e+00    176s
   695     -2.11890e+01      1.57700e+00      9.00000e+00    177s
   699     -2.21670e+01      1.57700e+00      9.00000e+00    178s
   703     -2.16640e+01      1.57700e+00      9.00000e+00    179s
   707     -2.08370e+01      1.57700e+00      9.00000e+00    180s
   711     -2.25540e+01      1.57700e+00      9.00000e+00    181s
   715     -2.23850e+01      1.57700e+00      9.00000e+00    183s
   719     -1.92140e+01      1.57700e+00      9.00000e+00    184s
   723     -2.22570e+01      1.57700e+00      9.00000e+00    185s
   727     -2.14260e+01      1.57700e+00      9.00000e+00    186s
   731     -2.04840e+01      1.57700e+00      9.00000e+00    187s
   735     -2.25670e+01      1.57700e+00      9.00000e+00    188s
   739     -2.15240e+01      1.57700e+00      9.00000e+00    189s
   743     -2.08080e+01      1.57700e+00      9.00000e+00    190s
   747     -2.19770e+01      1.57700e+00      9.00000e+00    191s
   751     -2.20920e+01      1.57700e+00      9.00000e+00    192s
   755     -2.12810e+01      1.57700e+00      9.00000e+00    193s
   759     -2.12390e+01      1.57700e+00      9.00000e+00    194s
   763     -2.21020e+01      1.57700e+00      9.00000e+00    195s
   767     -2.16980e+01      1.57700e+00      9.00000e+00    196s
   771     -2.19720e+01      1.57700e+00      9.00000e+00    197s
   775     -2.19960e+01      1.57700e+00      9.00000e+00    199s
   779     -2.19460e+01      1.57700e+00      9.00000e+00    200s
   783     -2.19730e+01      1.57700e+00      9.00000e+00    201s
   787     -2.09480e+01      1.57700e+00      9.00000e+00    202s
   792     -2.17580e+01      1.57700e+00      9.00000e+00    203s
   796     -2.25290e+01      1.57700e+00      9.00000e+00    204s
   800     -2.18630e+01      1.57700e+00      9.00000e+00    205s
   804     -2.08610e+01      1.57700e+00      9.00000e+00    206s
   808     -2.10390e+01      1.57700e+00      9.00000e+00    207s
   812     -2.20410e+01      1.57700e+00      9.00000e+00    208s
   816     -2.19100e+01      1.57700e+00      9.00000e+00    209s
   820     -2.12300e+01      1.57700e+00      9.00000e+00    210s
   824     -2.23510e+01      1.57700e+00      9.00000e+00    211s
   828     -2.26540e+01      1.57700e+00      9.00000e+00    212s
   832     -2.08800e+01      1.57700e+00      9.00000e+00    213s
   836     -2.13780e+01      1.57700e+00      9.00000e+00    214s
   840     -2.19470e+01      1.57700e+00      9.00000e+00    216s
   844     -2.27700e+01      1.57700e+00      9.00000e+00    217s
   848     -2.20680e+01      1.57700e+00      9.00000e+00    218s
   852     -2.23180e+01      1.57700e+00      9.00000e+00    219s
   856     -2.24810e+01      1.57700e+00      9.00000e+00    220s
   860     -2.19460e+01      1.57700e+00      9.00000e+00    221s
   864     -2.15880e+01      1.57700e+00      9.00000e+00    222s
   868     -2.16570e+01      1.57700e+00      9.00000e+00    223s
   872     -2.13980e+01      1.57700e+00      9.00000e+00    224s
   876     -2.22850e+01      1.57700e+00      9.00000e+00    225s
   880     -2.12330e+01      1.57700e+00      9.00000e+00    226s
   884     -2.17500e+01      1.57700e+00      9.00000e+00    228s
   888     -2.17170e+01      1.57700e+00      9.00000e+00    229s
   892     -2.24050e+01      1.57700e+00      9.00000e+00    230s
   896     -2.18670e+01      1.57700e+00      9.00000e+00    231s
   900     -2.28410e+01      1.57700e+00      9.00000e+00    232s
   904     -2.23470e+01      1.57700e+00      9.00000e+00    233s
   908     -2.18230e+01      1.57700e+00      9.00000e+00    234s
   912     -2.24100e+01      1.57700e+00      9.00000e+00    235s
   916     -2.28310e+01      1.57700e+00      9.00000e+00    236s
   920     -2.18310e+01      1.57700e+00      9.00000e+00    238s
   924     -2.17230e+01      1.57700e+00      9.00000e+00    239s
   928     -2.19940e+01      1.57700e+00      9.00000e+00    240s
   932     -2.29300e+01      1.57700e+00      9.00000e+00    241s
   936     -2.21930e+01      1.57700e+00      9.00000e+00    242s
   940     -2.24420e+01      1.57700e+00      9.00000e+00    243s
   944     -2.23880e+01      1.57700e+00      9.00000e+00    244s
   948     -2.09320e+01      1.57700e+00      9.00000e+00    245s
   952     -2.25590e+01      1.57700e+00      9.00000e+00    246s
   956     -2.19440e+01      1.57700e+00      9.00000e+00    248s
   960     -2.16310e+01      1.57700e+00      9.00000e+00    249s
   964     -2.18220e+01      1.57700e+00      9.00000e+00    250s
   968     -2.27670e+01      1.57700e+00      9.00000e+00    251s
   972     -2.32850e+01      1.57700e+00      9.00000e+00    252s
   976     -2.22950e+01      1.57700e+00      9.00000e+00    253s
   980     -2.25000e+01      1.57700e+00      9.00000e+00    254s
   984     -2.32440e+01      1.57700e+00      9.00000e+00    255s
   988     -2.18870e+01      1.57700e+00      9.00000e+00    256s
   992     -2.20290e+01      1.57700e+00      9.00000e+00    257s
   996     -2.19040e+01      1.57700e+00      9.00000e+00    259s
  1000     -2.22480e+01      1.57700e+00      9.00000e+00    260s
  1004     -2.19130e+01      1.57700e+00      9.00000e+00    261s
  1008     -2.23270e+01      1.57700e+00      9.00000e+00    262s
  1012     -2.28230e+01      1.57700e+00      9.00000e+00    263s
  1016     -2.19470e+01      1.57700e+00      9.00000e+00    264s
  1020     -2.19570e+01      1.57700e+00      9.00000e+00    265s
  1024     -2.22640e+01      1.57700e+00      9.00000e+00    266s
  1028     -2.26000e+01      1.57700e+00      9.00000e+00    267s
  1032     -2.23730e+01      1.57700e+00      9.00000e+00    268s
  1036     -2.22900e+01      1.57700e+00      9.00000e+00    270s
  1040     -2.12460e+01      1.57700e+00      9.00000e+00    271s
  1044     -2.17060e+01      1.57700e+00      9.00000e+00    272s
  1048     -2.25070e+01      1.57700e+00      9.00000e+00    273s
  1052     -2.15110e+01      1.57700e+00      9.00000e+00    274s
  1056     -1.87100e+01      1.57700e+00      9.00000e+00    275s
  1060     -2.15630e+01      1.57700e+00      9.00000e+00    276s
  1064     -2.15490e+01      1.57700e+00      9.00000e+00    277s
  1068     -1.90740e+01      1.57700e+00      9.00000e+00    278s
  1072     -2.08980e+01      1.57700e+00      9.00000e+00    279s
  1076     -2.08260e+01      1.57700e+00      9.00000e+00    280s
  1080     -1.93450e+01      1.57700e+00      9.00000e+00    281s
  1084     -2.07650e+01      1.57700e+00      9.00000e+00    283s
  1088     -2.14680e+01      1.57700e+00      9.00000e+00    284s
  1092     -1.84850e+01      1.57700e+00      9.00000e+00    285s
  1096     -2.20560e+01      1.57700e+00      9.00000e+00    286s
  1100     -2.20080e+01      1.57700e+00      9.00000e+00    287s
  1104     -2.04920e+01      1.57700e+00      9.00000e+00    288s
  1108     -2.02410e+01      1.57700e+00      9.00000e+00    289s
  1112     -2.31640e+01      1.57700e+00      9.00000e+00    290s
  1116     -2.07320e+01      1.57700e+00      9.00000e+00    291s
  1120     -2.10060e+01      1.57700e+00      9.00000e+00    292s
  1124     -2.16290e+01      1.57700e+00      9.00000e+00    293s
  1128     -2.13400e+01      1.57700e+00      9.00000e+00    294s
  1132     -2.06060e+01      1.57700e+00      9.00000e+00    295s
  1136     -2.14010e+01      1.57700e+00      9.00000e+00    297s
  1140     -2.07650e+01      1.57700e+00      9.00000e+00    298s
  1145     -1.94420e+01      1.57700e+00      9.00000e+00    299s
  1149     -2.10750e+01      1.57700e+00      9.00000e+00    300s
  1153     -2.28810e+01      1.57700e+00      9.00000e+00    301s
  1157     -2.27400e+01      1.57700e+00      9.00000e+00    302s
  1161     -2.20800e+01      1.57700e+00      9.00000e+00    303s
  1165     -2.18040e+01      1.57700e+00      9.00000e+00    304s
  1170     -2.17540e+01      1.57700e+00      9.00000e+00    305s
  1174     -2.21680e+01      1.57700e+00      9.00000e+00    307s
  1178     -2.28010e+01      1.57700e+00      9.00000e+00    308s
  1183     -2.30760e+01      1.57700e+00      9.00000e+00    309s
  1187     -2.14040e+01      1.57700e+00      9.00000e+00    310s
  1191     -2.30900e+01      1.57700e+00      9.00000e+00    311s
  1196     -2.17860e+01      1.57700e+00      9.00000e+00    312s
  1200     -2.18210e+01      1.57700e+00      9.00000e+00    313s
  1204     -2.16090e+01      1.57700e+00      9.00000e+00    314s
  1209     -2.15120e+01      1.57700e+00      9.00000e+00    316s
  1213     -2.15690e+01      1.57700e+00      9.00000e+00    317s
  1217     -2.24360e+01      1.57700e+00      9.00000e+00    318s
  1221     -2.16110e+01      1.57700e+00      9.00000e+00    319s
  1225     -2.25210e+01      1.57700e+00      9.00000e+00    320s
  1230     -2.14460e+01      1.57700e+00      9.00000e+00    321s
  1235     -2.20180e+01      1.57700e+00      9.00000e+00    322s
  1239     -2.20910e+01      1.57700e+00      9.00000e+00    323s
  1243     -2.22600e+01      1.57700e+00      9.00000e+00    324s
  1248     -2.14530e+01      1.57700e+00      9.00000e+00    326s
  1252     -2.21340e+01      1.57700e+00      9.00000e+00    327s
  1257     -2.12200e+01      1.57700e+00      9.00000e+00    328s
  1261     -2.14310e+01      1.57700e+00      9.00000e+00    329s
  1265     -2.18210e+01      1.57700e+00      9.00000e+00    330s
  1270     -2.21620e+01      1.57700e+00      9.00000e+00    331s
  1274     -2.27380e+01      1.57700e+00      9.00000e+00    332s
  1278     -2.08820e+01      1.57700e+00      9.00000e+00    333s
  1283     -2.22830e+01      1.57700e+00      9.00000e+00    335s
  1287     -2.25720e+01      1.57700e+00      9.00000e+00    336s
  1291     -2.21930e+01      1.57700e+00      9.00000e+00    337s
  1295     -2.24690e+01      1.57700e+00      9.00000e+00    338s
  1299     -2.17800e+01      1.57700e+00      9.00000e+00    339s
  1303     -2.23360e+01      1.57700e+00      9.00000e+00    340s
  1307     -2.14760e+01      1.57700e+00      9.00000e+00    341s
  1311     -2.19280e+01      1.57700e+00      9.00000e+00    342s
  1315     -2.24840e+01      1.57700e+00      9.00000e+00    343s
  1320     -2.21490e+01      1.57700e+00      9.00000e+00    344s
  1324     -2.29440e+01      1.57700e+00      9.00000e+00    345s
  1328     -2.17760e+01      1.57700e+00      9.00000e+00    346s
  1332     -2.33950e+01      1.57700e+00      9.00000e+00    347s
  1336     -2.19580e+01      1.57700e+00      9.00000e+00    348s
  1340     -2.11640e+01      1.57700e+00      9.00000e+00    349s
  1345     -2.23540e+01      1.57700e+00      9.00000e+00    351s
  1349     -2.22030e+01      1.57700e+00      9.00000e+00    352s
  1353     -2.15390e+01      1.57700e+00      9.00000e+00    353s
  1357     -2.06100e+01      1.57700e+00      9.00000e+00    354s
  1361     -2.19480e+01      1.57700e+00      9.00000e+00    355s
  1365     -2.17370e+01      1.57700e+00      9.00000e+00    356s
  1369     -2.03350e+01      1.57700e+00      9.00000e+00    357s
  1373     -2.19220e+01      1.57700e+00      9.00000e+00    358s
  1377     -2.15940e+01      1.57700e+00      9.00000e+00    359s
  1381     -1.93750e+01      1.57700e+00      9.00000e+00    360s
  1385     -2.15150e+01      1.57700e+00      9.00000e+00    361s
  1389     -2.21180e+01      1.57700e+00      9.00000e+00    362s
  1394     -2.00330e+01      1.57700e+00      9.00000e+00    363s
  1398     -2.16670e+01      1.57700e+00      9.00000e+00    365s
  1402     -2.13170e+01      1.57700e+00      9.00000e+00    366s
  1406     -1.92140e+01      1.57700e+00      9.00000e+00    367s
  1410     -2.16280e+01      1.57700e+00      9.00000e+00    368s
  1414     -2.14430e+01      1.57700e+00      9.00000e+00    369s
  1418     -1.86090e+01      1.57700e+00      9.00000e+00    370s
  1422     -2.12520e+01      1.57700e+00      9.00000e+00    371s
  1426     -1.99400e+01      1.57700e+00      9.00000e+00    372s
  1430     -1.91860e+01      1.57700e+00      9.00000e+00    373s
  1434     -2.17900e+01      1.57700e+00      9.00000e+00    374s
  1438     -2.14850e+01      1.57700e+00      9.00000e+00    375s
  1442     -1.93860e+01      1.57700e+00      9.00000e+00    376s
  1447     -2.10390e+01      1.57700e+00      9.00000e+00    378s
  1451     -2.28160e+01      1.57700e+00      9.00000e+00    379s
  1455     -2.24570e+01      1.57700e+00      9.00000e+00    380s
  1459     -2.27370e+01      1.57700e+00      9.00000e+00    381s
  1463     -2.18090e+01      1.57700e+00      9.00000e+00    382s
  1468     -2.24710e+01      1.57700e+00      9.00000e+00    383s
  1472     -2.10410e+01      1.57700e+00      9.00000e+00    384s
  1476     -2.20060e+01      1.57700e+00      9.00000e+00    385s
  1480     -2.24970e+01      1.57700e+00      9.00000e+00    387s
  1484     -2.23780e+01      1.57700e+00      9.00000e+00    388s
  1488     -2.18750e+01      1.57700e+00      9.00000e+00    389s
  1492     -2.13220e+01      1.57700e+00      9.00000e+00    390s
  1496     -2.24140e+01      1.57700e+00      9.00000e+00    391s
  1500     -2.18950e+01      1.57700e+00      9.00000e+00    392s
  1504     -2.19800e+01      1.57700e+00      9.00000e+00    393s
  1508     -2.14860e+01      1.57700e+00      9.00000e+00    394s
  1512     -2.05730e+01      1.57700e+00      9.00000e+00    395s
  1516     -2.28430e+01      1.57700e+00      9.00000e+00    396s
  1520     -2.26870e+01      1.57700e+00      9.00000e+00    397s
  1524     -2.26150e+01      1.57700e+00      9.00000e+00    398s
  1528     -2.20460e+01      1.57700e+00      9.00000e+00    399s
  1532     -2.17150e+01      1.57700e+00      9.00000e+00    400s
  1536     -2.22090e+01      1.57700e+00      9.00000e+00    401s
  1540     -2.17190e+01      1.57700e+00      9.00000e+00    402s
  1544     -2.23190e+01      1.57700e+00      9.00000e+00    403s
  1548     -2.20430e+01      1.57700e+00      9.00000e+00    404s
  1552     -2.31750e+01      1.57700e+00      9.00000e+00    406s
  1556     -2.20630e+01      1.57700e+00      9.00000e+00    407s
  1560     -2.14210e+01      1.57700e+00      9.00000e+00    408s
  1564     -2.22430e+01      1.57700e+00      9.00000e+00    409s
  1568     -2.18050e+01      1.57700e+00      9.00000e+00    410s
  1572     -2.15660e+01      1.57700e+00      9.00000e+00    411s
  1576     -2.17300e+01      1.57700e+00      9.00000e+00    412s
  1580     -2.16650e+01      1.57700e+00      9.00000e+00    413s
  1584     -2.17220e+01      1.57700e+00      9.00000e+00    414s
  1588     -2.19580e+01      1.57700e+00      9.00000e+00    415s
  1592     -2.19620e+01      1.57700e+00      9.00000e+00    416s
  1596     -2.26980e+01      1.57700e+00      9.00000e+00    417s
  1600     -2.19660e+01      1.57700e+00      9.00000e+00    418s
  1604     -2.24840e+01      1.57700e+00      9.00000e+00    419s
  1608     -2.20470e+01      1.57700e+00      9.00000e+00    420s
  1612     -2.18960e+01      1.57700e+00      9.00000e+00    421s
  1616     -2.20290e+01      1.57700e+00      9.00000e+00    423s
  1620     -2.10960e+01      1.57700e+00      9.00000e+00    424s
  1624     -2.21680e+01      1.57700e+00      9.00000e+00    425s
  1628     -2.24250e+01      1.57700e+00      9.00000e+00    426s
  1632     -2.24470e+01      1.57700e+00      9.00000e+00    427s
  1636     -2.22420e+01      1.57700e+00      9.00000e+00    428s
  1640     -2.26060e+01      1.57700e+00      9.00000e+00    429s
  1644     -2.21050e+01      1.57700e+00      9.00000e+00    430s
  1648     -2.17960e+01      1.57700e+00      9.00000e+00    431s
  1652     -2.25450e+01      1.57700e+00      9.00000e+00    432s
  1656     -2.18470e+01      1.57700e+00      9.00000e+00    433s
  1660     -2.25320e+01      1.57700e+00      9.00000e+00    434s
  1664     -2.17860e+01      1.57700e+00      9.00000e+00    435s
  1668     -2.12810e+01      1.57700e+00      9.00000e+00    436s
  1672     -2.14930e+01      1.57700e+00      9.00000e+00    437s
  1676     -2.18420e+01      1.57700e+00      9.00000e+00    439s
  1680     -2.14160e+01      1.57700e+00      9.00000e+00    440s
  1684     -2.21100e+01      1.57700e+00      9.00000e+00    441s
  1688     -2.28410e+01      1.57700e+00      9.00000e+00    442s
  1692     -2.20960e+01      1.57700e+00      9.00000e+00    443s
  1696     -2.26610e+01      1.57700e+00      9.00000e+00    444s
  1700     -2.25400e+01      1.57700e+00      9.00000e+00    445s
  1704     -2.01850e+01      1.57700e+00      9.00000e+00    446s
  1708     -2.12710e+01      1.57700e+00      9.00000e+00    447s
  1712     -2.18640e+01      1.57700e+00      9.00000e+00    448s
  1716     -2.12520e+01      1.57700e+00      9.00000e+00    449s
  1720     -2.21580e+01      1.57700e+00      9.00000e+00    450s
  1724     -2.24440e+01      1.57700e+00      9.00000e+00    451s
  1728     -2.23690e+01      1.57700e+00      9.00000e+00    453s
  1732     -2.14280e+01      1.57700e+00      9.00000e+00    454s
  1736     -2.23720e+01      1.57700e+00      9.00000e+00    455s
  1740     -2.24840e+01      1.57700e+00      9.00000e+00    456s
  1744     -2.04830e+01      1.57700e+00      9.00000e+00    457s
  1748     -2.23930e+01      1.57700e+00      9.00000e+00    458s
  1752     -2.13720e+01      1.57700e+00      9.00000e+00    459s
  1756     -2.00920e+01      1.57700e+00      9.00000e+00    460s
  1760     -2.13590e+01      1.57700e+00      9.00000e+00    461s
  1764     -2.23500e+01      1.57700e+00      9.00000e+00    462s
  1768     -2.05580e+01      1.57700e+00      9.00000e+00    463s
  1772     -2.14320e+01      1.57700e+00      9.00000e+00    464s
  1776     -2.18500e+01      1.57700e+00      9.00000e+00    465s
  1780     -2.21400e+01      1.57700e+00      9.00000e+00    466s
  1784     -2.12400e+01      1.57700e+00      9.00000e+00    467s
  1788     -2.30320e+01      1.57700e+00      9.00000e+00    468s
  1792     -2.07930e+01      1.57700e+00      9.00000e+00    469s
  1796     -2.07600e+01      1.57700e+00      9.00000e+00    470s
  1800     -2.23050e+01      1.57700e+00      9.00000e+00    471s
  1804     -2.11710e+01      1.57700e+00      9.00000e+00    473s
  1808     -2.12790e+01      1.57700e+00      9.00000e+00    474s
  1812     -2.30520e+01      1.57700e+00      9.00000e+00    475s
  1816     -2.22590e+01      1.57700e+00      9.00000e+00    476s
  1820     -2.22840e+01      1.57700e+00      9.00000e+00    477s
  1824     -2.18400e+01      1.57700e+00      9.00000e+00    478s
  1828     -2.09000e+01      1.57700e+00      9.00000e+00    479s
  1832     -2.09160e+01      1.57700e+00      9.00000e+00    480s
  1836     -2.25510e+01      1.57700e+00      9.00000e+00    481s
  1840     -2.20220e+01      1.57700e+00      9.00000e+00    482s
  1844     -2.10700e+01      1.57700e+00      9.00000e+00    483s
  1848     -2.10180e+01      1.57700e+00      9.00000e+00    484s
  1852     -2.12420e+01      1.57700e+00      9.00000e+00    485s
  1856     -2.22860e+01      1.57700e+00      9.00000e+00    486s
  1860     -2.22290e+01      1.57700e+00      9.00000e+00    487s
  1864     -2.21820e+01      1.57700e+00      9.00000e+00    488s
  1868     -2.20910e+01      1.57700e+00      9.00000e+00    489s
  1872     -2.27800e+01      1.57700e+00      9.00000e+00    490s
  1876     -2.14370e+01      1.57700e+00      9.00000e+00    491s
  1880     -2.10040e+01      1.57700e+00      9.00000e+00    492s
  1884     -2.21690e+01      1.57700e+00      9.00000e+00    494s
  1888     -2.11320e+01      1.57700e+00      9.00000e+00    495s
  1892     -2.19000e+01      1.57700e+00      9.00000e+00    496s
  1896     -2.20630e+01      1.57700e+00      9.00000e+00    497s
  1900     -2.23360e+01      1.57700e+00      9.00000e+00    498s
  1904     -2.35620e+01      1.57700e+00      9.00000e+00    499s
  1908     -2.24690e+01      1.57700e+00      9.00000e+00    500s
  1912     -2.02570e+01      1.57700e+00      9.00000e+00    501s
  1916     -2.28800e+01      1.57700e+00      9.00000e+00    502s
  1920     -2.38690e+01      1.57700e+00      9.00000e+00    503s
  1924     -2.19230e+01      1.57700e+00      9.00000e+00    504s
  1928     -2.14610e+01      1.57700e+00      9.00000e+00    505s
  1932     -2.29650e+01      1.57700e+00      9.00000e+00    506s
  1936     -2.26600e+01      1.57700e+00      9.00000e+00    507s
  1940     -2.21340e+01      1.57700e+00      9.00000e+00    509s
  1944     -2.31330e+01      1.57700e+00      9.00000e+00    510s
  1948     -2.18030e+01      1.57700e+00      9.00000e+00    511s
  1952     -2.27650e+01      1.57700e+00      9.00000e+00    512s
  1956     -2.26000e+01      1.57700e+00      9.00000e+00    513s
  1960     -2.24980e+01      1.57700e+00      9.00000e+00    514s
  1964     -2.26230e+01      1.57700e+00      9.00000e+00    515s
  1968     -2.37620e+01      1.57700e+00      9.00000e+00    516s
  1972     -2.30410e+01      1.57700e+00      9.00000e+00    517s
  1976     -2.14260e+01      1.57700e+00      9.00000e+00    518s
  1980     -2.34970e+01      1.57700e+00      9.00000e+00    519s
  1984     -2.27880e+01      1.57700e+00      9.00000e+00    520s
  1988     -2.14270e+01      1.57700e+00      9.00000e+00    522s
  1992     -2.36760e+01      1.57700e+00      9.00000e+00    523s
  1996     -2.37090e+01      1.57700e+00      9.00000e+00    524s
  2000     -2.10560e+01      1.57700e+00      9.00000e+00    525s
  2004     -2.31760e+01      1.57700e+00      9.00000e+00    526s
  2008     -2.38140e+01      1.57700e+00      9.00000e+00    527s
  2012     -2.13460e+01      1.57700e+00      9.00000e+00    528s
  2016     -2.39350e+01      1.57700e+00      9.00000e+00    529s
  2020     -2.44050e+01      1.57700e+00      9.00000e+00    530s
  2024     -2.16110e+01      1.57700e+00      9.00000e+00    531s
  2028     -2.28700e+01      1.57700e+00      9.00000e+00    532s
  2032     -2.37160e+01      1.57700e+00      9.00000e+00    533s
  2036     -2.14670e+01      1.57700e+00      9.00000e+00    534s
  2040     -2.36830e+01      1.57700e+00      9.00000e+00    536s
  2044     -2.51410e+01      1.57700e+00      9.00000e+00    537s
  2048     -2.18870e+01      1.57700e+00      9.00000e+00    538s
  2052     -2.23010e+01      1.57700e+00      9.00000e+00    539s
  2056     -2.27910e+01      1.57700e+00      9.00000e+00    540s
  2060     -2.21500e+01      1.57700e+00      9.00000e+00    541s
  2064     -2.24780e+01      1.57700e+00      9.00000e+00    542s
  2068     -2.40650e+01      1.57700e+00      9.00000e+00    543s
  2072     -2.31670e+01      1.57700e+00      9.00000e+00    544s
  2076     -2.10730e+01      1.57700e+00      9.00000e+00    545s
  2080     -2.38740e+01      1.57700e+00      9.00000e+00    546s
  2084     -2.25080e+01      1.57700e+00      9.00000e+00    547s
  2088     -2.20390e+01      1.57700e+00      9.00000e+00    548s
  2092     -2.40560e+01      1.57700e+00      9.00000e+00    549s
  2096     -2.36600e+01      1.57700e+00      9.00000e+00    551s
  2100     -2.24110e+01      1.57700e+00      9.00000e+00    552s
  2104     -2.31950e+01      1.57700e+00      9.00000e+00    553s
  2108     -2.44670e+01      1.57700e+00      9.00000e+00    554s
  2112     -2.09940e+01      1.57700e+00      9.00000e+00    555s
  2116     -2.14910e+01      1.57700e+00      9.00000e+00    556s
  2120     -2.29700e+01      1.57700e+00      9.00000e+00    557s
  2124     -2.22140e+01      1.57700e+00      9.00000e+00    558s
  2128     -2.45020e+01      1.57700e+00      9.00000e+00    559s
  2132     -2.33620e+01      1.57700e+00      9.00000e+00    560s
  2136     -2.21390e+01      1.57700e+00      9.00000e+00    561s
  2140     -2.23130e+01      1.57700e+00      9.00000e+00    562s
  2144     -2.32260e+01      1.57700e+00      9.00000e+00    563s
  2148     -2.17200e+01      1.57700e+00      9.00000e+00    564s
  2152     -2.24660e+01      1.57700e+00      9.00000e+00    565s
  2156     -2.54950e+01      1.57700e+00      9.00000e+00    567s
  2160     -2.27010e+01      1.57700e+00      9.00000e+00    568s
  2164     -2.18700e+01      1.57700e+00      9.00000e+00    569s
  2168     -2.51270e+01      1.57700e+00      9.00000e+00    570s
  2172     -2.20330e+01      1.57700e+00      9.00000e+00    571s
  2176     -2.14290e+01      1.57700e+00      9.00000e+00    572s
  2180     -2.46580e+01      1.57700e+00      9.00000e+00    573s
  2184     -2.43910e+01      1.57700e+00      9.00000e+00    574s
  2188     -2.17180e+01      1.57700e+00      9.00000e+00    575s
  2192     -2.39920e+01      1.57700e+00      9.00000e+00    576s
  2196     -2.32900e+01      1.57700e+00      9.00000e+00    577s
  2200     -2.28750e+01      1.57700e+00      9.00000e+00    578s
  2204     -2.52320e+01      1.57700e+00      9.00000e+00    579s
  2208     -2.61080e+01      1.57700e+00      9.00000e+00    580s
  2212     -2.17010e+01      1.57700e+00      9.00000e+00    582s
  2216     -2.62550e+01      1.57700e+00      9.00000e+00    583s
  2220     -2.75920e+01      1.57700e+00      9.00000e+00    584s
  2224     -2.16370e+01      1.57700e+00      9.00000e+00    585s
  2228     -2.55320e+01      1.57700e+00      9.00000e+00    586s
  2232     -2.55510e+01      1.57700e+00      9.00000e+00    587s
  2236     -2.23480e+01      1.57700e+00      9.00000e+00    588s
  2240     -2.55280e+01      1.57700e+00      9.00000e+00    589s
  2244     -2.89670e+01      1.57700e+00      9.00000e+00    590s
  2248     -2.28070e+01      1.57700e+00      9.00000e+00    591s
  2252     -2.38590e+01      1.57700e+00      9.00000e+00    592s
  2256     -3.00290e+01      1.57700e+00      9.00000e+00    593s
  2260     -2.43900e+01      1.57700e+00      9.00000e+00    594s
  2264     -2.29580e+01      1.57700e+00      9.00000e+00    595s
  2268     -3.07310e+01      1.57700e+00      9.00000e+00    596s
  2272     -2.47450e+01      1.57700e+00      9.00000e+00    597s
  2276     -2.24280e+01      1.57700e+00      9.00000e+00    598s
  2280     -3.03900e+01      1.57700e+00      9.00000e+00    599s
  2285     -2.31520e+01      1.57700e+00      9.00000e+00    601s
  2289     -2.34710e+01      1.57700e+00      9.00000e+00    602s
  2293     -3.00550e+01      1.57700e+00      9.00000e+00    603s
  2297     -2.40770e+01      1.57700e+00      9.00000e+00    604s
  2301     -1.98220e+01      1.57700e+00      9.00000e+00    605s
  2305     -2.93390e+01      1.57700e+00      9.00000e+00    606s
  2310     -2.92070e+01      1.57700e+00      9.00000e+00    607s
  2314     -1.97630e+01      1.57700e+00      9.00000e+00    608s
  2318     -3.16340e+01      1.57700e+00      9.00000e+00    609s
  2322     -2.99050e+01      1.57700e+00      9.00000e+00    610s
  2326     -1.96590e+01      1.57700e+00      9.00000e+00    611s
  2330     -2.98900e+01      1.57700e+00      9.00000e+00    612s
  2335     -2.58920e+01      1.57700e+00      9.00000e+00    614s
  2339     -2.01590e+01      1.57700e+00      9.00000e+00    615s
  2343     -3.23750e+01      1.57700e+00      9.00000e+00    616s
  2348     -2.51380e+01      1.57700e+00      9.00000e+00    617s
  2352     -3.05630e+01      1.57700e+00      9.00000e+00    618s
  2357     -5.37030e+01      1.57700e+00      9.00000e+00    619s
  2362     -2.40510e+01      1.57700e+00      9.00000e+00    621s
  2366     -1.07090e+01      1.57700e+00      9.00000e+00    622s
  2371     -1.73390e+01      1.57700e+00      9.00000e+00    623s
  2375     -2.33410e+01      1.57700e+00      9.00000e+00    624s
  2379     -4.66390e+01      1.57700e+00      9.00000e+00    625s
  2384     -4.32390e+01      1.57700e+00      9.00000e+00    626s
  2388     -1.53370e+01      1.57700e+00      9.00000e+00    627s
  2392     -1.37740e+01      1.57700e+00      9.00000e+00    628s
  2397     -1.80150e+01      1.57700e+00      9.00000e+00    629s
  2401     -3.72110e+01      1.57700e+00      9.00000e+00    631s
  2406     -8.16740e+01      1.57700e+00      9.00000e+00    632s
  2411     -3.31860e+01      1.57700e+00      9.00000e+00    633s
  2415     -1.06260e+01      1.57700e+00      9.00000e+00    634s
  2420      6.05000e-01      1.57700e+00      9.00000e+00    635s
  2424     -1.47050e+01      1.57700e+00      9.00000e+00    636s
  2429     -7.95040e+01      1.57700e+00      9.00000e+00    637s
  2434     -5.11600e+01      1.57700e+00      9.00000e+00    639s
  2438     -1.39300e+01      1.57700e+00      9.00000e+00    640s
  2443     -2.56800e+00      1.57700e+00      9.00000e+00    641s
  2448     -1.10160e+01      1.57700e+00      9.00000e+00    642s
  2452     -2.23430e+01      1.57700e+00      9.00000e+00    643s
  2456     -2.17390e+01      1.57700e+00      9.00000e+00    644s
  2460     -2.21740e+01      1.57700e+00      9.00000e+00    645s
  2464     -2.18860e+01      1.57700e+00      9.00000e+00    646s
  2468     -2.30560e+01      1.57700e+00      9.00000e+00    647s
  2472     -2.21880e+01      1.57700e+00      9.00000e+00    649s
  2476     -2.19030e+01      1.57700e+00      9.00000e+00    650s
  2480     -2.22500e+01      1.57700e+00      9.00000e+00    651s
  2484     -2.18470e+01      1.57700e+00      9.00000e+00    652s
  2488     -2.20590e+01      1.57700e+00      9.00000e+00    653s
  2492     -2.12930e+01      1.57700e+00      9.00000e+00    654s
  2496     -2.18480e+01      1.57700e+00      9.00000e+00    655s

==================================================
Summary of results QAOA
--------------------------------------------------
Avg of QAOA obj (BQO obj):    4.79
Avg of QAOA obj (penalty):    -3.21
Avg of constraint violation:  0.47

Avg of QAOA obj:              1.58
STD of QAOA obj:              5.33
Avg of QAOA obj (feasible):   4.40
STD of QAOA obj (feasible):   0.55

Gamma angles:                 0.13
Beta angles:                  3.59

Best QAOA obj:                9.00
Modified best QAOA obj:       9.00
Best QAOA obj (feasible):     9.00

QAOA total time:              655.79s
QAOA circuit depth:           34
==================================================

==================================================
Summary of results of 0-S6
--------------------------------------------------
Number of vertices:           6
Number of edges:              15

Vertex num in largest comp:   6
Edge num in largest comp:     15

Pre-processing running time:  0.00
Total solver time:            655.01
Running time:                 658.24

Upper bound:                  10.00
Objective value:              9.00

Partition 0:                  1, 3, 4, 5          
Partition 1:                  6                   
Partition 2:                                      
Partition 3:                  2                   
==================================================
