==================================================
Instance parameters
--------------------------------------------------
Number of vertices:           6
Number of edges:              15
Number of partitions:         4

Density (%):                  100
Name of instance:             seed1_band_pen1.8
Is planar:                    False
==================================================

==================================================
Solver parameters
--------------------------------------------------
Method:                       R-QUBO
Peel:                         False
Decompose:                    False
Fold:                         False

QAOA Num Levels:              1
QAOA Scipy Optimizer:         brute
==================================================

  iter        avg-obj        best avg-obj       best-obj      time
     1     -3.21620e+01     -3.21620e+01      9.00000e+00      1s
     5     -3.44350e+01     -3.21620e+01      9.00000e+00      2s
     9     -3.36520e+01     -3.21620e+01      9.00000e+00      3s
    13     -3.45910e+01     -3.21620e+01      9.00000e+00      5s
    17     -3.39480e+01     -3.19810e+01      9.00000e+00      6s
    21     -3.32580e+01     -3.16100e+01      9.00000e+00      7s
    25     -3.24910e+01     -3.16100e+01      9.00000e+00      8s
    29     -3.33530e+01     -3.16100e+01      9.00000e+00      9s
    33     -3.42080e+01     -3.16100e+01      9.00000e+00     10s
    37     -3.37640e+01     -3.16100e+01      9.00000e+00     11s
    41     -3.39760e+01     -3.16100e+01      9.00000e+00     12s
    45     -3.37540e+01     -3.16100e+01      9.00000e+00     13s
    49     -3.35020e+01     -3.16100e+01      9.00000e+00     15s
    52     -1.20140e+01     -1.20140e+01      9.00000e+00     16s
    57     -1.02750e+01     -6.45900e+00      9.00000e+00     17s
    61     -2.12010e+01     -6.45900e+00      9.00000e+00     18s
    65     -7.32110e+01     -6.45900e+00      9.00000e+00     19s
    70     -1.04460e+02     -6.45900e+00      9.00000e+00     20s
    74     -3.95600e+01     -6.45900e+00      9.00000e+00     21s
    78     -6.42400e+00     -6.42400e+00      9.00000e+00     22s
    83     -1.29180e+01     -6.29800e+00      9.00000e+00     23s
    87     -3.68420e+01     -6.29800e+00      9.00000e+00     25s
    91     -9.60770e+01     -6.29800e+00      9.00000e+00     26s
    96     -8.58910e+01     -6.29800e+00      9.00000e+00     27s
   100     -3.26430e+01     -6.29800e+00      9.00000e+00     28s
   104     -5.03750e+01     -6.29800e+00      9.00000e+00     29s
   108     -3.63670e+01     -6.29800e+00      9.00000e+00     30s
   112     -3.22580e+01     -6.29800e+00      9.00000e+00     31s
   116     -5.59970e+01     -6.29800e+00      9.00000e+00     33s
   120     -4.49290e+01     -6.29800e+00      9.00000e+00     34s
   124     -3.23080e+01     -6.29800e+00      9.00000e+00     35s
   128     -5.12940e+01     -6.29800e+00      9.00000e+00     36s
   132     -3.88210e+01     -6.29800e+00      9.00000e+00     37s
   136     -3.01300e+01     -6.29800e+00      9.00000e+00     38s
   140     -5.40110e+01     -6.29800e+00      9.00000e+00     39s
   144     -4.84290e+01     -6.29800e+00      9.00000e+00     40s
   148     -3.07630e+01     -6.29800e+00      9.00000e+00     41s
   152     -3.60390e+01     -6.29800e+00      9.00000e+00     42s
   156     -4.73930e+01     -6.29800e+00      9.00000e+00     44s
   160     -4.07790e+01     -6.29800e+00      9.00000e+00     45s
   164     -3.44680e+01     -6.29800e+00      9.00000e+00     46s
   168     -4.60670e+01     -6.29800e+00      9.00000e+00     47s
   172     -4.10750e+01     -6.29800e+00      9.00000e+00     48s
   176     -3.34790e+01     -6.29800e+00      9.00000e+00     49s
   180     -4.66760e+01     -6.29800e+00      9.00000e+00     50s
   184     -4.03090e+01     -6.29800e+00      9.00000e+00     51s
   188     -3.35880e+01     -6.29800e+00      9.00000e+00     53s
   192     -4.51110e+01     -6.29800e+00      9.00000e+00     54s
   196     -3.98600e+01     -6.29800e+00      9.00000e+00     55s
   200     -3.43730e+01     -6.29800e+00      9.00000e+00     56s
   204     -4.76460e+01     -6.29800e+00      9.00000e+00     57s
   208     -4.53040e+01     -6.29800e+00      9.00000e+00     58s
   212     -3.17680e+01     -6.29800e+00      9.00000e+00     59s
   216     -3.70650e+01     -6.29800e+00      9.00000e+00     60s
   220     -3.51740e+01     -6.29800e+00      9.00000e+00     62s
   224     -3.25320e+01     -6.29800e+00      9.00000e+00     63s
   228     -4.53870e+01     -6.29800e+00      9.00000e+00     64s
   232     -4.53620e+01     -6.29800e+00      9.00000e+00     65s
   236     -3.42320e+01     -6.29800e+00      9.00000e+00     66s
   240     -3.63040e+01     -6.29800e+00      9.00000e+00     67s
   244     -3.48520e+01     -6.29800e+00      9.00000e+00     68s
   248     -3.22330e+01     -6.29800e+00      9.00000e+00     69s
   252     -3.14740e+01     -6.29800e+00      9.00000e+00     71s
   256     -3.39630e+01     -6.29800e+00      9.00000e+00     72s
   260     -3.29850e+01     -6.29800e+00      9.00000e+00     73s
   264     -3.73220e+01     -6.29800e+00      9.00000e+00     74s
   268     -4.33920e+01     -6.29800e+00      9.00000e+00     75s
   272     -3.89460e+01     -6.29800e+00      9.00000e+00     76s
   275     -3.22270e+01     -6.29800e+00      9.00000e+00     77s
   279     -3.20150e+01     -6.29800e+00      9.00000e+00     78s
   283     -3.51930e+01     -6.29800e+00      9.00000e+00     79s
   287     -3.40120e+01     -6.29800e+00      9.00000e+00     81s
   291     -4.30890e+01     -6.29800e+00      9.00000e+00     82s
   295     -4.24320e+01     -6.29800e+00      9.00000e+00     83s
   299     -3.32100e+01     -6.29800e+00      9.00000e+00     84s
   303     -3.61550e+01     -6.29800e+00      9.00000e+00     85s
   307     -4.02700e+01     -6.29800e+00      9.00000e+00     86s
   311     -3.29150e+01     -6.29800e+00      9.00000e+00     87s
   315     -3.87660e+01     -6.29800e+00      9.00000e+00     88s
   319     -4.24420e+01     -6.29800e+00      9.00000e+00     89s
   323     -3.51490e+01     -6.29800e+00      9.00000e+00     91s
   327     -3.44190e+01     -6.29800e+00      9.00000e+00     92s
   331     -3.95120e+01     -6.29800e+00      9.00000e+00     93s
   335     -3.48350e+01     -6.29800e+00      9.00000e+00     94s
   339     -3.51350e+01     -6.29800e+00      9.00000e+00     95s
   343     -4.05430e+01     -6.29800e+00      9.00000e+00     96s
   347     -3.63070e+01     -6.29800e+00      9.00000e+00     97s
   351     -3.32540e+01     -6.29800e+00      9.00000e+00     99s
   355     -3.76780e+01     -6.29800e+00      9.00000e+00    100s
   359     -3.70360e+01     -6.29800e+00      9.00000e+00    101s
   363     -3.48470e+01     -6.29800e+00      9.00000e+00    102s
   367     -3.73110e+01     -6.29800e+00      9.00000e+00    103s
   371     -3.65430e+01     -6.29800e+00      9.00000e+00    104s
   375     -3.30050e+01     -6.29800e+00      9.00000e+00    105s
   379     -3.84680e+01     -6.29800e+00      9.00000e+00    107s
   383     -3.50520e+01     -6.29800e+00      9.00000e+00    108s
   387     -3.29520e+01     -6.29800e+00      9.00000e+00    109s
   391     -3.76560e+01     -6.29800e+00      9.00000e+00    110s
   395     -3.80870e+01     -6.29800e+00      9.00000e+00    111s
   399     -3.31120e+01     -6.29800e+00      9.00000e+00    112s
   403     -3.59020e+01     -6.29800e+00      9.00000e+00    114s
   407     -3.62910e+01     -6.29800e+00      9.00000e+00    115s
   411     -3.37110e+01     -6.29800e+00      9.00000e+00    116s
   415     -3.59780e+01     -6.29800e+00      9.00000e+00    117s
   419     -3.71150e+01     -6.29800e+00      9.00000e+00    118s
   423     -3.38590e+01     -6.29800e+00      9.00000e+00    119s
   426     -3.36910e+01     -6.29800e+00      9.00000e+00    120s
   430     -3.92800e+01     -6.29800e+00      9.00000e+00    121s
   434     -3.55240e+01     -6.29800e+00      9.00000e+00    123s
   438     -3.62870e+01     -6.29800e+00      9.00000e+00    124s
   442     -3.62550e+01     -6.29800e+00      9.00000e+00    125s
   446     -3.51440e+01     -6.29800e+00      9.00000e+00    126s
   450     -3.21830e+01     -6.29800e+00      9.00000e+00    127s
   454     -3.49250e+01     -6.29800e+00      9.00000e+00    128s
   458     -3.58110e+01     -6.29800e+00      9.00000e+00    129s
   462     -3.29060e+01     -6.29800e+00      9.00000e+00    131s
   466     -3.30850e+01     -6.29800e+00      9.00000e+00    132s
   470     -3.64290e+01     -6.29800e+00      9.00000e+00    133s
   474     -3.38600e+01     -6.29800e+00      9.00000e+00    134s
   478     -3.48550e+01     -6.29800e+00      9.00000e+00    135s
   482     -3.44000e+01     -6.29800e+00      9.00000e+00    136s
   486     -3.32210e+01     -6.29800e+00      9.00000e+00    137s
   490     -3.36910e+01     -6.29800e+00      9.00000e+00    139s
   494     -3.29490e+01     -6.29800e+00      9.00000e+00    140s
   498     -3.37810e+01     -6.29800e+00      9.00000e+00    141s
   502     -3.31570e+01     -6.29800e+00      9.00000e+00    142s
   506     -3.45230e+01     -6.29800e+00      9.00000e+00    143s
   510     -3.27570e+01     -6.29800e+00      9.00000e+00    144s
   514     -3.26390e+01     -6.29800e+00      9.00000e+00    146s
   518     -3.35800e+01     -6.29800e+00      9.00000e+00    147s
   522     -3.25870e+01     -6.29800e+00      9.00000e+00    148s
   526     -3.29340e+01     -6.29800e+00      9.00000e+00    149s
   530     -3.34080e+01     -6.29800e+00      9.00000e+00    150s
   534     -3.20480e+01     -6.29800e+00      9.00000e+00    152s
   537     -3.32460e+01     -6.29800e+00      9.00000e+00    153s
   541     -3.32460e+01     -6.29800e+00      9.00000e+00    154s
   545     -3.41510e+01     -6.29800e+00      9.00000e+00    155s
   549     -3.29270e+01     -6.29800e+00      9.00000e+00    156s
   553     -3.41910e+01     -6.29800e+00      9.00000e+00    157s
   557     -3.46530e+01     -6.29800e+00      9.00000e+00    158s
   560     -3.48540e+01     -6.29800e+00      9.00000e+00    159s
   564     -3.26080e+01     -6.29800e+00      9.00000e+00    160s
   568     -3.44450e+01     -6.29800e+00      9.00000e+00    162s
   572     -3.34420e+01     -6.29800e+00      9.00000e+00    163s
   576     -3.36610e+01     -6.29800e+00      9.00000e+00    164s
   580     -3.34480e+01     -6.29800e+00      9.00000e+00    165s
   583     -3.43230e+01     -6.29800e+00      9.00000e+00    166s
   587     -3.26430e+01     -6.29800e+00      9.00000e+00    167s
   591     -3.51740e+01     -6.29800e+00      9.00000e+00    169s
   595     -3.39280e+01     -6.29800e+00      9.00000e+00    170s
   599     -3.39480e+01     -6.29800e+00      9.00000e+00    171s
   603     -3.41800e+01     -6.29800e+00      9.00000e+00    172s
   607     -3.46230e+01     -6.29800e+00      9.00000e+00    173s
   611     -3.31230e+01     -6.29800e+00      9.00000e+00    175s
   615     -3.41420e+01     -6.29800e+00      9.00000e+00    176s
   619     -3.52670e+01     -6.29800e+00      9.00000e+00    177s
   623     -3.28330e+01     -6.29800e+00      9.00000e+00    178s
   627     -3.28190e+01     -6.29800e+00      9.00000e+00    179s
   631     -3.52050e+01     -6.29800e+00      9.00000e+00    181s
   635     -3.45840e+01     -6.29800e+00      9.00000e+00    182s
   639     -3.27220e+01     -6.29800e+00      9.00000e+00    183s
   643     -3.52400e+01     -6.29800e+00      9.00000e+00    184s
   646     -3.20720e+01     -6.29800e+00      9.00000e+00    185s
   650     -3.28130e+01     -6.29800e+00      9.00000e+00    186s
   654     -3.31740e+01     -6.29800e+00      9.00000e+00    188s
   658     -3.35000e+01     -6.29800e+00      9.00000e+00    189s
   662     -3.38060e+01     -6.29800e+00      9.00000e+00    190s
   666     -3.13340e+01     -6.29800e+00      9.00000e+00    191s
   670     -3.40580e+01     -6.29800e+00      9.00000e+00    192s
   674     -3.27340e+01     -6.29800e+00      9.00000e+00    194s
   678     -3.34150e+01     -6.29800e+00      9.00000e+00    195s
   682     -3.35870e+01     -6.29800e+00      9.00000e+00    196s
   686     -3.38780e+01     -6.29800e+00      9.00000e+00    197s
   690     -3.31480e+01     -6.29800e+00      9.00000e+00    198s
   694     -3.33100e+01     -6.29800e+00      9.00000e+00    199s
   697     -3.46830e+01     -6.29800e+00      9.00000e+00    201s
   701     -3.24820e+01     -6.29800e+00      9.00000e+00    202s
   705     -3.22540e+01     -6.29800e+00      9.00000e+00    203s
   709     -3.26000e+01     -6.29800e+00      9.00000e+00    204s
   713     -3.39190e+01     -6.29800e+00      9.00000e+00    205s
   717     -3.38490e+01     -6.29800e+00      9.00000e+00    207s
   721     -3.20000e+01     -6.29800e+00      9.00000e+00    208s
   725     -3.19580e+01     -6.29800e+00      9.00000e+00    209s
   728     -3.33970e+01     -6.29800e+00      9.00000e+00    210s
   732     -3.24170e+01     -6.29800e+00      9.00000e+00    211s
   735     -3.29290e+01     -6.29800e+00      9.00000e+00    212s
   739     -3.26420e+01     -6.29800e+00      9.00000e+00    213s
   743     -3.19420e+01     -6.29800e+00      9.00000e+00    215s
   747     -3.20280e+01     -6.29800e+00      9.00000e+00    216s
   751     -3.38200e+01     -6.29800e+00      9.00000e+00    217s
   755     -3.13170e+01     -6.29800e+00      9.00000e+00    218s
   759     -3.22990e+01     -6.29800e+00      9.00000e+00    220s
   763     -3.26910e+01     -6.29800e+00      9.00000e+00    221s
   767     -3.11770e+01     -6.29800e+00      9.00000e+00    222s
   771     -3.27510e+01     -6.29800e+00      9.00000e+00    223s
   775     -3.31390e+01     -6.29800e+00      9.00000e+00    224s
   779     -3.19190e+01     -6.29800e+00      9.00000e+00    226s
   783     -3.20500e+01     -6.29800e+00      9.00000e+00    227s
   787     -3.27340e+01     -6.29800e+00      9.00000e+00    228s
   791     -3.11200e+01     -6.29800e+00      9.00000e+00    229s
   795     -3.19350e+01     -6.29800e+00      9.00000e+00    230s
   799     -3.29650e+01     -6.29800e+00      9.00000e+00    232s
   802     -3.30740e+01     -6.29800e+00      9.00000e+00    233s
   806     -3.26380e+01     -6.29800e+00      9.00000e+00    234s
   810     -3.35610e+01     -6.29800e+00      9.00000e+00    235s
   814     -3.27230e+01     -6.29800e+00      9.00000e+00    236s
   818     -3.26140e+01     -6.29800e+00      9.00000e+00    237s
   822     -3.38420e+01     -6.29800e+00      9.00000e+00    239s
   826     -3.35390e+01     -6.29800e+00      9.00000e+00    240s
   830     -3.33210e+01     -6.29800e+00      9.00000e+00    241s
   834     -3.28530e+01     -6.29800e+00      9.00000e+00    242s
   837     -3.28300e+01     -6.29800e+00      9.00000e+00    243s
   841     -3.32180e+01     -6.29800e+00      9.00000e+00    244s
   845     -3.30310e+01     -6.29800e+00      9.00000e+00    246s
   849     -3.28160e+01     -6.29800e+00      9.00000e+00    247s
   853     -3.29950e+01     -6.29800e+00      9.00000e+00    248s
   857     -3.33160e+01     -6.29800e+00      9.00000e+00    249s
   860     -3.31340e+01     -6.29800e+00      9.00000e+00    250s
   864     -3.26780e+01     -6.29800e+00      9.00000e+00    251s
   867     -3.42390e+01     -6.29800e+00      9.00000e+00    253s
   871     -3.28540e+01     -6.29800e+00      9.00000e+00    254s
   875     -3.33230e+01     -6.29800e+00      9.00000e+00    255s
   879     -3.31780e+01     -6.29800e+00      9.00000e+00    256s
   883     -3.32460e+01     -6.29800e+00      9.00000e+00    258s
   887     -3.43260e+01     -6.29800e+00      9.00000e+00    259s
   891     -3.29360e+01     -6.29800e+00      9.00000e+00    260s
   894     -3.28320e+01     -6.29800e+00      9.00000e+00    261s
   898     -3.30700e+01     -6.29800e+00      9.00000e+00    262s
   902     -3.41430e+01     -6.29800e+00      9.00000e+00    264s
   906     -3.39300e+01     -6.29800e+00      9.00000e+00    265s
   910     -3.29860e+01     -6.29800e+00      9.00000e+00    266s
   913     -3.20680e+01     -6.29800e+00      9.00000e+00    267s
   917     -3.38640e+01     -6.29800e+00      9.00000e+00    269s
   921     -3.41110e+01     -6.29800e+00      9.00000e+00    270s
   925     -3.34600e+01     -6.29800e+00      9.00000e+00    271s
   928     -3.23600e+01     -6.29800e+00      9.00000e+00    272s
   932     -3.32350e+01     -6.29800e+00      9.00000e+00    273s
   935     -3.34260e+01     -6.29800e+00      9.00000e+00    274s
   939     -3.31330e+01     -6.29800e+00      9.00000e+00    276s
   943     -3.32370e+01     -6.29800e+00      9.00000e+00    277s
   947     -3.39090e+01     -6.29800e+00      9.00000e+00    278s
   951     -3.29230e+01     -6.29800e+00      9.00000e+00    279s
   955     -3.44000e+01     -6.29800e+00      9.00000e+00    281s
   959     -3.36390e+01     -6.29800e+00      9.00000e+00    282s
   963     -3.40410e+01     -6.29800e+00      9.00000e+00    283s
   967     -3.39990e+01     -6.29800e+00      9.00000e+00    284s
   971     -3.27840e+01     -6.29800e+00      9.00000e+00    286s
   975     -3.39870e+01     -6.29800e+00      9.00000e+00    287s
   979     -3.14810e+01     -6.29800e+00      9.00000e+00    288s
   983     -3.28370e+01     -6.29800e+00      9.00000e+00    289s
   987     -3.33490e+01     -6.29800e+00      9.00000e+00    290s
   991     -3.24580e+01     -6.29800e+00      9.00000e+00    292s
   995     -3.27880e+01     -6.29800e+00      9.00000e+00    293s
   999     -3.39430e+01     -6.29800e+00      9.00000e+00    294s
  1003     -3.41050e+01     -6.29800e+00      9.00000e+00    295s
  1007     -3.19470e+01     -6.29800e+00      9.00000e+00    297s
  1011     -3.32400e+01     -6.29800e+00      9.00000e+00    298s
  1015     -3.25290e+01     -6.29800e+00      9.00000e+00    299s
  1019     -3.03230e+01     -6.29800e+00      9.00000e+00    300s
  1023     -3.22020e+01     -6.29800e+00      9.00000e+00    302s
  1027     -3.24420e+01     -6.29800e+00      9.00000e+00    303s
  1031     -3.02160e+01     -6.29800e+00      9.00000e+00    304s
  1035     -3.32530e+01     -6.29800e+00      9.00000e+00    305s
  1039     -3.36410e+01     -6.29800e+00      9.00000e+00    306s
  1043     -3.09480e+01     -6.29800e+00      9.00000e+00    307s
  1047     -3.20390e+01     -6.29800e+00      9.00000e+00    309s
  1050     -3.35150e+01     -6.29800e+00      9.00000e+00    310s
  1054     -3.29520e+01     -6.29800e+00      9.00000e+00    311s
  1058     -3.29660e+01     -6.29800e+00      9.00000e+00    312s
  1062     -3.22760e+01     -6.29800e+00      9.00000e+00    313s
  1065     -3.28780e+01     -6.29800e+00      9.00000e+00    314s
  1069     -3.28030e+01     -6.29800e+00      9.00000e+00    316s
  1072     -3.23950e+01     -6.29800e+00      9.00000e+00    317s
  1076     -3.39780e+01     -6.29800e+00      9.00000e+00    318s
  1080     -3.23610e+01     -6.29800e+00      9.00000e+00    319s
  1084     -3.35610e+01     -6.29800e+00      9.00000e+00    320s
  1087     -3.41280e+01     -6.29800e+00      9.00000e+00    321s
  1091     -3.21460e+01     -6.29800e+00      9.00000e+00    322s
  1095     -3.29780e+01     -6.29800e+00      9.00000e+00    324s
  1099     -3.14240e+01     -6.29800e+00      9.00000e+00    325s
  1102     -3.30470e+01     -6.29800e+00      9.00000e+00    326s
  1106     -3.32580e+01     -6.29800e+00      9.00000e+00    327s
  1110     -3.39670e+01     -6.29800e+00      9.00000e+00    328s
  1114     -3.42530e+01     -6.29800e+00      9.00000e+00    330s
  1118     -3.32150e+01     -6.29800e+00      9.00000e+00    331s
  1121     -3.38320e+01     -6.29800e+00      9.00000e+00    332s
  1125     -3.33440e+01     -6.29800e+00      9.00000e+00    333s
  1128     -3.46350e+01     -6.29800e+00      9.00000e+00    334s
  1132     -3.43290e+01     -6.29800e+00      9.00000e+00    335s
  1135     -3.26470e+01     -6.29800e+00      9.00000e+00    336s
  1139     -3.22630e+01     -6.29800e+00      9.00000e+00    338s
  1143     -3.39280e+01     -6.29800e+00      9.00000e+00    339s
  1147     -3.19050e+01     -6.29800e+00      9.00000e+00    340s
  1151     -3.46240e+01     -6.29800e+00      9.00000e+00    341s
  1155     -3.31270e+01     -6.29800e+00      9.00000e+00    342s
  1158     -3.42460e+01     -6.29800e+00      9.00000e+00    343s
  1162     -3.22110e+01     -6.29800e+00      9.00000e+00    345s
  1166     -3.51370e+01     -6.29800e+00      9.00000e+00    346s
  1170     -3.23730e+01     -6.29800e+00      9.00000e+00    347s
  1174     -3.42220e+01     -6.29800e+00      9.00000e+00    348s
  1177     -3.37010e+01     -6.29800e+00      9.00000e+00    349s
  1181     -3.46040e+01     -6.29800e+00      9.00000e+00    350s
  1185     -3.44250e+01     -6.29800e+00      9.00000e+00    352s
  1189     -3.41220e+01     -6.29800e+00      9.00000e+00    353s
  1193     -3.31960e+01     -6.29800e+00      9.00000e+00    354s
  1197     -3.35610e+01     -6.29800e+00      9.00000e+00    355s
  1201     -3.34170e+01     -6.29800e+00      9.00000e+00    356s
  1205     -3.63590e+01     -6.29800e+00      9.00000e+00    358s
  1209     -3.41940e+01     -6.29800e+00      9.00000e+00    359s
  1213     -3.31530e+01     -6.29800e+00      9.00000e+00    360s
  1217     -3.50360e+01     -6.29800e+00      9.00000e+00    361s
  1221     -3.37800e+01     -6.29800e+00      9.00000e+00    362s
  1225     -3.34290e+01     -6.29800e+00      9.00000e+00    364s
  1229     -3.65010e+01     -6.29800e+00      9.00000e+00    365s
  1232     -3.62890e+01     -6.29800e+00      9.00000e+00    366s
  1236     -3.22070e+01     -6.29800e+00      9.00000e+00    367s
  1240     -3.72290e+01     -6.29800e+00      9.00000e+00    368s
  1244     -3.57470e+01     -6.29800e+00      9.00000e+00    369s
  1248     -3.27350e+01     -6.29800e+00      9.00000e+00    371s
  1252     -3.31500e+01     -6.29800e+00      9.00000e+00    372s
  1256     -3.58380e+01     -6.29800e+00      9.00000e+00    373s
  1260     -3.39790e+01     -6.29800e+00      9.00000e+00    374s
  1263     -3.27800e+01     -6.29800e+00      9.00000e+00    375s
  1267     -3.54270e+01     -6.29800e+00      9.00000e+00    376s
  1271     -3.34000e+01     -6.29800e+00      9.00000e+00    378s
  1275     -3.25360e+01     -6.29800e+00      9.00000e+00    379s
  1279     -3.55370e+01     -6.29800e+00      9.00000e+00    380s
  1283     -3.55520e+01     -6.29800e+00      9.00000e+00    381s
  1286     -3.52960e+01     -6.29800e+00      9.00000e+00    382s
  1290     -3.44780e+01     -6.29800e+00      9.00000e+00    383s
  1294     -3.52680e+01     -6.29800e+00      9.00000e+00    385s
  1298     -3.28530e+01     -6.29800e+00      9.00000e+00    386s
  1302     -3.28120e+01     -6.29800e+00      9.00000e+00    387s
  1306     -3.37890e+01     -6.29800e+00      9.00000e+00    388s
  1310     -3.39030e+01     -6.29800e+00      9.00000e+00    390s
  1314     -3.25730e+01     -6.29800e+00      9.00000e+00    391s
  1318     -3.51330e+01     -6.29800e+00      9.00000e+00    392s
  1321     -3.38200e+01     -6.29800e+00      9.00000e+00    393s
  1325     -3.31330e+01     -6.29800e+00      9.00000e+00    394s
  1329     -3.37640e+01     -6.29800e+00      9.00000e+00    396s
  1333     -3.22340e+01     -6.29800e+00      9.00000e+00    397s
  1337     -3.35390e+01     -6.29800e+00      9.00000e+00    398s
  1341     -3.34930e+01     -6.29800e+00      9.00000e+00    399s
  1345     -3.27280e+01     -6.29800e+00      9.00000e+00    400s
  1349     -3.32790e+01     -6.29800e+00      9.00000e+00    401s
  1353     -3.32840e+01     -6.29800e+00      9.00000e+00    403s
  1357     -3.38210e+01     -6.29800e+00      9.00000e+00    404s
  1361     -3.47410e+01     -6.29800e+00      9.00000e+00    405s
  1365     -3.36170e+01     -6.29800e+00      9.00000e+00    406s
  1369     -3.35140e+01     -6.29800e+00      9.00000e+00    407s
  1373     -3.36270e+01     -6.29800e+00      9.00000e+00    409s
  1377     -3.32970e+01     -6.29800e+00      9.00000e+00    410s
  1381     -3.29640e+01     -6.29800e+00      9.00000e+00    411s
  1385     -3.26720e+01     -6.29800e+00      9.00000e+00    412s
  1389     -3.42560e+01     -6.29800e+00      9.00000e+00    413s
  1393     -3.41070e+01     -6.29800e+00      9.00000e+00    415s
  1397     -3.25980e+01     -6.29800e+00      9.00000e+00    416s
  1401     -3.35460e+01     -6.29800e+00      9.00000e+00    417s
  1405     -3.35330e+01     -6.29800e+00      9.00000e+00    418s
  1408     -3.37780e+01     -6.29800e+00      9.00000e+00    419s
  1412     -3.21640e+01     -6.29800e+00      9.00000e+00    420s
  1416     -3.32450e+01     -6.29800e+00      9.00000e+00    422s
  1420     -3.31260e+01     -6.29800e+00      9.00000e+00    423s
  1424     -3.27100e+01     -6.29800e+00      9.00000e+00    424s
  1428     -3.28540e+01     -6.29800e+00      9.00000e+00    425s
  1432     -3.24870e+01     -6.29800e+00      9.00000e+00    426s
  1435     -3.37520e+01     -6.29800e+00      9.00000e+00    427s
  1439     -3.36380e+01     -6.29800e+00      9.00000e+00    429s
  1443     -3.41730e+01     -6.29800e+00      9.00000e+00    430s
  1447     -3.48950e+01     -6.29800e+00      9.00000e+00    431s
  1451     -3.35340e+01     -6.29800e+00      9.00000e+00    432s
  1455     -3.16670e+01     -6.29800e+00      9.00000e+00    433s
  1459     -3.08510e+01     -6.29800e+00      9.00000e+00    435s
  1463     -3.29720e+01     -6.29800e+00      9.00000e+00    436s
  1467     -3.00940e+01     -6.29800e+00      9.00000e+00    437s
  1471     -3.22910e+01     -6.29800e+00      9.00000e+00    438s
  1475     -3.30970e+01     -6.29800e+00      9.00000e+00    439s
  1479     -3.11640e+01     -6.29800e+00      9.00000e+00    440s
  1483     -3.28090e+01     -6.29800e+00      9.00000e+00    442s
  1487     -3.39140e+01     -6.29800e+00      9.00000e+00    443s
  1491     -3.09050e+01     -6.29800e+00      9.00000e+00    444s
  1495     -3.19580e+01     -6.29800e+00      9.00000e+00    445s
  1499     -3.30320e+01     -6.29800e+00      9.00000e+00    446s
  1503     -3.27920e+01     -6.29800e+00      9.00000e+00    447s
  1507     -3.23760e+01     -6.29800e+00      9.00000e+00    449s
  1511     -3.23270e+01     -6.29800e+00      9.00000e+00    450s
  1515     -3.24710e+01     -6.29800e+00      9.00000e+00    451s
  1519     -3.32450e+01     -6.29800e+00      9.00000e+00    452s
  1523     -3.32090e+01     -6.29800e+00      9.00000e+00    453s
  1527     -3.31920e+01     -6.29800e+00      9.00000e+00    455s
  1531     -3.16490e+01     -6.29800e+00      9.00000e+00    456s
  1535     -3.36830e+01     -6.29800e+00      9.00000e+00    457s
  1539     -3.09590e+01     -6.29800e+00      9.00000e+00    458s
  1543     -3.16130e+01     -6.29800e+00      9.00000e+00    459s
  1547     -3.29570e+01     -6.29800e+00      9.00000e+00    460s
  1550     -3.25980e+01     -6.29800e+00      9.00000e+00    461s
  1554     -3.45280e+01     -6.29800e+00      9.00000e+00    463s
  1558     -3.41970e+01     -6.29800e+00      9.00000e+00    464s
  1562     -3.23660e+01     -6.29800e+00      9.00000e+00    465s
  1566     -3.34620e+01     -6.29800e+00      9.00000e+00    466s
  1570     -3.41040e+01     -6.29800e+00      9.00000e+00    467s
  1574     -3.31030e+01     -6.29800e+00      9.00000e+00    468s
  1578     -3.29610e+01     -6.29800e+00      9.00000e+00    470s
  1582     -3.33570e+01     -6.29800e+00      9.00000e+00    471s
  1586     -3.34690e+01     -6.29800e+00      9.00000e+00    472s
  1590     -3.32030e+01     -6.29800e+00      9.00000e+00    473s
  1594     -3.36840e+01     -6.29800e+00      9.00000e+00    474s
  1598     -3.42050e+01     -6.29800e+00      9.00000e+00    476s
  1602     -3.41690e+01     -6.29800e+00      9.00000e+00    477s
  1606     -3.31230e+01     -6.29800e+00      9.00000e+00    478s
  1610     -3.41470e+01     -6.29800e+00      9.00000e+00    479s
  1614     -3.28330e+01     -6.29800e+00      9.00000e+00    480s
  1618     -3.46900e+01     -6.29800e+00      9.00000e+00    482s
  1623     -3.32740e+01     -6.29800e+00      9.00000e+00    483s
  1628     -3.34790e+01     -6.29800e+00      9.00000e+00    484s
  1632     -3.38300e+01     -6.29800e+00      9.00000e+00    485s
  1637     -3.37660e+01     -6.29800e+00      9.00000e+00    486s
  1641     -3.34230e+01     -6.29800e+00      9.00000e+00    488s
  1645     -3.30580e+01     -6.29800e+00      9.00000e+00    489s
  1649     -3.36970e+01     -6.29800e+00      9.00000e+00    490s
  1653     -3.37240e+01     -6.29800e+00      9.00000e+00    491s
  1657     -3.20660e+01     -6.29800e+00      9.00000e+00    493s
  1660     -3.23590e+01     -6.29800e+00      9.00000e+00    494s
  1664     -3.30410e+01     -6.29800e+00      9.00000e+00    495s
  1668     -3.26760e+01     -6.29800e+00      9.00000e+00    496s
  1671     -3.30750e+01     -6.29800e+00      9.00000e+00    497s
  1674     -3.40620e+01     -6.29800e+00      9.00000e+00    498s
  1677     -3.38140e+01     -6.29800e+00      9.00000e+00    499s
  1681     -3.33390e+01     -6.29800e+00      9.00000e+00    500s
  1684     -3.36300e+01     -6.29800e+00      9.00000e+00    501s
  1688     -3.29240e+01     -6.29800e+00      9.00000e+00    503s
  1691     -3.27960e+01     -6.29800e+00      9.00000e+00    504s
  1694     -3.38260e+01     -6.29800e+00      9.00000e+00    505s
  1698     -3.33070e+01     -6.29800e+00      9.00000e+00    506s
  1702     -3.30200e+01     -6.29800e+00      9.00000e+00    507s
  1705     -3.13350e+01     -6.29800e+00      9.00000e+00    508s
  1709     -3.16980e+01     -6.29800e+00      9.00000e+00    510s
  1713     -3.37090e+01     -6.29800e+00      9.00000e+00    511s
  1717     -3.18020e+01     -6.29800e+00      9.00000e+00    512s
  1720     -3.27600e+01     -6.29800e+00      9.00000e+00    513s
  1723     -3.37920e+01     -6.29800e+00      9.00000e+00    514s
  1726     -3.32750e+01     -6.29800e+00      9.00000e+00    515s
  1730     -3.11740e+01     -6.29800e+00      9.00000e+00    516s
  1734     -3.32450e+01     -6.29800e+00      9.00000e+00    518s
  1738     -3.20880e+01     -6.29800e+00      9.00000e+00    519s
  1742     -3.22220e+01     -6.29800e+00      9.00000e+00    520s
  1746     -3.49780e+01     -6.29800e+00      9.00000e+00    521s
  1749     -3.43530e+01     -6.29800e+00      9.00000e+00    523s
  1753     -3.24480e+01     -6.29800e+00      9.00000e+00    524s
  1756     -3.25320e+01     -6.29800e+00      9.00000e+00    525s
  1760     -3.29750e+01     -6.29800e+00      9.00000e+00    526s
  1763     -3.31930e+01     -6.29800e+00      9.00000e+00    527s
  1767     -3.24390e+01     -6.29800e+00      9.00000e+00    528s
  1770     -3.15980e+01     -6.29800e+00      9.00000e+00    529s
  1774     -3.38940e+01     -6.29800e+00      9.00000e+00    531s
  1778     -3.21520e+01     -6.29800e+00      9.00000e+00    532s
  1781     -3.30650e+01     -6.29800e+00      9.00000e+00    533s
  1784     -3.23840e+01     -6.29800e+00      9.00000e+00    534s
  1788     -3.29750e+01     -6.29800e+00      9.00000e+00    535s
  1792     -3.45960e+01     -6.29800e+00      9.00000e+00    536s
  1796     -3.19690e+01     -6.29800e+00      9.00000e+00    538s
  1799     -3.31470e+01     -6.29800e+00      9.00000e+00    539s
  1802     -3.35040e+01     -6.29800e+00      9.00000e+00    540s
  1805     -3.33460e+01     -6.29800e+00      9.00000e+00    541s
  1809     -3.49300e+01     -6.29800e+00      9.00000e+00    542s
  1813     -3.41350e+01     -6.29800e+00      9.00000e+00    543s
  1816     -3.30640e+01     -6.29800e+00      9.00000e+00    544s
  1819     -3.46320e+01     -6.29800e+00      9.00000e+00    545s
  1822     -3.44870e+01     -6.29800e+00      9.00000e+00    546s
  1826     -3.40320e+01     -6.29800e+00      9.00000e+00    548s
  1830     -3.45030e+01     -6.29800e+00      9.00000e+00    549s
  1833     -3.34680e+01     -6.29800e+00      9.00000e+00    550s
  1836     -3.25510e+01     -6.29800e+00      9.00000e+00    551s
  1840     -3.29990e+01     -6.29800e+00      9.00000e+00    552s
  1843     -3.33680e+01     -6.29800e+00      9.00000e+00    553s
  1846     -3.39410e+01     -6.29800e+00      9.00000e+00    554s
  1850     -3.29560e+01     -6.29800e+00      9.00000e+00    555s
  1854     -3.32300e+01     -6.29800e+00      9.00000e+00    557s
  1857     -3.38470e+01     -6.29800e+00      9.00000e+00    558s
  1860     -3.46480e+01     -6.29800e+00      9.00000e+00    559s
  1863     -3.39070e+01     -6.29800e+00      9.00000e+00    560s
  1867     -3.40890e+01     -6.29800e+00      9.00000e+00    561s
  1871     -3.49000e+01     -6.29800e+00      9.00000e+00    562s
  1875     -3.43270e+01     -6.29800e+00      9.00000e+00    564s
  1878     -3.37000e+01     -6.29800e+00      9.00000e+00    565s
  1881     -3.41210e+01     -6.29800e+00      9.00000e+00    566s
  1885     -3.32640e+01     -6.29800e+00      9.00000e+00    567s
  1889     -3.33950e+01     -6.29800e+00      9.00000e+00    568s
  1892     -3.30460e+01     -6.29800e+00      9.00000e+00    569s
  1896     -3.39150e+01     -6.29800e+00      9.00000e+00    570s
  1900     -3.20720e+01     -6.29800e+00      9.00000e+00    572s
  1903     -3.36230e+01     -6.29800e+00      9.00000e+00    573s
  1907     -3.41590e+01     -6.29800e+00      9.00000e+00    574s
  1911     -3.23280e+01     -6.29800e+00      9.00000e+00    575s
  1914     -3.28340e+01     -6.29800e+00      9.00000e+00    576s
  1917     -3.42380e+01     -6.29800e+00      9.00000e+00    577s
  1921     -3.38920e+01     -6.29800e+00      9.00000e+00    579s
  1924     -3.38000e+01     -6.29800e+00      9.00000e+00    580s
  1928     -3.42130e+01     -6.29800e+00      9.00000e+00    581s
  1932     -3.38010e+01     -6.29800e+00      9.00000e+00    582s
  1936     -3.22810e+01     -6.29800e+00      9.00000e+00    583s
  1940     -3.40640e+01     -6.29800e+00      9.00000e+00    585s
  1943     -3.47820e+01     -6.29800e+00      9.00000e+00    586s
  1946     -3.32670e+01     -6.29800e+00      9.00000e+00    587s
  1950     -3.38330e+01     -6.29800e+00      9.00000e+00    588s
  1954     -3.28550e+01     -6.29800e+00      9.00000e+00    589s
  1958     -3.25310e+01     -6.29800e+00      9.00000e+00    591s
  1962     -3.34000e+01     -6.29800e+00      9.00000e+00    592s
  1966     -3.27840e+01     -6.29800e+00      9.00000e+00    593s
  1970     -3.36160e+01     -6.29800e+00      9.00000e+00    594s
  1974     -3.22770e+01     -6.29800e+00      9.00000e+00    596s
  1978     -3.41690e+01     -6.29800e+00      9.00000e+00    597s
  1982     -3.23080e+01     -6.29800e+00      9.00000e+00    598s
  1985     -3.25640e+01     -6.29800e+00      9.00000e+00    599s
  1989     -3.32300e+01     -6.29800e+00      9.00000e+00    600s
  1993     -3.20820e+01     -6.29800e+00      9.00000e+00    601s
  1997     -3.35890e+01     -6.29800e+00      9.00000e+00    603s
  2000     -3.30310e+01     -6.29800e+00      9.00000e+00    604s
  2004     -3.48510e+01     -6.29800e+00      9.00000e+00    605s
  2008     -3.49900e+01     -6.29800e+00      9.00000e+00    606s
  2011     -3.26880e+01     -6.29800e+00      9.00000e+00    607s
  2015     -3.48400e+01     -6.29800e+00      9.00000e+00    608s
  2018     -3.51120e+01     -6.29800e+00      9.00000e+00    609s
  2021     -3.44600e+01     -6.29800e+00      9.00000e+00    610s
  2025     -3.41850e+01     -6.29800e+00      9.00000e+00    612s
  2029     -3.42500e+01     -6.29800e+00      9.00000e+00    613s
  2033     -3.59060e+01     -6.29800e+00      9.00000e+00    614s
  2037     -3.31750e+01     -6.29800e+00      9.00000e+00    615s
  2041     -3.43240e+01     -6.29800e+00      9.00000e+00    617s
  2045     -3.41820e+01     -6.29800e+00      9.00000e+00    618s
  2049     -3.24440e+01     -6.29800e+00      9.00000e+00    619s
  2053     -3.53640e+01     -6.29800e+00      9.00000e+00    620s
  2057     -3.75110e+01     -6.29800e+00      9.00000e+00    622s
  2061     -3.46400e+01     -6.29800e+00      9.00000e+00    623s
  2065     -3.49490e+01     -6.29800e+00      9.00000e+00    624s
  2069     -3.71570e+01     -6.29800e+00      9.00000e+00    625s
  2072     -3.49220e+01     -6.29800e+00      9.00000e+00    626s
  2075     -3.31420e+01     -6.29800e+00      9.00000e+00    628s
  2079     -3.64400e+01     -6.29800e+00      9.00000e+00    629s
  2083     -3.48420e+01     -6.29800e+00      9.00000e+00    630s
  2087     -3.25370e+01     -6.29800e+00      9.00000e+00    631s
  2091     -3.43670e+01     -6.29800e+00      9.00000e+00    632s
  2094     -3.69620e+01     -6.29800e+00      9.00000e+00    633s
  2098     -3.28760e+01     -6.29800e+00      9.00000e+00    635s
  2101     -3.37790e+01     -6.29800e+00      9.00000e+00    636s
  2105     -3.76850e+01     -6.29800e+00      9.00000e+00    637s
  2109     -3.61520e+01     -6.29800e+00      9.00000e+00    638s
  2113     -3.37630e+01     -6.29800e+00      9.00000e+00    640s
  2117     -3.67500e+01     -6.29800e+00      9.00000e+00    641s
  2120     -3.76230e+01     -6.29800e+00      9.00000e+00    642s
  2124     -3.30890e+01     -6.29800e+00      9.00000e+00    643s
  2128     -3.51860e+01     -6.29800e+00      9.00000e+00    644s
  2131     -3.92200e+01     -6.29800e+00      9.00000e+00    645s
  2134     -3.50820e+01     -6.29800e+00      9.00000e+00    646s
  2137     -3.37430e+01     -6.29800e+00      9.00000e+00    648s
  2140     -3.56150e+01     -6.29800e+00      9.00000e+00    649s
  2144     -3.76140e+01     -6.29800e+00      9.00000e+00    650s
  2148     -3.26510e+01     -6.29800e+00      9.00000e+00    651s
  2151     -3.48730e+01     -6.29800e+00      9.00000e+00    652s
  2154     -4.00480e+01     -6.29800e+00      9.00000e+00    653s
  2158     -4.20190e+01     -6.29800e+00      9.00000e+00    655s
  2162     -3.36050e+01     -6.29800e+00      9.00000e+00    656s
  2165     -3.53120e+01     -6.29800e+00      9.00000e+00    657s
  2169     -3.79350e+01     -6.29800e+00      9.00000e+00    658s
  2172     -3.34650e+01     -6.29800e+00      9.00000e+00    659s
  2176     -3.53950e+01     -6.29800e+00      9.00000e+00    660s
  2180     -4.08440e+01     -6.29800e+00      9.00000e+00    661s
  2184     -3.77550e+01     -6.29800e+00      9.00000e+00    663s
  2187     -3.24960e+01     -6.29800e+00      9.00000e+00    664s
  2191     -3.73330e+01     -6.29800e+00      9.00000e+00    665s
  2195     -3.72880e+01     -6.29800e+00      9.00000e+00    666s
  2199     -3.35380e+01     -6.29800e+00      9.00000e+00    667s
  2203     -4.02710e+01     -6.29800e+00      9.00000e+00    669s
  2207     -4.51650e+01     -6.29800e+00      9.00000e+00    670s
  2210     -3.70590e+01     -6.29800e+00      9.00000e+00    671s
  2214     -3.27970e+01     -6.29800e+00      9.00000e+00    672s
  2218     -3.45960e+01     -6.29800e+00      9.00000e+00    673s
  2222     -3.06900e+01     -6.29800e+00      9.00000e+00    675s
  2226     -3.66330e+01     -6.29800e+00      9.00000e+00    676s
  2230     -4.40920e+01     -6.29800e+00      9.00000e+00    677s
  2234     -3.77900e+01     -6.29800e+00      9.00000e+00    678s
  2237     -3.26710e+01     -6.29800e+00      9.00000e+00    679s
  2241     -3.32910e+01     -6.29800e+00      9.00000e+00    681s
  2245     -3.19030e+01     -6.29800e+00      9.00000e+00    682s
  2249     -3.24900e+01     -6.29800e+00      9.00000e+00    683s
  2253     -3.16750e+01     -6.29800e+00      9.00000e+00    684s
  2257     -3.58190e+01     -6.29800e+00      9.00000e+00    685s
  2261     -3.34610e+01     -6.29800e+00      9.00000e+00    687s
  2265     -3.92650e+01     -6.29800e+00      9.00000e+00    688s
  2269     -4.93630e+01     -6.29800e+00      9.00000e+00    689s
  2272     -4.12730e+01     -6.29800e+00      9.00000e+00    690s
  2275     -3.10520e+01     -6.29800e+00      9.00000e+00    691s
  2279     -3.38350e+01     -6.29800e+00      9.00000e+00    692s
  2283     -3.62050e+01     -6.29800e+00      9.00000e+00    693s
  2286     -3.35960e+01     -6.29800e+00      9.00000e+00    694s
  2290     -4.20440e+01     -6.29800e+00      9.00000e+00    696s
  2294     -4.69930e+01     -6.29800e+00      9.00000e+00    697s
  2297     -3.96010e+01     -6.29800e+00      9.00000e+00    698s
  2300     -3.33780e+01     -6.29800e+00      9.00000e+00    699s
  2304     -4.39520e+01     -6.29800e+00      9.00000e+00    700s
  2308     -4.28640e+01     -6.29800e+00      9.00000e+00    702s
  2312     -3.36030e+01     -6.29800e+00      9.00000e+00    703s
  2316     -4.41900e+01     -6.29800e+00      9.00000e+00    704s
  2319     -4.70310e+01     -6.29800e+00      9.00000e+00    705s
  2323     -3.39870e+01     -6.29800e+00      9.00000e+00    706s
  2327     -3.94280e+01     -6.29800e+00      9.00000e+00    707s
  2331     -4.54730e+01     -6.29800e+00      9.00000e+00    709s
  2335     -3.42530e+01     -6.29800e+00      9.00000e+00    710s
  2338     -3.67670e+01     -6.29800e+00      9.00000e+00    711s
  2342     -4.64210e+01     -6.29800e+00      9.00000e+00    712s
  2346     -3.94050e+01     -6.29800e+00      9.00000e+00    713s
  2350     -3.34730e+01     -6.29800e+00      9.00000e+00    715s
  2354     -3.95350e+01     -6.29800e+00      9.00000e+00    716s
  2358     -5.78340e+01     -6.29800e+00      9.00000e+00    717s
  2362     -3.40390e+01     -6.29800e+00      9.00000e+00    718s
  2365     -2.96280e+01     -6.29800e+00      9.00000e+00    719s
  2369     -5.01700e+01     -6.29800e+00      9.00000e+00    720s
  2373     -4.18410e+01     -6.29800e+00      9.00000e+00    722s
  2377     -3.18500e+01     -6.29800e+00      9.00000e+00    723s
  2381     -5.49960e+01     -6.29800e+00      9.00000e+00    724s
  2385     -4.67450e+01     -6.29800e+00      9.00000e+00    725s
  2388     -2.82280e+01     -6.29800e+00      9.00000e+00    726s
  2392     -4.24710e+01     -6.29800e+00      9.00000e+00    728s
  2396     -4.95360e+01     -6.29800e+00      9.00000e+00    729s
  2400     -3.33070e+01     -6.29800e+00      9.00000e+00    730s
  2404     -9.88150e+01     -6.29800e+00      9.00000e+00    731s
  2408     -9.65880e+01     -6.29800e+00      9.00000e+00    732s
  2412     -3.70010e+01     -6.29800e+00      9.00000e+00    734s
  2416     -1.31510e+01     -6.29800e+00      9.00000e+00    735s
  2420     -5.58500e+00     -5.58500e+00      9.00000e+00    736s
  2424     -2.56150e+01     -5.58500e+00      9.00000e+00    737s
  2427     -7.60980e+01     -5.58500e+00      9.00000e+00    738s
  2431     -1.09573e+02     -5.58500e+00      9.00000e+00    739s
  2435     -5.76330e+01     -5.58500e+00      9.00000e+00    740s
  2439     -1.70840e+01     -5.58500e+00      9.00000e+00    742s
  2443     -8.57200e+00     -5.58500e+00      9.00000e+00    743s
  2447     -1.12980e+01     -5.58500e+00      9.00000e+00    744s
  2451     -3.30290e+01     -5.58500e+00      9.00000e+00    745s
  2455     -3.25490e+01     -5.58500e+00      9.00000e+00    747s
  2458     -3.40800e+01     -5.58500e+00      9.00000e+00    748s
  2461     -3.26640e+01     -5.58500e+00      9.00000e+00    749s
  2465     -3.25840e+01     -5.58500e+00      9.00000e+00    750s
  2469     -3.28910e+01     -5.58500e+00      9.00000e+00    751s
  2472     -3.29250e+01     -5.58500e+00      9.00000e+00    752s
  2475     -3.27460e+01     -5.58500e+00      9.00000e+00    753s
  2478     -3.38370e+01     -5.58500e+00      9.00000e+00    754s
  2481     -3.35820e+01     -5.58500e+00      9.00000e+00    755s
  2485     -3.36250e+01     -5.58500e+00      9.00000e+00    757s
  2488     -3.28750e+01     -5.58500e+00      9.00000e+00    758s
  2492     -3.19560e+01     -5.58500e+00      9.00000e+00    759s
  2495     -3.19490e+01     -5.58500e+00      9.00000e+00    760s
  2499     -3.36810e+01     -5.58500e+00      9.00000e+00    761s

==================================================
Summary of results QAOA
--------------------------------------------------
Avg of QAOA obj (BQO obj):    3.92
Avg of QAOA obj (penalty):    -9.50
Avg of constraint violation:  0.87

Avg of QAOA obj:              -5.58
STD of QAOA obj:              7.37
Avg of QAOA obj (feasible):   3.80
STD of QAOA obj (feasible):   0.59

Gamma angles:                 6.15
Beta angles:                  2.56

Best QAOA obj:                9.00
Modified best QAOA obj:       9.00
Best QAOA obj (feasible):     9.00

QAOA total time:              761.18s
QAOA circuit depth:           34
==================================================

==================================================
Summary of results of 0-S6
--------------------------------------------------
Number of vertices:           6
Number of edges:              15

Vertex num in largest comp:   6
Edge num in largest comp:     15

Pre-processing running time:  0.00
Total solver time:            761.18
Running time:                 764.21

Upper bound:                  10.00
Objective value:              9.00

Partition 0:                  1, 3, 4, 5          
Partition 1:                  2                   
Partition 2:                  6                   
Partition 3:                                      
==================================================
