==================================================
Instance parameters
--------------------------------------------------
Number of vertices:           5
Number of edges:              10
Number of partitions:         4

Density (%):                  100
Name of instance:             seed1_band_pen1.8
Is planar:                    False
==================================================

==================================================
Solver parameters
--------------------------------------------------
Method:                       QUBO
Peel:                         False
Decompose:                    False
Fold:                         False

QAOA Num Levels:              1
QAOA Scipy Optimizer:         brute
==================================================

  iter        avg-obj        best avg-obj       best-obj      time
     2     -1.52384e+01     -1.45826e+01      5.20000e+00      1s
     8     -1.44990e+01     -1.39868e+01      6.00000e+00      2s
    14     -1.47496e+01     -1.39868e+01      6.00000e+00      3s
    20     -1.44932e+01     -1.39868e+01      7.00000e+00      4s
    26     -1.38618e+01     -1.38618e+01      7.00000e+00      5s
    32     -1.39924e+01     -1.38618e+01      7.00000e+00      6s
    39     -1.41916e+01     -1.38618e+01      7.00000e+00      8s
    45     -1.43406e+01     -1.38618e+01      7.00000e+00      9s
    51     -8.31240e+00     -8.31240e+00      7.00000e+00     10s
    57     -5.86220e+00     -1.42300e+00      7.00000e+00     11s
    63     -1.72532e+01     -1.42300e+00      7.00000e+00     12s
    69     -4.10720e+01     -1.42300e+00      7.00000e+00     13s
    76     -6.25340e+00     -1.42300e+00      7.00000e+00     14s
    82     -7.20260e+00     -1.42300e+00      7.00000e+00     15s
    89     -2.33944e+01     -1.42300e+00      7.00000e+00     16s
    96     -3.60782e+01     -1.42300e+00      7.00000e+00     17s
   103     -2.48580e+00     -1.42300e+00      7.00000e+00     19s
   110     -8.84680e+00     -1.42300e+00      7.00000e+00     20s
   117     -4.59848e+01     -1.42300e+00      7.00000e+00     21s
   124     -1.83738e+01     -1.42300e+00      7.00000e+00     22s
   130     -4.60360e+00     -1.42300e+00      7.00000e+00     23s
   137     -1.51842e+01     -1.42300e+00      7.00000e+00     24s
   144     -5.10228e+01     -1.42300e+00      7.00000e+00     25s
   150     -1.45736e+01     -1.42300e+00      7.00000e+00     26s
   157     -9.38020e+00     -1.42300e+00      7.00000e+00     27s
   164     -2.42758e+01     -1.42300e+00      7.00000e+00     28s
   171     -3.15020e+01     -1.42300e+00      7.00000e+00     29s
   177     -1.04424e+01     -1.42300e+00      7.00000e+00     31s
   184     -7.28400e+00     -1.42300e+00      7.00000e+00     32s
   190     -3.23380e+01     -1.42300e+00      7.00000e+00     33s
   197     -2.28406e+01     -1.42300e+00      7.00000e+00     34s
   204     -1.92428e+01     -1.42300e+00      7.00000e+00     35s
   211     -1.14408e+01     -1.42300e+00      7.00000e+00     36s
   218     -2.82222e+01     -1.42300e+00      7.00000e+00     37s
   225     -1.46308e+01     -1.42300e+00      7.00000e+00     38s
   232     -1.47698e+01     -1.42300e+00      7.00000e+00     40s
   238     -1.88410e+01     -1.42300e+00      7.00000e+00     41s
   245     -2.18594e+01     -1.42300e+00      7.00000e+00     42s
   251     -1.52512e+01     -1.42300e+00      7.00000e+00     43s
   257     -1.82122e+01     -1.42300e+00      7.00000e+00     44s
   263     -1.56152e+01     -1.42300e+00      7.00000e+00     45s
   269     -1.97782e+01     -1.42300e+00      7.00000e+00     46s
   276     -1.62522e+01     -1.42300e+00      7.00000e+00     47s
   282     -1.68192e+01     -1.42300e+00      7.00000e+00     48s
   288     -1.63478e+01     -1.42300e+00      7.00000e+00     49s
   294     -1.91828e+01     -1.42300e+00      7.00000e+00     50s
   300     -1.45292e+01     -1.42300e+00      7.00000e+00     51s
   305     -1.85160e+01     -1.42300e+00      7.00000e+00     52s
   311     -1.50028e+01     -1.42300e+00      7.00000e+00     53s
   317     -1.88432e+01     -1.42300e+00      7.00000e+00     54s
   323     -1.51654e+01     -1.42300e+00      7.00000e+00     55s
   329     -1.78216e+01     -1.42300e+00      7.00000e+00     56s
   335     -1.46586e+01     -1.42300e+00      7.00000e+00     57s
   341     -1.82678e+01     -1.42300e+00      7.00000e+00     59s
   347     -1.55160e+01     -1.42300e+00      7.00000e+00     60s
   353     -1.64132e+01     -1.42300e+00      7.00000e+00     61s
   359     -1.75020e+01     -1.42300e+00      7.00000e+00     62s
   365     -1.65334e+01     -1.42300e+00      7.00000e+00     63s
   371     -1.72952e+01     -1.42300e+00      7.00000e+00     64s
   377     -1.61378e+01     -1.42300e+00      7.00000e+00     65s
   383     -1.76374e+01     -1.42300e+00      7.00000e+00     66s
   390     -1.65730e+01     -1.42300e+00      7.00000e+00     67s
   397     -1.55076e+01     -1.42300e+00      7.00000e+00     69s
   403     -1.57840e+01     -1.42300e+00      7.00000e+00     70s
   410     -1.46704e+01     -1.42300e+00      7.00000e+00     71s
   416     -1.77418e+01     -1.42300e+00      7.00000e+00     72s
   422     -1.57782e+01     -1.42300e+00      7.00000e+00     73s
   428     -1.64992e+01     -1.42300e+00      7.00000e+00     74s
   434     -1.55568e+01     -1.42300e+00      7.00000e+00     75s
   440     -1.69178e+01     -1.42300e+00      7.00000e+00     76s
   446     -1.66636e+01     -1.42300e+00      7.00000e+00     77s
   452     -1.35314e+01     -1.42300e+00      7.00000e+00     78s
   458     -1.57754e+01     -1.42300e+00      7.00000e+00     79s
   464     -1.44908e+01     -1.42300e+00      7.00000e+00     80s
   470     -1.86496e+01     -1.42300e+00      7.00000e+00     81s
   476     -1.45852e+01     -1.42300e+00      7.00000e+00     82s
   482     -1.61582e+01     -1.42300e+00      7.00000e+00     84s
   488     -1.46896e+01     -1.42300e+00      7.00000e+00     85s
   495     -1.79002e+01     -1.42300e+00      7.00000e+00     86s
   501     -1.32382e+01     -1.42300e+00      7.00000e+00     87s
   507     -1.50448e+01     -1.42300e+00      7.00000e+00     88s
   513     -1.40270e+01     -1.42300e+00      7.00000e+00     89s
   519     -1.79266e+01     -1.42300e+00      7.00000e+00     90s
   525     -1.41758e+01     -1.42300e+00      7.00000e+00     91s
   531     -1.46446e+01     -1.42300e+00      7.00000e+00     93s
   537     -1.42936e+01     -1.42300e+00      7.00000e+00     94s
   544     -1.87690e+01     -1.42300e+00      7.00000e+00     95s
   550     -1.42062e+01     -1.42300e+00      7.00000e+00     96s
   556     -1.50164e+01     -1.42300e+00      7.00000e+00     97s
   562     -1.46820e+01     -1.42300e+00      7.00000e+00     98s
   568     -1.54088e+01     -1.42300e+00      7.00000e+00     99s
   574     -1.47108e+01     -1.42300e+00      7.00000e+00    100s
   580     -1.48660e+01     -1.42300e+00      7.00000e+00    101s
   586     -1.44380e+01     -1.42300e+00      7.00000e+00    102s
   592     -1.50738e+01     -1.42300e+00      7.00000e+00    103s
   598     -1.47992e+01     -1.42300e+00      7.00000e+00    105s
   604     -1.62842e+01     -1.42300e+00      7.00000e+00    106s
   609     -1.69434e+01     -1.42300e+00      7.00000e+00    107s
   615     -1.24120e+01     -1.42300e+00      7.00000e+00    108s
   621     -1.41230e+01     -1.42300e+00      7.00000e+00    109s
   627     -1.54866e+01     -1.42300e+00      7.00000e+00    110s
   633     -1.73928e+01     -1.42300e+00      7.00000e+00    111s
   639     -1.29982e+01     -1.42300e+00      7.00000e+00    112s
   645     -1.39786e+01     -1.42300e+00      7.00000e+00    113s
   651     -1.52864e+01     -1.42300e+00      7.00000e+00    114s
   657     -1.70108e+01     -1.42300e+00      7.00000e+00    115s
   663     -1.39922e+01     -1.42300e+00      7.00000e+00    116s
   669     -1.09386e+01     -1.42300e+00      7.00000e+00    117s
   675     -1.45698e+01     -1.42300e+00      7.00000e+00    118s
   681     -1.70250e+01     -1.42300e+00      7.00000e+00    119s
   686     -1.48200e+01     -1.42300e+00      7.00000e+00    120s
   692     -1.11614e+01     -1.42300e+00      7.00000e+00    121s
   698     -1.34714e+01     -1.42300e+00      7.00000e+00    122s
   704     -1.63500e+01     -1.42300e+00      7.00000e+00    124s
   711     -1.52556e+01     -1.42300e+00      7.00000e+00    125s
   716     -1.20508e+01     -1.42300e+00      7.00000e+00    126s
   722     -1.23312e+01     -1.42300e+00      7.00000e+00    127s
   728     -1.59110e+01     -1.42300e+00      7.00000e+00    128s
   734     -1.63240e+01     -1.42300e+00      7.00000e+00    129s
   739     -1.33960e+01     -1.42300e+00      7.00000e+00    130s
   746     -1.26954e+01     -1.42300e+00      7.00000e+00    131s
   752     -1.52180e+01     -1.42300e+00      7.00000e+00    132s
   758     -1.64210e+01     -1.42300e+00      7.00000e+00    133s
   764     -1.39594e+01     -1.42300e+00      7.00000e+00    134s
   770     -1.36124e+01     -1.42300e+00      7.00000e+00    135s
   776     -1.48258e+01     -1.42300e+00      7.00000e+00    136s
   782     -1.58202e+01     -1.42300e+00      7.00000e+00    137s
   788     -1.36452e+01     -1.42300e+00      7.00000e+00    138s
   794     -1.32014e+01     -1.42300e+00      7.00000e+00    140s
   800     -1.37658e+01     -1.42300e+00      7.00000e+00    141s
   806     -1.44886e+01     -1.42300e+00      7.00000e+00    142s
   812     -1.48150e+01     -1.42300e+00      7.00000e+00    143s
   818     -1.44502e+01     -1.42300e+00      7.00000e+00    144s
   824     -1.37392e+01     -1.42300e+00      7.00000e+00    145s
   831     -1.55840e+01     -1.42300e+00      7.00000e+00    146s
   837     -1.50008e+01     -1.42300e+00      7.00000e+00    147s
   843     -1.49444e+01     -1.42300e+00      7.00000e+00    148s
   849     -1.45966e+01     -1.42300e+00      7.00000e+00    149s
   855     -1.37794e+01     -1.42300e+00      7.00000e+00    151s
   861     -1.48176e+01     -1.42300e+00      7.00000e+00    152s
   867     -1.42966e+01     -1.42300e+00      7.00000e+00    153s
   873     -1.40428e+01     -1.42300e+00      7.00000e+00    154s
   879     -1.37044e+01     -1.42300e+00      7.00000e+00    155s
   884     -1.47200e+01     -1.42300e+00      7.00000e+00    156s
   889     -1.50136e+01     -1.42300e+00      7.00000e+00    157s
   895     -1.54018e+01     -1.42300e+00      7.00000e+00    158s
   901     -1.38742e+01     -1.42300e+00      7.00000e+00    159s
   907     -1.49056e+01     -1.42300e+00      7.00000e+00    160s
   913     -1.43832e+01     -1.42300e+00      7.00000e+00    162s
   919     -1.44570e+01     -1.42300e+00      7.00000e+00    163s
   925     -1.48838e+01     -1.42300e+00      7.00000e+00    164s
   931     -1.42734e+01     -1.42300e+00      7.00000e+00    165s
   937     -1.42444e+01     -1.42300e+00      7.00000e+00    166s
   943     -1.45004e+01     -1.42300e+00      7.00000e+00    167s
   949     -1.46544e+01     -1.42300e+00      7.00000e+00    168s
   955     -1.39684e+01     -1.42300e+00      7.00000e+00    169s
   960     -1.42724e+01     -1.42300e+00      7.00000e+00    170s
   966     -1.42666e+01     -1.42300e+00      7.00000e+00    171s
   972     -1.44292e+01     -1.42300e+00      7.00000e+00    172s
   978     -1.43110e+01     -1.42300e+00      7.00000e+00    174s
   984     -1.44090e+01     -1.42300e+00      7.00000e+00    175s
   989     -1.50272e+01     -1.42300e+00      7.00000e+00    176s
   995     -1.45050e+01     -1.42300e+00      7.00000e+00    177s
  1001     -1.45534e+01     -1.42300e+00      7.00000e+00    178s
  1007     -1.42592e+01     -1.42300e+00      7.00000e+00    179s
  1013     -1.41904e+01     -1.42300e+00      7.00000e+00    180s
  1019     -1.47236e+01     -1.42300e+00      7.00000e+00    181s
  1025     -1.42288e+01     -1.42300e+00      7.00000e+00    182s
  1031     -1.44938e+01     -1.42300e+00      7.00000e+00    184s
  1037     -1.46822e+01     -1.42300e+00      7.00000e+00    185s
  1042     -1.41794e+01     -1.42300e+00      7.00000e+00    186s
  1048     -1.43390e+01     -1.42300e+00      7.00000e+00    187s
  1053     -1.44624e+01     -1.42300e+00      7.00000e+00    188s
  1060     -1.45784e+01     -1.42300e+00      7.00000e+00    189s
  1066     -1.46390e+01     -1.42300e+00      7.00000e+00    190s
  1072     -1.39784e+01     -1.42300e+00      7.00000e+00    191s
  1078     -1.44926e+01     -1.42300e+00      7.00000e+00    192s
  1084     -1.45474e+01     -1.42300e+00      7.00000e+00    193s
  1089     -1.39508e+01     -1.42300e+00      7.00000e+00    194s
  1095     -1.45634e+01     -1.42300e+00      7.00000e+00    196s
  1101     -1.42030e+01     -1.42300e+00      7.00000e+00    197s
  1107     -1.42672e+01     -1.42300e+00      7.00000e+00    198s
  1113     -1.44522e+01     -1.42300e+00      7.00000e+00    199s
  1119     -1.39250e+01     -1.42300e+00      7.00000e+00    200s
  1125     -1.48574e+01     -1.42300e+00      7.00000e+00    201s
  1131     -1.36032e+01     -1.42300e+00      7.00000e+00    202s
  1137     -1.46334e+01     -1.42300e+00      7.00000e+00    203s
  1143     -1.37044e+01     -1.42300e+00      7.00000e+00    204s
  1149     -1.42508e+01     -1.42300e+00      7.00000e+00    205s
  1155     -1.39210e+01     -1.42300e+00      7.00000e+00    206s
  1161     -1.46032e+01     -1.42300e+00      7.00000e+00    207s
  1167     -1.41498e+01     -1.42300e+00      7.00000e+00    209s
  1173     -1.41112e+01     -1.42300e+00      7.00000e+00    210s
  1178     -1.43878e+01     -1.42300e+00      7.00000e+00    211s
  1184     -1.44038e+01     -1.42300e+00      7.00000e+00    212s
  1190     -1.41488e+01     -1.42300e+00      7.00000e+00    213s
  1196     -1.45680e+01     -1.42300e+00      7.00000e+00    214s
  1202     -1.49686e+01     -1.42300e+00      7.00000e+00    215s
  1208     -1.44614e+01     -1.42300e+00      7.00000e+00    216s
  1214     -1.48620e+01     -1.42300e+00      7.00000e+00    217s
  1220     -1.42872e+01     -1.42300e+00      7.00000e+00    218s
  1226     -1.44336e+01     -1.42300e+00      7.00000e+00    219s
  1232     -1.47484e+01     -1.42300e+00      7.00000e+00    221s
  1238     -1.44252e+01     -1.42300e+00      7.00000e+00    222s
  1244     -1.43246e+01     -1.42300e+00      7.00000e+00    223s
  1250     -1.39566e+01     -1.42300e+00      7.00000e+00    224s
  1256     -1.50760e+01     -1.42300e+00      7.00000e+00    225s
  1262     -1.43582e+01     -1.42300e+00      7.00000e+00    226s
  1267     -1.55508e+01     -1.42300e+00      7.00000e+00    227s
  1273     -1.42604e+01     -1.42300e+00      7.00000e+00    228s
  1279     -1.48448e+01     -1.42300e+00      7.00000e+00    229s
  1285     -1.40874e+01     -1.42300e+00      7.00000e+00    230s
  1291     -1.48692e+01     -1.42300e+00      7.00000e+00    231s
  1297     -1.50192e+01     -1.42300e+00      7.00000e+00    232s
  1303     -1.59400e+01     -1.42300e+00      7.00000e+00    234s
  1310     -1.61076e+01     -1.42300e+00      7.00000e+00    235s
  1316     -1.60474e+01     -1.42300e+00      7.00000e+00    236s
  1322     -1.43446e+01     -1.42300e+00      7.00000e+00    237s
  1328     -1.61624e+01     -1.42300e+00      7.00000e+00    238s
  1335     -1.52158e+01     -1.42300e+00      7.00000e+00    239s
  1341     -1.56818e+01     -1.42300e+00      7.00000e+00    240s
  1347     -1.44956e+01     -1.42300e+00      7.00000e+00    241s
  1353     -1.53968e+01     -1.42300e+00      7.00000e+00    242s
  1360     -1.58692e+01     -1.42300e+00      7.00000e+00    243s
  1366     -1.71900e+01     -1.42300e+00      7.00000e+00    245s
  1373     -1.54296e+01     -1.42300e+00      7.00000e+00    246s
  1379     -1.71820e+01     -1.42300e+00      7.00000e+00    247s
  1386     -1.45436e+01     -1.42300e+00      7.00000e+00    248s
  1392     -1.79694e+01     -1.42300e+00      7.00000e+00    249s
  1398     -1.42478e+01     -1.42300e+00      7.00000e+00    250s
  1404     -1.55734e+01     -1.42300e+00      7.00000e+00    251s
  1410     -1.50162e+01     -1.42300e+00      7.00000e+00    252s
  1416     -1.55572e+01     -1.42300e+00      7.00000e+00    253s
  1422     -1.46552e+01     -1.42300e+00      7.00000e+00    254s
  1427     -1.50974e+01     -1.42300e+00      7.00000e+00    256s
  1433     -1.50824e+01     -1.42300e+00      7.00000e+00    257s
  1439     -1.52720e+01     -1.42300e+00      7.00000e+00    258s
  1446     -1.51656e+01     -1.42300e+00      7.00000e+00    259s
  1452     -1.39044e+01     -1.42300e+00      7.00000e+00    260s
  1458     -1.45624e+01     -1.42300e+00      7.00000e+00    261s
  1464     -1.49960e+01     -1.42300e+00      7.00000e+00    262s
  1469     -1.40614e+01     -1.42300e+00      7.00000e+00    263s
  1475     -1.50818e+01     -1.42300e+00      7.00000e+00    264s
  1481     -1.41820e+01     -1.42300e+00      7.00000e+00    265s
  1487     -1.44388e+01     -1.42300e+00      7.00000e+00    266s
  1493     -1.44146e+01     -1.42300e+00      7.00000e+00    267s
  1499     -1.41606e+01     -1.42300e+00      7.00000e+00    268s
  1505     -1.41818e+01     -1.42300e+00      7.00000e+00    270s
  1511     -1.36342e+01     -1.42300e+00      7.00000e+00    271s
  1517     -1.48244e+01     -1.42300e+00      7.00000e+00    272s
  1523     -1.49896e+01     -1.42300e+00      7.00000e+00    273s
  1529     -1.44520e+01     -1.42300e+00      7.00000e+00    274s
  1535     -1.42596e+01     -1.42300e+00      7.00000e+00    275s
  1541     -1.39560e+01     -1.42300e+00      7.00000e+00    276s
  1547     -1.43998e+01     -1.42300e+00      7.00000e+00    277s
  1553     -1.41828e+01     -1.42300e+00      7.00000e+00    278s
  1559     -1.40594e+01     -1.42300e+00      7.00000e+00    279s
  1565     -1.39804e+01     -1.42300e+00      7.00000e+00    280s
  1571     -1.43588e+01     -1.42300e+00      7.00000e+00    282s
  1577     -1.37384e+01     -1.42300e+00      7.00000e+00    283s
  1583     -1.47000e+01     -1.42300e+00      7.00000e+00    284s
  1589     -1.44024e+01     -1.42300e+00      7.00000e+00    285s
  1595     -1.47786e+01     -1.42300e+00      7.00000e+00    286s
  1600     -1.40350e+01     -1.42300e+00      7.00000e+00    287s
  1606     -1.47464e+01     -1.42300e+00      7.00000e+00    288s
  1612     -1.48002e+01     -1.42300e+00      7.00000e+00    289s
  1618     -1.40374e+01     -1.42300e+00      7.00000e+00    290s
  1624     -1.42466e+01     -1.42300e+00      7.00000e+00    291s
  1629     -1.43602e+01     -1.42300e+00      7.00000e+00    292s
  1635     -1.45020e+01     -1.42300e+00      7.00000e+00    294s
  1641     -1.47624e+01     -1.42300e+00      7.00000e+00    295s
  1647     -1.50712e+01     -1.42300e+00      7.00000e+00    296s
  1652     -1.43268e+01     -1.42300e+00      7.00000e+00    297s
  1658     -1.49446e+01     -1.42300e+00      7.00000e+00    298s
  1664     -1.45526e+01     -1.42300e+00      7.00000e+00    299s
  1669     -1.49434e+01     -1.42300e+00      7.00000e+00    300s
  1675     -1.41480e+01     -1.42300e+00      7.00000e+00    301s
  1681     -1.45752e+01     -1.42300e+00      7.00000e+00    302s
  1686     -1.47194e+01     -1.42300e+00      7.00000e+00    304s
  1692     -1.36454e+01     -1.42300e+00      7.00000e+00    305s
  1697     -1.41080e+01     -1.42300e+00      7.00000e+00    306s
  1703     -1.39160e+01     -1.42300e+00      7.00000e+00    307s
  1709     -1.41808e+01     -1.42300e+00      7.00000e+00    308s
  1714     -1.42254e+01     -1.42300e+00      7.00000e+00    309s
  1720     -1.42978e+01     -1.42300e+00      7.00000e+00    310s
  1726     -1.37466e+01     -1.42300e+00      7.00000e+00    311s
  1732     -1.44120e+01     -1.42300e+00      7.00000e+00    312s
  1738     -1.41908e+01     -1.42300e+00      7.00000e+00    313s
  1744     -1.41758e+01     -1.42300e+00      7.00000e+00    314s
  1750     -1.40524e+01     -1.42300e+00      7.00000e+00    316s
  1756     -1.41358e+01     -1.42300e+00      7.00000e+00    317s
  1762     -1.47128e+01     -1.42300e+00      7.00000e+00    318s
  1768     -1.39944e+01     -1.42300e+00      7.00000e+00    319s
  1774     -1.44150e+01     -1.42300e+00      7.00000e+00    320s
  1780     -1.44710e+01     -1.42300e+00      7.00000e+00    321s
  1786     -1.47750e+01     -1.42300e+00      7.00000e+00    322s
  1792     -1.42746e+01     -1.42300e+00      7.00000e+00    323s
  1797     -1.42718e+01     -1.42300e+00      7.00000e+00    324s
  1803     -1.49354e+01     -1.42300e+00      7.00000e+00    326s
  1809     -1.47914e+01     -1.42300e+00      7.00000e+00    327s
  1815     -1.50632e+01     -1.42300e+00      7.00000e+00    328s
  1821     -1.43934e+01     -1.42300e+00      7.00000e+00    329s
  1827     -1.53674e+01     -1.42300e+00      7.00000e+00    330s
  1833     -1.42920e+01     -1.42300e+00      7.00000e+00    331s
  1838     -1.41630e+01     -1.42300e+00      7.00000e+00    332s
  1844     -1.43054e+01     -1.42300e+00      7.00000e+00    333s
  1849     -1.44234e+01     -1.42300e+00      7.00000e+00    334s
  1855     -1.51450e+01     -1.42300e+00      7.00000e+00    335s
  1861     -1.39910e+01     -1.42300e+00      7.00000e+00    336s
  1867     -1.56180e+01     -1.42300e+00      7.00000e+00    338s
  1872     -1.40624e+01     -1.42300e+00      7.00000e+00    339s
  1878     -1.54340e+01     -1.42300e+00      7.00000e+00    340s
  1884     -1.34476e+01     -1.42300e+00      7.00000e+00    341s
  1890     -1.60932e+01     -1.42300e+00      7.00000e+00    342s
  1895     -1.42706e+01     -1.42300e+00      7.00000e+00    343s
  1900     -1.47654e+01     -1.42300e+00      7.00000e+00    344s
  1906     -1.30440e+01     -1.42300e+00      7.00000e+00    345s
  1912     -1.42374e+01     -1.42300e+00      7.00000e+00    346s
  1918     -1.76682e+01     -1.42300e+00      7.00000e+00    347s
  1924     -1.42276e+01     -1.42300e+00      7.00000e+00    348s
  1930     -1.36190e+01     -1.42300e+00      7.00000e+00    349s
  1936     -1.34316e+01     -1.42300e+00      7.00000e+00    351s
  1942     -1.78204e+01     -1.42300e+00      7.00000e+00    352s
  1947     -1.44004e+01     -1.42300e+00      7.00000e+00    353s
  1952     -1.24388e+01     -1.42300e+00      7.00000e+00    354s
  1957     -9.24960e+00     -1.42300e+00      7.00000e+00    355s
  1962     -1.41702e+01     -1.42300e+00      7.00000e+00    356s
  1968     -2.37194e+01     -1.42300e+00      7.00000e+00    357s
  1974     -1.50550e+01     -1.42300e+00      7.00000e+00    358s
  1980     -9.24420e+00     -1.42300e+00      7.00000e+00    359s
  1986     -1.29750e+01     -1.42300e+00      7.00000e+00    360s
  1992     -2.37022e+01     -1.42300e+00      7.00000e+00    361s
  1998     -1.58036e+01     -1.42300e+00      7.00000e+00    362s
  2004     -6.06300e+00     -1.42300e+00      7.00000e+00    364s
  2010     -8.75600e+00     -1.42300e+00      7.00000e+00    365s
  2016     -2.57450e+01     -1.42300e+00      7.00000e+00    366s
  2022     -2.25908e+01     -1.42300e+00      7.00000e+00    367s
  2028     -6.97560e+00     -1.42300e+00      7.00000e+00    368s
  2034     -8.34840e+00     -1.42300e+00      7.00000e+00    369s
  2040     -2.54440e+01     -1.42300e+00      7.00000e+00    370s
  2047     -2.14442e+01     -1.42300e+00      7.00000e+00    372s
  2053     -7.95300e+00     -1.42300e+00      7.00000e+00    373s
  2059     -8.16120e+00     -1.42300e+00      7.00000e+00    374s
  2065     -2.35748e+01     -1.42300e+00      7.00000e+00    375s
  2072     -2.28764e+01     -1.42300e+00      7.00000e+00    376s
  2078     -7.34760e+00     -1.42300e+00      7.00000e+00    377s
  2084     -8.74560e+00     -1.42300e+00      7.00000e+00    378s
  2090     -2.54700e+01     -1.42300e+00      7.00000e+00    379s
  2097     -2.10920e+01     -1.42300e+00      7.00000e+00    381s
  2103     -1.54912e+01     -1.42300e+00      7.00000e+00    382s
  2109     -1.12850e+01     -1.42300e+00      7.00000e+00    383s
  2115     -2.12528e+01     -1.42300e+00      7.00000e+00    384s
  2121     -1.76456e+01     -1.42300e+00      7.00000e+00    385s
  2127     -1.49894e+01     -1.42300e+00      7.00000e+00    386s
  2133     -1.12024e+01     -1.42300e+00      7.00000e+00    387s
  2139     -1.96134e+01     -1.42300e+00      7.00000e+00    388s
  2145     -1.84748e+01     -1.42300e+00      7.00000e+00    389s
  2151     -1.79724e+01     -1.42300e+00      7.00000e+00    390s
  2157     -2.21288e+01     -1.42300e+00      7.00000e+00    392s
  2163     -1.52546e+01     -1.42300e+00      7.00000e+00    393s
  2169     -1.29408e+01     -1.42300e+00      7.00000e+00    394s
  2175     -1.66380e+01     -1.42300e+00      7.00000e+00    395s
  2181     -2.35098e+01     -1.42300e+00      7.00000e+00    396s
  2186     -1.38152e+01     -1.42300e+00      7.00000e+00    397s
  2192     -1.58702e+01     -1.42300e+00      7.00000e+00    398s
  2198     -1.11364e+01     -1.42300e+00      7.00000e+00    399s
  2204     -3.05920e+01     -1.42300e+00      7.00000e+00    400s
  2210     -1.71746e+01     -1.42300e+00      7.00000e+00    401s
  2216     -1.50368e+01     -1.42300e+00      7.00000e+00    403s
  2222     -7.85720e+00     -1.42300e+00      7.00000e+00    404s
  2228     -2.91724e+01     -1.42300e+00      7.00000e+00    405s
  2234     -1.99052e+01     -1.42300e+00      7.00000e+00    406s
  2240     -1.58162e+01     -1.42300e+00      7.00000e+00    407s
  2247     -9.04820e+00     -1.42300e+00      7.00000e+00    408s
  2253     -2.34882e+01     -1.42300e+00      7.00000e+00    409s
  2259     -2.27524e+01     -1.42300e+00      7.00000e+00    410s
  2265     -1.54514e+01     -1.42300e+00      7.00000e+00    411s
  2271     -1.44578e+01     -1.42300e+00      7.00000e+00    412s
  2277     -2.18558e+01     -1.42300e+00      7.00000e+00    414s
  2283     -2.43992e+01     -1.42300e+00      7.00000e+00    415s
  2289     -1.47774e+01     -1.42300e+00      7.00000e+00    416s
  2295     -1.53162e+01     -1.42300e+00      7.00000e+00    417s
  2301     -1.51586e+01     -1.42300e+00      7.00000e+00    418s
  2307     -2.72646e+01     -1.42300e+00      7.00000e+00    419s
  2313     -1.43096e+01     -1.42300e+00      7.00000e+00    420s
  2319     -2.49550e+01     -1.42300e+00      7.00000e+00    421s
  2325     -1.49920e+01     -1.42300e+00      7.00000e+00    422s
  2331     -2.80962e+01     -1.42300e+00      7.00000e+00    423s
  2337     -1.44358e+01     -1.42300e+00      7.00000e+00    424s
  2343     -2.51966e+01     -1.42300e+00      7.00000e+00    425s
  2349     -1.45222e+01     -1.42300e+00      7.00000e+00    427s
  2355     -2.00300e+01     -1.42300e+00      7.00000e+00    428s
  2361     -1.48586e+01     -1.42300e+00      7.00000e+00    429s
  2367     -1.94392e+01     -1.42300e+00      7.00000e+00    430s
  2373     -1.58862e+01     -1.42300e+00      7.00000e+00    431s
  2379     -1.94060e+01     -1.42300e+00      7.00000e+00    432s
  2385     -1.59540e+01     -1.42300e+00      7.00000e+00    433s
  2391     -1.84328e+01     -1.42300e+00      7.00000e+00    434s
  2397     -1.62628e+01     -1.42300e+00      7.00000e+00    435s
  2403     -1.51150e+01     -1.42300e+00      7.00000e+00    437s
  2409     -1.48366e+01     -1.42300e+00      7.00000e+00    438s
  2415     -1.52234e+01     -1.42300e+00      7.00000e+00    439s
  2421     -1.39294e+01     -1.42300e+00      7.00000e+00    440s
  2427     -1.51558e+01     -1.42300e+00      7.00000e+00    441s
  2433     -1.45832e+01     -1.42300e+00      7.00000e+00    442s
  2439     -1.47134e+01     -1.42300e+00      7.00000e+00    443s
  2445     -1.45542e+01     -1.42300e+00      7.00000e+00    444s
  2451     -1.41046e+01     -1.42300e+00      7.00000e+00    445s
  2457     -2.40704e+01     -1.42300e+00      7.00000e+00    446s
  2463     -1.40062e+01     -1.42300e+00      7.00000e+00    448s
  2469     -2.28040e+01     -1.42300e+00      7.00000e+00    449s
  2475     -1.37794e+01     -1.42300e+00      7.00000e+00    450s
  2481     -2.31898e+01     -1.42300e+00      7.00000e+00    451s
  2486     -1.56382e+01     -1.42300e+00      7.00000e+00    452s
  2492     -2.13266e+01     -1.42300e+00      7.00000e+00    453s
  2497     -1.76196e+01     -1.42300e+00      7.00000e+00    454s

==================================================
Summary of results QAOA
--------------------------------------------------
Average of QAOA obj:          -1.42
STD of QAOA obj:              102.36

Gamma angles:                 0.13
Beta angles:                  0.51

Best QAOA obj:                7.00
Modified best QAOA obj:       7.00

QAOA total time:              454.36s
QAOA circuit depth:           15
==================================================

==================================================
Summary of results of 0-S5
--------------------------------------------------
Number of vertices:           5
Number of edges:              10

Vertex num in largest comp:   5
Edge num in largest comp:     10

Pre-processing running time:  0.00
Total solver time:            454.03
Running time:                 456.53

Upper bound:                  7.00
Objective value:              7.00

Partition 0:                  1, 4, 5             
Partition 1:                  2                   
Partition 2:                                      
Partition 3:                  3                   
==================================================
