==================================================
Instance parameters
--------------------------------------------------
Number of vertices:           8
Number of edges:              18
Number of partitions:         2

Density (%):                  64
Name of instance:             seed1_band
Is planar:                    True
==================================================

==================================================
Solver parameters
--------------------------------------------------
Method:                       R-QUBO
Peel:                         False
Decompose:                    False
Fold:                         False

QAOA Num Levels:              1
QAOA Scipy Optimizer:         brute
==================================================

  iter        avg-obj        best avg-obj       best-obj      time
     0      2.01000e+00      2.01000e+00      9.00000e+00      1s
    10      2.00400e+00      2.05300e+00      9.00000e+00      2s
    23      1.99400e+00      2.10300e+00      9.00000e+00      3s
    35      2.01500e+00      2.11800e+00      9.00000e+00      4s
    46      2.02500e+00      2.11800e+00      9.00000e+00      5s
    57      1.97500e+00      2.32800e+00      9.00000e+00      6s
    68      2.09800e+00      2.32800e+00      9.00000e+00      7s
    82      1.91900e+00      2.32800e+00      9.00000e+00      8s
    93      2.08100e+00      2.35700e+00      9.00000e+00      9s
   105      2.25700e+00      2.41900e+00      9.00000e+00     11s
   119      2.09800e+00      2.45500e+00      9.00000e+00     12s
   131      2.08500e+00      2.45900e+00      9.00000e+00     13s
   145      1.77700e+00      2.45900e+00      9.00000e+00     14s
   158      1.89500e+00      2.52100e+00      9.00000e+00     15s
   173      1.73500e+00      2.62300e+00      9.00000e+00     16s
   184      1.73100e+00      2.62300e+00      9.00000e+00     17s
   195      1.87600e+00      2.62300e+00      9.00000e+00     18s
   207      2.05600e+00      2.62300e+00      9.00000e+00     19s
   218      2.27300e+00      2.62300e+00      9.00000e+00     20s
   229      2.54700e+00      2.64800e+00      9.00000e+00     21s
   242      2.50900e+00      2.71500e+00      9.00000e+00     22s
   258      2.06000e+00      2.71500e+00      9.00000e+00     23s
   273      1.93600e+00      2.71500e+00      9.00000e+00     24s
   285      1.91600e+00      2.71500e+00      9.00000e+00     25s
   297      1.94300e+00      2.71500e+00      9.00000e+00     26s
   310      1.97300e+00      2.71500e+00      9.00000e+00     27s
   323      1.82500e+00      2.71500e+00      9.00000e+00     29s
   334      2.14700e+00      2.71500e+00      9.00000e+00     30s
   347      1.96100e+00      2.71500e+00      9.00000e+00     31s
   357      2.15900e+00      2.71500e+00      9.00000e+00     32s
   367      2.22800e+00      2.71500e+00      9.00000e+00     33s
   379      2.17600e+00      2.71500e+00      9.00000e+00     34s
   392      2.11300e+00      2.71500e+00      9.00000e+00     35s
   408      2.05600e+00      2.71500e+00      9.00000e+00     36s
   419      1.87800e+00      2.71500e+00      9.00000e+00     37s
   429      2.13600e+00      2.71500e+00      9.00000e+00     38s
   441      2.07200e+00      2.71500e+00      9.00000e+00     39s
   451      2.02800e+00      2.71500e+00      9.00000e+00     40s
   463      1.88100e+00      2.71500e+00      9.00000e+00     41s
   474      2.00700e+00      2.71500e+00      9.00000e+00     42s
   485      1.98200e+00      2.71500e+00      9.00000e+00     43s
   499      1.88300e+00      2.71500e+00      9.00000e+00     44s
   511      2.01800e+00      2.71500e+00      9.00000e+00     45s
   522      2.00000e+00      2.71500e+00      9.00000e+00     46s
   540      2.08700e+00      2.71500e+00      9.00000e+00     48s
   553      2.07300e+00      2.71500e+00      9.00000e+00     49s
   564      1.92600e+00      2.71500e+00      9.00000e+00     50s
   575      2.05800e+00      2.71500e+00      9.00000e+00     51s
   586      2.02300e+00      2.71500e+00      9.00000e+00     52s
   599      2.03200e+00      2.71500e+00      9.00000e+00     53s
   610      1.97200e+00      2.71500e+00      9.00000e+00     54s
   623      1.96600e+00      2.71500e+00      9.00000e+00     55s
   635      2.06600e+00      2.71500e+00      9.00000e+00     56s
   646      2.03300e+00      2.71500e+00      9.00000e+00     57s
   658      1.98300e+00      2.71500e+00      9.00000e+00     58s
   673      2.10000e+00      2.71500e+00      9.00000e+00     59s
   686      2.03100e+00      2.71500e+00      9.00000e+00     60s
   700      2.01100e+00      2.71500e+00      9.00000e+00     61s
   713      1.96100e+00      2.71500e+00      9.00000e+00     63s
   726      2.06100e+00      2.71500e+00      9.00000e+00     64s
   737      1.99400e+00      2.71500e+00      9.00000e+00     65s
   749      1.98900e+00      2.71500e+00      9.00000e+00     66s
   758      2.04700e+00      2.71500e+00      9.00000e+00     67s
   770      1.98100e+00      2.71500e+00      9.00000e+00     68s
   782      2.13200e+00      2.71500e+00      9.00000e+00     69s
   792      1.94400e+00      2.71500e+00      9.00000e+00     70s
   804      2.03800e+00      2.71500e+00      9.00000e+00     71s
   819      2.21900e+00      2.71500e+00      9.00000e+00     72s
   829      2.16200e+00      2.71500e+00      9.00000e+00     73s
   842      2.05600e+00      2.71500e+00      9.00000e+00     74s
   853      2.06100e+00      2.71500e+00      9.00000e+00     75s
   866      1.99000e+00      2.71500e+00      9.00000e+00     76s
   877      1.97600e+00      2.71500e+00      9.00000e+00     77s
   886      2.10600e+00      2.71500e+00      9.00000e+00     78s
   895      2.27000e+00      2.71500e+00      9.00000e+00     79s
   906      2.23100e+00      2.71500e+00      9.00000e+00     80s
   917      2.08900e+00      2.71500e+00      9.00000e+00     82s
   927      1.90800e+00      2.71500e+00      9.00000e+00     83s
   943      2.22800e+00      2.71500e+00      9.00000e+00     84s
   958      2.43700e+00      2.71500e+00      9.00000e+00     85s
   969      2.22900e+00      2.71500e+00      9.00000e+00     86s
   983      2.37400e+00      2.71500e+00      9.00000e+00     87s
   996      2.49000e+00      2.71500e+00      9.00000e+00     88s
  1006      2.28600e+00      2.71500e+00      9.00000e+00     89s
  1018      2.24300e+00      2.71500e+00      9.00000e+00     90s
  1028      1.88000e+00      2.71500e+00      9.00000e+00     91s
  1038      1.92900e+00      2.71500e+00      9.00000e+00     92s
  1050      1.99200e+00      2.71500e+00      9.00000e+00     93s
  1061      2.21100e+00      2.71500e+00      9.00000e+00     94s
  1078      1.75000e+00      2.71500e+00      9.00000e+00     95s
  1090      1.78100e+00      2.71500e+00      9.00000e+00     96s
  1104      1.87700e+00      2.71500e+00      9.00000e+00     97s
  1116      1.79300e+00      2.71500e+00      9.00000e+00     98s
  1127      1.68400e+00      2.71500e+00      9.00000e+00     99s
  1139      1.69000e+00      2.71500e+00      9.00000e+00    101s
  1149      1.94800e+00      2.71500e+00      9.00000e+00    102s
  1160      2.17500e+00      2.71500e+00      9.00000e+00    103s
  1172      2.15300e+00      2.71500e+00      9.00000e+00    104s
  1184      2.28400e+00      2.71500e+00      9.00000e+00    105s
  1194      2.34300e+00      2.71500e+00      9.00000e+00    106s
  1210      2.19700e+00      2.71500e+00      9.00000e+00    107s
  1221      2.05400e+00      2.71500e+00      9.00000e+00    108s
  1233      2.09600e+00      2.71500e+00      9.00000e+00    109s
  1245      2.09700e+00      2.71500e+00      9.00000e+00    110s
  1258      1.89900e+00      2.71500e+00      9.00000e+00    111s
  1268      2.07600e+00      2.71500e+00      9.00000e+00    112s
  1278      2.19800e+00      2.71500e+00      9.00000e+00    113s
  1289      2.09600e+00      2.71500e+00      9.00000e+00    114s
  1299      2.00000e+00      2.71500e+00      9.00000e+00    115s
  1311      1.96600e+00      2.71500e+00      9.00000e+00    116s
  1324      2.00700e+00      2.71500e+00      9.00000e+00    117s
  1337      2.02800e+00      2.71500e+00      9.00000e+00    118s
  1350      1.96200e+00      2.71500e+00      9.00000e+00    119s
  1363      2.14900e+00      2.71500e+00      9.00000e+00    121s
  1372      1.82400e+00      2.71500e+00      9.00000e+00    122s
  1383      1.81900e+00      2.71500e+00      9.00000e+00    123s
  1392      2.25100e+00      2.71500e+00      9.00000e+00    124s
  1404      2.56700e+00      2.71500e+00      9.00000e+00    125s
  1416      2.63200e+00      2.71500e+00      9.00000e+00    126s
  1428      2.49200e+00      2.71500e+00      9.00000e+00    127s
  1439      2.28000e+00      2.71500e+00      9.00000e+00    128s
  1451      2.24600e+00      2.71500e+00      9.00000e+00    129s
  1464      2.35100e+00      2.71500e+00      9.00000e+00    130s
  1476      2.31200e+00      2.71500e+00      9.00000e+00    131s
  1489      2.41600e+00      2.71500e+00      9.00000e+00    132s
  1499      1.89800e+00      2.71500e+00      9.00000e+00    133s
  1510      1.83000e+00      2.71500e+00      9.00000e+00    134s
  1522      1.82200e+00      2.71500e+00      9.00000e+00    135s
  1534      1.90100e+00      2.71500e+00      9.00000e+00    137s
  1545      1.90900e+00      2.71500e+00      9.00000e+00    138s
  1557      2.07800e+00      2.71500e+00      9.00000e+00    139s
  1566      2.20200e+00      2.71500e+00      9.00000e+00    140s
  1577      2.30600e+00      2.71500e+00      9.00000e+00    141s
  1590      2.30900e+00      2.71500e+00      9.00000e+00    142s
  1602      2.01700e+00      2.71500e+00      9.00000e+00    143s
  1614      2.24000e+00      2.71500e+00      9.00000e+00    144s
  1625      2.08400e+00      2.71500e+00      9.00000e+00    145s
  1637      2.02000e+00      2.71500e+00      9.00000e+00    146s
  1650      2.00400e+00      2.71500e+00      9.00000e+00    147s
  1661      2.01100e+00      2.71500e+00      9.00000e+00    148s
  1671      2.02300e+00      2.71500e+00      9.00000e+00    149s
  1680      2.16100e+00      2.71500e+00      9.00000e+00    150s
  1690      2.08000e+00      2.71500e+00      9.00000e+00    151s
  1700      1.98800e+00      2.71500e+00      9.00000e+00    153s
  1710      2.01400e+00      2.71500e+00      9.00000e+00    154s
  1724      1.99500e+00      2.71500e+00      9.00000e+00    155s
  1737      1.93400e+00      2.71500e+00      9.00000e+00    156s
  1750      1.98800e+00      2.71500e+00      9.00000e+00    157s
  1763      2.12800e+00      2.71500e+00      9.00000e+00    158s
  1775      2.05000e+00      2.71500e+00      9.00000e+00    159s
  1786      1.97100e+00      2.71500e+00      9.00000e+00    160s
  1796      2.06100e+00      2.71500e+00      9.00000e+00    161s
  1805      2.03000e+00      2.71500e+00      9.00000e+00    162s
  1816      2.08300e+00      2.71500e+00      9.00000e+00    163s
  1830      1.91300e+00      2.71500e+00      9.00000e+00    164s
  1841      1.97500e+00      2.71500e+00      9.00000e+00    165s
  1851      2.00600e+00      2.71500e+00      9.00000e+00    166s
  1866      2.08100e+00      2.71500e+00      9.00000e+00    167s
  1879      1.94200e+00      2.71500e+00      9.00000e+00    168s
  1891      1.97500e+00      2.71500e+00      9.00000e+00    169s
  1901      2.10600e+00      2.71500e+00      9.00000e+00    170s
  1912      1.97400e+00      2.71500e+00      9.00000e+00    171s
  1923      2.01500e+00      2.71500e+00      9.00000e+00    172s
  1930      2.00500e+00      2.71500e+00      9.00000e+00    173s
  1939      1.98100e+00      2.71500e+00      9.00000e+00    174s
  1951      1.97500e+00      2.71500e+00      9.00000e+00    175s
  1963      1.98600e+00      2.71500e+00      9.00000e+00    177s
  1974      2.03200e+00      2.71500e+00      9.00000e+00    178s
  1991      1.88000e+00      2.71500e+00      9.00000e+00    179s
  2004      1.94100e+00      2.71500e+00      9.00000e+00    180s
  2017      2.11100e+00      2.71500e+00      9.00000e+00    181s
  2028      2.00300e+00      2.71500e+00      9.00000e+00    182s
  2041      2.00400e+00      2.71500e+00      9.00000e+00    183s
  2052      2.03000e+00      2.71500e+00      9.00000e+00    184s
  2062      2.04600e+00      2.71500e+00      9.00000e+00    185s
  2072      2.00500e+00      2.71500e+00      9.00000e+00    186s
  2082      2.06700e+00      2.71500e+00      9.00000e+00    187s
  2094      2.05300e+00      2.71500e+00      9.00000e+00    188s
  2105      2.11900e+00      2.71500e+00      9.00000e+00    189s
  2117      1.96100e+00      2.71500e+00      9.00000e+00    190s
  2133      2.15500e+00      2.71500e+00      9.00000e+00    191s
  2146      2.07400e+00      2.71500e+00      9.00000e+00    192s
  2160      2.13400e+00      2.71500e+00      9.00000e+00    193s
  2170      2.36900e+00      2.71500e+00      9.00000e+00    194s
  2181      2.38200e+00      2.71500e+00      9.00000e+00    195s
  2191      2.11400e+00      2.71500e+00      9.00000e+00    196s
  2204      1.97600e+00      2.71500e+00      9.00000e+00    198s
  2216      1.98900e+00      2.71500e+00      9.00000e+00    199s
  2226      1.91200e+00      2.71500e+00      9.00000e+00    200s
  2238      1.92700e+00      2.71500e+00      9.00000e+00    201s
  2251      1.95400e+00      2.71500e+00      9.00000e+00    202s
  2266      1.95800e+00      2.71500e+00      9.00000e+00    203s
  2276      1.80300e+00      2.71500e+00      9.00000e+00    204s
  2287      1.98400e+00      2.71500e+00      9.00000e+00    205s
  2300      2.02000e+00      2.71500e+00      9.00000e+00    206s
  2312      2.05200e+00      2.71500e+00      9.00000e+00    207s
  2322      2.48600e+00      2.71500e+00      9.00000e+00    208s
  2331      2.26600e+00      2.71500e+00      9.00000e+00    209s
  2341      1.87200e+00      2.71500e+00      9.00000e+00    210s
  2353      1.75900e+00      2.71500e+00      9.00000e+00    211s
  2364      1.77000e+00      2.71500e+00      9.00000e+00    213s
  2375      1.97600e+00      2.71500e+00      9.00000e+00    214s
  2389      1.67300e+00      2.71500e+00      9.00000e+00    215s
  2400      2.04500e+00      2.71500e+00      9.00000e+00    216s
  2411      2.20200e+00      2.71500e+00      9.00000e+00    217s
  2423      2.16900e+00      2.71500e+00      9.00000e+00    218s
  2434      2.21400e+00      2.71500e+00      9.00000e+00    219s
  2446      2.25400e+00      2.71500e+00      9.00000e+00    220s
  2457      1.91900e+00      2.71500e+00      9.00000e+00    221s
  2466      2.01900e+00      2.71500e+00      9.00000e+00    222s
  2475      1.99200e+00      2.71500e+00      9.00000e+00    223s
  2487      2.08700e+00      2.71500e+00      9.00000e+00    224s
  2495      2.04900e+00      2.71500e+00      9.00000e+00    225s

==================================================
Summary of results QAOA
--------------------------------------------------
Average of QAOA obj:          2.71
STD of QAOA obj:              20.63

Gamma angles:                 0.51
Beta angles:                  5.26

Best QAOA obj:                9.00
Modified best QAOA obj:       9.00

QAOA total time:              225.41s
QAOA circuit depth:           14
==================================================

==================================================
Summary of results of 0-S8
--------------------------------------------------
Number of vertices:           8
Number of edges:              18

Vertex num in largest comp:   8
Edge num in largest comp:     18

Pre-processing running time:  0.00
Total solver time:            225.03
Running time:                 228.64

Upper bound:                  11.00
Objective value:              9.00

Partition 0:                  1, 4, 5, 6, 8       
Partition 1:                  2, 3, 7             
==================================================
==================================================
Instance parameters
--------------------------------------------------
Number of vertices:           8
Number of edges:              18
Number of partitions:         2

Density (%):                  64
Name of instance:             seed1_band
Is planar:                    True
==================================================

==================================================
Solver parameters
--------------------------------------------------
Method:                       R-QUBO
Peel:                         False
Decompose:                    False
Fold:                         False

QAOA Num Levels:              1
QAOA Scipy Optimizer:         brute
==================================================

  iter        avg-obj        best avg-obj       best-obj      time
     0      1.95600e+00      1.95600e+00      9.00000e+00      1s
     8      1.89900e+00      2.13100e+00      9.00000e+00      2s
    21      1.98200e+00      2.13100e+00      9.00000e+00      3s
    34      2.09500e+00      2.13100e+00      9.00000e+00      4s
    47      2.03900e+00      2.13100e+00      9.00000e+00      5s
    57      1.99300e+00      2.31800e+00      9.00000e+00      6s
    70      1.85800e+00      2.31800e+00      9.00000e+00      7s
    87      2.09000e+00      2.31800e+00      9.00000e+00      8s
    96      1.94600e+00      2.31800e+00      9.00000e+00      9s
   106      2.26000e+00      2.41300e+00      9.00000e+00     10s
   116      2.51100e+00      2.51100e+00      9.00000e+00     12s
   127      2.14800e+00      2.51100e+00      9.00000e+00     13s
   138      2.12600e+00      2.51100e+00      9.00000e+00     14s
   148      2.00800e+00      2.51100e+00      9.00000e+00     15s
   159      1.78600e+00      2.53600e+00      9.00000e+00     16s
   171      1.78300e+00      2.62200e+00      9.00000e+00     17s
   183      2.00300e+00      2.62200e+00      9.00000e+00     18s
   195      1.91700e+00      2.62200e+00      9.00000e+00     19s
   214      2.33800e+00      2.62200e+00      9.00000e+00     20s
   227      2.40300e+00      2.62200e+00      9.00000e+00     21s
   240      2.49200e+00      2.62900e+00      9.00000e+00     22s
   252      2.32000e+00      2.62900e+00      9.00000e+00     23s
   266      2.38900e+00      2.62900e+00      9.00000e+00     24s
   276      2.25900e+00      2.62900e+00      9.00000e+00     25s
   288      2.17800e+00      2.62900e+00      9.00000e+00     26s
   300      1.91800e+00      2.62900e+00      9.00000e+00     28s
   314      2.25600e+00      2.62900e+00      9.00000e+00     29s
   326      2.05600e+00      2.62900e+00      9.00000e+00     30s
   337      1.92800e+00      2.62900e+00      9.00000e+00     31s
   349      2.06200e+00      2.62900e+00      9.00000e+00     32s
   363      1.97200e+00      2.62900e+00      9.00000e+00     33s
   373      1.96500e+00      2.62900e+00      9.00000e+00     34s
   385      1.87200e+00      2.62900e+00      9.00000e+00     35s
   397      2.03400e+00      2.62900e+00      9.00000e+00     36s
   410      2.09300e+00      2.62900e+00      9.00000e+00     37s
   420      2.06300e+00      2.62900e+00      9.00000e+00     38s
   432      2.09800e+00      2.62900e+00      9.00000e+00     39s
   444      2.07900e+00      2.62900e+00      9.00000e+00     40s
   456      2.10000e+00      2.62900e+00      9.00000e+00     41s
   467      1.97800e+00      2.62900e+00      9.00000e+00     42s
   479      1.93100e+00      2.62900e+00      9.00000e+00     43s
   495      2.04100e+00      2.62900e+00      9.00000e+00     44s
   506      1.83000e+00      2.62900e+00      9.00000e+00     45s
   519      1.91600e+00      2.62900e+00      9.00000e+00     46s
   531      1.94900e+00      2.62900e+00      9.00000e+00     47s
   543      2.07400e+00      2.62900e+00      9.00000e+00     48s
   555      2.13100e+00      2.62900e+00      9.00000e+00     50s
   565      2.05700e+00      2.62900e+00      9.00000e+00     51s
   573      1.83000e+00      2.62900e+00      9.00000e+00     52s
   583      2.10300e+00      2.62900e+00      9.00000e+00     53s
   596      1.87100e+00      2.62900e+00      9.00000e+00     54s
   608      1.91500e+00      2.62900e+00      9.00000e+00     55s
   624      2.09900e+00      2.62900e+00      9.00000e+00     56s
   635      1.98100e+00      2.62900e+00      9.00000e+00     57s
   647      2.07800e+00      2.62900e+00      9.00000e+00     58s
   659      1.97800e+00      2.62900e+00      9.00000e+00     59s
   671      1.94000e+00      2.62900e+00      9.00000e+00     60s
   685      1.98400e+00      2.62900e+00      9.00000e+00     61s
   697      2.06200e+00      2.62900e+00      9.00000e+00     62s
   707      2.00300e+00      2.62900e+00      9.00000e+00     63s
   717      2.09500e+00      2.62900e+00      9.00000e+00     64s
   728      2.05800e+00      2.62900e+00      9.00000e+00     65s
   738      2.01300e+00      2.62900e+00      9.00000e+00     66s
   751      2.06600e+00      2.62900e+00      9.00000e+00     67s
   767      1.99800e+00      2.62900e+00      9.00000e+00     68s
   779      2.11200e+00      2.62900e+00      9.00000e+00     69s
   789      1.94900e+00      2.62900e+00      9.00000e+00     70s
   803      2.05900e+00      2.62900e+00      9.00000e+00     71s
   815      1.99300e+00      2.62900e+00      9.00000e+00     72s
   828      2.08400e+00      2.62900e+00      9.00000e+00     73s
   840      2.08100e+00      2.62900e+00      9.00000e+00     74s
   851      1.95800e+00      2.62900e+00      9.00000e+00     75s
   860      2.15500e+00      2.62900e+00      9.00000e+00     77s
   872      2.17400e+00      2.62900e+00      9.00000e+00     78s
   883      2.15600e+00      2.62900e+00      9.00000e+00     79s
   896      2.27800e+00      2.62900e+00      9.00000e+00     80s
   911      2.18000e+00      2.62900e+00      9.00000e+00     81s
   922      2.29600e+00      2.62900e+00      9.00000e+00     82s
   935      2.11500e+00      2.62900e+00      9.00000e+00     83s
   947      2.22400e+00      2.62900e+00      9.00000e+00     84s
   960      2.32300e+00      2.62900e+00      9.00000e+00     85s
   968      2.34700e+00      2.62900e+00      9.00000e+00     86s
   977      2.01200e+00      2.62900e+00      9.00000e+00     87s
   988      1.92200e+00      2.62900e+00      9.00000e+00     88s
  1001      1.86500e+00      2.62900e+00      9.00000e+00     89s
  1013      1.93100e+00      2.62900e+00      9.00000e+00     90s
  1024      2.11400e+00      2.62900e+00      9.00000e+00     91s
  1037      2.00800e+00      2.62900e+00      9.00000e+00     92s
  1050      1.88400e+00      2.62900e+00      9.00000e+00     94s
  1063      1.79600e+00      2.62900e+00      9.00000e+00     95s
  1076      1.75400e+00      2.62900e+00      9.00000e+00     96s
  1089      1.68400e+00      2.62900e+00      9.00000e+00     97s
  1099      2.02300e+00      2.62900e+00      9.00000e+00     98s
  1111      2.19400e+00      2.62900e+00      9.00000e+00     99s
  1121      2.65700e+00      2.65700e+00      9.00000e+00    100s
  1130      2.17000e+00      2.65700e+00      9.00000e+00    101s
  1141      1.86900e+00      2.65700e+00      9.00000e+00    102s
  1151      1.84000e+00      2.65700e+00      9.00000e+00    103s
  1161      2.20600e+00      2.65700e+00      9.00000e+00    104s
  1176      1.78900e+00      2.65700e+00      9.00000e+00    105s
  1187      1.93200e+00      2.65700e+00      9.00000e+00    106s
  1199      2.06300e+00      2.65700e+00      9.00000e+00    107s
  1209      1.98300e+00      2.65700e+00      9.00000e+00    108s
  1220      2.13600e+00      2.65700e+00      9.00000e+00    109s
  1230      1.83900e+00      2.65700e+00      9.00000e+00    110s
  1241      1.90000e+00      2.65700e+00      9.00000e+00    112s
  1254      1.99800e+00      2.65700e+00      9.00000e+00    113s
  1264      2.06700e+00      2.65700e+00      9.00000e+00    114s
  1273      1.91000e+00      2.65700e+00      9.00000e+00    115s
  1282      1.93000e+00      2.65700e+00      9.00000e+00    116s
  1296      1.99900e+00      2.65700e+00      9.00000e+00    117s
  1307      2.00700e+00      2.65700e+00      9.00000e+00    118s
  1318      2.10400e+00      2.65700e+00      9.00000e+00    119s
  1327      2.27500e+00      2.65700e+00      9.00000e+00    120s
  1338      2.26600e+00      2.65700e+00      9.00000e+00    121s
  1349      1.96200e+00      2.65700e+00      9.00000e+00    122s
  1360      1.76800e+00      2.65700e+00      9.00000e+00    123s
  1371      1.83900e+00      2.65700e+00      9.00000e+00    124s
  1383      1.81500e+00      2.65700e+00      9.00000e+00    126s
  1395      1.77100e+00      2.65700e+00      9.00000e+00    127s
  1407      2.08900e+00      2.65700e+00      9.00000e+00    128s
  1419      2.19200e+00      2.65700e+00      9.00000e+00    129s
  1435      1.84800e+00      2.65700e+00      9.00000e+00    130s
  1445      1.78200e+00      2.65700e+00      9.00000e+00    131s
  1457      2.06700e+00      2.65700e+00      9.00000e+00    132s
  1469      2.22100e+00      2.65700e+00      9.00000e+00    133s
  1481      2.17400e+00      2.65700e+00      9.00000e+00    134s
  1493      2.30600e+00      2.65700e+00      9.00000e+00    135s
  1502      2.34800e+00      2.65700e+00      9.00000e+00    136s
  1514      2.19800e+00      2.65700e+00      9.00000e+00    137s
  1526      2.23200e+00      2.65700e+00      9.00000e+00    138s
  1536      1.89400e+00      2.65700e+00      9.00000e+00    139s
  1546      1.85800e+00      2.65700e+00      9.00000e+00    140s
  1562      2.02500e+00      2.65700e+00      9.00000e+00    141s
  1573      1.90900e+00      2.65700e+00      9.00000e+00    142s
  1583      2.03700e+00      2.65700e+00      9.00000e+00    143s
  1596      1.88300e+00      2.65700e+00      9.00000e+00    144s
  1606      2.31200e+00      2.65700e+00      9.00000e+00    146s
  1618      2.14000e+00      2.65700e+00      9.00000e+00    147s
  1630      2.13200e+00      2.65700e+00      9.00000e+00    148s
  1642      2.14200e+00      2.65700e+00      9.00000e+00    149s
  1654      2.15700e+00      2.65700e+00      9.00000e+00    150s
  1667      2.08700e+00      2.65700e+00      9.00000e+00    151s
  1677      2.03900e+00      2.65700e+00      9.00000e+00    152s
  1689      2.12300e+00      2.65700e+00      9.00000e+00    153s
  1702      2.05700e+00      2.65700e+00      9.00000e+00    154s
  1713      2.10200e+00      2.65700e+00      9.00000e+00    155s
  1725      1.84800e+00      2.65700e+00      9.00000e+00    156s
  1738      2.03300e+00      2.65700e+00      9.00000e+00    157s
  1750      2.06400e+00      2.65700e+00      9.00000e+00    158s
  1760      1.95300e+00      2.65700e+00      9.00000e+00    159s
  1771      1.99300e+00      2.65700e+00      9.00000e+00    160s
  1785      2.03800e+00      2.65700e+00      9.00000e+00    161s
  1798      1.92600e+00      2.65700e+00      9.00000e+00    163s
  1810      1.95800e+00      2.65700e+00      9.00000e+00    164s
  1821      2.05400e+00      2.65700e+00      9.00000e+00    165s
  1836      2.07300e+00      2.65700e+00      9.00000e+00    166s
  1846      1.93400e+00      2.65700e+00      9.00000e+00    167s
  1858      2.06100e+00      2.65700e+00      9.00000e+00    168s
  1871      2.02000e+00      2.65700e+00      9.00000e+00    169s
  1885      2.03900e+00      2.65700e+00      9.00000e+00    170s
  1899      2.05900e+00      2.65700e+00      9.00000e+00    171s
  1909      2.06600e+00      2.65700e+00      9.00000e+00    172s
  1920      2.00200e+00      2.65700e+00      9.00000e+00    173s
  1932      1.99700e+00      2.65700e+00      9.00000e+00    174s
  1944      2.08100e+00      2.65700e+00      9.00000e+00    175s
  1956      1.97800e+00      2.65700e+00      9.00000e+00    176s
  1967      1.96200e+00      2.65700e+00      9.00000e+00    177s
  1985      2.07300e+00      2.65700e+00      9.00000e+00    178s
  1996      2.02600e+00      2.65700e+00      9.00000e+00    180s
  2008      1.91700e+00      2.65700e+00      9.00000e+00    181s
  2019      2.02300e+00      2.65700e+00      9.00000e+00    182s
  2029      1.96200e+00      2.65700e+00      9.00000e+00    183s
  2039      2.02100e+00      2.65700e+00      9.00000e+00    184s
  2049      2.03400e+00      2.65700e+00      9.00000e+00    185s
  2059      1.97100e+00      2.65700e+00      9.00000e+00    186s
  2072      1.88700e+00      2.65700e+00      9.00000e+00    187s
  2083      1.80100e+00      2.65700e+00      9.00000e+00    188s
  2093      2.17700e+00      2.65700e+00      9.00000e+00    189s
  2105      1.98500e+00      2.65700e+00      9.00000e+00    190s
  2122      2.14800e+00      2.65700e+00      9.00000e+00    191s
  2133      2.14600e+00      2.65700e+00      9.00000e+00    192s
  2144      2.17300e+00      2.65700e+00      9.00000e+00    193s
  2154      2.01200e+00      2.65700e+00      9.00000e+00    194s
  2166      2.07100e+00      2.65700e+00      9.00000e+00    195s
  2179      2.13700e+00      2.65700e+00      9.00000e+00    196s
  2188      2.00900e+00      2.65700e+00      9.00000e+00    197s
  2198      2.02300e+00      2.65700e+00      9.00000e+00    198s
  2210      2.29800e+00      2.65700e+00      9.00000e+00    199s
  2221      2.44600e+00      2.65700e+00      9.00000e+00    200s
  2233      2.53400e+00      2.65700e+00      9.00000e+00    202s
  2247      2.31700e+00      2.65700e+00      9.00000e+00    203s
  2263      1.96600e+00      2.65700e+00      9.00000e+00    204s
  2272      2.47100e+00      2.65700e+00      9.00000e+00    205s
  2284      2.44700e+00      2.65700e+00      9.00000e+00    206s
  2296      2.59400e+00      2.65700e+00      9.00000e+00    207s
  2306      2.28800e+00      2.65700e+00      9.00000e+00    208s
  2317      1.92400e+00      2.65700e+00      9.00000e+00    209s
  2330      2.20600e+00      2.65700e+00      9.00000e+00    210s
  2339      1.74100e+00      2.65700e+00      9.00000e+00    211s
  2351      1.85000e+00      2.65700e+00      9.00000e+00    212s
  2362      2.02800e+00      2.65700e+00      9.00000e+00    213s
  2372      2.28800e+00      2.65700e+00      9.00000e+00    214s
  2388      1.77900e+00      2.65700e+00      9.00000e+00    215s
  2400      1.93500e+00      2.65700e+00      9.00000e+00    216s
  2414      1.82300e+00      2.65700e+00      9.00000e+00    217s
  2426      2.03200e+00      2.65700e+00      9.00000e+00    218s
  2437      1.95500e+00      2.65700e+00      9.00000e+00    219s
  2449      1.86000e+00      2.65700e+00      9.00000e+00    220s
  2460      1.94200e+00      2.65700e+00      9.00000e+00    221s
  2471      1.96200e+00      2.65700e+00      9.00000e+00    222s
  2479      1.96500e+00      2.65700e+00      9.00000e+00    223s
  2490      2.07000e+00      2.65700e+00      9.00000e+00    224s
  2499      1.91400e+00      2.65700e+00      9.00000e+00    225s

==================================================
Summary of results QAOA
--------------------------------------------------
Average of QAOA obj:          2.66
STD of QAOA obj:              20.95

Gamma angles:                 2.82
Beta angles:                  2.69

Best QAOA obj:                9.00
Modified best QAOA obj:       9.00

QAOA total time:              225.44s
QAOA circuit depth:           14
==================================================

==================================================
Summary of results of 0-S8
--------------------------------------------------
Number of vertices:           8
Number of edges:              18

Vertex num in largest comp:   8
Edge num in largest comp:     18

Pre-processing running time:  0.00
Total solver time:            225.44
Running time:                 228.86

Upper bound:                  11.00
Objective value:              9.00

Partition 0:                  1, 4, 5, 6, 8       
Partition 1:                  2, 3, 7             
==================================================
==================================================
Instance parameters
--------------------------------------------------
Number of vertices:           8
Number of edges:              18
Number of partitions:         2

Density (%):                  64
Name of instance:             seed1_band
Is planar:                    True
==================================================

==================================================
Solver parameters
--------------------------------------------------
Method:                       R-QUBO
Peel:                         False
Decompose:                    False
Fold:                         False

QAOA Num Levels:              1
QAOA Scipy Optimizer:         brute
==================================================

  iter        avg-obj        best avg-obj       best-obj      time
     0      2.03600e+00      2.03600e+00      9.00000e+00      1s
     9      1.97100e+00      2.11500e+00      9.00000e+00      2s
    20      1.99100e+00      2.11900e+00      9.00000e+00      3s
    31      2.08600e+00      2.11900e+00      9.00000e+00      4s
    43      1.97700e+00      2.11900e+00      9.00000e+00      5s
    56      2.10400e+00      2.22400e+00      9.00000e+00      6s
    68      2.10800e+00      2.31000e+00      9.00000e+00      8s
    81      2.11700e+00      2.31000e+00      9.00000e+00      9s
    94      1.92700e+00      2.31000e+00      9.00000e+00     10s
   107      1.90100e+00      2.39700e+00      9.00000e+00     11s
   117      2.35500e+00      2.42400e+00      9.00000e+00     12s
   127      2.33200e+00      2.42400e+00      9.00000e+00     13s
   138      2.13200e+00      2.42400e+00      9.00000e+00     14s
   148      1.86400e+00      2.42400e+00      9.00000e+00     15s
   161      1.78600e+00      2.53900e+00      9.00000e+00     16s
   172      1.68800e+00      2.64000e+00      9.00000e+00     17s
   182      2.03200e+00      2.64000e+00      9.00000e+00     18s
   198      1.77900e+00      2.64000e+00      9.00000e+00     19s
   211      1.84900e+00      2.64000e+00      9.00000e+00     20s
   226      2.24600e+00      2.64000e+00      9.00000e+00     21s
   240      2.56900e+00      2.64000e+00      9.00000e+00     22s
   252      2.26900e+00      2.64000e+00      9.00000e+00     23s
   261      1.96600e+00      2.64000e+00      9.00000e+00     25s
   273      1.75100e+00      2.64000e+00      9.00000e+00     26s
   284      1.88200e+00      2.64000e+00      9.00000e+00     27s
   297      1.93800e+00      2.64000e+00      9.00000e+00     28s
   311      1.91000e+00      2.64000e+00      9.00000e+00     29s
   324      2.03800e+00      2.64000e+00      9.00000e+00     30s
   341      2.32400e+00      2.64000e+00      9.00000e+00     31s
   352      2.11700e+00      2.64000e+00      9.00000e+00     32s
   363      2.00500e+00      2.64000e+00      9.00000e+00     33s
   375      1.96100e+00      2.64000e+00      9.00000e+00     34s
   387      2.01000e+00      2.64000e+00      9.00000e+00     35s
   399      2.12600e+00      2.64000e+00      9.00000e+00     36s
   411      2.10100e+00      2.64000e+00      9.00000e+00     37s
   423      1.96200e+00      2.64000e+00      9.00000e+00     38s
   437      2.04600e+00      2.64000e+00      9.00000e+00     39s
   449      1.94300e+00      2.64000e+00      9.00000e+00     40s
   459      2.14700e+00      2.64000e+00      9.00000e+00     41s
   473      1.95100e+00      2.64000e+00      9.00000e+00     42s
   485      1.95800e+00      2.64000e+00      9.00000e+00     43s
   497      2.01000e+00      2.64000e+00      9.00000e+00     44s
   509      1.85900e+00      2.64000e+00      9.00000e+00     45s
   524      1.97100e+00      2.64000e+00      9.00000e+00     47s
   536      1.97200e+00      2.64000e+00      9.00000e+00     48s
   548      1.99300e+00      2.64000e+00      9.00000e+00     49s
   561      2.04900e+00      2.64000e+00      9.00000e+00     50s
   570      1.95500e+00      2.64000e+00      9.00000e+00     51s
   584      2.02600e+00      2.64000e+00      9.00000e+00     52s
   593      2.01800e+00      2.64000e+00      9.00000e+00     53s
   605      1.92900e+00      2.64000e+00      9.00000e+00     54s
   623      2.06500e+00      2.64000e+00      9.00000e+00     55s
   637      2.01000e+00      2.64000e+00      9.00000e+00     56s
   650      2.16500e+00      2.64000e+00      9.00000e+00     57s
   662      1.96900e+00      2.64000e+00      9.00000e+00     58s
   673      1.98600e+00      2.64000e+00      9.00000e+00     59s
   682      2.09100e+00      2.64000e+00      9.00000e+00     60s
   693      1.91500e+00      2.64000e+00      9.00000e+00     61s
   703      1.99900e+00      2.64000e+00      9.00000e+00     62s
   713      2.02700e+00      2.64000e+00      9.00000e+00     63s
   724      2.02000e+00      2.64000e+00      9.00000e+00     64s
   734      2.05300e+00      2.64000e+00      9.00000e+00     65s
   749      2.01000e+00      2.64000e+00      9.00000e+00     66s
   761      2.13700e+00      2.64000e+00      9.00000e+00     67s
   772      2.06000e+00      2.64000e+00      9.00000e+00     68s
   784      1.96500e+00      2.64000e+00      9.00000e+00     70s
   796      2.04400e+00      2.64000e+00      9.00000e+00     71s
   805      2.06800e+00      2.64000e+00      9.00000e+00     72s
   816      2.16400e+00      2.64000e+00      9.00000e+00     73s
   827      2.09700e+00      2.64000e+00      9.00000e+00     74s
   838      2.00400e+00      2.64000e+00      9.00000e+00     75s
   851      1.85800e+00      2.64000e+00      9.00000e+00     76s
   863      1.90500e+00      2.64000e+00      9.00000e+00     77s
   875      2.03000e+00      2.64000e+00      9.00000e+00     78s
   892      2.04400e+00      2.64000e+00      9.00000e+00     79s
   902      1.80200e+00      2.64000e+00      9.00000e+00     80s
   918      2.30500e+00      2.64000e+00      9.00000e+00     81s
   929      2.04600e+00      2.64000e+00      9.00000e+00     82s
   942      2.22900e+00      2.64000e+00      9.00000e+00     83s
   952      1.76300e+00      2.64000e+00      9.00000e+00     84s
   964      1.87000e+00      2.64000e+00      9.00000e+00     86s
   974      1.96700e+00      2.64000e+00      9.00000e+00     87s
   985      2.13100e+00      2.64000e+00      9.00000e+00     88s
   997      2.28800e+00      2.64000e+00      9.00000e+00     89s
  1006      2.18700e+00      2.64000e+00      9.00000e+00     90s
  1023      2.29100e+00      2.64000e+00      9.00000e+00     91s
  1036      2.14000e+00      2.64000e+00      9.00000e+00     92s
  1050      1.98000e+00      2.64000e+00      9.00000e+00     93s
  1062      2.11900e+00      2.64000e+00      9.00000e+00     94s
  1072      2.45100e+00      2.64000e+00      9.00000e+00     95s
  1083      2.50400e+00      2.64000e+00      9.00000e+00     96s
  1094      2.49600e+00      2.64000e+00      9.00000e+00     98s
  1106      2.07200e+00      2.64000e+00      9.00000e+00     99s
  1118      2.10100e+00      2.64600e+00      9.00000e+00    100s
  1128      1.81300e+00      2.64600e+00      9.00000e+00    101s
  1136      2.21300e+00      2.64600e+00      9.00000e+00    102s
  1152      1.94000e+00      2.64600e+00      9.00000e+00    103s
  1163      1.92900e+00      2.64600e+00      9.00000e+00    104s
  1173      2.06900e+00      2.64600e+00      9.00000e+00    105s
  1183      2.34000e+00      2.64600e+00      9.00000e+00    106s
  1194      2.17100e+00      2.64600e+00      9.00000e+00    107s
  1206      2.08100e+00      2.64600e+00      9.00000e+00    108s
  1216      1.99300e+00      2.64600e+00      9.00000e+00    109s
  1229      1.89300e+00      2.64600e+00      9.00000e+00    110s
  1240      1.90800e+00      2.64600e+00      9.00000e+00    111s
  1251      2.12200e+00      2.64600e+00      9.00000e+00    112s
  1262      1.93700e+00      2.64600e+00      9.00000e+00    113s
  1277      2.01900e+00      2.64600e+00      9.00000e+00    114s
  1287      1.97700e+00      2.64600e+00      9.00000e+00    115s
  1298      1.91000e+00      2.64600e+00      9.00000e+00    116s
  1310      1.84600e+00      2.64600e+00      9.00000e+00    118s
  1322      1.84100e+00      2.64600e+00      9.00000e+00    119s
  1334      1.81400e+00      2.64600e+00      9.00000e+00    120s
  1344      1.92700e+00      2.64600e+00      9.00000e+00    121s
  1354      2.48400e+00      2.64600e+00      9.00000e+00    122s
  1363      2.07500e+00      2.64600e+00      9.00000e+00    123s
  1374      1.91800e+00      2.64600e+00      9.00000e+00    124s
  1384      1.71000e+00      2.64600e+00      9.00000e+00    125s
  1396      1.73000e+00      2.64600e+00      9.00000e+00    126s
  1408      1.93200e+00      2.64600e+00      9.00000e+00    127s
  1424      1.92900e+00      2.64600e+00      9.00000e+00    128s
  1435      1.74000e+00      2.64600e+00      9.00000e+00    129s
  1446      1.72400e+00      2.64600e+00      9.00000e+00    130s
  1458      1.88700e+00      2.64600e+00      9.00000e+00    131s
  1469      2.18500e+00      2.64600e+00      9.00000e+00    132s
  1481      2.22000e+00      2.64600e+00      9.00000e+00    133s
  1492      2.37100e+00      2.64600e+00      9.00000e+00    135s
  1501      2.09100e+00      2.64600e+00      9.00000e+00    136s
  1513      2.17000e+00      2.64600e+00      9.00000e+00    137s
  1526      2.17000e+00      2.64600e+00      9.00000e+00    138s
  1542      2.42500e+00      2.64600e+00      9.00000e+00    139s
  1554      2.26200e+00      2.64600e+00      9.00000e+00    140s
  1566      2.37100e+00      2.64600e+00      9.00000e+00    141s
  1578      2.43100e+00      2.64600e+00      9.00000e+00    142s
  1589      2.29600e+00      2.64600e+00      9.00000e+00    143s
  1599      2.04200e+00      2.64600e+00      9.00000e+00    144s
  1608      2.02400e+00      2.64600e+00      9.00000e+00    145s
  1618      2.15400e+00      2.64600e+00      9.00000e+00    146s
  1628      2.31100e+00      2.64600e+00      9.00000e+00    147s
  1642      2.13000e+00      2.64600e+00      9.00000e+00    148s
  1653      2.10000e+00      2.64600e+00      9.00000e+00    149s
  1667      2.23200e+00      2.64600e+00      9.00000e+00    150s
  1680      2.24100e+00      2.64600e+00      9.00000e+00    151s
  1693      2.13300e+00      2.64600e+00      9.00000e+00    152s
  1701      1.92200e+00      2.64600e+00      9.00000e+00    153s
  1713      2.00300e+00      2.64600e+00      9.00000e+00    154s
  1723      2.06300e+00      2.64600e+00      9.00000e+00    155s
  1732      2.10300e+00      2.64600e+00      9.00000e+00    157s
  1742      2.10600e+00      2.64600e+00      9.00000e+00    158s
  1753      1.94700e+00      2.64600e+00      9.00000e+00    159s
  1762      1.95200e+00      2.64600e+00      9.00000e+00    160s
  1772      1.96400e+00      2.64600e+00      9.00000e+00    161s
  1784      2.02400e+00      2.64600e+00      9.00000e+00    162s
  1799      1.85000e+00      2.64600e+00      9.00000e+00    163s
  1808      1.85600e+00      2.64600e+00      9.00000e+00    164s
  1821      2.02200e+00      2.64600e+00      9.00000e+00    165s
  1833      1.88100e+00      2.64600e+00      9.00000e+00    166s
  1844      2.01400e+00      2.64600e+00      9.00000e+00    167s
  1856      2.08100e+00      2.64600e+00      9.00000e+00    168s
  1867      1.94400e+00      2.64600e+00      9.00000e+00    169s
  1877      1.91400e+00      2.64600e+00      9.00000e+00    170s
  1887      2.07900e+00      2.64600e+00      9.00000e+00    171s
  1899      2.04800e+00      2.64600e+00      9.00000e+00    172s
  1909      1.92000e+00      2.64600e+00      9.00000e+00    173s
  1922      2.01900e+00      2.64600e+00      9.00000e+00    174s
  1933      2.00400e+00      2.64600e+00      9.00000e+00    175s
  1941      2.05100e+00      2.64600e+00      9.00000e+00    176s
  1951      2.06500e+00      2.64600e+00      9.00000e+00    177s
  1960      1.97100e+00      2.64600e+00      9.00000e+00    178s
  1971      1.92500e+00      2.64600e+00      9.00000e+00    179s
  1983      1.88600e+00      2.64600e+00      9.00000e+00    180s
  1994      1.93600e+00      2.64600e+00      9.00000e+00    182s
  2007      2.00400e+00      2.64600e+00      9.00000e+00    183s
  2018      2.07100e+00      2.64600e+00      9.00000e+00    184s
  2028      2.11000e+00      2.64600e+00      9.00000e+00    185s
  2037      1.99200e+00      2.64600e+00      9.00000e+00    186s
  2052      2.09700e+00      2.64600e+00      9.00000e+00    187s
  2062      1.86100e+00      2.64600e+00      9.00000e+00    188s
  2072      2.14000e+00      2.64600e+00      9.00000e+00    189s
  2084      1.97700e+00      2.64600e+00      9.00000e+00    190s
  2095      2.15000e+00      2.64600e+00      9.00000e+00    191s
  2106      2.22300e+00      2.64600e+00      9.00000e+00    192s
  2118      2.12100e+00      2.64600e+00      9.00000e+00    193s
  2130      2.07400e+00      2.64600e+00      9.00000e+00    194s
  2141      2.06500e+00      2.64600e+00      9.00000e+00    195s
  2154      2.06900e+00      2.64600e+00      9.00000e+00    196s
  2167      2.16600e+00      2.64600e+00      9.00000e+00    197s
  2183      2.39700e+00      2.64600e+00      9.00000e+00    199s
  2194      2.36600e+00      2.64600e+00      9.00000e+00    200s
  2206      2.30100e+00      2.64600e+00      9.00000e+00    201s
  2218      2.25700e+00      2.64600e+00      9.00000e+00    202s
  2229      2.10300e+00      2.64600e+00      9.00000e+00    203s
  2240      1.92100e+00      2.64600e+00      9.00000e+00    204s
  2250      2.03000e+00      2.64600e+00      9.00000e+00    205s
  2259      2.64800e+00      2.64800e+00      9.00000e+00    206s
  2267      2.00100e+00      2.64800e+00      9.00000e+00    207s
  2277      1.86300e+00      2.64800e+00      9.00000e+00    208s
  2286      2.04100e+00      2.64800e+00      9.00000e+00    209s
  2302      1.81000e+00      2.64800e+00      9.00000e+00    210s
  2315      1.72100e+00      2.64800e+00      9.00000e+00    211s
  2326      1.81400e+00      2.64800e+00      9.00000e+00    212s
  2337      1.94500e+00      2.64800e+00      9.00000e+00    213s
  2350      2.06100e+00      2.64800e+00      9.00000e+00    215s
  2362      1.87900e+00      2.64800e+00      9.00000e+00    216s
  2373      2.31500e+00      2.64800e+00      9.00000e+00    217s
  2384      2.37300e+00      2.64800e+00      9.00000e+00    218s
  2392      1.98200e+00      2.64800e+00      9.00000e+00    219s
  2405      1.91700e+00      2.64800e+00      9.00000e+00    220s
  2416      1.95400e+00      2.64800e+00      9.00000e+00    221s
  2427      1.82200e+00      2.64800e+00      9.00000e+00    222s
  2442      1.95600e+00      2.64800e+00      9.00000e+00    223s
  2452      2.04800e+00      2.64800e+00      9.00000e+00    224s
  2463      2.02800e+00      2.64800e+00      9.00000e+00    225s
  2474      2.04000e+00      2.64800e+00      9.00000e+00    226s
  2485      1.98800e+00      2.64800e+00      9.00000e+00    227s
  2497      2.03800e+00      2.64800e+00      9.00000e+00    228s

==================================================
Summary of results QAOA
--------------------------------------------------
Average of QAOA obj:          2.65
STD of QAOA obj:              21.02

Gamma angles:                 5.77
Beta angles:                  1.15

Best QAOA obj:                9.00
Modified best QAOA obj:       9.00

QAOA total time:              228.16s
QAOA circuit depth:           14
==================================================

==================================================
Summary of results of 0-S8
--------------------------------------------------
Number of vertices:           8
Number of edges:              18

Vertex num in largest comp:   8
Edge num in largest comp:     18

Pre-processing running time:  0.00
Total solver time:            227.99
Running time:                 231.88

Upper bound:                  11.00
Objective value:              9.00

Partition 0:                  1, 4, 5, 6, 8       
Partition 1:                  2, 3, 7             
==================================================
==================================================
Instance parameters
--------------------------------------------------
Number of vertices:           8
Number of edges:              18
Number of partitions:         2

Density (%):                  64
Name of instance:             seed1_band
Is planar:                    True
==================================================

==================================================
Solver parameters
--------------------------------------------------
Method:                       R-QUBO
Peel:                         False
Decompose:                    False
Fold:                         False

QAOA Num Levels:              1
QAOA Scipy Optimizer:         brute
==================================================

  iter        avg-obj        best avg-obj       best-obj      time
     0      2.07700e+00      2.07700e+00      9.00000e+00      1s
    11      2.02300e+00      2.10000e+00      9.00000e+00      2s
    22      2.01700e+00      2.10000e+00      9.00000e+00      3s
    34      2.02400e+00      2.10000e+00      9.00000e+00      4s
    43      1.96500e+00      2.13400e+00      9.00000e+00      5s
    55      2.19300e+00      2.20600e+00      9.00000e+00      6s
    67      2.21100e+00      2.25700e+00      9.00000e+00      8s
    77      2.23700e+00      2.26500e+00      9.00000e+00      9s
    88      2.06000e+00      2.26500e+00      9.00000e+00     10s
    99      1.96300e+00      2.27900e+00      9.00000e+00     11s
   114      2.26300e+00      2.43400e+00      9.00000e+00     12s
   125      2.20400e+00      2.43400e+00      9.00000e+00     13s
   135      1.64400e+00      2.44800e+00      9.00000e+00     14s
   147      1.74400e+00      2.46800e+00      9.00000e+00     15s
   161      1.82600e+00      2.54900e+00      9.00000e+00     16s
   176      2.33500e+00      2.55800e+00      9.00000e+00     17s
   188      2.21000e+00      2.58700e+00      9.00000e+00     18s
   200      2.08900e+00      2.58700e+00      9.00000e+00     19s
   210      1.77800e+00      2.60500e+00      9.00000e+00     20s
   221      1.83600e+00      2.61200e+00      9.00000e+00     21s
   233      1.94200e+00      2.61200e+00      9.00000e+00     22s
   246      1.84900e+00      2.61200e+00      9.00000e+00     23s
   260      1.86100e+00      2.61200e+00      9.00000e+00     24s
   272      1.85400e+00      2.61200e+00      9.00000e+00     25s
   285      1.96700e+00      2.61200e+00      9.00000e+00     27s
   298      1.83000e+00      2.61200e+00      9.00000e+00     28s
   310      1.96300e+00      2.61200e+00      9.00000e+00     29s
   322      1.94200e+00      2.61200e+00      9.00000e+00     30s
   334      1.93800e+00      2.61200e+00      9.00000e+00     31s
   345      2.06000e+00      2.61200e+00      9.00000e+00     32s
   356      2.12200e+00      2.61200e+00      9.00000e+00     33s
   369      2.13500e+00      2.61200e+00      9.00000e+00     34s
   379      2.15200e+00      2.61200e+00      9.00000e+00     35s
   395      2.02900e+00      2.61200e+00      9.00000e+00     36s
   407      2.12800e+00      2.61200e+00      9.00000e+00     37s
   418      2.07500e+00      2.61200e+00      9.00000e+00     38s
   430      2.14500e+00      2.61200e+00      9.00000e+00     39s
   444      1.92900e+00      2.61200e+00      9.00000e+00     40s
   457      1.89900e+00      2.61200e+00      9.00000e+00     41s
   466      1.84200e+00      2.61200e+00      9.00000e+00     42s
   478      2.09400e+00      2.61200e+00      9.00000e+00     44s
   489      1.96000e+00      2.61200e+00      9.00000e+00     45s
   501      1.93700e+00      2.61200e+00      9.00000e+00     46s
   511      1.94500e+00      2.61200e+00      9.00000e+00     47s
   525      1.97500e+00      2.61200e+00      9.00000e+00     48s
   537      2.01800e+00      2.61200e+00      9.00000e+00     49s
   551      1.99600e+00      2.61200e+00      9.00000e+00     50s
   563      1.94100e+00      2.61200e+00      9.00000e+00     51s
   572      2.07100e+00      2.61200e+00      9.00000e+00     52s
   584      2.04900e+00      2.61200e+00      9.00000e+00     53s
   597      1.95900e+00      2.61200e+00      9.00000e+00     54s
   608      1.96900e+00      2.61200e+00      9.00000e+00     55s
   620      2.02400e+00      2.61200e+00      9.00000e+00     56s
   633      2.08600e+00      2.61200e+00      9.00000e+00     57s
   644      2.03600e+00      2.61200e+00      9.00000e+00     58s
   654      2.01300e+00      2.61200e+00      9.00000e+00     59s
   673      2.16100e+00      2.61200e+00      9.00000e+00     60s
   685      2.18100e+00      2.61200e+00      9.00000e+00     61s
   699      2.07500e+00      2.61200e+00      9.00000e+00     63s
   712      1.94900e+00      2.61200e+00      9.00000e+00     64s
   725      1.89500e+00      2.61200e+00      9.00000e+00     65s
   736      2.03700e+00      2.61200e+00      9.00000e+00     66s
   746      2.06400e+00      2.61200e+00      9.00000e+00     67s
   757      2.08000e+00      2.61200e+00      9.00000e+00     68s
   767      1.96600e+00      2.61200e+00      9.00000e+00     69s
   777      2.13000e+00      2.61200e+00      9.00000e+00     70s
   788      1.85700e+00      2.61200e+00      9.00000e+00     71s
   801      1.98600e+00      2.61200e+00      9.00000e+00     72s
   815      1.96500e+00      2.61200e+00      9.00000e+00     73s
   828      2.03900e+00      2.61200e+00      9.00000e+00     74s
   839      1.96800e+00      2.61200e+00      9.00000e+00     75s
   850      2.07500e+00      2.61200e+00      9.00000e+00     76s
   861      2.03800e+00      2.61200e+00      9.00000e+00     77s
   873      2.12800e+00      2.61200e+00      9.00000e+00     78s
   883      2.37200e+00      2.61200e+00      9.00000e+00     79s
   893      2.11700e+00      2.61200e+00      9.00000e+00     80s
   904      2.06400e+00      2.61200e+00      9.00000e+00     82s
   916      2.01900e+00      2.61200e+00      9.00000e+00     83s
   926      1.95200e+00      2.61200e+00      9.00000e+00     84s
   940      1.98900e+00      2.61200e+00      9.00000e+00     85s
   949      1.91300e+00      2.61200e+00      9.00000e+00     86s
   959      2.33700e+00      2.61200e+00      9.00000e+00     87s
   970      2.30800e+00      2.61200e+00      9.00000e+00     88s
   984      2.46100e+00      2.61200e+00      9.00000e+00     89s
   998      2.15300e+00      2.61200e+00      9.00000e+00     90s
  1009      2.51100e+00      2.66800e+00      9.00000e+00     91s
  1021      2.52600e+00      2.66800e+00      9.00000e+00     92s
  1032      2.57600e+00      2.66800e+00      9.00000e+00     93s
  1043      2.29300e+00      2.66800e+00      9.00000e+00     94s
  1054      1.82100e+00      2.66800e+00      9.00000e+00     95s
  1066      1.75700e+00      2.66800e+00      9.00000e+00     96s
  1082      2.46600e+00      2.66800e+00      9.00000e+00     97s
  1096      2.59100e+00      2.66800e+00      9.00000e+00     98s
  1108      2.35200e+00      2.66800e+00      9.00000e+00     99s
  1120      2.45100e+00      2.66800e+00      9.00000e+00    100s
  1132      2.40200e+00      2.66800e+00      9.00000e+00    102s
  1142      2.03300e+00      2.66800e+00      9.00000e+00    103s
  1152      1.82100e+00      2.66800e+00      9.00000e+00    104s
  1163      1.90700e+00      2.66800e+00      9.00000e+00    105s
  1176      1.81600e+00      2.66800e+00      9.00000e+00    106s
  1184      2.43200e+00      2.66800e+00      9.00000e+00    107s
  1194      2.09600e+00      2.66800e+00      9.00000e+00    108s
  1202      1.96200e+00      2.66800e+00      9.00000e+00    109s
  1215      1.96700e+00      2.66800e+00      9.00000e+00    110s
  1228      1.87800e+00      2.66800e+00      9.00000e+00    111s
  1240      1.75200e+00      2.66800e+00      9.00000e+00    112s
  1251      2.06100e+00      2.66800e+00      9.00000e+00    113s
  1261      2.10100e+00      2.66800e+00      9.00000e+00    114s
  1271      1.99400e+00      2.66800e+00      9.00000e+00    115s
  1282      1.87700e+00      2.66800e+00      9.00000e+00    116s
  1294      1.99700e+00      2.66800e+00      9.00000e+00    117s
  1305      2.29500e+00      2.66800e+00      9.00000e+00    118s
  1314      2.18300e+00      2.66800e+00      9.00000e+00    119s
  1325      2.07400e+00      2.66800e+00      9.00000e+00    120s
  1336      1.87800e+00      2.66800e+00      9.00000e+00    122s
  1348      2.01700e+00      2.66800e+00      9.00000e+00    123s
  1358      1.99500e+00      2.66800e+00      9.00000e+00    124s
  1370      1.90200e+00      2.66800e+00      9.00000e+00    125s
  1381      2.11400e+00      2.66800e+00      9.00000e+00    126s
  1393      2.28800e+00      2.66800e+00      9.00000e+00    127s
  1404      2.59000e+00      2.66800e+00      9.00000e+00    128s
  1418      2.33000e+00      2.72800e+00      9.00000e+00    129s
  1430      2.36200e+00      2.72800e+00      9.00000e+00    130s
  1441      2.62100e+00      2.72800e+00      9.00000e+00    131s
  1450      1.98000e+00      2.72800e+00      9.00000e+00    132s
  1461      1.79300e+00      2.72800e+00      9.00000e+00    133s
  1474      1.90500e+00      2.72800e+00      9.00000e+00    134s
  1487      2.01500e+00      2.72800e+00      9.00000e+00    135s
  1497      1.68400e+00      2.72800e+00      9.00000e+00    136s
  1507      2.20200e+00      2.72800e+00      9.00000e+00    137s
  1518      2.40300e+00      2.72800e+00      9.00000e+00    139s
  1528      2.39000e+00      2.72800e+00      9.00000e+00    140s
  1540      2.38200e+00      2.72800e+00      9.00000e+00    141s
  1550      1.95300e+00      2.72800e+00      9.00000e+00    142s
  1560      1.96700e+00      2.72800e+00      9.00000e+00    143s
  1570      2.04000e+00      2.72800e+00      9.00000e+00    144s
  1580      2.17600e+00      2.72800e+00      9.00000e+00    145s
  1590      2.26100e+00      2.72800e+00      9.00000e+00    146s
  1608      2.02400e+00      2.72800e+00      9.00000e+00    147s
  1620      2.07000e+00      2.72800e+00      9.00000e+00    148s
  1635      1.91200e+00      2.72800e+00      9.00000e+00    149s
  1645      1.99400e+00      2.72800e+00      9.00000e+00    150s
  1654      2.25500e+00      2.72800e+00      9.00000e+00    151s
  1666      2.19100e+00      2.72800e+00      9.00000e+00    152s
  1679      2.23700e+00      2.72800e+00      9.00000e+00    153s
  1691      2.11200e+00      2.72800e+00      9.00000e+00    154s
  1702      2.06800e+00      2.72800e+00      9.00000e+00    155s
  1712      2.03200e+00      2.72800e+00      9.00000e+00    156s
  1722      1.96700e+00      2.72800e+00      9.00000e+00    158s
  1734      1.82200e+00      2.72800e+00      9.00000e+00    159s
  1745      2.04100e+00      2.72800e+00      9.00000e+00    160s
  1757      2.02000e+00      2.72800e+00      9.00000e+00    161s
  1768      2.05400e+00      2.72800e+00      9.00000e+00    162s
  1779      2.01600e+00      2.72800e+00      9.00000e+00    163s
  1791      2.14200e+00      2.72800e+00      9.00000e+00    164s
  1803      2.03800e+00      2.72800e+00      9.00000e+00    165s
  1812      1.98100e+00      2.72800e+00      9.00000e+00    166s
  1823      2.07600e+00      2.72800e+00      9.00000e+00    167s
  1835      1.99300e+00      2.72800e+00      9.00000e+00    168s
  1845      1.98800e+00      2.72800e+00      9.00000e+00    169s
  1854      1.94100e+00      2.72800e+00      9.00000e+00    170s
  1870      1.94200e+00      2.72800e+00      9.00000e+00    171s
  1882      2.00700e+00      2.72800e+00      9.00000e+00    172s
  1892      1.98700e+00      2.72800e+00      9.00000e+00    173s
  1903      2.07100e+00      2.72800e+00      9.00000e+00    174s
  1914      1.92400e+00      2.72800e+00      9.00000e+00    175s
  1925      2.06400e+00      2.72800e+00      9.00000e+00    177s
  1935      2.01200e+00      2.72800e+00      9.00000e+00    178s
  1944      1.91600e+00      2.72800e+00      9.00000e+00    179s
  1955      2.10200e+00      2.72800e+00      9.00000e+00    180s
  1966      2.01500e+00      2.72800e+00      9.00000e+00    181s
  1976      2.05300e+00      2.72800e+00      9.00000e+00    182s
  1985      1.96300e+00      2.72800e+00      9.00000e+00    183s
  1998      2.12200e+00      2.72800e+00      9.00000e+00    184s
  2010      1.96100e+00      2.72800e+00      9.00000e+00    185s
  2023      2.05300e+00      2.72800e+00      9.00000e+00    186s
  2035      2.04500e+00      2.72800e+00      9.00000e+00    187s
  2048      1.89300e+00      2.72800e+00      9.00000e+00    188s
  2059      1.96100e+00      2.72800e+00      9.00000e+00    189s
  2068      2.13000e+00      2.72800e+00      9.00000e+00    190s
  2077      2.06600e+00      2.72800e+00      9.00000e+00    191s
  2085      1.96000e+00      2.72800e+00      9.00000e+00    192s
  2096      1.99900e+00      2.72800e+00      9.00000e+00    193s
  2105      2.11700e+00      2.72800e+00      9.00000e+00    194s
  2121      2.10000e+00      2.72800e+00      9.00000e+00    195s
  2132      2.21200e+00      2.72800e+00      9.00000e+00    196s
  2145      2.18500e+00      2.72800e+00      9.00000e+00    198s
  2156      2.15500e+00      2.72800e+00      9.00000e+00    199s
  2166      2.07300e+00      2.72800e+00      9.00000e+00    200s
  2178      2.10400e+00      2.72800e+00      9.00000e+00    201s
  2188      1.92300e+00      2.72800e+00      9.00000e+00    202s
  2199      1.98100e+00      2.72800e+00      9.00000e+00    203s
  2210      2.34100e+00      2.72800e+00      9.00000e+00    204s
  2222      2.34900e+00      2.72800e+00      9.00000e+00    205s
  2232      2.41700e+00      2.72800e+00      9.00000e+00    206s
  2245      2.40600e+00      2.72800e+00      9.00000e+00    207s
  2257      2.31900e+00      2.72800e+00      9.00000e+00    208s
  2267      2.11800e+00      2.72800e+00      9.00000e+00    209s
  2277      1.76200e+00      2.72800e+00      9.00000e+00    210s
  2289      1.89100e+00      2.72800e+00      9.00000e+00    211s
  2302      1.73100e+00      2.72800e+00      9.00000e+00    212s
  2313      1.91700e+00      2.72800e+00      9.00000e+00    213s
  2324      2.05700e+00      2.72800e+00      9.00000e+00    214s
  2334      2.50100e+00      2.72800e+00      9.00000e+00    215s
  2344      2.41000e+00      2.72800e+00      9.00000e+00    216s
  2355      1.92200e+00      2.72800e+00      9.00000e+00    217s
  2364      1.69200e+00      2.72800e+00      9.00000e+00    218s
  2381      2.29700e+00      2.72800e+00      9.00000e+00    219s
  2389      1.80300e+00      2.72800e+00      9.00000e+00    221s
  2400      1.98600e+00      2.72800e+00      9.00000e+00    222s
  2411      2.04500e+00      2.72800e+00      9.00000e+00    223s
  2422      2.14100e+00      2.72800e+00      9.00000e+00    224s
  2432      2.16400e+00      2.72800e+00      9.00000e+00    225s
  2443      2.04800e+00      2.72800e+00      9.00000e+00    226s
  2451      1.92700e+00      2.72800e+00      9.00000e+00    227s
  2460      1.89000e+00      2.72800e+00      9.00000e+00    228s
  2472      1.94400e+00      2.72800e+00      9.00000e+00    229s
  2483      1.91300e+00      2.72800e+00      9.00000e+00    230s
  2499      1.90400e+00      2.72800e+00      9.00000e+00    231s

==================================================
Summary of results QAOA
--------------------------------------------------
Average of QAOA obj:          2.73
STD of QAOA obj:              19.68

Gamma angles:                 3.59
Beta angles:                  2.05

Best QAOA obj:                9.00
Modified best QAOA obj:       9.00

QAOA total time:              231.09s
QAOA circuit depth:           14
==================================================

==================================================
Summary of results of 0-S8
--------------------------------------------------
Number of vertices:           8
Number of edges:              18

Vertex num in largest comp:   8
Edge num in largest comp:     18

Pre-processing running time:  0.00
Total solver time:            231.09
Running time:                 234.77

Upper bound:                  11.00
Objective value:              9.00

Partition 0:                  1, 4, 5, 6, 8       
Partition 1:                  2, 3, 7             
==================================================
==================================================
Instance parameters
--------------------------------------------------
Number of vertices:           8
Number of edges:              18
Number of partitions:         2

Density (%):                  64
Name of instance:             seed1_band
Is planar:                    True
==================================================

==================================================
Solver parameters
--------------------------------------------------
Method:                       R-QUBO
Peel:                         False
Decompose:                    False
Fold:                         False

QAOA Num Levels:              1
QAOA Scipy Optimizer:         brute
==================================================

  iter        avg-obj        best avg-obj       best-obj      time
     0      2.04500e+00      2.04500e+00      9.00000e+00      1s
    10      2.01400e+00      2.08500e+00      9.00000e+00      2s
    23      1.94900e+00      2.11500e+00      9.00000e+00      3s
    34      1.87200e+00      2.11500e+00      9.00000e+00      4s
    52      2.11500e+00      2.11500e+00      9.00000e+00      5s
    64      2.17200e+00      2.24900e+00      9.00000e+00      6s
    74      1.94900e+00      2.28300e+00      9.00000e+00      8s
    86      2.04200e+00      2.28300e+00      9.00000e+00      9s
    97      1.90700e+00      2.28300e+00      9.00000e+00     10s
   110      1.78200e+00      2.49400e+00      9.00000e+00     11s
   122      1.79600e+00      2.49400e+00      9.00000e+00     12s
   134      1.69900e+00      2.49400e+00      9.00000e+00     13s
   146      1.62800e+00      2.49400e+00      9.00000e+00     14s
   158      1.85100e+00      2.51600e+00      9.00000e+00     15s
   169      2.16000e+00      2.55300e+00      9.00000e+00     16s
   183      1.95400e+00      2.58100e+00      9.00000e+00     17s
   195      1.94600e+00      2.58100e+00      9.00000e+00     18s
   208      2.05000e+00      2.58100e+00      9.00000e+00     19s
   221      1.78500e+00      2.58100e+00      9.00000e+00     20s
   232      2.04500e+00      2.58100e+00      9.00000e+00     21s
   244      2.14100e+00      2.58100e+00      9.00000e+00     22s
   257      2.13700e+00      2.58100e+00      9.00000e+00     23s
   268      2.35000e+00      2.58100e+00      9.00000e+00     24s
   280      2.45300e+00      2.58100e+00      9.00000e+00     25s
   293      2.35100e+00      2.58100e+00      9.00000e+00     26s
   302      2.12600e+00      2.58100e+00      9.00000e+00     27s
   315      2.32200e+00      2.58100e+00      9.00000e+00     29s
   331      2.23600e+00      2.58100e+00      9.00000e+00     30s
   345      2.12400e+00      2.58100e+00      9.00000e+00     31s
   358      2.13800e+00      2.58100e+00      9.00000e+00     32s
   371      2.02900e+00      2.58100e+00      9.00000e+00     33s
   385      2.06000e+00      2.58100e+00      9.00000e+00     34s
   398      1.89500e+00      2.58100e+00      9.00000e+00     35s
   408      2.06800e+00      2.58100e+00      9.00000e+00     36s
   420      2.03300e+00      2.58100e+00      9.00000e+00     37s
   432      1.97200e+00      2.58100e+00      9.00000e+00     38s
   446      2.07300e+00      2.58100e+00      9.00000e+00     39s
   459      1.96800e+00      2.58100e+00      9.00000e+00     40s
   474      2.20800e+00      2.58100e+00      9.00000e+00     41s
   486      2.09200e+00      2.58100e+00      9.00000e+00     42s
   498      2.09800e+00      2.58100e+00      9.00000e+00     43s
   512      2.07900e+00      2.58100e+00      9.00000e+00     44s
   525      1.92700e+00      2.58100e+00      9.00000e+00     45s
   537      2.04000e+00      2.58100e+00      9.00000e+00     47s
   547      2.04100e+00      2.58100e+00      9.00000e+00     48s
   558      2.07200e+00      2.58100e+00      9.00000e+00     49s
   570      1.94000e+00      2.58100e+00      9.00000e+00     50s
   579      2.20200e+00      2.58100e+00      9.00000e+00     51s
   590      2.08700e+00      2.58100e+00      9.00000e+00     52s
   602      2.05600e+00      2.58100e+00      9.00000e+00     53s
   622      2.06800e+00      2.58100e+00      9.00000e+00     54s
   635      2.14700e+00      2.58100e+00      9.00000e+00     55s
   646      2.04900e+00      2.58100e+00      9.00000e+00     56s
   657      1.94600e+00      2.58100e+00      9.00000e+00     57s
   670      2.08200e+00      2.58100e+00      9.00000e+00     58s
   683      2.09500e+00      2.58100e+00      9.00000e+00     59s
   694      2.09900e+00      2.58100e+00      9.00000e+00     60s
   703      1.98400e+00      2.58100e+00      9.00000e+00     61s
   714      1.97200e+00      2.58100e+00      9.00000e+00     63s
   726      2.02600e+00      2.58100e+00      9.00000e+00     64s
   738      2.02000e+00      2.58100e+00      9.00000e+00     65s
   754      2.15600e+00      2.58100e+00      9.00000e+00     66s
   766      1.93400e+00      2.58100e+00      9.00000e+00     67s
   779      2.03800e+00      2.58100e+00      9.00000e+00     68s
   790      1.99800e+00      2.58100e+00      9.00000e+00     69s
   804      2.01800e+00      2.58100e+00      9.00000e+00     70s
   816      2.10300e+00      2.58100e+00      9.00000e+00     71s
   826      1.94800e+00      2.58100e+00      9.00000e+00     72s
   837      1.89400e+00      2.58100e+00      9.00000e+00     73s
   850      1.90100e+00      2.58100e+00      9.00000e+00     74s
   862      2.08500e+00      2.58100e+00      9.00000e+00     75s
   876      1.92900e+00      2.58100e+00      9.00000e+00     76s
   886      1.98400e+00      2.58100e+00      9.00000e+00     77s
   902      1.91400e+00      2.58100e+00      9.00000e+00     78s
   913      1.90400e+00      2.58100e+00      9.00000e+00     79s
   925      1.88600e+00      2.58100e+00      9.00000e+00     80s
   936      2.06200e+00      2.58100e+00      9.00000e+00     81s
   946      2.26500e+00      2.58100e+00      9.00000e+00     82s
   957      2.36900e+00      2.58100e+00      9.00000e+00     83s
   966      1.98000e+00      2.58100e+00      9.00000e+00     85s
   977      1.76000e+00      2.58100e+00      9.00000e+00     86s
   987      2.00100e+00      2.58100e+00      9.00000e+00     87s
   999      1.99300e+00      2.58100e+00      9.00000e+00     88s
  1010      2.40000e+00      2.63300e+00      9.00000e+00     89s
  1023      2.32900e+00      2.63300e+00      9.00000e+00     90s
  1037      1.72400e+00      2.63300e+00      9.00000e+00     91s
  1049      1.89200e+00      2.63300e+00      9.00000e+00     92s
  1061      2.27900e+00      2.63300e+00      9.00000e+00     93s
  1069      2.31000e+00      2.63300e+00      9.00000e+00     94s
  1080      2.16400e+00      2.63300e+00      9.00000e+00     95s
  1090      1.65100e+00      2.69600e+00      9.00000e+00     96s
  1100      2.07800e+00      2.69600e+00      9.00000e+00     97s
  1111      2.26800e+00      2.69600e+00      9.00000e+00     98s
  1122      2.40800e+00      2.69600e+00      9.00000e+00     99s
  1133      2.54800e+00      2.69600e+00      9.00000e+00    100s
  1142      2.15600e+00      2.69600e+00      9.00000e+00    101s
  1158      2.18100e+00      2.69600e+00      9.00000e+00    102s
  1168      2.05000e+00      2.69600e+00      9.00000e+00    103s
  1179      1.90300e+00      2.69600e+00      9.00000e+00    104s
  1191      1.90500e+00      2.69600e+00      9.00000e+00    105s
  1202      1.90800e+00      2.69600e+00      9.00000e+00    106s
  1214      2.08400e+00      2.69600e+00      9.00000e+00    107s
  1226      2.08300e+00      2.69600e+00      9.00000e+00    108s
  1237      2.04700e+00      2.69600e+00      9.00000e+00    109s
  1248      2.04500e+00      2.69600e+00      9.00000e+00    111s
  1259      1.78800e+00      2.69600e+00      9.00000e+00    112s
  1268      1.98100e+00      2.69600e+00      9.00000e+00    113s
  1279      2.03800e+00      2.69600e+00      9.00000e+00    114s
  1294      1.92800e+00      2.69600e+00      9.00000e+00    115s
  1309      1.79900e+00      2.69600e+00      9.00000e+00    116s
  1321      1.76100e+00      2.69600e+00      9.00000e+00    117s
  1332      1.93200e+00      2.69600e+00      9.00000e+00    118s
  1345      1.85600e+00      2.69600e+00      9.00000e+00    119s
  1358      1.79000e+00      2.69600e+00      9.00000e+00    120s
  1366      2.55900e+00      2.69600e+00      9.00000e+00    121s
  1376      2.40300e+00      2.69600e+00      9.00000e+00    122s
  1389      2.45700e+00      2.69600e+00      9.00000e+00    123s
  1399      2.07100e+00      2.69600e+00      9.00000e+00    124s
  1409      1.79500e+00      2.69600e+00      9.00000e+00    125s
  1420      1.93500e+00      2.69600e+00      9.00000e+00    126s
  1435      1.78000e+00      2.69600e+00      9.00000e+00    127s
  1445      1.87500e+00      2.69600e+00      9.00000e+00    128s
  1457      2.08400e+00      2.69600e+00      9.00000e+00    129s
  1469      2.17600e+00      2.69600e+00      9.00000e+00    130s
  1481      2.15800e+00      2.69600e+00      9.00000e+00    131s
  1491      2.38200e+00      2.69600e+00      9.00000e+00    132s
  1501      2.17700e+00      2.69600e+00      9.00000e+00    133s
  1514      2.27700e+00      2.69600e+00      9.00000e+00    134s
  1524      1.93500e+00      2.69600e+00      9.00000e+00    136s
  1536      1.88500e+00      2.69600e+00      9.00000e+00    137s
  1549      2.05800e+00      2.69600e+00      9.00000e+00    138s
  1563      2.03200e+00      2.69600e+00      9.00000e+00    139s
  1574      2.00000e+00      2.69600e+00      9.00000e+00    140s
  1585      1.85000e+00      2.69600e+00      9.00000e+00    141s
  1596      1.94400e+00      2.69600e+00      9.00000e+00    142s
  1609      1.92500e+00      2.69600e+00      9.00000e+00    143s
  1621      1.85300e+00      2.69600e+00      9.00000e+00    144s
  1632      1.92800e+00      2.69600e+00      9.00000e+00    145s
  1643      2.25500e+00      2.69600e+00      9.00000e+00    146s
  1654      2.10400e+00      2.69600e+00      9.00000e+00    147s
  1665      2.12500e+00      2.69600e+00      9.00000e+00    148s
  1677      1.97900e+00      2.69600e+00      9.00000e+00    149s
  1691      1.96800e+00      2.69600e+00      9.00000e+00    150s
  1703      2.04200e+00      2.69600e+00      9.00000e+00    151s
  1712      1.99400e+00      2.69600e+00      9.00000e+00    153s
  1724      1.98300e+00      2.69600e+00      9.00000e+00    154s
  1734      1.99100e+00      2.69600e+00      9.00000e+00    155s
  1744      2.02800e+00      2.69600e+00      9.00000e+00    156s
  1756      1.93300e+00      2.69600e+00      9.00000e+00    157s
  1769      2.10900e+00      2.69600e+00      9.00000e+00    158s
  1780      1.96100e+00      2.69600e+00      9.00000e+00    159s
  1791      2.01700e+00      2.69600e+00      9.00000e+00    160s
  1801      2.02800e+00      2.69600e+00      9.00000e+00    161s
  1811      1.94600e+00      2.69600e+00      9.00000e+00    162s
  1826      1.96400e+00      2.69600e+00      9.00000e+00    163s
  1838      1.93500e+00      2.69600e+00      9.00000e+00    164s
  1850      2.01100e+00      2.69600e+00      9.00000e+00    165s
  1863      2.09800e+00      2.69600e+00      9.00000e+00    166s
  1874      2.10700e+00      2.69600e+00      9.00000e+00    168s
  1886      2.03800e+00      2.69600e+00      9.00000e+00    169s
  1898      1.90500e+00      2.69600e+00      9.00000e+00    170s
  1905      1.98700e+00      2.69600e+00      9.00000e+00    171s
  1915      1.93700e+00      2.69600e+00      9.00000e+00    172s
  1924      1.97000e+00      2.69600e+00      9.00000e+00    173s
  1933      2.01700e+00      2.69600e+00      9.00000e+00    174s
  1944      1.95100e+00      2.69600e+00      9.00000e+00    175s
  1961      1.96000e+00      2.69600e+00      9.00000e+00    176s
  1970      1.88400e+00      2.69600e+00      9.00000e+00    177s
  1981      2.06100e+00      2.69600e+00      9.00000e+00    178s
  1994      2.07000e+00      2.69600e+00      9.00000e+00    179s
  2005      1.96400e+00      2.69600e+00      9.00000e+00    180s
  2015      1.96400e+00      2.69600e+00      9.00000e+00    181s
  2026      1.92400e+00      2.69600e+00      9.00000e+00    182s
  2037      1.90200e+00      2.69600e+00      9.00000e+00    183s
  2047      1.97100e+00      2.69600e+00      9.00000e+00    184s
  2058      1.96900e+00      2.69600e+00      9.00000e+00    185s
  2067      2.10400e+00      2.69600e+00      9.00000e+00    186s
  2077      2.16300e+00      2.69600e+00      9.00000e+00    188s
  2092      2.00300e+00      2.69600e+00      9.00000e+00    189s
  2103      1.98000e+00      2.69600e+00      9.00000e+00    190s
  2115      1.96400e+00      2.69600e+00      9.00000e+00    191s
  2126      2.02300e+00      2.69600e+00      9.00000e+00    192s
  2138      2.02000e+00      2.69600e+00      9.00000e+00    193s
  2150      1.95900e+00      2.69600e+00      9.00000e+00    194s
  2160      2.25500e+00      2.69600e+00      9.00000e+00    195s
  2172      2.28600e+00      2.69600e+00      9.00000e+00    196s
  2183      2.31700e+00      2.69600e+00      9.00000e+00    197s
  2195      2.28600e+00      2.69600e+00      9.00000e+00    198s
  2205      2.19300e+00      2.69600e+00      9.00000e+00    199s
  2221      2.52300e+00      2.69600e+00      9.00000e+00    200s
  2234      2.31800e+00      2.69600e+00      9.00000e+00    201s
  2245      2.52900e+00      2.69600e+00      9.00000e+00    202s
  2257      2.35100e+00      2.69600e+00      9.00000e+00    203s
  2266      1.89800e+00      2.69600e+00      9.00000e+00    204s
  2276      1.82400e+00      2.69600e+00      9.00000e+00    205s
  2285      2.37200e+00      2.69600e+00      9.00000e+00    206s
  2296      2.50800e+00      2.69600e+00      9.00000e+00    208s
  2305      2.04200e+00      2.69600e+00      9.00000e+00    209s
  2314      1.77100e+00      2.69600e+00      9.00000e+00    210s
  2325      1.85900e+00      2.69600e+00      9.00000e+00    211s
  2337      1.91100e+00      2.69600e+00      9.00000e+00    212s
  2350      2.01300e+00      2.69600e+00      9.00000e+00    213s
  2359      2.32100e+00      2.69600e+00      9.00000e+00    214s
  2370      2.26500e+00      2.69600e+00      9.00000e+00    215s
  2382      2.37800e+00      2.69600e+00      9.00000e+00    216s
  2392      1.97900e+00      2.69600e+00      9.00000e+00    217s
  2403      1.75600e+00      2.69600e+00      9.00000e+00    218s
  2414      1.85900e+00      2.69600e+00      9.00000e+00    219s
  2426      1.90800e+00      2.69600e+00      9.00000e+00    220s
  2437      2.02200e+00      2.69600e+00      9.00000e+00    221s
  2447      2.20500e+00      2.69600e+00      9.00000e+00    222s
  2457      1.93700e+00      2.69600e+00      9.00000e+00    223s
  2473      1.88900e+00      2.69600e+00      9.00000e+00    224s
  2486      2.01200e+00      2.69600e+00      9.00000e+00    225s
  2498      1.92700e+00      2.69600e+00      9.00000e+00    226s

==================================================
Summary of results QAOA
--------------------------------------------------
Average of QAOA obj:          2.70
STD of QAOA obj:              22.63

Gamma angles:                 2.69
Beta angles:                  4.23

Best QAOA obj:                9.00
Modified best QAOA obj:       9.00

QAOA total time:              226.51s
QAOA circuit depth:           14
==================================================

==================================================
Summary of results of 0-S8
--------------------------------------------------
Number of vertices:           8
Number of edges:              18

Vertex num in largest comp:   8
Edge num in largest comp:     18

Pre-processing running time:  0.00
Total solver time:            226.43
Running time:                 230.14

Upper bound:                  11.00
Objective value:              9.00

Partition 0:                  1, 4, 5, 6, 8       
Partition 1:                  2, 3, 7             
==================================================
==================================================
Instance parameters
--------------------------------------------------
Number of vertices:           8
Number of edges:              18
Number of partitions:         2

Density (%):                  64
Name of instance:             seed1_band
Is planar:                    True
==================================================

==================================================
Solver parameters
--------------------------------------------------
Method:                       R-QUBO
Peel:                         False
Decompose:                    False
Fold:                         False

QAOA Num Levels:              1
QAOA Scipy Optimizer:         brute
==================================================

  iter        avg-obj        best avg-obj       best-obj      time
     0      2.02700e+00      2.02700e+00      9.00000e+00      1s
    10      1.98200e+00      2.06700e+00      9.00000e+00      2s
    26      2.02600e+00      2.13800e+00      9.00000e+00      3s
    40      1.94700e+00      2.13800e+00      9.00000e+00      4s
    51      2.15100e+00      2.15100e+00      9.00000e+00      5s
    62      2.10000e+00      2.29800e+00      9.00000e+00      6s
    74      1.87000e+00      2.34300e+00      9.00000e+00      7s
    85      1.85700e+00      2.34300e+00      9.00000e+00      8s
    98      2.07700e+00      2.34300e+00      9.00000e+00      9s
   108      1.84700e+00      2.50100e+00      9.00000e+00     10s
   119      1.99300e+00      2.50100e+00      9.00000e+00     11s
   130      2.20800e+00      2.50100e+00      9.00000e+00     12s
   140      2.31400e+00      2.50100e+00      9.00000e+00     14s
   158      1.83700e+00      2.55400e+00      9.00000e+00     15s
   171      1.83300e+00      2.55400e+00      9.00000e+00     16s
   185      1.71400e+00      2.55400e+00      9.00000e+00     17s
   198      1.84500e+00      2.55400e+00      9.00000e+00     18s
   212      1.97000e+00      2.55400e+00      9.00000e+00     19s
   223      1.73400e+00      2.55400e+00      9.00000e+00     20s
   234      1.74100e+00      2.55400e+00      9.00000e+00     21s
   245      1.90900e+00      2.56600e+00      9.00000e+00     22s
   257      2.08500e+00      2.56600e+00      9.00000e+00     23s
   267      2.50500e+00      2.56600e+00      9.00000e+00     24s
   279      2.44300e+00      2.56600e+00      9.00000e+00     25s
   291      2.43700e+00      2.56600e+00      9.00000e+00     26s
   306      2.21500e+00      2.56600e+00      9.00000e+00     27s
   318      2.27700e+00      2.56600e+00      9.00000e+00     28s
   335      1.91200e+00      2.56600e+00      9.00000e+00     29s
   348      2.03600e+00      2.56600e+00      9.00000e+00     30s
   361      1.98600e+00      2.56600e+00      9.00000e+00     32s
   374      2.04300e+00      2.56600e+00      9.00000e+00     33s
   386      1.97500e+00      2.56600e+00      9.00000e+00     34s
   399      2.02900e+00      2.56600e+00      9.00000e+00     35s
   409      2.06200e+00      2.56600e+00      9.00000e+00     36s
   421      2.01300e+00      2.56600e+00      9.00000e+00     37s
   433      2.05600e+00      2.56600e+00      9.00000e+00     38s
   448      2.00500e+00      2.56600e+00      9.00000e+00     39s
   459      2.03000e+00      2.56600e+00      9.00000e+00     40s
   472      1.91000e+00      2.56600e+00      9.00000e+00     41s
   483      2.07400e+00      2.56600e+00      9.00000e+00     42s
   496      1.91300e+00      2.56600e+00      9.00000e+00     43s
   509      1.90100e+00      2.56600e+00      9.00000e+00     44s
   520      1.97700e+00      2.56600e+00      9.00000e+00     45s
   531      1.87900e+00      2.56600e+00      9.00000e+00     46s
   543      1.92100e+00      2.56600e+00      9.00000e+00     47s
   553      1.98300e+00      2.56600e+00      9.00000e+00     48s
   565      2.05200e+00      2.56600e+00      9.00000e+00     50s
   580      2.11100e+00      2.56600e+00      9.00000e+00     51s
   593      2.04300e+00      2.56600e+00      9.00000e+00     52s
   607      2.01200e+00      2.56600e+00      9.00000e+00     53s
   620      1.97200e+00      2.56600e+00      9.00000e+00     54s
   634      2.04500e+00      2.56600e+00      9.00000e+00     55s
   645      1.97500e+00      2.56600e+00      9.00000e+00     56s
   654      2.13000e+00      2.56600e+00      9.00000e+00     57s
   665      1.98700e+00      2.56600e+00      9.00000e+00     58s
   680      2.02000e+00      2.56600e+00      9.00000e+00     59s
   691      1.89000e+00      2.56600e+00      9.00000e+00     60s
   705      1.93500e+00      2.56600e+00      9.00000e+00     61s
   717      1.96400e+00      2.56600e+00      9.00000e+00     62s
   729      2.03700e+00      2.56600e+00      9.00000e+00     63s
   742      2.01600e+00      2.56600e+00      9.00000e+00     64s
   754      2.01800e+00      2.56600e+00      9.00000e+00     65s
   766      1.98800e+00      2.56600e+00      9.00000e+00     66s
   777      2.09700e+00      2.56600e+00      9.00000e+00     67s
   790      2.00300e+00      2.56600e+00      9.00000e+00     68s
   804      2.03900e+00      2.56600e+00      9.00000e+00     69s
   813      1.95000e+00      2.56600e+00      9.00000e+00     71s
   825      1.99400e+00      2.56600e+00      9.00000e+00     72s
   837      2.05000e+00      2.56600e+00      9.00000e+00     73s
   847      2.08900e+00      2.56600e+00      9.00000e+00     74s
   862      2.03400e+00      2.56600e+00      9.00000e+00     75s
   872      2.32000e+00      2.56600e+00      9.00000e+00     76s
   883      2.16900e+00      2.56600e+00      9.00000e+00     77s
   896      2.23800e+00      2.56600e+00      9.00000e+00     78s
   908      2.26200e+00      2.56600e+00      9.00000e+00     79s
   919      2.23800e+00      2.56600e+00      9.00000e+00     80s
   931      2.17600e+00      2.56600e+00      9.00000e+00     81s
   941      2.05200e+00      2.56600e+00      9.00000e+00     82s
   954      2.05700e+00      2.56600e+00      9.00000e+00     83s
   963      1.90900e+00      2.56600e+00      9.00000e+00     84s
   972      2.34300e+00      2.56600e+00      9.00000e+00     85s
   983      2.31700e+00      2.56600e+00      9.00000e+00     86s
   999      1.93200e+00      2.56600e+00      9.00000e+00     87s
  1009      2.48900e+00      2.56600e+00      9.00000e+00     88s
  1022      2.40100e+00      2.56600e+00      9.00000e+00     89s
  1032      2.39500e+00      2.56600e+00      9.00000e+00     90s
  1046      2.50800e+00      2.69600e+00      9.00000e+00     91s
  1058      2.58600e+00      2.69600e+00      9.00000e+00     92s
  1071      2.54000e+00      2.69600e+00      9.00000e+00     93s
  1082      2.51300e+00      2.69600e+00      9.00000e+00     95s
  1093      2.34000e+00      2.69600e+00      9.00000e+00     96s
  1103      1.72400e+00      2.69600e+00      9.00000e+00     97s
  1113      1.95000e+00      2.69600e+00      9.00000e+00     98s
  1128      1.75800e+00      2.69600e+00      9.00000e+00     99s
  1138      1.79600e+00      2.69600e+00      9.00000e+00    100s
  1149      1.92700e+00      2.69600e+00      9.00000e+00    101s
  1161      2.10000e+00      2.69600e+00      9.00000e+00    102s
  1172      2.29700e+00      2.69600e+00      9.00000e+00    103s
  1184      2.23100e+00      2.69600e+00      9.00000e+00    104s
  1193      2.07800e+00      2.69600e+00      9.00000e+00    105s
  1205      1.92000e+00      2.69600e+00      9.00000e+00    106s
  1215      1.84600e+00      2.69600e+00      9.00000e+00    107s
  1226      2.05200e+00      2.69600e+00      9.00000e+00    108s
  1236      2.10200e+00      2.69600e+00      9.00000e+00    109s
  1251      1.98400e+00      2.69600e+00      9.00000e+00    110s
  1263      2.03600e+00      2.69600e+00      9.00000e+00    111s
  1274      1.90200e+00      2.69600e+00      9.00000e+00    112s
  1286      1.94100e+00      2.69600e+00      9.00000e+00    113s
  1299      2.05500e+00      2.69600e+00      9.00000e+00    115s
  1309      1.77000e+00      2.69600e+00      9.00000e+00    116s
  1320      1.92100e+00      2.69600e+00      9.00000e+00    117s
  1329      2.38900e+00      2.69600e+00      9.00000e+00    118s
  1340      2.34600e+00      2.69600e+00      9.00000e+00    119s
  1351      2.29200e+00      2.69600e+00      9.00000e+00    120s
  1363      2.08300e+00      2.69600e+00      9.00000e+00    121s
  1374      1.90200e+00      2.69600e+00      9.00000e+00    122s
  1387      1.99200e+00      2.69600e+00      9.00000e+00    123s
  1399      1.94400e+00      2.69600e+00      9.00000e+00    124s
  1413      2.14700e+00      2.69600e+00      9.00000e+00    125s
  1423      1.87900e+00      2.69600e+00      9.00000e+00    126s
  1433      1.88200e+00      2.69600e+00      9.00000e+00    127s
  1443      2.32100e+00      2.69600e+00      9.00000e+00    128s
  1456      2.30300e+00      2.69600e+00      9.00000e+00    129s
  1467      2.32500e+00      2.69600e+00      9.00000e+00    130s
  1479      2.48100e+00      2.69600e+00      9.00000e+00    131s
  1491      2.45300e+00      2.69600e+00      9.00000e+00    132s
  1500      2.14200e+00      2.69600e+00      9.00000e+00    133s
  1517      2.50700e+00      2.69600e+00      9.00000e+00    135s
  1529      2.24400e+00      2.69600e+00      9.00000e+00    136s
  1540      2.33200e+00      2.69600e+00      9.00000e+00    137s
  1553      2.07000e+00      2.69600e+00      9.00000e+00    138s
  1563      1.99000e+00      2.69600e+00      9.00000e+00    139s
  1573      2.00600e+00      2.69600e+00      9.00000e+00    140s
  1583      1.88300e+00      2.69600e+00      9.00000e+00    141s
  1593      2.19900e+00      2.69600e+00      9.00000e+00    142s
  1605      2.20600e+00      2.69600e+00      9.00000e+00    143s
  1616      2.24500e+00      2.69600e+00      9.00000e+00    144s
  1627      2.24200e+00      2.69600e+00      9.00000e+00    145s
  1642      2.21000e+00      2.69600e+00      9.00000e+00    146s
  1655      2.18100e+00      2.69600e+00      9.00000e+00    147s
  1668      2.20500e+00      2.69600e+00      9.00000e+00    148s
  1680      2.07900e+00      2.69600e+00      9.00000e+00    149s
  1693      2.06800e+00      2.69600e+00      9.00000e+00    150s
  1702      2.11900e+00      2.69600e+00      9.00000e+00    151s
  1712      2.06200e+00      2.69600e+00      9.00000e+00    152s
  1723      1.93700e+00      2.69600e+00      9.00000e+00    153s
  1734      2.07600e+00      2.69600e+00      9.00000e+00    154s
  1744      1.99700e+00      2.69600e+00      9.00000e+00    155s
  1755      1.96900e+00      2.69600e+00      9.00000e+00    157s
  1768      2.02800e+00      2.69600e+00      9.00000e+00    158s
  1786      1.89000e+00      2.69600e+00      9.00000e+00    159s
  1797      2.00300e+00      2.69600e+00      9.00000e+00    160s
  1809      1.94800e+00      2.69600e+00      9.00000e+00    161s
  1820      1.95900e+00      2.69600e+00      9.00000e+00    162s
  1832      2.03700e+00      2.69600e+00      9.00000e+00    163s
  1842      2.07400e+00      2.69600e+00      9.00000e+00    164s
  1854      1.94500e+00      2.69600e+00      9.00000e+00    165s
  1864      1.95200e+00      2.69600e+00      9.00000e+00    166s
  1875      2.08900e+00      2.69600e+00      9.00000e+00    167s
  1887      2.09100e+00      2.69600e+00      9.00000e+00    168s
  1899      2.06100e+00      2.69600e+00      9.00000e+00    169s
  1916      2.02700e+00      2.69600e+00      9.00000e+00    170s
  1926      2.04700e+00      2.69600e+00      9.00000e+00    171s
  1940      2.00800e+00      2.69600e+00      9.00000e+00    172s
  1952      2.05200e+00      2.69600e+00      9.00000e+00    173s
  1964      2.01600e+00      2.69600e+00      9.00000e+00    174s
  1977      1.94900e+00      2.69600e+00      9.00000e+00    175s
  1988      2.04300e+00      2.69600e+00      9.00000e+00    176s
  1999      2.01200e+00      2.69600e+00      9.00000e+00    177s
  2009      1.92000e+00      2.69600e+00      9.00000e+00    178s
  2020      1.87500e+00      2.69600e+00      9.00000e+00    180s
  2029      2.11400e+00      2.69600e+00      9.00000e+00    181s
  2040      2.03200e+00      2.69600e+00      9.00000e+00    182s
  2054      2.07300e+00      2.69600e+00      9.00000e+00    183s
  2068      1.96700e+00      2.69600e+00      9.00000e+00    184s
  2079      2.13000e+00      2.69600e+00      9.00000e+00    185s
  2091      2.11300e+00      2.69600e+00      9.00000e+00    186s
  2103      2.11700e+00      2.69600e+00      9.00000e+00    187s
  2113      1.93100e+00      2.69600e+00      9.00000e+00    188s
  2124      2.09100e+00      2.69600e+00      9.00000e+00    189s
  2134      2.04600e+00      2.69600e+00      9.00000e+00    190s
  2146      1.92800e+00      2.69600e+00      9.00000e+00    191s
  2158      2.36800e+00      2.69600e+00      9.00000e+00    192s
  2172      2.21000e+00      2.69600e+00      9.00000e+00    193s
  2188      1.92800e+00      2.69600e+00      9.00000e+00    194s
  2200      2.07000e+00      2.69600e+00      9.00000e+00    195s
  2212      2.07500e+00      2.69600e+00      9.00000e+00    196s
  2225      2.04500e+00      2.69600e+00      9.00000e+00    197s
  2238      1.89500e+00      2.69600e+00      9.00000e+00    198s
  2251      1.78900e+00      2.69600e+00      9.00000e+00    200s
  2261      2.22800e+00      2.69600e+00      9.00000e+00    201s
  2270      2.52000e+00      2.69600e+00      9.00000e+00    202s
  2281      2.42400e+00      2.69600e+00      9.00000e+00    203s
  2292      2.12500e+00      2.69600e+00      9.00000e+00    204s
  2302      1.78100e+00      2.69600e+00      9.00000e+00    205s
  2318      2.05500e+00      2.69600e+00      9.00000e+00    206s
  2329      1.96400e+00      2.69600e+00      9.00000e+00    207s
  2339      1.78700e+00      2.69600e+00      9.00000e+00    208s
  2351      1.82800e+00      2.69600e+00      9.00000e+00    209s
  2362      2.08500e+00      2.69600e+00      9.00000e+00    210s
  2372      2.43200e+00      2.69600e+00      9.00000e+00    211s
  2383      2.40400e+00      2.69600e+00      9.00000e+00    212s
  2393      2.22800e+00      2.69600e+00      9.00000e+00    213s
  2404      1.97300e+00      2.69600e+00      9.00000e+00    214s
  2414      1.87400e+00      2.69600e+00      9.00000e+00    216s
  2427      1.85000e+00      2.69600e+00      9.00000e+00    217s
  2442      1.95200e+00      2.69600e+00      9.00000e+00    218s
  2451      1.94700e+00      2.69600e+00      9.00000e+00    219s
  2466      1.94100e+00      2.69600e+00      9.00000e+00    220s
  2476      2.02100e+00      2.69600e+00      9.00000e+00    221s
  2488      2.07900e+00      2.69600e+00      9.00000e+00    222s
  2499      1.99800e+00      2.69600e+00      9.00000e+00    223s

==================================================
Summary of results QAOA
--------------------------------------------------
Average of QAOA obj:          2.70
STD of QAOA obj:              21.26

Gamma angles:                 2.56
Beta angles:                  5.77

Best QAOA obj:                9.00
Modified best QAOA obj:       9.00

QAOA total time:              222.87s
QAOA circuit depth:           14
==================================================

==================================================
Summary of results of 0-S8
--------------------------------------------------
Number of vertices:           8
Number of edges:              18

Vertex num in largest comp:   8
Edge num in largest comp:     18

Pre-processing running time:  0.00
Total solver time:            222.87
Running time:                 226.62

Upper bound:                  11.00
Objective value:              9.00

Partition 0:                  1, 4, 5, 6, 8       
Partition 1:                  2, 3, 7             
==================================================
