==================================================
Instance parameters
--------------------------------------------------
Number of vertices:           8
Number of edges:              18
Number of partitions:         2

Density (%):                  64
Name of instance:             seed1_band_pen2.0
Is planar:                    True
==================================================

==================================================
Solver parameters
--------------------------------------------------
Method:                       R-QUBO
Peel:                         False
Decompose:                    False
Fold:                         False

QAOA Num Levels:              1
QAOA Scipy Optimizer:         brute
==================================================

  iter        avg-obj        best avg-obj       best-obj      time
     0      2.02600e+00      2.02600e+00      9.00000e+00      1s
     8      2.08400e+00      2.09200e+00      9.00000e+00      3s
    17      2.03000e+00      2.09200e+00      9.00000e+00      4s
    26      1.98100e+00      2.09200e+00      9.00000e+00      5s
    33      2.12100e+00      2.12100e+00      9.00000e+00      6s
    40      2.06100e+00      2.13700e+00      9.00000e+00      7s
    50      2.03100e+00      2.13700e+00      9.00000e+00      8s
    62      2.05100e+00      2.25300e+00      9.00000e+00      9s
    71      1.80600e+00      2.38900e+00      9.00000e+00     10s
    78      2.30100e+00      2.38900e+00      9.00000e+00     11s
    88      2.12500e+00      2.38900e+00      9.00000e+00     12s
   100      2.02000e+00      2.38900e+00      9.00000e+00     13s
   109      1.70800e+00      2.38900e+00      9.00000e+00     14s
   118      2.20000e+00      2.58400e+00      9.00000e+00     15s
   125      2.02500e+00      2.58400e+00      9.00000e+00     16s
   136      1.91700e+00      2.58400e+00      9.00000e+00     18s
   144      2.06200e+00      2.58400e+00      9.00000e+00     19s
   154      2.58300e+00      2.58400e+00      9.00000e+00     20s
   163      2.05300e+00      2.58400e+00      9.00000e+00     21s
   174      1.87100e+00      2.70100e+00      9.00000e+00     22s
   181      2.22900e+00      2.70100e+00      9.00000e+00     23s
   188      2.27900e+00      2.70100e+00      9.00000e+00     24s
   197      1.70700e+00      2.70100e+00      9.00000e+00     25s
   204      2.55200e+00      2.70100e+00      9.00000e+00     26s
   213      2.18500e+00      2.70100e+00      9.00000e+00     27s
   223      1.69300e+00      2.70100e+00      9.00000e+00     28s
   232      2.12500e+00      2.70100e+00      9.00000e+00     30s
   239      2.48500e+00      2.70100e+00      9.00000e+00     31s
   253      2.43100e+00      2.70100e+00      9.00000e+00     32s
   261      1.94500e+00      2.70100e+00      9.00000e+00     33s
   268      2.32700e+00      2.70100e+00      9.00000e+00     34s
   276      2.19800e+00      2.70100e+00      9.00000e+00     35s
   284      1.97800e+00      2.70100e+00      9.00000e+00     36s
   294      2.17300e+00      2.70100e+00      9.00000e+00     37s
   304      2.29900e+00      2.70100e+00      9.00000e+00     38s
   313      2.21200e+00      2.70100e+00      9.00000e+00     39s
   320      2.11900e+00      2.70100e+00      9.00000e+00     40s
   333      2.01200e+00      2.70100e+00      9.00000e+00     41s
   345      2.07800e+00      2.70100e+00      9.00000e+00     42s
   359      2.22000e+00      2.70100e+00      9.00000e+00     43s
   367      2.09400e+00      2.70100e+00      9.00000e+00     45s
   373      2.04500e+00      2.70100e+00      9.00000e+00     46s
   386      2.02700e+00      2.70100e+00      9.00000e+00     47s
   397      2.02500e+00      2.70100e+00      9.00000e+00     48s
   402      1.86600e+00      2.70100e+00      9.00000e+00     49s
   410      2.01300e+00      2.70100e+00      9.00000e+00     50s
   417      2.10200e+00      2.70100e+00      9.00000e+00     51s
   423      1.91200e+00      2.70100e+00      9.00000e+00     52s
   431      2.11800e+00      2.70100e+00      9.00000e+00     53s
   438      1.88400e+00      2.70100e+00      9.00000e+00     54s
   446      1.94000e+00      2.70100e+00      9.00000e+00     55s
   455      2.02500e+00      2.70100e+00      9.00000e+00     56s
   465      1.95600e+00      2.70100e+00      9.00000e+00     58s
   473      1.98000e+00      2.70100e+00      9.00000e+00     59s
   480      1.93000e+00      2.70100e+00      9.00000e+00     60s
   489      1.96600e+00      2.70100e+00      9.00000e+00     61s
   498      2.08400e+00      2.70100e+00      9.00000e+00     62s
   505      2.05300e+00      2.70100e+00      9.00000e+00     63s
   513      1.96600e+00      2.70100e+00      9.00000e+00     64s
   521      2.10100e+00      2.70100e+00      9.00000e+00     65s
   528      1.89400e+00      2.70100e+00      9.00000e+00     66s
   537      2.00500e+00      2.70100e+00      9.00000e+00     67s
   548      1.90400e+00      2.70100e+00      9.00000e+00     69s
   561      2.15500e+00      2.70100e+00      9.00000e+00     70s
   566      1.91600e+00      2.70100e+00      9.00000e+00     71s
   573      2.06500e+00      2.70100e+00      9.00000e+00     72s
   586      2.00000e+00      2.70100e+00      9.00000e+00     73s
   597      2.06900e+00      2.70100e+00      9.00000e+00     74s
   605      2.01000e+00      2.70100e+00      9.00000e+00     75s
   614      1.99600e+00      2.70100e+00      9.00000e+00     76s
   624      2.05700e+00      2.70100e+00      9.00000e+00     77s
   633      1.97300e+00      2.70100e+00      9.00000e+00     78s
   641      1.98900e+00      2.70100e+00      9.00000e+00     79s
   650      1.94600e+00      2.70100e+00      9.00000e+00     80s
   661      1.86700e+00      2.70100e+00      9.00000e+00     81s
   667      1.93000e+00      2.70100e+00      9.00000e+00     82s
   678      2.04000e+00      2.70100e+00      9.00000e+00     83s
   684      1.89800e+00      2.70100e+00      9.00000e+00     84s
   691      2.02900e+00      2.70100e+00      9.00000e+00     85s
   699      1.92600e+00      2.70100e+00      9.00000e+00     86s
   706      2.00500e+00      2.70100e+00      9.00000e+00     88s
   714      1.96800e+00      2.70100e+00      9.00000e+00     89s
   721      1.96100e+00      2.70100e+00      9.00000e+00     90s
   729      2.05100e+00      2.70100e+00      9.00000e+00     91s
   736      2.07600e+00      2.70100e+00      9.00000e+00     92s
   746      2.01400e+00      2.70100e+00      9.00000e+00     93s
   754      2.04100e+00      2.70100e+00      9.00000e+00     94s
   765      2.03000e+00      2.70100e+00      9.00000e+00     95s
   772      2.12200e+00      2.70100e+00      9.00000e+00     97s
   780      2.01300e+00      2.70100e+00      9.00000e+00     98s
   787      2.00300e+00      2.70100e+00      9.00000e+00     99s
   796      2.09400e+00      2.70100e+00      9.00000e+00    100s
   805      2.12400e+00      2.70100e+00      9.00000e+00    101s
   812      1.95400e+00      2.70100e+00      9.00000e+00    102s
   819      2.15300e+00      2.70100e+00      9.00000e+00    103s
   826      1.94800e+00      2.70100e+00      9.00000e+00    104s
   836      2.04400e+00      2.70100e+00      9.00000e+00    105s
   844      1.95800e+00      2.70100e+00      9.00000e+00    106s
   854      1.99600e+00      2.70100e+00      9.00000e+00    107s
   860      2.08100e+00      2.70100e+00      9.00000e+00    108s
   869      2.32700e+00      2.70100e+00      9.00000e+00    109s
   879      2.06900e+00      2.70100e+00      9.00000e+00    110s
   887      2.11600e+00      2.70100e+00      9.00000e+00    111s
   898      2.07800e+00      2.70100e+00      9.00000e+00    112s
   907      2.26500e+00      2.70100e+00      9.00000e+00    113s
   916      1.98900e+00      2.70100e+00      9.00000e+00    114s
   923      2.01300e+00      2.70100e+00      9.00000e+00    116s
   934      2.28300e+00      2.70100e+00      9.00000e+00    117s
   943      2.07600e+00      2.70100e+00      9.00000e+00    118s
   949      1.97000e+00      2.70100e+00      9.00000e+00    119s
   960      2.34100e+00      2.70100e+00      9.00000e+00    120s
   966      1.87800e+00      2.70100e+00      9.00000e+00    121s
   974      2.01200e+00      2.70100e+00      9.00000e+00    122s
   985      2.28100e+00      2.70100e+00      9.00000e+00    123s
   995      2.33200e+00      2.70100e+00      9.00000e+00    124s
  1005      2.09600e+00      2.70100e+00      9.00000e+00    125s
  1010      2.26600e+00      2.70100e+00      9.00000e+00    126s
  1019      2.44900e+00      2.70100e+00      9.00000e+00    127s
  1027      1.79300e+00      2.70100e+00      9.00000e+00    128s
  1037      2.10500e+00      2.70100e+00      9.00000e+00    129s
  1048      2.17900e+00      2.70100e+00      9.00000e+00    131s
  1055      2.06600e+00      2.70100e+00      9.00000e+00    132s
  1069      2.36700e+00      2.70100e+00      9.00000e+00    133s
  1082      2.48000e+00      2.70100e+00      9.00000e+00    134s
  1095      2.42700e+00      2.70100e+00      9.00000e+00    135s
  1101      1.76000e+00      2.70100e+00      9.00000e+00    136s
  1106      2.16600e+00      2.70100e+00      9.00000e+00    137s
  1115      1.75800e+00      2.70100e+00      9.00000e+00    138s
  1124      2.18500e+00      2.70100e+00      9.00000e+00    139s
  1135      2.36100e+00      2.70100e+00      9.00000e+00    140s
  1143      2.23800e+00      2.70100e+00      9.00000e+00    141s
  1151      1.93800e+00      2.70100e+00      9.00000e+00    142s
  1158      2.26600e+00      2.70100e+00      9.00000e+00    144s
  1164      1.80400e+00      2.70100e+00      9.00000e+00    145s
  1172      2.21100e+00      2.70100e+00      9.00000e+00    146s
  1181      2.15800e+00      2.70100e+00      9.00000e+00    147s
  1187      2.05300e+00      2.70100e+00      9.00000e+00    148s
  1196      2.37700e+00      2.70100e+00      9.00000e+00    149s
  1208      2.05200e+00      2.70100e+00      9.00000e+00    150s
  1219      1.97000e+00      2.70100e+00      9.00000e+00    151s
  1229      1.93200e+00      2.70100e+00      9.00000e+00    152s
  1237      2.08400e+00      2.70100e+00      9.00000e+00    153s
  1246      2.09100e+00      2.70100e+00      9.00000e+00    154s
  1253      2.09400e+00      2.70100e+00      9.00000e+00    155s
  1260      1.84300e+00      2.70100e+00      9.00000e+00    157s
  1268      2.06100e+00      2.70100e+00      9.00000e+00    158s
  1274      1.98200e+00      2.70100e+00      9.00000e+00    159s
  1281      1.93600e+00      2.70100e+00      9.00000e+00    160s
  1289      2.06500e+00      2.70100e+00      9.00000e+00    161s
  1300      2.00200e+00      2.70100e+00      9.00000e+00    162s
  1309      1.77000e+00      2.70100e+00      9.00000e+00    163s
  1317      2.38300e+00      2.70100e+00      9.00000e+00    164s
  1328      2.26700e+00      2.70100e+00      9.00000e+00    165s
  1337      2.00400e+00      2.70100e+00      9.00000e+00    166s
  1345      1.95400e+00      2.70100e+00      9.00000e+00    167s
  1355      2.37100e+00      2.70100e+00      9.00000e+00    168s
  1366      2.41400e+00      2.70100e+00      9.00000e+00    169s
  1376      2.33900e+00      2.70100e+00      9.00000e+00    171s
  1388      2.28800e+00      2.70100e+00      9.00000e+00    172s
  1397      1.86300e+00      2.70100e+00      9.00000e+00    173s
  1407      2.15900e+00      2.70100e+00      9.00000e+00    174s
  1415      2.52700e+00      2.70100e+00      9.00000e+00    175s
  1422      1.74500e+00      2.70100e+00      9.00000e+00    176s
  1432      2.04400e+00      2.70100e+00      9.00000e+00    177s
  1440      2.60100e+00      2.70100e+00      9.00000e+00    178s
  1449      2.00000e+00      2.70100e+00      9.00000e+00    179s
  1456      2.39100e+00      2.70100e+00      9.00000e+00    180s
  1467      2.50300e+00      2.70100e+00      9.00000e+00    181s
  1475      2.10900e+00      2.70100e+00      9.00000e+00    182s
  1485      1.76700e+00      2.70100e+00      9.00000e+00    184s
  1491      2.59300e+00      2.70100e+00      9.00000e+00    185s
  1499      2.05200e+00      2.70100e+00      9.00000e+00    186s
  1507      2.16500e+00      2.70100e+00      9.00000e+00    187s
  1515      2.45600e+00      2.70100e+00      9.00000e+00    188s
  1524      1.94400e+00      2.70100e+00      9.00000e+00    189s
  1531      2.26300e+00      2.70100e+00      9.00000e+00    190s
  1539      2.33400e+00      2.70100e+00      9.00000e+00    191s
  1550      1.98800e+00      2.70100e+00      9.00000e+00    192s
  1558      2.06400e+00      2.70100e+00      9.00000e+00    193s
  1563      2.03100e+00      2.70100e+00      9.00000e+00    194s
  1571      1.94000e+00      2.70100e+00      9.00000e+00    195s
  1585      1.87100e+00      2.70100e+00      9.00000e+00    196s
  1594      2.18700e+00      2.70100e+00      9.00000e+00    198s
  1603      2.18700e+00      2.70100e+00      9.00000e+00    199s
  1613      2.10500e+00      2.70100e+00      9.00000e+00    200s
  1620      2.03700e+00      2.70100e+00      9.00000e+00    201s
  1632      2.07600e+00      2.70100e+00      9.00000e+00    202s
  1642      2.24600e+00      2.70100e+00      9.00000e+00    203s
  1654      2.09200e+00      2.70100e+00      9.00000e+00    204s
  1661      2.10300e+00      2.70100e+00      9.00000e+00    205s
  1669      2.03900e+00      2.70100e+00      9.00000e+00    206s
  1675      2.03900e+00      2.70100e+00      9.00000e+00    207s
  1685      1.92000e+00      2.70100e+00      9.00000e+00    208s
  1691      2.16100e+00      2.70100e+00      9.00000e+00    209s
  1699      1.83800e+00      2.70100e+00      9.00000e+00    210s
  1705      2.12600e+00      2.70100e+00      9.00000e+00    212s
  1714      1.96700e+00      2.70100e+00      9.00000e+00    213s
  1723      1.98200e+00      2.70100e+00      9.00000e+00    214s
  1730      2.07700e+00      2.70100e+00      9.00000e+00    215s
  1739      2.04500e+00      2.70100e+00      9.00000e+00    216s
  1747      2.05100e+00      2.70100e+00      9.00000e+00    217s
  1754      1.88500e+00      2.70100e+00      9.00000e+00    218s
  1763      1.98600e+00      2.70100e+00      9.00000e+00    219s
  1772      2.08800e+00      2.70100e+00      9.00000e+00    220s
  1781      1.94600e+00      2.70100e+00      9.00000e+00    221s
  1793      2.10200e+00      2.70100e+00      9.00000e+00    222s
  1799      2.05400e+00      2.70100e+00      9.00000e+00    223s
  1805      1.94600e+00      2.70100e+00      9.00000e+00    225s
  1815      1.94800e+00      2.70100e+00      9.00000e+00    226s
  1829      2.12300e+00      2.70100e+00      9.00000e+00    227s
  1838      2.08200e+00      2.70100e+00      9.00000e+00    228s
  1846      2.04600e+00      2.70100e+00      9.00000e+00    229s
  1857      1.94700e+00      2.70100e+00      9.00000e+00    230s
  1865      1.97900e+00      2.70100e+00      9.00000e+00    231s
  1871      2.09100e+00      2.70100e+00      9.00000e+00    232s
  1879      2.04000e+00      2.70100e+00      9.00000e+00    233s
  1889      2.02000e+00      2.70100e+00      9.00000e+00    234s
  1896      1.97200e+00      2.70100e+00      9.00000e+00    235s
  1906      1.97000e+00      2.70100e+00      9.00000e+00    236s
  1911      2.00800e+00      2.70100e+00      9.00000e+00    237s
  1919      1.94600e+00      2.70100e+00      9.00000e+00    239s
  1927      1.99800e+00      2.70100e+00      9.00000e+00    240s
  1935      2.04200e+00      2.70100e+00      9.00000e+00    241s
  1943      1.99200e+00      2.70100e+00      9.00000e+00    242s
  1950      2.08600e+00      2.70100e+00      9.00000e+00    243s
  1959      2.02300e+00      2.70100e+00      9.00000e+00    244s
  1968      2.00100e+00      2.70100e+00      9.00000e+00    245s
  1975      1.98900e+00      2.70100e+00      9.00000e+00    246s
  1984      1.96600e+00      2.70100e+00      9.00000e+00    247s
  1991      1.98300e+00      2.70100e+00      9.00000e+00    248s
  1999      2.10700e+00      2.70100e+00      9.00000e+00    249s
  2008      2.03500e+00      2.70100e+00      9.00000e+00    251s
  2019      1.99600e+00      2.70100e+00      9.00000e+00    252s
  2029      2.11500e+00      2.70100e+00      9.00000e+00    253s
  2036      1.85400e+00      2.70100e+00      9.00000e+00    254s
  2044      1.87100e+00      2.70100e+00      9.00000e+00    255s
  2053      2.04700e+00      2.70100e+00      9.00000e+00    256s
  2066      2.14900e+00      2.70100e+00      9.00000e+00    257s
  2075      2.07200e+00      2.70100e+00      9.00000e+00    258s
  2084      1.92300e+00      2.70100e+00      9.00000e+00    259s
  2093      1.95100e+00      2.70100e+00      9.00000e+00    260s
  2103      1.98700e+00      2.70100e+00      9.00000e+00    261s
  2112      1.94900e+00      2.70100e+00      9.00000e+00    262s
  2120      2.29100e+00      2.70100e+00      9.00000e+00    263s
  2127      2.04300e+00      2.70100e+00      9.00000e+00    265s
  2134      2.24000e+00      2.70100e+00      9.00000e+00    266s
  2143      2.24200e+00      2.70100e+00      9.00000e+00    267s
  2150      2.05700e+00      2.70100e+00      9.00000e+00    268s
  2161      1.98800e+00      2.70100e+00      9.00000e+00    269s
  2169      2.18400e+00      2.70100e+00      9.00000e+00    270s
  2179      2.16100e+00      2.70100e+00      9.00000e+00    271s
  2188      1.97500e+00      2.70100e+00      9.00000e+00    272s
  2195      2.41200e+00      2.70100e+00      9.00000e+00    273s
  2209      2.27400e+00      2.70100e+00      9.00000e+00    274s
  2215      1.97700e+00      2.70100e+00      9.00000e+00    275s
  2222      2.38800e+00      2.70100e+00      9.00000e+00    276s
  2230      2.10200e+00      2.70100e+00      9.00000e+00    278s
  2237      2.00400e+00      2.70100e+00      9.00000e+00    279s
  2247      2.34100e+00      2.70100e+00      9.00000e+00    280s
  2259      2.55800e+00      2.70100e+00      9.00000e+00    281s
  2266      1.92800e+00      2.70100e+00      9.00000e+00    282s
  2278      1.91600e+00      2.70100e+00      9.00000e+00    283s
  2288      1.86000e+00      2.70100e+00      9.00000e+00    284s
  2297      2.45500e+00      2.70100e+00      9.00000e+00    285s
  2309      2.44500e+00      2.70100e+00      9.00000e+00    286s
  2320      2.53200e+00      2.70100e+00      9.00000e+00    287s
  2332      2.38100e+00      2.70100e+00      9.00000e+00    288s
  2342      2.08300e+00      2.70100e+00      9.00000e+00    289s
  2351      1.80300e+00      2.70100e+00      9.00000e+00    290s
  2361      2.31900e+00      2.70100e+00      9.00000e+00    291s
  2372      2.38200e+00      2.70100e+00      9.00000e+00    292s
  2381      2.14000e+00      2.70100e+00      9.00000e+00    294s
  2393      2.17200e+00      2.70100e+00      9.00000e+00    295s
  2401      1.79800e+00      2.70100e+00      9.00000e+00    296s
  2412      1.98400e+00      2.70100e+00      9.00000e+00    297s
  2418      1.91200e+00      2.70100e+00      9.00000e+00    298s
  2426      1.90600e+00      2.70100e+00      9.00000e+00    299s
  2433      2.12300e+00      2.70100e+00      9.00000e+00    300s
  2440      1.76500e+00      2.70100e+00      9.00000e+00    301s
  2448      2.05700e+00      2.70100e+00      9.00000e+00    302s
  2455      1.98200e+00      2.70100e+00      9.00000e+00    303s
  2468      2.02200e+00      2.70100e+00      9.00000e+00    304s
  2476      2.04600e+00      2.70100e+00      9.00000e+00    306s
  2485      1.91000e+00      2.70100e+00      9.00000e+00    307s
  2494      2.03300e+00      2.70100e+00      9.00000e+00    308s

==================================================
Summary of results QAOA
--------------------------------------------------
Average of QAOA obj:          2.70
STD of QAOA obj:              21.55

Gamma angles:                 0.38
Beta angles:                  2.05

Best QAOA obj:                9.00
Modified best QAOA obj:       9.00

QAOA total time:              308.16s
QAOA circuit depth:           14
==================================================

==================================================
Summary of results of 0-S8
--------------------------------------------------
Number of vertices:           8
Number of edges:              18

Vertex num in largest comp:   8
Edge num in largest comp:     18

Pre-processing running time:  0.00
Total solver time:            307.84
Running time:                 312.63

Upper bound:                  11.00
Objective value:              9.00

Partition 0:                  1, 4, 5, 6, 8       
Partition 1:                  2, 3, 7             
==================================================
