==================================================
Instance parameters
--------------------------------------------------
Number of vertices:           4
Number of edges:              6
Number of partitions:         3

Density (%):                  100
Name of instance:             seed1_band_pen1.0
Is planar:                    True
==================================================

==================================================
Solver parameters
--------------------------------------------------
Method:                       QUBO
Peel:                         False
Decompose:                    False
Fold:                         False

QAOA Num Levels:              1
QAOA Scipy Optimizer:         brute
==================================================

  iter        avg-obj        best avg-obj       best-obj      time
     9     -1.26500e+00     -1.18033e+00      4.00000e+00      1s
    28     -1.28767e+00     -1.12200e+00      4.00000e+00      2s
    47     -1.32500e+00     -1.12200e+00      4.00000e+00      3s
    62     -1.19367e+00     -4.72000e-01      4.00000e+00      4s
    79     -5.32667e-01     -4.72000e-01      4.00000e+00      5s
    97     -1.88200e+00     -4.72000e-01      4.00000e+00      6s
   115     -1.83467e+00     -2.46667e-02      4.00000e+00      7s
   130     -8.50000e-02      4.60000e-02      4.00000e+00      8s
   145     -2.97500e+00      4.60000e-02      4.00000e+00      9s
   163     -1.43633e+00      3.30000e-01      4.00000e+00     10s
   175     -8.76000e-01      3.30000e-01      4.00000e+00     11s
   189     -2.06133e+00      3.30000e-01      4.00000e+00     12s
   208     -5.34667e-01      4.56333e-01      4.00000e+00     13s
   225     -8.02333e-01      4.56333e-01      4.00000e+00     15s
   241     -3.56467e+00      4.89000e-01      4.00000e+00     16s
   257     -2.84000e-01      4.89000e-01      4.00000e+00     17s
   272     -3.41833e+00      4.89000e-01      4.00000e+00     18s
   289     -2.24833e+00      5.19333e-01      4.00000e+00     19s
   305      1.57333e-01      5.19333e-01      4.00000e+00     20s
   320     -4.74733e+00      5.19333e-01      4.00000e+00     21s
   338     -1.79167e+00      5.19333e-01      4.00000e+00     22s
   354      1.53000e-01      5.19333e-01      4.00000e+00     23s
   370     -4.30033e+00      5.19333e-01      4.00000e+00     24s
   385     -8.74667e-01      5.19333e-01      4.00000e+00     25s
   403     -2.43333e-02      5.19333e-01      4.00000e+00     26s
   419     -3.88233e+00      5.19333e-01      4.00000e+00     27s
   435     -8.58000e-01      5.19333e-01      4.00000e+00     28s
   451     -7.52333e-01      5.19333e-01      4.00000e+00     29s
   468     -3.27933e+00      5.19333e-01      4.00000e+00     30s
   483     -6.59000e-01      5.19333e-01      4.00000e+00     31s
   498     -1.70300e+00      5.19333e-01      4.00000e+00     32s
   516     -2.21100e+00      5.19333e-01      4.00000e+00     33s
   534     -7.95000e-01      5.19333e-01      4.00000e+00     34s
   551     -1.05167e+00      5.19333e-01      4.00000e+00     35s
   569     -2.21567e+00      5.19333e-01      4.00000e+00     36s
   587     -1.25533e+00      5.19333e-01      4.00000e+00     37s
   604     -7.67333e-01      5.19333e-01      4.00000e+00     38s
   621     -1.67100e+00      5.19333e-01      4.00000e+00     39s
   639     -1.55767e+00      5.19333e-01      4.00000e+00     40s
   655     -1.00700e+00      5.19333e-01      4.00000e+00     41s
   670     -1.34000e+00      5.19333e-01      4.00000e+00     43s
   685     -1.13400e+00      5.19333e-01      4.00000e+00     44s
   700     -1.30700e+00      5.19333e-01      4.00000e+00     45s
   715     -1.46200e+00      5.19333e-01      4.00000e+00     46s
   732     -9.91333e-01      5.19333e-01      4.00000e+00     47s
   749     -1.18100e+00      5.19333e-01      4.00000e+00     48s
   764     -1.29733e+00      5.19333e-01      4.00000e+00     49s
   779     -1.19100e+00      5.19333e-01      4.00000e+00     50s
   794     -1.20367e+00      5.19333e-01      4.00000e+00     51s
   809     -1.08967e+00      5.19333e-01      4.00000e+00     52s
   824     -1.13600e+00      5.19333e-01      4.00000e+00     53s
   839     -1.33333e+00      5.19333e-01      4.00000e+00     54s
   854     -1.14067e+00      5.19333e-01      4.00000e+00     55s
   869     -1.16267e+00      5.19333e-01      4.00000e+00     56s
   883     -1.23967e+00      5.19333e-01      4.00000e+00     57s
   898     -1.28800e+00      5.19333e-01      4.00000e+00     58s
   913     -1.36867e+00      5.19333e-01      4.00000e+00     59s
   928     -1.28633e+00      5.19333e-01      4.00000e+00     60s
   943     -1.24733e+00      5.19333e-01      4.00000e+00     61s
   958     -1.35700e+00      5.19333e-01      4.00000e+00     62s
   973     -1.16800e+00      5.19333e-01      4.00000e+00     63s
   988     -1.24800e+00      5.19333e-01      4.00000e+00     64s
  1003     -1.34500e+00      5.19333e-01      4.00000e+00     65s
  1018     -1.30067e+00      5.19333e-01      4.00000e+00     66s
  1033     -1.32833e+00      5.19333e-01      4.00000e+00     67s
  1047     -1.34800e+00      5.19333e-01      4.00000e+00     68s
  1062     -1.31333e+00      5.19333e-01      4.00000e+00     69s
  1077     -1.11867e+00      5.19333e-01      4.00000e+00     70s
  1093     -1.15033e+00      5.19333e-01      4.00000e+00     71s
  1108     -1.27567e+00      5.19333e-01      4.00000e+00     72s
  1123     -1.13433e+00      5.19333e-01      4.00000e+00     73s
  1138     -1.35000e+00      5.19333e-01      4.00000e+00     74s
  1153     -1.27433e+00      5.19333e-01      4.00000e+00     75s
  1168     -1.21033e+00      5.19333e-01      4.00000e+00     76s
  1183     -1.09867e+00      5.19333e-01      4.00000e+00     77s
  1198     -1.22000e+00      5.19333e-01      4.00000e+00     78s
  1213     -1.26800e+00      5.19333e-01      4.00000e+00     79s
  1228     -1.32267e+00      5.19333e-01      4.00000e+00     80s
  1242     -1.30400e+00      5.19333e-01      4.00000e+00     81s
  1257     -1.24733e+00      5.19333e-01      4.00000e+00     82s
  1272     -1.37167e+00      5.19333e-01      4.00000e+00     84s
  1287     -1.35833e+00      5.19333e-01      4.00000e+00     85s
  1302     -1.19767e+00      5.19333e-01      4.00000e+00     86s
  1317     -1.35900e+00      5.19333e-01      4.00000e+00     87s
  1331     -1.33133e+00      5.19333e-01      4.00000e+00     88s
  1346     -1.32033e+00      5.19333e-01      4.00000e+00     89s
  1361     -1.20533e+00      5.19333e-01      4.00000e+00     90s
  1376     -1.28400e+00      5.19333e-01      4.00000e+00     91s
  1391     -1.27833e+00      5.19333e-01      4.00000e+00     92s
  1406     -1.24700e+00      5.19333e-01      4.00000e+00     93s
  1421     -1.32367e+00      5.19333e-01      4.00000e+00     94s
  1436     -1.19000e+00      5.19333e-01      4.00000e+00     95s
  1451     -1.40400e+00      5.19333e-01      4.00000e+00     96s
  1466     -1.41033e+00      5.19333e-01      4.00000e+00     97s
  1481     -1.39100e+00      5.19333e-01      4.00000e+00     98s
  1497     -1.29033e+00      5.19333e-01      4.00000e+00     99s
  1513     -1.31600e+00      5.19333e-01      4.00000e+00    100s
  1529     -1.42600e+00      5.19333e-01      4.00000e+00    101s
  1546     -1.51400e+00      5.19333e-01      4.00000e+00    102s
  1562     -1.17100e+00      5.19333e-01      4.00000e+00    103s
  1578     -1.30900e+00      5.19333e-01      4.00000e+00    104s
  1595     -1.74633e+00      5.19333e-01      4.00000e+00    105s
  1612     -1.20567e+00      5.19333e-01      4.00000e+00    106s
  1626     -1.18833e+00      5.19333e-01      4.00000e+00    107s
  1643     -2.09600e+00      5.19333e-01      4.00000e+00    108s
  1660     -8.74667e-01      5.19333e-01      4.00000e+00    110s
  1675     -1.21133e+00      5.19333e-01      4.00000e+00    111s
  1690     -1.97533e+00      5.19333e-01      4.00000e+00    112s
  1705     -8.71667e-01      5.19333e-01      4.00000e+00    113s
  1720     -2.37800e+00      5.19333e-01      4.00000e+00    114s
  1735     -9.80000e-01      5.19333e-01      4.00000e+00    115s
  1750     -1.20333e+00      5.19333e-01      4.00000e+00    116s
  1764     -1.87500e+00      5.19333e-01      4.00000e+00    117s
  1779     -8.52000e-01      5.19333e-01      4.00000e+00    118s
  1794     -2.49400e+00      5.19333e-01      4.00000e+00    119s
  1809     -5.66000e-01      5.19333e-01      4.00000e+00    120s
  1824     -1.47333e+00      5.19333e-01      4.00000e+00    121s
  1839     -2.17733e+00      5.19333e-01      4.00000e+00    122s
  1854     -8.76333e-01      5.19333e-01      4.00000e+00    123s
  1869     -2.83400e+00      5.19333e-01      4.00000e+00    124s
  1884     -4.31000e-01      5.19333e-01      4.00000e+00    125s
  1899     -1.29433e+00      5.19333e-01      4.00000e+00    126s
  1914     -2.21600e+00      5.19333e-01      4.00000e+00    127s
  1928     -1.06700e+00      5.19333e-01      4.00000e+00    128s
  1943     -2.82700e+00      5.19333e-01      4.00000e+00    129s
  1960     -3.35000e-01      5.19333e-01      4.00000e+00    130s
  1977     -1.33700e+00      5.19333e-01      4.00000e+00    131s
  1994     -2.14100e+00      5.19333e-01      4.00000e+00    132s
  2011     -6.33333e-01      5.19333e-01      4.00000e+00    133s
  2028     -1.61833e+00      5.19333e-01      4.00000e+00    134s
  2045     -1.31533e+00      5.19333e-01      4.00000e+00    135s
  2062     -1.21133e+00      5.19333e-01      4.00000e+00    137s
  2079     -1.88733e+00      5.19333e-01      4.00000e+00    138s
  2096     -7.14000e-01      5.19333e-01      4.00000e+00    139s
  2113     -1.66467e+00      5.19333e-01      4.00000e+00    140s
  2130     -2.07800e+00      5.19333e-01      4.00000e+00    141s
  2147     -3.42000e-01      5.19333e-01      4.00000e+00    142s
  2163     -1.56800e+00      5.19333e-01      4.00000e+00    143s
  2180     -2.69667e+00      5.19333e-01      4.00000e+00    144s
  2197     -8.86667e-02      5.19333e-01      4.00000e+00    145s
  2213     -1.54033e+00      5.19333e-01      4.00000e+00    146s
  2228     -3.86600e+00      5.19333e-01      4.00000e+00    147s
  2243     -1.14933e+00      5.19333e-01      4.00000e+00    148s
  2258     -2.14567e+00      5.19333e-01      4.00000e+00    149s
  2273     -9.03333e-02      5.19333e-01      4.00000e+00    150s
  2288     -1.74700e+00      5.19333e-01      4.00000e+00    151s
  2303     -4.06900e+00      5.19333e-01      4.00000e+00    152s
  2318     -1.62300e+00      5.19333e-01      4.00000e+00    153s
  2333     -2.25200e+00      5.19333e-01      4.00000e+00    154s
  2348     -4.59000e-01      5.19333e-01      4.00000e+00    155s
  2362     -1.29767e+00      5.19333e-01      4.00000e+00    156s
  2377     -3.57200e+00      5.19333e-01      4.00000e+00    157s
  2393     -1.20667e+00      5.19333e-01      4.00000e+00    158s
  2408     -2.82733e+00      5.19333e-01      4.00000e+00    159s
  2424     -8.75667e-01      5.19333e-01      4.00000e+00    160s
  2439     -1.75733e+00      5.19333e-01      4.00000e+00    161s
  2454     -3.79533e+00      5.19333e-01      4.00000e+00    162s
  2469     -1.18967e+00      5.19333e-01      4.00000e+00    163s
  2484     -1.76300e+00      5.19333e-01      4.00000e+00    164s
  2499     -1.27900e+00      5.19333e-01      4.00000e+00    165s

==================================================
Summary of results QAOA
--------------------------------------------------
Average of QAOA obj:          0.52
STD of QAOA obj:              22.25

Gamma angles:                 0.64
Beta angles:                  3.59

Best QAOA obj:                4.00
Modified best QAOA obj:       4.00

QAOA total time:              165.40s
QAOA circuit depth:           11
==================================================

==================================================
Summary of results of 0-S4
--------------------------------------------------
Number of vertices:           4
Number of edges:              6

Vertex num in largest comp:   4
Edge num in largest comp:     6

Pre-processing running time:  0.00
Total solver time:            165.40
Running time:                 167.35

Upper bound:                  4.00
Objective value:              4.00

Partition 0:                  1, 4                
Partition 1:                  2, 3                
Partition 2:                                      
==================================================
