==================================================
Instance parameters
--------------------------------------------------
Number of vertices:           7
Number of edges:              18
Number of partitions:         3

Density (%):                  86
Name of instance:             seed1_band_pen1.0
Is planar:                    False
==================================================

==================================================
Solver parameters
--------------------------------------------------
Method:                       QUBO
Peel:                         False
Decompose:                    False
Fold:                         False

QAOA Num Levels:              1
QAOA Scipy Optimizer:         brute
==================================================

  iter        avg-obj        best avg-obj       best-obj      time
     0     -8.05100e+00     -8.05100e+00      6.00000e+00      1s
     4     -7.57650e+00     -7.48800e+00      7.00000e+00      2s
     7     -7.80367e+00     -7.48800e+00      7.00000e+00      3s
    11     -7.97767e+00     -7.48800e+00      7.00000e+00      5s
    14     -7.97183e+00     -7.48800e+00      7.00000e+00      6s
    17     -7.96550e+00     -7.28617e+00      7.00000e+00      7s
    21     -8.15883e+00     -7.28617e+00      7.00000e+00      8s
    24     -7.91133e+00     -7.28617e+00      7.00000e+00      9s
    27     -7.53800e+00     -7.28617e+00      7.00000e+00     10s
    31     -7.74367e+00     -7.28617e+00      7.00000e+00     11s
    35     -7.66317e+00     -7.28617e+00      7.00000e+00     13s
    39     -8.04167e+00     -7.28617e+00      7.00000e+00     14s
    42     -7.50250e+00     -7.28617e+00      7.00000e+00     15s
    45     -7.76850e+00     -7.28617e+00      7.00000e+00     16s
    49     -7.38617e+00     -7.28617e+00      7.00000e+00     18s
    52     -3.96233e+00     -3.96233e+00      7.00000e+00     19s
    55     -3.42200e+00     -2.94567e+00      8.00000e+00     20s
    59     -7.24100e+00     -2.94567e+00      8.00000e+00     21s
    62     -7.45683e+00     -2.94567e+00      8.00000e+00     22s
    66     -1.06108e+01     -2.94567e+00      8.00000e+00     23s
    69     -1.47123e+01     -2.94567e+00      8.00000e+00     24s
    72     -1.26608e+01     -2.94567e+00      8.00000e+00     25s
    76     -4.69250e+00     -2.94567e+00      8.00000e+00     26s
    80     -3.89183e+00     -2.94567e+00      8.00000e+00     28s
    83     -7.29117e+00     -2.94567e+00      8.00000e+00     29s
    87     -8.10917e+00     -2.94567e+00      8.00000e+00     30s
    90     -9.72250e+00     -2.94567e+00      8.00000e+00     31s
    93     -1.42775e+01     -2.94567e+00      8.00000e+00     32s
    97     -1.25240e+01     -2.94567e+00      8.00000e+00     34s
   100     -8.22567e+00     -2.94567e+00      8.00000e+00     35s
   104     -1.36817e+00     -1.14333e+00      8.00000e+00     36s
   107     -6.33683e+00     -1.14333e+00      8.00000e+00     37s
   110     -8.25533e+00     -1.14333e+00      8.00000e+00     38s
   114     -8.98283e+00     -1.14333e+00      8.00000e+00     39s
   117     -1.67585e+01     -1.14333e+00      8.00000e+00     40s
   120     -2.17523e+01     -1.14333e+00      8.00000e+00     41s
   124     -9.58817e+00     -1.14333e+00      8.00000e+00     43s
   127     -1.43350e+00     -1.14333e+00      8.00000e+00     44s
   130     -3.44300e+00     -1.14333e+00      8.00000e+00     45s
   133     -8.10217e+00     -1.14333e+00      8.00000e+00     46s
   136     -8.12067e+00     -1.14333e+00      8.00000e+00     47s
   139     -1.01275e+01     -1.14333e+00      8.00000e+00     48s
   143     -2.02488e+01     -1.14333e+00      8.00000e+00     49s
   146     -1.91805e+01     -1.14333e+00      8.00000e+00     51s
   149     -8.13917e+00     -1.14333e+00      8.00000e+00     52s
   153     -1.81733e+00     -1.14333e+00      8.00000e+00     53s
   156     -5.29233e+00     -1.14333e+00      8.00000e+00     54s
   160     -7.78067e+00     -1.14333e+00      8.00000e+00     55s
   164     -1.02420e+01     -1.14333e+00      8.00000e+00     56s
   167     -1.88563e+01     -1.14333e+00      8.00000e+00     57s
   171     -2.12792e+01     -1.14333e+00      8.00000e+00     58s
   174     -9.97033e+00     -1.14333e+00      8.00000e+00     59s
   177     -2.06950e+00     -1.14333e+00      8.00000e+00     61s
   180     -4.60767e+00     -1.14333e+00      8.00000e+00     62s
   184     -8.15317e+00     -1.14333e+00      8.00000e+00     63s
   187     -8.44317e+00     -1.14333e+00      8.00000e+00     64s
   191     -1.70980e+01     -1.14333e+00      8.00000e+00     65s
   194     -2.30747e+01     -1.14333e+00      8.00000e+00     66s
   197     -1.65593e+01     -1.14333e+00      8.00000e+00     67s
   201     -5.43983e+00     -1.14333e+00      8.00000e+00     69s
   204     -4.16567e+00     -1.14333e+00      8.00000e+00     70s
   207     -6.90350e+00     -1.14333e+00      8.00000e+00     71s
   211     -7.03783e+00     -1.14333e+00      8.00000e+00     72s
   214     -1.02798e+01     -1.14333e+00      8.00000e+00     73s
   217     -1.83620e+01     -1.14333e+00      8.00000e+00     74s
   221     -1.90188e+01     -1.14333e+00      8.00000e+00     75s
   224     -9.40033e+00     -1.14333e+00      8.00000e+00     77s
   227     -3.38033e+00     -1.14333e+00      8.00000e+00     78s
   231     -6.69917e+00     -1.14333e+00      8.00000e+00     79s
   235     -6.92483e+00     -1.14333e+00      8.00000e+00     80s
   239     -1.19577e+01     -1.14333e+00      8.00000e+00     81s
   242     -1.94480e+01     -1.14333e+00      8.00000e+00     82s
   245     -1.99353e+01     -1.14333e+00      8.00000e+00     83s
   249     -7.46900e+00     -1.14333e+00      8.00000e+00     85s
   252     -6.09250e+00     -1.14333e+00      8.00000e+00     86s
   255     -6.08867e+00     -1.14333e+00      8.00000e+00     87s
   259     -6.71150e+00     -1.14333e+00      8.00000e+00     88s
   262     -7.65850e+00     -1.14333e+00      8.00000e+00     89s
   265     -1.28893e+01     -1.14333e+00      8.00000e+00     90s
   269     -1.77903e+01     -1.14333e+00      8.00000e+00     92s
   272     -1.31463e+01     -1.14333e+00      8.00000e+00     93s
   275     -7.24267e+00     -1.14333e+00      8.00000e+00     94s
   279     -5.91067e+00     -1.14333e+00      8.00000e+00     95s
   282     -6.34683e+00     -1.14333e+00      8.00000e+00     96s
   285     -6.53700e+00     -1.14333e+00      8.00000e+00     97s
   289     -1.17885e+01     -1.14333e+00      8.00000e+00     99s
   292     -1.74018e+01     -1.14333e+00      8.00000e+00    100s
   296     -1.42698e+01     -1.14333e+00      8.00000e+00    101s
   299     -7.88083e+00     -1.14333e+00      8.00000e+00    102s
   303     -7.15133e+00     -1.14333e+00      8.00000e+00    103s
   307     -6.30417e+00     -1.14333e+00      8.00000e+00    104s
   310     -5.94783e+00     -1.14333e+00      8.00000e+00    106s
   314     -1.09438e+01     -1.14333e+00      8.00000e+00    107s
   317     -1.45747e+01     -1.14333e+00      8.00000e+00    108s
   320     -1.31193e+01     -1.14333e+00      8.00000e+00    109s
   324     -8.09650e+00     -1.14333e+00      8.00000e+00    110s
   327     -6.82467e+00     -1.14333e+00      8.00000e+00    112s
   330     -6.83500e+00     -1.14333e+00      8.00000e+00    113s
   334     -5.33867e+00     -1.14333e+00      8.00000e+00    114s
   337     -8.38183e+00     -1.14333e+00      8.00000e+00    115s
   340     -1.30623e+01     -1.14333e+00      8.00000e+00    116s
   344     -1.38093e+01     -1.14333e+00      8.00000e+00    118s
   347     -9.80317e+00     -1.14333e+00      8.00000e+00    119s
   350     -7.70500e+00     -1.14333e+00      8.00000e+00    120s
   354     -8.26533e+00     -1.14333e+00      8.00000e+00    121s
   357     -6.17867e+00     -1.14333e+00      8.00000e+00    122s
   360     -6.13350e+00     -1.14333e+00      8.00000e+00    123s
   364     -9.88983e+00     -1.14333e+00      8.00000e+00    125s
   367     -1.28890e+01     -1.14333e+00      8.00000e+00    126s
   371     -1.03907e+01     -1.14333e+00      8.00000e+00    127s
   374     -7.97283e+00     -1.14333e+00      8.00000e+00    128s
   377     -7.56817e+00     -1.14333e+00      8.00000e+00    129s
   381     -6.87017e+00     -1.14333e+00      8.00000e+00    130s
   384     -5.95350e+00     -1.14333e+00      8.00000e+00    131s
   387     -7.96383e+00     -1.14333e+00      8.00000e+00    132s
   391     -1.30275e+01     -1.14333e+00      8.00000e+00    134s
   394     -1.15172e+01     -1.14333e+00      8.00000e+00    135s
   397     -8.80067e+00     -1.14333e+00      8.00000e+00    136s
   400     -7.81233e+00     -1.14333e+00      8.00000e+00    137s
   403     -7.99667e+00     -1.14333e+00      8.00000e+00    138s
   406     -7.23750e+00     -1.14333e+00      8.00000e+00    139s
   410     -6.16733e+00     -1.14333e+00      8.00000e+00    140s
   413     -8.50033e+00     -1.14333e+00      8.00000e+00    142s
   416     -1.12335e+01     -1.14333e+00      8.00000e+00    143s
   419     -1.09032e+01     -1.14333e+00      8.00000e+00    144s
   422     -8.59300e+00     -1.14333e+00      8.00000e+00    145s
   426     -8.08583e+00     -1.14333e+00      8.00000e+00    146s
   429     -8.07217e+00     -1.14333e+00      8.00000e+00    147s
   432     -6.46117e+00     -1.14333e+00      8.00000e+00    148s
   436     -6.86933e+00     -1.14333e+00      8.00000e+00    149s
   439     -9.97550e+00     -1.14333e+00      8.00000e+00    150s
   442     -1.14062e+01     -1.14333e+00      8.00000e+00    152s
   446     -8.52733e+00     -1.14333e+00      8.00000e+00    153s
   449     -8.01567e+00     -1.14333e+00      8.00000e+00    154s
   452     -8.07450e+00     -1.14333e+00      8.00000e+00    155s
   456     -7.57433e+00     -1.14333e+00      8.00000e+00    156s
   460     -7.14050e+00     -1.14333e+00      8.00000e+00    157s
   463     -8.08967e+00     -1.14333e+00      8.00000e+00    159s
   467     -1.03185e+01     -1.14333e+00      8.00000e+00    160s
   470     -9.70967e+00     -1.14333e+00      8.00000e+00    161s
   473     -8.21033e+00     -1.14333e+00      8.00000e+00    162s
   476     -8.18567e+00     -1.14333e+00      8.00000e+00    163s
   479     -7.67117e+00     -1.14333e+00      8.00000e+00    164s
   483     -6.87467e+00     -1.14333e+00      8.00000e+00    166s
   486     -7.41633e+00     -1.14333e+00      8.00000e+00    167s
   489     -9.40750e+00     -1.14333e+00      8.00000e+00    168s
   493     -1.01627e+01     -1.14333e+00      8.00000e+00    169s
   496     -8.15783e+00     -1.14333e+00      8.00000e+00    170s
   500     -7.67817e+00     -1.14333e+00      8.00000e+00    172s
   503     -8.21133e+00     -1.14333e+00      8.00000e+00    173s
   506     -7.84750e+00     -1.14333e+00      8.00000e+00    174s
   510     -7.41167e+00     -1.14333e+00      8.00000e+00    175s
   513     -8.28667e+00     -1.14333e+00      8.00000e+00    176s
   516     -8.77067e+00     -1.14333e+00      8.00000e+00    177s
   520     -8.97183e+00     -1.14333e+00      8.00000e+00    179s
   523     -7.89433e+00     -1.14333e+00      8.00000e+00    180s
   527     -7.90417e+00     -1.14333e+00      8.00000e+00    181s
   530     -7.90250e+00     -1.14333e+00      8.00000e+00    182s
   533     -7.61317e+00     -1.14333e+00      8.00000e+00    184s
   537     -7.74167e+00     -1.14333e+00      8.00000e+00    185s
   540     -8.99900e+00     -1.14333e+00      8.00000e+00    186s
   544     -8.76317e+00     -1.14333e+00      8.00000e+00    187s
   547     -7.85600e+00     -1.14333e+00      8.00000e+00    189s
   550     -7.86483e+00     -1.14333e+00      8.00000e+00    190s
   554     -7.47450e+00     -1.14333e+00      8.00000e+00    191s
   557     -7.80800e+00     -1.14333e+00      8.00000e+00    192s
   560     -8.28100e+00     -1.14333e+00      8.00000e+00    193s
   564     -7.90217e+00     -1.14333e+00      8.00000e+00    194s
   567     -8.68200e+00     -1.14333e+00      8.00000e+00    195s
   570     -8.69333e+00     -1.14333e+00      8.00000e+00    197s
   574     -7.78317e+00     -1.14333e+00      8.00000e+00    198s
   577     -7.57700e+00     -1.14333e+00      8.00000e+00    199s
   581     -8.03917e+00     -1.14333e+00      8.00000e+00    201s
   584     -7.58067e+00     -1.14333e+00      8.00000e+00    202s
   587     -8.01067e+00     -1.14333e+00      8.00000e+00    203s
   591     -8.53500e+00     -1.14333e+00      8.00000e+00    204s
   594     -8.55567e+00     -1.14333e+00      8.00000e+00    206s
   598     -7.89967e+00     -1.14333e+00      8.00000e+00    207s
   601     -7.66833e+00     -1.14333e+00      8.00000e+00    208s
   604     -7.65267e+00     -1.14333e+00      8.00000e+00    209s
   608     -7.89133e+00     -1.14333e+00      8.00000e+00    210s
   611     -7.95033e+00     -1.14333e+00      8.00000e+00    212s
   614     -7.37517e+00     -1.14333e+00      8.00000e+00    213s
   618     -8.42833e+00     -1.14333e+00      8.00000e+00    214s
   621     -8.04183e+00     -1.14333e+00      8.00000e+00    215s
   625     -7.74283e+00     -1.14333e+00      8.00000e+00    216s
   628     -7.60417e+00     -1.14333e+00      8.00000e+00    217s
   631     -8.37700e+00     -1.14333e+00      8.00000e+00    219s
   635     -8.07583e+00     -1.14333e+00      8.00000e+00    220s
   638     -7.56350e+00     -1.14333e+00      8.00000e+00    221s
   641     -8.32533e+00     -1.14333e+00      8.00000e+00    222s
   645     -8.44600e+00     -1.14333e+00      8.00000e+00    223s
   648     -8.30600e+00     -1.14333e+00      8.00000e+00    224s
   651     -7.77300e+00     -1.14333e+00      8.00000e+00    225s
   655     -7.56450e+00     -1.14333e+00      8.00000e+00    226s
   658     -7.78183e+00     -1.14333e+00      8.00000e+00    228s
   661     -7.77333e+00     -1.14333e+00      8.00000e+00    229s
   665     -7.98517e+00     -1.14333e+00      8.00000e+00    230s
   668     -8.29633e+00     -1.14333e+00      8.00000e+00    231s
   672     -8.10733e+00     -1.14333e+00      8.00000e+00    232s
   675     -7.71083e+00     -1.14333e+00      8.00000e+00    234s
   678     -7.74400e+00     -1.14333e+00      8.00000e+00    235s
   682     -7.74183e+00     -1.14333e+00      8.00000e+00    236s
   685     -8.17383e+00     -1.14333e+00      8.00000e+00    237s
   688     -7.58433e+00     -1.14333e+00      8.00000e+00    238s
   692     -8.10500e+00     -1.14333e+00      8.00000e+00    239s
   695     -8.46417e+00     -1.14333e+00      8.00000e+00    241s
   699     -7.87683e+00     -1.14333e+00      8.00000e+00    242s
   702     -7.58167e+00     -1.14333e+00      8.00000e+00    243s
   704     -7.83483e+00     -1.14333e+00      8.00000e+00    244s
   708     -7.79083e+00     -1.14333e+00      8.00000e+00    245s
   711     -8.10633e+00     -1.14333e+00      8.00000e+00    246s
   714     -7.68217e+00     -1.14333e+00      8.00000e+00    247s
   718     -7.94383e+00     -1.14333e+00      8.00000e+00    248s
   721     -8.60033e+00     -1.14333e+00      8.00000e+00    249s
   724     -7.74350e+00     -1.14333e+00      8.00000e+00    250s
   728     -7.27167e+00     -1.14333e+00      8.00000e+00    252s
   731     -7.57183e+00     -1.14333e+00      8.00000e+00    253s
   734     -8.26683e+00     -1.14333e+00      8.00000e+00    254s
   738     -7.64400e+00     -1.14333e+00      8.00000e+00    255s
   741     -7.72950e+00     -1.14333e+00      8.00000e+00    256s
   745     -8.01200e+00     -1.14333e+00      8.00000e+00    257s
   748     -7.83567e+00     -1.14333e+00      8.00000e+00    258s
   751     -7.74083e+00     -1.14333e+00      8.00000e+00    260s
   755     -7.91250e+00     -1.14333e+00      8.00000e+00    261s
   758     -7.74633e+00     -1.14333e+00      8.00000e+00    262s
   761     -7.74517e+00     -1.14333e+00      8.00000e+00    263s
   765     -8.03850e+00     -1.14333e+00      8.00000e+00    264s
   768     -7.87117e+00     -1.14333e+00      8.00000e+00    265s
   771     -8.02117e+00     -1.14333e+00      8.00000e+00    266s
   775     -7.78133e+00     -1.14333e+00      8.00000e+00    268s
   778     -7.35567e+00     -1.14333e+00      8.00000e+00    269s
   782     -7.90400e+00     -1.14333e+00      8.00000e+00    270s
   785     -7.69900e+00     -1.14333e+00      8.00000e+00    271s
   788     -7.96683e+00     -1.14333e+00      8.00000e+00    273s
   792     -7.79333e+00     -1.14333e+00      8.00000e+00    274s
   795     -8.06767e+00     -1.14333e+00      8.00000e+00    275s
   799     -8.15383e+00     -1.14333e+00      8.00000e+00    276s
   802     -7.68567e+00     -1.14333e+00      8.00000e+00    277s
   805     -8.24200e+00     -1.14333e+00      8.00000e+00    278s
   809     -7.75567e+00     -1.14333e+00      8.00000e+00    279s
   812     -7.96167e+00     -1.14333e+00      8.00000e+00    281s
   815     -8.03133e+00     -1.14333e+00      8.00000e+00    282s
   819     -8.11567e+00     -1.14333e+00      8.00000e+00    283s
   822     -7.59867e+00     -1.14333e+00      8.00000e+00    284s
   825     -7.83833e+00     -1.14333e+00      8.00000e+00    285s
   829     -8.11033e+00     -1.14333e+00      8.00000e+00    286s
   832     -7.92867e+00     -1.14333e+00      8.00000e+00    287s
   835     -7.46900e+00     -1.14333e+00      8.00000e+00    289s
   839     -8.10150e+00     -1.14333e+00      8.00000e+00    290s
   842     -7.77567e+00     -1.14333e+00      8.00000e+00    291s
   846     -7.77683e+00     -1.14333e+00      8.00000e+00    292s
   849     -8.05650e+00     -1.14333e+00      8.00000e+00    293s
   852     -8.01600e+00     -1.14333e+00      8.00000e+00    295s
   856     -7.83300e+00     -1.14333e+00      8.00000e+00    296s
   859     -7.73317e+00     -1.14333e+00      8.00000e+00    297s
   862     -8.03650e+00     -1.14333e+00      8.00000e+00    298s
   866     -7.95450e+00     -1.14333e+00      8.00000e+00    299s
   869     -7.89933e+00     -1.14333e+00      8.00000e+00    301s
   873     -7.62683e+00     -1.14333e+00      8.00000e+00    302s
   876     -7.87083e+00     -1.14333e+00      8.00000e+00    303s
   879     -7.77017e+00     -1.14333e+00      8.00000e+00    304s
   883     -7.82850e+00     -1.14333e+00      8.00000e+00    305s
   886     -8.04433e+00     -1.14333e+00      8.00000e+00    307s
   889     -7.76033e+00     -1.14333e+00      8.00000e+00    308s
   892     -8.22783e+00     -1.14333e+00      8.00000e+00    309s
   895     -7.44983e+00     -1.14333e+00      8.00000e+00    310s
   898     -7.87150e+00     -1.14333e+00      8.00000e+00    311s
   902     -8.11417e+00     -1.14333e+00      8.00000e+00    312s
   905     -7.75283e+00     -1.14333e+00      8.00000e+00    313s
   909     -7.82800e+00     -1.14333e+00      8.00000e+00    315s
   912     -8.01917e+00     -1.14333e+00      8.00000e+00    316s
   915     -7.69833e+00     -1.14333e+00      8.00000e+00    317s
   919     -7.43583e+00     -1.14333e+00      8.00000e+00    318s
   922     -7.83283e+00     -1.14333e+00      8.00000e+00    319s
   925     -7.98500e+00     -1.14333e+00      8.00000e+00    321s
   928     -8.01017e+00     -1.14333e+00      8.00000e+00    322s
   931     -7.56117e+00     -1.14333e+00      8.00000e+00    323s
   935     -7.91700e+00     -1.14333e+00      8.00000e+00    324s
   938     -7.73767e+00     -1.14333e+00      8.00000e+00    325s
   941     -7.48500e+00     -1.14333e+00      8.00000e+00    327s
   945     -7.72800e+00     -1.14333e+00      8.00000e+00    328s
   948     -7.73783e+00     -1.14333e+00      8.00000e+00    329s
   952     -7.92567e+00     -1.14333e+00      8.00000e+00    330s
   955     -7.60167e+00     -1.14333e+00      8.00000e+00    332s
   958     -7.31883e+00     -1.14333e+00      8.00000e+00    333s
   962     -7.69667e+00     -1.14333e+00      8.00000e+00    334s
   965     -7.30417e+00     -1.14333e+00      8.00000e+00    335s
   969     -7.03467e+00     -1.14333e+00      8.00000e+00    336s
   972     -7.81350e+00     -1.14333e+00      8.00000e+00    338s
   975     -8.06033e+00     -1.14333e+00      8.00000e+00    339s
   979     -7.20617e+00     -1.14333e+00      8.00000e+00    340s
   982     -7.44633e+00     -1.14333e+00      8.00000e+00    341s
   986     -7.42267e+00     -1.14333e+00      8.00000e+00    343s
   989     -7.91300e+00     -1.14333e+00      8.00000e+00    344s
   992     -7.42683e+00     -1.14333e+00      8.00000e+00    345s
   996     -7.62617e+00     -1.14333e+00      8.00000e+00    346s
   999     -7.87067e+00     -1.14333e+00      8.00000e+00    347s
  1002     -7.65833e+00     -1.14333e+00      8.00000e+00    349s
  1006     -7.18317e+00     -1.14333e+00      8.00000e+00    350s
  1009     -7.56483e+00     -1.14333e+00      8.00000e+00    351s
  1012     -7.46383e+00     -1.14333e+00      8.00000e+00    352s
  1016     -7.57350e+00     -1.14333e+00      8.00000e+00    353s
  1019     -7.09183e+00     -1.14333e+00      8.00000e+00    355s
  1023     -7.66967e+00     -1.14333e+00      8.00000e+00    356s
  1026     -8.11367e+00     -1.14333e+00      8.00000e+00    357s
  1029     -7.27867e+00     -1.14333e+00      8.00000e+00    358s
  1033     -7.33850e+00     -1.14333e+00      8.00000e+00    359s
  1036     -7.96333e+00     -1.14333e+00      8.00000e+00    360s
  1039     -7.44667e+00     -1.14333e+00      8.00000e+00    361s
  1043     -6.99667e+00     -1.14333e+00      8.00000e+00    363s
  1046     -7.30133e+00     -1.14333e+00      8.00000e+00    364s
  1049     -7.96667e+00     -1.14333e+00      8.00000e+00    365s
  1053     -7.27750e+00     -1.14333e+00      8.00000e+00    366s
  1056     -6.96417e+00     -1.14333e+00      8.00000e+00    367s
  1060     -7.92983e+00     -1.14333e+00      8.00000e+00    369s
  1063     -7.86033e+00     -1.14333e+00      8.00000e+00    370s
  1066     -7.36033e+00     -1.14333e+00      8.00000e+00    371s
  1070     -7.22367e+00     -1.14333e+00      8.00000e+00    372s
  1073     -8.06633e+00     -1.14333e+00      8.00000e+00    373s
  1076     -7.83033e+00     -1.14333e+00      8.00000e+00    374s
  1080     -6.96450e+00     -1.14333e+00      8.00000e+00    376s
  1083     -7.64167e+00     -1.14333e+00      8.00000e+00    377s
  1087     -7.69433e+00     -1.14333e+00      8.00000e+00    378s
  1090     -7.28000e+00     -1.14333e+00      8.00000e+00    379s
  1093     -7.07367e+00     -1.14333e+00      8.00000e+00    380s
  1097     -7.72200e+00     -1.14333e+00      8.00000e+00    382s
  1100     -7.93133e+00     -1.14333e+00      8.00000e+00    383s
  1103     -7.54933e+00     -1.14333e+00      8.00000e+00    384s
  1106     -7.00350e+00     -1.14333e+00      8.00000e+00    385s
  1109     -8.04333e+00     -1.14333e+00      8.00000e+00    386s
  1113     -7.58150e+00     -1.14333e+00      8.00000e+00    387s
  1116     -7.55533e+00     -1.14333e+00      8.00000e+00    388s
  1119     -7.11333e+00     -1.14333e+00      8.00000e+00    390s
  1123     -8.00000e+00     -1.14333e+00      8.00000e+00    391s
  1126     -7.80667e+00     -1.14333e+00      8.00000e+00    392s
  1129     -7.26250e+00     -1.14333e+00      8.00000e+00    393s
  1133     -7.60400e+00     -1.14333e+00      8.00000e+00    394s
  1136     -8.10133e+00     -1.14333e+00      8.00000e+00    396s
  1140     -7.64483e+00     -1.14333e+00      8.00000e+00    397s
  1143     -7.38417e+00     -1.14333e+00      8.00000e+00    398s
  1146     -7.53700e+00     -1.14333e+00      8.00000e+00    399s
  1150     -7.92783e+00     -1.14333e+00      8.00000e+00    401s
  1153     -7.59733e+00     -1.14333e+00      8.00000e+00    402s
  1157     -7.49567e+00     -1.14333e+00      8.00000e+00    403s
  1160     -7.12950e+00     -1.14333e+00      8.00000e+00    404s
  1163     -7.55550e+00     -1.14333e+00      8.00000e+00    405s
  1167     -7.78133e+00     -1.14333e+00      8.00000e+00    406s
  1170     -7.78867e+00     -1.14333e+00      8.00000e+00    407s
  1173     -7.72450e+00     -1.14333e+00      8.00000e+00    409s
  1177     -7.75583e+00     -1.14333e+00      8.00000e+00    410s
  1180     -7.28400e+00     -1.14333e+00      8.00000e+00    411s
  1184     -8.15867e+00     -1.14333e+00      8.00000e+00    412s
  1187     -7.92617e+00     -1.14333e+00      8.00000e+00    414s
  1189     -7.67467e+00     -1.14333e+00      8.00000e+00    415s
  1193     -7.53017e+00     -1.14333e+00      8.00000e+00    416s
  1196     -7.79100e+00     -1.14333e+00      8.00000e+00    417s
  1199     -7.91583e+00     -1.14333e+00      8.00000e+00    418s
  1203     -8.12617e+00     -1.14333e+00      8.00000e+00    420s
  1206     -7.74633e+00     -1.14333e+00      8.00000e+00    421s
  1210     -7.64300e+00     -1.14333e+00      8.00000e+00    422s
  1213     -7.76767e+00     -1.14333e+00      8.00000e+00    423s
  1216     -7.57250e+00     -1.14333e+00      8.00000e+00    424s
  1220     -7.59767e+00     -1.14333e+00      8.00000e+00    426s
  1223     -7.65117e+00     -1.14333e+00      8.00000e+00    427s
  1226     -7.79433e+00     -1.14333e+00      8.00000e+00    428s
  1229     -7.99667e+00     -1.14333e+00      8.00000e+00    429s
  1232     -7.71167e+00     -1.14333e+00      8.00000e+00    430s
  1236     -7.41200e+00     -1.14333e+00      8.00000e+00    431s
  1239     -7.76600e+00     -1.14333e+00      8.00000e+00    432s
  1242     -7.96017e+00     -1.14333e+00      8.00000e+00    434s
  1246     -7.76333e+00     -1.14333e+00      8.00000e+00    435s
  1249     -7.49800e+00     -1.14333e+00      8.00000e+00    436s
  1252     -7.84450e+00     -1.14333e+00      8.00000e+00    437s
  1256     -7.75917e+00     -1.14333e+00      8.00000e+00    438s
  1259     -7.65967e+00     -1.14333e+00      8.00000e+00    439s
  1262     -7.79500e+00     -1.14333e+00      8.00000e+00    441s
  1266     -7.93933e+00     -1.14333e+00      8.00000e+00    442s
  1269     -8.14500e+00     -1.14333e+00      8.00000e+00    443s
  1273     -7.92750e+00     -1.14333e+00      8.00000e+00    444s
  1276     -7.94150e+00     -1.14333e+00      8.00000e+00    445s
  1279     -7.76167e+00     -1.14333e+00      8.00000e+00    447s
  1283     -7.82533e+00     -1.14333e+00      8.00000e+00    448s
  1286     -7.89633e+00     -1.14333e+00      8.00000e+00    449s
  1289     -7.69633e+00     -1.14333e+00      8.00000e+00    450s
  1293     -7.87267e+00     -1.14333e+00      8.00000e+00    451s
  1296     -7.78767e+00     -1.14333e+00      8.00000e+00    453s
  1299     -7.89350e+00     -1.14333e+00      8.00000e+00    454s
  1303     -7.65850e+00     -1.14333e+00      8.00000e+00    455s
  1306     -8.24983e+00     -1.14333e+00      8.00000e+00    456s
  1310     -8.01267e+00     -1.14333e+00      8.00000e+00    457s
  1313     -7.38167e+00     -1.14333e+00      8.00000e+00    459s
  1316     -7.66650e+00     -1.14333e+00      8.00000e+00    460s
  1320     -7.91217e+00     -1.14333e+00      8.00000e+00    461s
  1322     -7.69417e+00     -1.14333e+00      8.00000e+00    462s
  1326     -7.51617e+00     -1.14333e+00      8.00000e+00    463s
  1329     -7.91150e+00     -1.14333e+00      8.00000e+00    465s
  1332     -8.12300e+00     -1.14333e+00      8.00000e+00    466s
  1336     -7.93833e+00     -1.14333e+00      8.00000e+00    467s
  1339     -7.76433e+00     -1.14333e+00      8.00000e+00    468s
  1342     -7.83067e+00     -1.14333e+00      8.00000e+00    469s
  1346     -7.61817e+00     -1.14333e+00      8.00000e+00    470s
  1349     -8.31433e+00     -1.14333e+00      8.00000e+00    472s
  1353     -7.80633e+00     -1.14333e+00      8.00000e+00    473s
  1356     -7.94150e+00     -1.14333e+00      8.00000e+00    474s
  1359     -7.88650e+00     -1.14333e+00      8.00000e+00    475s
  1363     -7.96383e+00     -1.14333e+00      8.00000e+00    477s
  1366     -7.71533e+00     -1.14333e+00      8.00000e+00    478s
  1370     -8.03533e+00     -1.14333e+00      8.00000e+00    479s
  1373     -7.85883e+00     -1.14333e+00      8.00000e+00    480s
  1376     -7.89983e+00     -1.14333e+00      8.00000e+00    482s
  1380     -7.72567e+00     -1.14333e+00      8.00000e+00    483s
  1383     -7.59367e+00     -1.14333e+00      8.00000e+00    484s
  1387     -7.53883e+00     -1.14333e+00      8.00000e+00    485s
  1390     -8.01450e+00     -1.14333e+00      8.00000e+00    486s
  1393     -7.72783e+00     -1.14333e+00      8.00000e+00    487s
  1397     -8.29067e+00     -1.14333e+00      8.00000e+00    489s
  1400     -8.10950e+00     -1.14333e+00      8.00000e+00    490s
  1403     -7.80967e+00     -1.14333e+00      8.00000e+00    491s
  1407     -7.85683e+00     -1.14333e+00      8.00000e+00    492s
  1410     -7.85483e+00     -1.14333e+00      8.00000e+00    493s
  1414     -7.63817e+00     -1.14333e+00      8.00000e+00    495s
  1417     -8.01983e+00     -1.14333e+00      8.00000e+00    496s
  1420     -7.79533e+00     -1.14333e+00      8.00000e+00    497s
  1424     -7.93750e+00     -1.14333e+00      8.00000e+00    498s
  1427     -7.82600e+00     -1.14333e+00      8.00000e+00    499s
  1430     -8.16717e+00     -1.14333e+00      8.00000e+00    500s
  1434     -7.81083e+00     -1.14333e+00      8.00000e+00    501s
  1437     -7.42133e+00     -1.14333e+00      8.00000e+00    503s
  1440     -7.91450e+00     -1.14333e+00      8.00000e+00    504s
  1444     -8.16567e+00     -1.14333e+00      8.00000e+00    505s
  1447     -7.81083e+00     -1.14333e+00      8.00000e+00    506s
  1451     -7.82483e+00     -1.14333e+00      8.00000e+00    507s
  1454     -8.18050e+00     -1.14333e+00      8.00000e+00    509s
  1457     -7.68750e+00     -1.14333e+00      8.00000e+00    510s
  1461     -7.83700e+00     -1.14333e+00      8.00000e+00    511s
  1464     -7.39717e+00     -1.14333e+00      8.00000e+00    512s
  1467     -7.64833e+00     -1.14333e+00      8.00000e+00    513s
  1471     -7.81917e+00     -1.14333e+00      8.00000e+00    515s
  1474     -7.87983e+00     -1.14333e+00      8.00000e+00    516s
  1477     -7.95433e+00     -1.14333e+00      8.00000e+00    517s
  1481     -7.34817e+00     -1.14333e+00      8.00000e+00    519s
  1484     -7.78950e+00     -1.14333e+00      8.00000e+00    520s
  1488     -7.91767e+00     -1.14333e+00      8.00000e+00    521s
  1491     -8.08117e+00     -1.14333e+00      8.00000e+00    522s
  1494     -7.84183e+00     -1.14333e+00      8.00000e+00    523s
  1498     -7.42300e+00     -1.14333e+00      8.00000e+00    525s
  1501     -7.76033e+00     -1.14333e+00      8.00000e+00    526s
  1504     -7.92300e+00     -1.14333e+00      8.00000e+00    527s
  1508     -7.82200e+00     -1.14333e+00      8.00000e+00    528s
  1511     -7.74950e+00     -1.14333e+00      8.00000e+00    529s
  1515     -7.88617e+00     -1.14333e+00      8.00000e+00    531s
  1518     -7.92050e+00     -1.14333e+00      8.00000e+00    532s
  1521     -7.59533e+00     -1.14333e+00      8.00000e+00    533s
  1525     -7.73867e+00     -1.14333e+00      8.00000e+00    534s
  1528     -7.65417e+00     -1.14333e+00      8.00000e+00    535s
  1531     -8.21017e+00     -1.14333e+00      8.00000e+00    536s
  1534     -8.32333e+00     -1.14333e+00      8.00000e+00    537s
  1537     -7.73583e+00     -1.14333e+00      8.00000e+00    538s
  1540     -8.02667e+00     -1.14333e+00      8.00000e+00    539s
  1543     -7.87717e+00     -1.14333e+00      8.00000e+00    541s
  1546     -8.17467e+00     -1.14333e+00      8.00000e+00    542s
  1550     -7.85217e+00     -1.14333e+00      8.00000e+00    543s
  1553     -7.61250e+00     -1.14333e+00      8.00000e+00    544s
  1556     -7.99150e+00     -1.14333e+00      8.00000e+00    546s
  1560     -7.93917e+00     -1.14333e+00      8.00000e+00    547s
  1563     -8.16367e+00     -1.14333e+00      8.00000e+00    548s
  1567     -8.21167e+00     -1.14333e+00      8.00000e+00    549s
  1570     -7.87583e+00     -1.14333e+00      8.00000e+00    551s
  1572     -8.03617e+00     -1.14333e+00      8.00000e+00    552s
  1576     -7.69733e+00     -1.14333e+00      8.00000e+00    553s
  1579     -7.97383e+00     -1.14333e+00      8.00000e+00    554s
  1582     -7.49533e+00     -1.14333e+00      8.00000e+00    555s
  1585     -7.69667e+00     -1.14333e+00      8.00000e+00    556s
  1588     -7.85733e+00     -1.14333e+00      8.00000e+00    558s
  1591     -8.20250e+00     -1.14333e+00      8.00000e+00    559s
  1595     -8.03850e+00     -1.14333e+00      8.00000e+00    560s
  1598     -7.74733e+00     -1.14333e+00      8.00000e+00    561s
  1602     -7.63183e+00     -1.14333e+00      8.00000e+00    563s
  1605     -7.58183e+00     -1.14333e+00      8.00000e+00    564s
  1608     -8.05383e+00     -1.14333e+00      8.00000e+00    565s
  1612     -7.88517e+00     -1.14333e+00      8.00000e+00    566s
  1615     -7.85950e+00     -1.14333e+00      8.00000e+00    567s
  1619     -7.64483e+00     -1.14333e+00      8.00000e+00    569s
  1622     -7.53583e+00     -1.14333e+00      8.00000e+00    570s
  1625     -7.55067e+00     -1.14333e+00      8.00000e+00    571s
  1628     -7.76000e+00     -1.14333e+00      8.00000e+00    572s
  1631     -7.41567e+00     -1.14333e+00      8.00000e+00    573s
  1635     -7.75017e+00     -1.14333e+00      8.00000e+00    575s
  1638     -7.81933e+00     -1.14333e+00      8.00000e+00    576s
  1641     -8.06400e+00     -1.14333e+00      8.00000e+00    577s
  1645     -8.02967e+00     -1.14333e+00      8.00000e+00    578s
  1648     -7.92633e+00     -1.14333e+00      8.00000e+00    579s
  1651     -8.05250e+00     -1.14333e+00      8.00000e+00    580s
  1654     -7.56183e+00     -1.14333e+00      8.00000e+00    581s
  1657     -7.78683e+00     -1.14333e+00      8.00000e+00    583s
  1661     -7.72567e+00     -1.14333e+00      8.00000e+00    584s
  1664     -7.99383e+00     -1.14333e+00      8.00000e+00    585s
  1667     -7.60050e+00     -1.14333e+00      8.00000e+00    586s
  1671     -7.90400e+00     -1.14333e+00      8.00000e+00    588s
  1674     -7.86033e+00     -1.14333e+00      8.00000e+00    589s
  1678     -7.94267e+00     -1.14333e+00      8.00000e+00    590s
  1681     -7.66533e+00     -1.14333e+00      8.00000e+00    591s
  1684     -7.79550e+00     -1.14333e+00      8.00000e+00    592s
  1688     -8.03667e+00     -1.14333e+00      8.00000e+00    594s
  1691     -7.78083e+00     -1.14333e+00      8.00000e+00    595s
  1695     -7.91350e+00     -1.14333e+00      8.00000e+00    596s
  1698     -7.80200e+00     -1.14333e+00      8.00000e+00    597s
  1701     -7.73517e+00     -1.14333e+00      8.00000e+00    598s
  1705     -8.07233e+00     -1.14333e+00      8.00000e+00    600s
  1708     -7.88017e+00     -1.14333e+00      8.00000e+00    601s
  1711     -7.86333e+00     -1.14333e+00      8.00000e+00    602s
  1715     -7.97383e+00     -1.14333e+00      8.00000e+00    603s
  1717     -8.08750e+00     -1.14333e+00      8.00000e+00    604s
  1720     -7.99333e+00     -1.14333e+00      8.00000e+00    605s
  1724     -7.92800e+00     -1.14333e+00      8.00000e+00    607s
  1727     -7.72067e+00     -1.14333e+00      8.00000e+00    608s
  1731     -7.63500e+00     -1.14333e+00      8.00000e+00    609s
  1734     -7.87583e+00     -1.14333e+00      8.00000e+00    611s
  1737     -7.95567e+00     -1.14333e+00      8.00000e+00    612s
  1741     -7.65667e+00     -1.14333e+00      8.00000e+00    613s
  1744     -8.00583e+00     -1.14333e+00      8.00000e+00    614s
  1747     -8.10367e+00     -1.14333e+00      8.00000e+00    615s
  1751     -8.04833e+00     -1.14333e+00      8.00000e+00    616s
  1754     -8.34267e+00     -1.14333e+00      8.00000e+00    618s
  1758     -7.84983e+00     -1.14333e+00      8.00000e+00    619s
  1760     -7.87050e+00     -1.14333e+00      8.00000e+00    620s
  1763     -7.97967e+00     -1.14333e+00      8.00000e+00    621s
  1767     -7.91517e+00     -1.14333e+00      8.00000e+00    622s
  1770     -7.53950e+00     -1.14333e+00      8.00000e+00    624s
  1774     -7.84300e+00     -1.14333e+00      8.00000e+00    625s
  1777     -8.03383e+00     -1.14333e+00      8.00000e+00    626s
  1780     -8.43417e+00     -1.14333e+00      8.00000e+00    627s
  1784     -8.07383e+00     -1.14333e+00      8.00000e+00    628s
  1787     -8.02800e+00     -1.14333e+00      8.00000e+00    630s
  1790     -8.06367e+00     -1.14333e+00      8.00000e+00    631s
  1793     -7.55917e+00     -1.14333e+00      8.00000e+00    632s
  1796     -7.66517e+00     -1.14333e+00      8.00000e+00    633s
  1800     -7.62783e+00     -1.14333e+00      8.00000e+00    634s
  1803     -8.23517e+00     -1.14333e+00      8.00000e+00    635s
  1806     -8.24300e+00     -1.14333e+00      8.00000e+00    637s
  1810     -8.45767e+00     -1.14333e+00      8.00000e+00    638s
  1813     -7.70350e+00     -1.14333e+00      8.00000e+00    639s
  1816     -7.66167e+00     -1.14333e+00      8.00000e+00    640s
  1820     -7.58467e+00     -1.14333e+00      8.00000e+00    641s
  1823     -7.87033e+00     -1.14333e+00      8.00000e+00    643s
  1827     -8.10900e+00     -1.14333e+00      8.00000e+00    644s
  1830     -8.13900e+00     -1.14333e+00      8.00000e+00    645s
  1833     -8.07767e+00     -1.14333e+00      8.00000e+00    646s
  1837     -7.76150e+00     -1.14333e+00      8.00000e+00    648s
  1840     -7.73717e+00     -1.14333e+00      8.00000e+00    649s
  1844     -8.12783e+00     -1.14333e+00      8.00000e+00    650s
  1847     -8.07350e+00     -1.14333e+00      8.00000e+00    651s
  1850     -7.64683e+00     -1.14333e+00      8.00000e+00    652s
  1854     -8.23217e+00     -1.14333e+00      8.00000e+00    654s
  1857     -8.42150e+00     -1.14333e+00      8.00000e+00    655s
  1860     -8.13600e+00     -1.14333e+00      8.00000e+00    656s
  1864     -7.79750e+00     -1.14333e+00      8.00000e+00    657s
  1867     -8.16117e+00     -1.14333e+00      8.00000e+00    659s
  1871     -7.98417e+00     -1.14333e+00      8.00000e+00    660s
  1874     -7.71500e+00     -1.14333e+00      8.00000e+00    661s
  1877     -7.75433e+00     -1.14333e+00      8.00000e+00    662s
  1881     -8.51600e+00     -1.14333e+00      8.00000e+00    664s
  1884     -8.14883e+00     -1.14333e+00      8.00000e+00    665s
  1887     -7.89800e+00     -1.14333e+00      8.00000e+00    666s
  1891     -7.61967e+00     -1.14333e+00      8.00000e+00    667s
  1894     -7.61150e+00     -1.14333e+00      8.00000e+00    668s
  1898     -8.13150e+00     -1.14333e+00      8.00000e+00    670s
  1901     -7.41067e+00     -1.14333e+00      8.00000e+00    671s
  1904     -7.81617e+00     -1.14333e+00      8.00000e+00    672s
  1908     -8.40017e+00     -1.14333e+00      8.00000e+00    673s
  1911     -7.80683e+00     -1.14333e+00      8.00000e+00    674s
  1914     -7.59300e+00     -1.14333e+00      8.00000e+00    675s
  1918     -7.88400e+00     -1.14333e+00      8.00000e+00    677s
  1921     -7.97100e+00     -1.14333e+00      8.00000e+00    678s
  1925     -7.94283e+00     -1.14333e+00      8.00000e+00    680s
  1928     -8.16650e+00     -1.14333e+00      8.00000e+00    681s
  1932     -8.44617e+00     -1.14333e+00      8.00000e+00    682s
  1935     -8.26883e+00     -1.14333e+00      8.00000e+00    683s
  1937     -7.79817e+00     -1.14333e+00      8.00000e+00    684s
  1941     -8.00250e+00     -1.14333e+00      8.00000e+00    686s
  1944     -8.49767e+00     -1.14333e+00      8.00000e+00    687s
  1947     -8.33400e+00     -1.14333e+00      8.00000e+00    688s
  1951     -7.89850e+00     -1.14333e+00      8.00000e+00    689s
  1954     -8.58550e+00     -1.14333e+00      8.00000e+00    691s
  1958     -8.90867e+00     -1.14333e+00      8.00000e+00    692s
  1961     -8.09283e+00     -1.14333e+00      8.00000e+00    693s
  1964     -7.58033e+00     -1.14333e+00      8.00000e+00    694s
  1968     -7.99700e+00     -1.14333e+00      8.00000e+00    695s
  1971     -8.66583e+00     -1.14333e+00      8.00000e+00    697s
  1974     -7.63800e+00     -1.14333e+00      8.00000e+00    698s
  1978     -7.96117e+00     -1.14333e+00      8.00000e+00    699s
  1981     -8.32100e+00     -1.14333e+00      8.00000e+00    700s
  1984     -8.12850e+00     -1.14333e+00      8.00000e+00    701s
  1987     -8.07933e+00     -1.14333e+00      8.00000e+00    702s
  1990     -7.51333e+00     -1.14333e+00      8.00000e+00    703s
  1994     -8.49950e+00     -1.14333e+00      8.00000e+00    704s
  1997     -8.54083e+00     -1.14333e+00      8.00000e+00    706s
  2001     -7.51633e+00     -1.14333e+00      8.00000e+00    707s
  2005     -8.56533e+00     -1.14333e+00      8.00000e+00    708s
  2008     -8.99183e+00     -1.14333e+00      8.00000e+00    710s
  2012     -7.70083e+00     -1.14333e+00      8.00000e+00    711s
  2015     -7.81950e+00     -1.14333e+00      8.00000e+00    712s
  2018     -8.54183e+00     -1.14333e+00      8.00000e+00    713s
  2022     -8.21183e+00     -1.14333e+00      8.00000e+00    714s
  2025     -7.61317e+00     -1.14333e+00      8.00000e+00    716s
  2028     -7.92317e+00     -1.14333e+00      8.00000e+00    717s
  2031     -8.79533e+00     -1.14333e+00      8.00000e+00    718s
  2034     -8.52517e+00     -1.14333e+00      8.00000e+00    719s
  2038     -7.47967e+00     -1.14333e+00      8.00000e+00    720s
  2041     -7.73600e+00     -1.14333e+00      8.00000e+00    721s
  2044     -8.62050e+00     -1.14333e+00      8.00000e+00    723s
  2048     -7.95483e+00     -1.14333e+00      8.00000e+00    724s
  2051     -7.68000e+00     -1.14333e+00      8.00000e+00    725s
  2055     -9.12700e+00     -1.14333e+00      8.00000e+00    727s
  2058     -9.61117e+00     -1.14333e+00      8.00000e+00    728s
  2061     -8.44683e+00     -1.14333e+00      8.00000e+00    729s
  2065     -7.62333e+00     -1.14333e+00      8.00000e+00    730s
  2068     -7.87667e+00     -1.14333e+00      8.00000e+00    731s
  2071     -8.60167e+00     -1.14333e+00      8.00000e+00    732s
  2075     -7.52400e+00     -1.14333e+00      8.00000e+00    734s
  2078     -8.37217e+00     -1.14333e+00      8.00000e+00    735s
  2082     -9.80750e+00     -1.14333e+00      8.00000e+00    736s
  2085     -8.78350e+00     -1.14333e+00      8.00000e+00    737s
  2088     -7.25917e+00     -1.14333e+00      8.00000e+00    738s
  2092     -8.27767e+00     -1.14333e+00      8.00000e+00    740s
  2095     -8.53933e+00     -1.14333e+00      8.00000e+00    741s
  2098     -7.71800e+00     -1.14333e+00      8.00000e+00    742s
  2102     -8.52283e+00     -1.14333e+00      8.00000e+00    743s
  2105     -1.03223e+01     -1.14333e+00      8.00000e+00    744s
  2108     -1.10845e+01     -1.14333e+00      8.00000e+00    745s
  2111     -8.63283e+00     -1.14333e+00      8.00000e+00    746s
  2114     -7.49633e+00     -1.14333e+00      8.00000e+00    748s
  2118     -8.69867e+00     -1.14333e+00      8.00000e+00    749s
  2121     -9.03867e+00     -1.14333e+00      8.00000e+00    750s
  2125     -8.29017e+00     -1.14333e+00      8.00000e+00    751s
  2128     -9.38650e+00     -1.14333e+00      8.00000e+00    752s
  2131     -1.09120e+01     -1.14333e+00      8.00000e+00    754s
  2135     -9.23917e+00     -1.14333e+00      8.00000e+00    755s
  2138     -7.27450e+00     -1.14333e+00      8.00000e+00    756s
  2141     -8.13600e+00     -1.14333e+00      8.00000e+00    757s
  2145     -9.28067e+00     -1.14333e+00      8.00000e+00    759s
  2148     -8.34283e+00     -1.14333e+00      8.00000e+00    760s
  2152     -8.68350e+00     -1.14333e+00      8.00000e+00    761s
  2155     -1.22678e+01     -1.14333e+00      8.00000e+00    762s
  2158     -1.23467e+01     -1.14333e+00      8.00000e+00    764s
  2162     -8.09350e+00     -1.14333e+00      8.00000e+00    765s
  2165     -8.15900e+00     -1.14333e+00      8.00000e+00    766s
  2169     -1.06862e+01     -1.14333e+00      8.00000e+00    767s
  2172     -8.87067e+00     -1.14333e+00      8.00000e+00    768s
  2175     -8.19900e+00     -1.14333e+00      8.00000e+00    769s
  2179     -1.19793e+01     -1.14333e+00      8.00000e+00    771s
  2182     -1.27348e+01     -1.14333e+00      8.00000e+00    772s
  2185     -9.28567e+00     -1.14333e+00      8.00000e+00    773s
  2188     -8.13150e+00     -1.14333e+00      8.00000e+00    774s
  2191     -9.24017e+00     -1.14333e+00      8.00000e+00    775s
  2194     -1.04178e+01     -1.14333e+00      8.00000e+00    776s
  2198     -8.05267e+00     -1.14333e+00      8.00000e+00    778s
  2201     -8.30283e+00     -1.14333e+00      8.00000e+00    779s
  2205     -1.44280e+01     -1.14333e+00      8.00000e+00    780s
  2208     -1.37308e+01     -1.14333e+00      8.00000e+00    781s
  2211     -9.13950e+00     -1.14333e+00      8.00000e+00    782s
  2215     -8.56683e+00     -1.14333e+00      8.00000e+00    784s
  2218     -1.09873e+01     -1.14333e+00      8.00000e+00    785s
  2221     -9.99867e+00     -1.14333e+00      8.00000e+00    786s
  2224     -7.60350e+00     -1.14333e+00      8.00000e+00    787s
  2227     -1.08268e+01     -1.14333e+00      8.00000e+00    788s
  2231     -1.52493e+01     -1.14333e+00      8.00000e+00    790s
  2234     -1.11593e+01     -1.14333e+00      8.00000e+00    791s
  2237     -7.57000e+00     -1.14333e+00      8.00000e+00    792s
  2241     -9.99083e+00     -1.14333e+00      8.00000e+00    793s
  2244     -1.07578e+01     -1.14333e+00      8.00000e+00    794s
  2247     -8.32517e+00     -1.14333e+00      8.00000e+00    795s
  2250     -7.89233e+00     -1.14333e+00      8.00000e+00    797s
  2253     -1.29487e+01     -1.14333e+00      8.00000e+00    798s
  2257     -1.49713e+01     -1.14333e+00      8.00000e+00    799s
  2260     -1.06388e+01     -1.14333e+00      8.00000e+00    800s
  2263     -7.71217e+00     -1.14333e+00      8.00000e+00    801s
  2267     -9.92650e+00     -1.14333e+00      8.00000e+00    803s
  2270     -9.48683e+00     -1.14333e+00      8.00000e+00    804s
  2273     -7.44033e+00     -1.14333e+00      8.00000e+00    805s
  2276     -9.73017e+00     -1.14333e+00      8.00000e+00    806s
  2279     -1.51588e+01     -1.14333e+00      8.00000e+00    807s
  2283     -1.30877e+01     -1.14333e+00      8.00000e+00    808s
  2286     -8.75850e+00     -1.14333e+00      8.00000e+00    809s
  2289     -8.30867e+00     -1.14333e+00      8.00000e+00    811s
  2293     -1.04855e+01     -1.14333e+00      8.00000e+00    812s
  2296     -8.02017e+00     -1.14333e+00      8.00000e+00    813s
  2299     -7.48400e+00     -1.14333e+00      8.00000e+00    814s
  2303     -1.23685e+01     -1.14333e+00      8.00000e+00    815s
  2306     -1.50253e+01     -1.14333e+00      8.00000e+00    816s
  2309     -1.17150e+01     -1.14333e+00      8.00000e+00    817s
  2313     -7.62850e+00     -1.14333e+00      8.00000e+00    819s
  2316     -8.34017e+00     -1.14333e+00      8.00000e+00    820s
  2320     -7.31117e+00     -1.14333e+00      8.00000e+00    821s
  2323     -6.66833e+00     -1.14333e+00      8.00000e+00    822s
  2326     -1.06178e+01     -1.14333e+00      8.00000e+00    824s
  2330     -1.50525e+01     -1.14333e+00      8.00000e+00    825s
  2333     -1.22738e+01     -1.14333e+00      8.00000e+00    826s
  2336     -8.25650e+00     -1.14333e+00      8.00000e+00    827s
  2339     -7.90517e+00     -1.14333e+00      8.00000e+00    828s
  2342     -8.31083e+00     -1.14333e+00      8.00000e+00    829s
  2346     -6.41500e+00     -1.14333e+00      8.00000e+00    831s
  2349     -7.99617e+00     -1.14333e+00      8.00000e+00    832s
  2352     -1.07295e+01     -1.14333e+00      8.00000e+00    833s
  2356     -1.33188e+01     -1.14333e+00      8.00000e+00    834s
  2359     -1.08908e+01     -1.14333e+00      8.00000e+00    835s
  2362     -7.77417e+00     -1.14333e+00      8.00000e+00    836s
  2366     -7.64050e+00     -1.14333e+00      8.00000e+00    838s
  2369     -6.44733e+00     -1.14333e+00      8.00000e+00    839s
  2372     -5.90483e+00     -1.14333e+00      8.00000e+00    840s
  2376     -9.86583e+00     -1.14333e+00      8.00000e+00    841s
  2379     -1.35880e+01     -1.14333e+00      8.00000e+00    842s
  2383     -1.13793e+01     -1.14333e+00      8.00000e+00    844s
  2386     -8.34483e+00     -1.14333e+00      8.00000e+00    845s
  2389     -7.79083e+00     -1.14333e+00      8.00000e+00    846s
  2393     -6.50750e+00     -1.14333e+00      8.00000e+00    847s
  2396     -5.84250e+00     -1.14333e+00      8.00000e+00    848s
  2399     -7.90433e+00     -1.14333e+00      8.00000e+00    850s
  2402     -9.59200e+00     -1.14333e+00      8.00000e+00    851s
  2405     -1.18685e+01     -1.14333e+00      8.00000e+00    852s
  2408     -1.11883e+01     -1.14333e+00      8.00000e+00    853s
  2412     -7.88767e+00     -1.14333e+00      8.00000e+00    854s
  2415     -7.59867e+00     -1.14333e+00      8.00000e+00    855s
  2419     -7.72133e+00     -1.14333e+00      8.00000e+00    857s
  2422     -7.01600e+00     -1.14333e+00      8.00000e+00    858s
  2425     -7.94900e+00     -1.14333e+00      8.00000e+00    859s
  2429     -1.15873e+01     -1.14333e+00      8.00000e+00    860s
  2432     -1.15735e+01     -1.14333e+00      8.00000e+00    862s
  2436     -8.14167e+00     -1.14333e+00      8.00000e+00    863s
  2439     -7.52133e+00     -1.14333e+00      8.00000e+00    864s
  2442     -7.73417e+00     -1.14333e+00      8.00000e+00    865s
  2446     -7.15083e+00     -1.14333e+00      8.00000e+00    867s
  2449     -7.91800e+00     -1.14333e+00      8.00000e+00    868s
  2452     -7.63367e+00     -1.14333e+00      8.00000e+00    869s
  2455     -9.54300e+00     -1.14333e+00      8.00000e+00    870s
  2458     -1.03938e+01     -1.14333e+00      8.00000e+00    871s
  2462     -7.79200e+00     -1.14333e+00      8.00000e+00    872s
  2465     -8.06267e+00     -1.14333e+00      8.00000e+00    874s
  2468     -1.01033e+01     -1.14333e+00      8.00000e+00    875s
  2472     -9.53900e+00     -1.14333e+00      8.00000e+00    876s
  2475     -7.80183e+00     -1.14333e+00      8.00000e+00    877s
  2478     -8.53367e+00     -1.14333e+00      8.00000e+00    878s
  2481     -1.00865e+01     -1.14333e+00      8.00000e+00    879s
  2484     -9.27650e+00     -1.14333e+00      8.00000e+00    881s
  2488     -7.61550e+00     -1.14333e+00      8.00000e+00    882s
  2491     -8.95767e+00     -1.14333e+00      8.00000e+00    883s
  2494     -1.11392e+01     -1.14333e+00      8.00000e+00    884s
  2498     -8.35333e+00     -1.14333e+00      8.00000e+00    886s

==================================================
Summary of results QAOA
--------------------------------------------------
Average of QAOA obj:          -1.14
STD of QAOA obj:              59.95

Gamma angles:                 0.26
Beta angles:                  0.38

Best QAOA obj:                8.00
Modified best QAOA obj:       8.00

QAOA total time:              885.99s
QAOA circuit depth:           16
==================================================

==================================================
Summary of results of 0-S7
--------------------------------------------------
Number of vertices:           7
Number of edges:              18

Vertex num in largest comp:   7
Edge num in largest comp:     18

Pre-processing running time:  0.00
Total solver time:            885.60
Running time:                 889.28

Upper bound:                  11.00
Objective value:              8.00

Partition 0:                  1, 4, 5             
Partition 1:                  2, 7                
Partition 2:                  3, 6                
==================================================
