==================================================
Instance parameters
--------------------------------------------------
Number of vertices:           7
Number of edges:              18
Number of partitions:         3

Density (%):                  86
Name of instance:             seed1_band_pen1.6
Is planar:                    False
==================================================

==================================================
Solver parameters
--------------------------------------------------
Method:                       R-QUBO
Peel:                         False
Decompose:                    False
Fold:                         False

QAOA Num Levels:              1
QAOA Scipy Optimizer:         brute
==================================================

  iter        avg-obj        best avg-obj       best-obj      time
     0     -1.12014e+01     -1.12014e+01      8.00000e+00      2s
     2     -1.03284e+01     -1.03284e+01      8.00000e+00      3s
     4     -1.15934e+01     -1.03284e+01      8.00000e+00      4s
     6     -1.09996e+01     -1.03284e+01      8.00000e+00      5s
     8     -1.08506e+01     -1.03284e+01      8.00000e+00      6s
    10     -1.05504e+01     -1.03284e+01      8.00000e+00      7s
    12     -1.09536e+01     -1.03284e+01      8.00000e+00      8s
    14     -1.06550e+01     -1.03284e+01      8.00000e+00     10s
    17     -1.11196e+01     -1.03284e+01      8.00000e+00     11s
    19     -1.07104e+01     -1.03284e+01      8.00000e+00     12s
    21     -1.04174e+01     -1.03284e+01      8.00000e+00     14s
    23     -1.08220e+01     -1.03284e+01      8.00000e+00     15s
    26     -1.05330e+01     -1.03284e+01      8.00000e+00     16s
    29     -1.09090e+01     -1.03284e+01      8.00000e+00     18s
    32     -1.03886e+01     -1.03284e+01      8.00000e+00     19s
    34     -1.06478e+01     -1.03284e+01      8.00000e+00     20s
    36     -1.00856e+01     -1.00856e+01      8.00000e+00     21s
    38     -1.06820e+01     -1.00856e+01      8.00000e+00     23s
    41     -1.09232e+01     -1.00856e+01      8.00000e+00     24s
    43     -1.04440e+01     -1.00856e+01      8.00000e+00     25s
    45     -1.09530e+01     -1.00856e+01      8.00000e+00     26s
    47     -1.07862e+01     -1.00856e+01      8.00000e+00     27s
    49     -1.11708e+01     -1.00856e+01      8.00000e+00     28s
    51     -5.45220e+00     -5.45220e+00      8.00000e+00     30s
    53      1.28460e+00      1.28460e+00      8.00000e+00     31s
    55     -2.58000e-02      1.52000e+00      8.00000e+00     32s
    58     -7.72540e+00      1.52000e+00      8.00000e+00     34s
    62     -9.94880e+00      1.52000e+00      8.00000e+00     35s
    64     -1.37906e+01      1.52000e+00      8.00000e+00     36s
    67     -2.47462e+01      1.52000e+00      8.00000e+00     37s
    70     -3.12600e+01      1.52000e+00      8.00000e+00     38s
    73     -2.06874e+01      1.52000e+00      8.00000e+00     39s
    75     -7.40860e+00      1.52000e+00      8.00000e+00     41s
    77      5.01400e-01      1.52000e+00      8.00000e+00     42s
    79      1.33640e+00      1.52000e+00      8.00000e+00     43s
    82     -6.24360e+00      1.52000e+00      8.00000e+00     45s
    85     -9.78400e+00      1.52000e+00      8.00000e+00     46s
    87     -1.10424e+01      1.52000e+00      8.00000e+00     48s
    89     -1.51412e+01      1.52000e+00      8.00000e+00     49s
    92     -2.76014e+01      1.52000e+00      8.00000e+00     50s
    95     -3.17672e+01      1.52000e+00      8.00000e+00     51s
    98     -1.68118e+01      1.52000e+00      8.00000e+00     53s
   100     -1.02668e+01      1.52000e+00      8.00000e+00     54s
   102     -5.04260e+00      1.52000e+00      8.00000e+00     55s
   105     -7.64620e+00      1.52000e+00      8.00000e+00     56s
   107     -1.03860e+01      1.52000e+00      8.00000e+00     57s
   110     -1.04570e+01      1.52000e+00      8.00000e+00     58s
   112     -1.03474e+01      1.52000e+00      8.00000e+00     60s
   114     -1.47324e+01      1.52000e+00      8.00000e+00     61s
   116     -2.29618e+01      1.52000e+00      8.00000e+00     62s
   119     -3.07282e+01      1.52000e+00      8.00000e+00     63s
   122     -2.30598e+01      1.52000e+00      8.00000e+00     65s
   124     -1.28206e+01      1.52000e+00      8.00000e+00     66s
   127     -5.10520e+00      1.52000e+00      8.00000e+00     67s
   131     -9.81600e+00      1.52000e+00      8.00000e+00     68s
   133     -1.16944e+01      1.52000e+00      8.00000e+00     69s
   135     -9.71880e+00      1.52000e+00      8.00000e+00     71s
   138     -1.31888e+01      1.52000e+00      8.00000e+00     72s
   140     -2.03312e+01      1.52000e+00      8.00000e+00     73s
   143     -3.01120e+01      1.52000e+00      8.00000e+00     74s
   146     -2.55420e+01      1.52000e+00      8.00000e+00     75s
   149     -1.04524e+01      1.52000e+00      8.00000e+00     77s
   151     -1.14366e+01      1.52000e+00      8.00000e+00     78s
   153     -1.65646e+01      1.52000e+00      8.00000e+00     79s
   156     -1.79076e+01      1.52000e+00      8.00000e+00     80s
   158     -1.44334e+01      1.52000e+00      8.00000e+00     82s
   161     -9.67640e+00      1.52000e+00      8.00000e+00     83s
   164     -1.35242e+01      1.52000e+00      8.00000e+00     84s
   166     -1.68832e+01      1.52000e+00      8.00000e+00     86s
   169     -1.53162e+01      1.52000e+00      8.00000e+00     87s
   171     -1.15674e+01      1.52000e+00      8.00000e+00     88s
   173     -9.89880e+00      1.52000e+00      8.00000e+00     89s
   175     -1.13192e+01      1.52000e+00      8.00000e+00     91s
   177     -1.50424e+01      1.52000e+00      8.00000e+00     92s
   180     -1.79370e+01      1.52000e+00      8.00000e+00     93s
   183     -1.34526e+01      1.52000e+00      8.00000e+00     94s
   186     -1.02764e+01      1.52000e+00      8.00000e+00     96s
   189     -1.46946e+01      1.52000e+00      8.00000e+00     97s
   192     -1.72100e+01      1.52000e+00      8.00000e+00     98s
   195     -1.30278e+01      1.52000e+00      8.00000e+00     99s
   197     -1.05508e+01      1.52000e+00      8.00000e+00    100s
   200     -1.02538e+01      1.52000e+00      8.00000e+00    102s
   203     -1.81788e+01      1.52000e+00      8.00000e+00    103s
   206     -1.85500e+01      1.52000e+00      8.00000e+00    104s
   208     -1.47870e+01      1.52000e+00      8.00000e+00    106s
   211     -1.08210e+01      1.52000e+00      8.00000e+00    107s
   213     -1.14806e+01      1.52000e+00      8.00000e+00    109s
   216     -1.31884e+01      1.52000e+00      8.00000e+00    110s
   220     -9.04400e+00      1.52000e+00      8.00000e+00    111s
   223     -8.18460e+00      1.52000e+00      8.00000e+00    112s
   226     -1.49230e+01      1.52000e+00      8.00000e+00    114s
   229     -1.97444e+01      1.52000e+00      8.00000e+00    115s
   233     -1.31176e+01      1.52000e+00      8.00000e+00    116s
   235     -1.07868e+01      1.52000e+00      8.00000e+00    118s
   237     -1.06388e+01      1.52000e+00      8.00000e+00    119s
   239     -1.34696e+01      1.52000e+00      8.00000e+00    120s
   242     -1.20254e+01      1.52000e+00      8.00000e+00    122s
   244     -9.73120e+00      1.52000e+00      8.00000e+00    123s
   246     -7.77400e+00      1.52000e+00      8.00000e+00    124s
   249     -1.04060e+01      1.52000e+00      8.00000e+00    125s
   252     -1.21022e+01      1.52000e+00      8.00000e+00    126s
   254     -1.39836e+01      1.52000e+00      8.00000e+00    128s
   256     -1.29944e+01      1.52000e+00      8.00000e+00    129s
   259     -1.15474e+01      1.52000e+00      8.00000e+00    130s
   261     -1.05992e+01      1.52000e+00      8.00000e+00    131s
   265     -1.21410e+01      1.52000e+00      8.00000e+00    133s
   268     -1.24934e+01      1.52000e+00      8.00000e+00    134s
   271     -1.11204e+01      1.52000e+00      8.00000e+00    136s
   273     -9.68400e+00      1.52000e+00      8.00000e+00    137s
   275     -1.07252e+01      1.52000e+00      8.00000e+00    139s
   277     -1.20744e+01      1.52000e+00      8.00000e+00    140s
   279     -1.31626e+01      1.52000e+00      8.00000e+00    141s
   282     -1.25076e+01      1.52000e+00      8.00000e+00    142s
   284     -1.08664e+01      1.52000e+00      8.00000e+00    144s
   286     -1.08126e+01      1.52000e+00      8.00000e+00    145s
   288     -1.11146e+01      1.52000e+00      8.00000e+00    146s
   290     -1.14686e+01      1.52000e+00      8.00000e+00    147s
   292     -1.25706e+01      1.52000e+00      8.00000e+00    148s
   298     -1.05136e+01      1.52000e+00      8.00000e+00    150s
   300     -1.12394e+01      1.52000e+00      8.00000e+00    151s
   302     -9.82520e+00      1.52000e+00      8.00000e+00    152s
   304     -1.04402e+01      1.52000e+00      8.00000e+00    153s
   306     -1.16350e+01      1.52000e+00      8.00000e+00    154s
   308     -1.13382e+01      1.52000e+00      8.00000e+00    155s
   310     -1.08980e+01      1.52000e+00      8.00000e+00    156s
   312     -1.09706e+01      1.52000e+00      8.00000e+00    158s
   315     -1.24396e+01      1.52000e+00      8.00000e+00    159s
   317     -1.32106e+01      1.52000e+00      8.00000e+00    160s
   319     -1.37950e+01      1.52000e+00      8.00000e+00    162s
   321     -1.27808e+01      1.52000e+00      8.00000e+00    163s
   324     -1.07998e+01      1.52000e+00      8.00000e+00    165s
   327     -1.04916e+01      1.52000e+00      8.00000e+00    166s
   330     -1.11260e+01      1.52000e+00      8.00000e+00    168s
   333     -1.14040e+01      1.52000e+00      8.00000e+00    169s
   335     -1.10308e+01      1.52000e+00      8.00000e+00    170s
   338     -1.10432e+01      1.52000e+00      8.00000e+00    171s
   341     -1.33228e+01      1.52000e+00      8.00000e+00    173s
   344     -1.36766e+01      1.52000e+00      8.00000e+00    174s
   346     -1.30064e+01      1.52000e+00      8.00000e+00    175s
   348     -1.15034e+01      1.52000e+00      8.00000e+00    176s
   350     -1.10238e+01      1.52000e+00      8.00000e+00    178s
   352     -1.02444e+01      1.52000e+00      8.00000e+00    179s
   354     -1.08960e+01      1.52000e+00      8.00000e+00    180s
   356     -1.13356e+01      1.52000e+00      8.00000e+00    181s
   359     -1.11730e+01      1.52000e+00      8.00000e+00    182s
   363     -1.09970e+01      1.52000e+00      8.00000e+00    183s
   365     -1.21684e+01      1.52000e+00      8.00000e+00    184s
   367     -1.26262e+01      1.52000e+00      8.00000e+00    186s
   369     -1.31356e+01      1.52000e+00      8.00000e+00    187s
   371     -1.30892e+01      1.52000e+00      8.00000e+00    188s
   374     -1.03712e+01      1.52000e+00      8.00000e+00    190s
   377     -1.07620e+01      1.52000e+00      8.00000e+00    191s
   380     -1.15174e+01      1.52000e+00      8.00000e+00    192s
   383     -1.12422e+01      1.52000e+00      8.00000e+00    194s
   385     -1.05430e+01      1.52000e+00      8.00000e+00    195s
   387     -1.08092e+01      1.52000e+00      8.00000e+00    196s
   389     -1.16334e+01      1.52000e+00      8.00000e+00    197s
   391     -1.30876e+01      1.52000e+00      8.00000e+00    199s
   394     -1.39378e+01      1.52000e+00      8.00000e+00    200s
   396     -1.28938e+01      1.52000e+00      8.00000e+00    201s
   398     -1.14174e+01      1.52000e+00      8.00000e+00    202s
   400     -1.11242e+01      1.52000e+00      8.00000e+00    203s
   402     -1.09680e+01      1.52000e+00      8.00000e+00    204s
   405     -1.12222e+01      1.52000e+00      8.00000e+00    206s
   407     -1.21314e+01      1.52000e+00      8.00000e+00    207s
   409     -1.09120e+01      1.52000e+00      8.00000e+00    208s
   412     -1.07364e+01      1.52000e+00      8.00000e+00    210s
   414     -1.07552e+01      1.52000e+00      8.00000e+00    211s
   417     -1.25702e+01      1.52000e+00      8.00000e+00    213s
   420     -1.20164e+01      1.52000e+00      8.00000e+00    214s
   422     -1.20308e+01      1.52000e+00      8.00000e+00    215s
   426     -1.05298e+01      1.52000e+00      8.00000e+00    217s
   429     -1.11828e+01      1.52000e+00      8.00000e+00    218s
   431     -1.11704e+01      1.52000e+00      8.00000e+00    219s
   433     -1.10268e+01      1.52000e+00      8.00000e+00    220s
   435     -1.08748e+01      1.52000e+00      8.00000e+00    221s
   437     -1.12012e+01      1.52000e+00      8.00000e+00    222s
   439     -1.15838e+01      1.52000e+00      8.00000e+00    223s
   441     -1.18574e+01      1.52000e+00      8.00000e+00    224s
   443     -1.16100e+01      1.52000e+00      8.00000e+00    226s
   445     -1.20566e+01      1.52000e+00      8.00000e+00    227s
   447     -1.09178e+01      1.52000e+00      8.00000e+00    228s
   450     -1.10598e+01      1.52000e+00      8.00000e+00    230s
   453     -1.09070e+01      1.52000e+00      8.00000e+00    231s
   457     -1.10028e+01      1.52000e+00      8.00000e+00    232s
   459     -1.13064e+01      1.52000e+00      8.00000e+00    233s
   461     -1.05232e+01      1.52000e+00      8.00000e+00    235s
   463     -1.09864e+01      1.52000e+00      8.00000e+00    236s
   466     -1.09596e+01      1.52000e+00      8.00000e+00    237s
   468     -1.13640e+01      1.52000e+00      8.00000e+00    238s
   471     -1.08290e+01      1.52000e+00      8.00000e+00    240s
   473     -1.13098e+01      1.52000e+00      8.00000e+00    241s
   475     -1.08980e+01      1.52000e+00      8.00000e+00    242s
   477     -1.10294e+01      1.52000e+00      8.00000e+00    243s
   480     -1.08164e+01      1.52000e+00      8.00000e+00    245s
   482     -1.08942e+01      1.52000e+00      8.00000e+00    246s
   484     -1.04104e+01      1.52000e+00      8.00000e+00    247s
   487     -1.09244e+01      1.52000e+00      8.00000e+00    249s
   489     -1.07108e+01      1.52000e+00      8.00000e+00    250s
   491     -1.16092e+01      1.52000e+00      8.00000e+00    251s
   494     -1.12086e+01      1.52000e+00      8.00000e+00    252s
   496     -1.08256e+01      1.52000e+00      8.00000e+00    253s
   498     -1.08896e+01      1.52000e+00      8.00000e+00    255s
   501     -1.06406e+01      1.52000e+00      8.00000e+00    256s
   503     -1.10752e+01      1.52000e+00      8.00000e+00    257s
   505     -1.13526e+01      1.52000e+00      8.00000e+00    259s
   507     -1.09438e+01      1.52000e+00      8.00000e+00    260s
   509     -1.09838e+01      1.52000e+00      8.00000e+00    261s
   511     -1.07300e+01      1.52000e+00      8.00000e+00    262s
   513     -1.11946e+01      1.52000e+00      8.00000e+00    263s
   516     -1.15042e+01      1.52000e+00      8.00000e+00    264s
   518     -1.06450e+01      1.52000e+00      8.00000e+00    265s
   520     -1.07560e+01      1.52000e+00      8.00000e+00    266s
   523     -1.07146e+01      1.52000e+00      8.00000e+00    268s
   525     -1.09394e+01      1.52000e+00      8.00000e+00    269s
   528     -1.12420e+01      1.52000e+00      8.00000e+00    270s
   530     -1.08444e+01      1.52000e+00      8.00000e+00    272s
   532     -1.10602e+01      1.52000e+00      8.00000e+00    273s
   534     -1.08462e+01      1.52000e+00      8.00000e+00    274s
   536     -1.10932e+01      1.52000e+00      8.00000e+00    275s
   539     -1.07028e+01      1.52000e+00      8.00000e+00    277s
   541     -1.05768e+01      1.52000e+00      8.00000e+00    278s
   543     -1.04056e+01      1.52000e+00      8.00000e+00    280s
   546     -1.10660e+01      1.52000e+00      8.00000e+00    281s
   548     -1.07408e+01      1.52000e+00      8.00000e+00    282s
   550     -1.14718e+01      1.52000e+00      8.00000e+00    283s
   552     -1.10890e+01      1.52000e+00      8.00000e+00    284s
   555     -1.13400e+01      1.52000e+00      8.00000e+00    285s
   557     -1.06164e+01      1.52000e+00      8.00000e+00    287s
   560     -1.08154e+01      1.52000e+00      8.00000e+00    288s
   563     -1.10436e+01      1.52000e+00      8.00000e+00    289s
   565     -1.09578e+01      1.52000e+00      8.00000e+00    290s
   567     -1.06120e+01      1.52000e+00      8.00000e+00    291s
   569     -1.14250e+01      1.52000e+00      8.00000e+00    293s
   572     -1.09362e+01      1.52000e+00      8.00000e+00    294s
   574     -1.03924e+01      1.52000e+00      8.00000e+00    295s
   577     -1.08516e+01      1.52000e+00      8.00000e+00    296s
   580     -1.07318e+01      1.52000e+00      8.00000e+00    298s
   582     -1.11832e+01      1.52000e+00      8.00000e+00    299s
   584     -1.07998e+01      1.52000e+00      8.00000e+00    300s
   587     -1.13236e+01      1.52000e+00      8.00000e+00    302s
   589     -1.06894e+01      1.52000e+00      8.00000e+00    303s
   591     -1.09998e+01      1.52000e+00      8.00000e+00    304s
   594     -1.07298e+01      1.52000e+00      8.00000e+00    306s
   596     -1.07990e+01      1.52000e+00      8.00000e+00    307s
   598     -1.05144e+01      1.52000e+00      8.00000e+00    308s
   600     -1.09140e+01      1.52000e+00      8.00000e+00    310s
   602     -1.11704e+01      1.52000e+00      8.00000e+00    311s
   604     -1.11714e+01      1.52000e+00      8.00000e+00    312s
   607     -1.04448e+01      1.52000e+00      8.00000e+00    314s
   610     -1.06052e+01      1.52000e+00      8.00000e+00    315s
   613     -1.10030e+01      1.52000e+00      8.00000e+00    317s
   615     -1.06686e+01      1.52000e+00      8.00000e+00    318s
   617     -1.14236e+01      1.52000e+00      8.00000e+00    320s
   620     -1.03410e+01      1.52000e+00      8.00000e+00    321s
   622     -1.10190e+01      1.52000e+00      8.00000e+00    323s
   624     -1.12706e+01      1.52000e+00      8.00000e+00    324s
   627     -1.13602e+01      1.52000e+00      8.00000e+00    325s
   631     -1.12148e+01      1.52000e+00      8.00000e+00    327s
   633     -1.08800e+01      1.52000e+00      8.00000e+00    328s
   635     -1.12358e+01      1.52000e+00      8.00000e+00    329s
   638     -1.07428e+01      1.52000e+00      8.00000e+00    330s
   641     -1.05666e+01      1.52000e+00      8.00000e+00    331s
   643     -1.00116e+01      1.52000e+00      8.00000e+00    333s
   645     -1.15484e+01      1.52000e+00      8.00000e+00    334s
   648     -1.06468e+01      1.52000e+00      8.00000e+00    335s
   650     -1.11058e+01      1.52000e+00      8.00000e+00    336s
   653     -1.11948e+01      1.52000e+00      8.00000e+00    338s
   655     -1.13288e+01      1.52000e+00      8.00000e+00    339s
   657     -1.09892e+01      1.52000e+00      8.00000e+00    340s
   659     -1.10788e+01      1.52000e+00      8.00000e+00    342s
   661     -1.04720e+01      1.52000e+00      8.00000e+00    344s
   664     -1.10638e+01      1.52000e+00      8.00000e+00    345s
   667     -1.05368e+01      1.52000e+00      8.00000e+00    346s
   671     -1.04692e+01      1.52000e+00      8.00000e+00    347s
   674     -1.03404e+01      1.52000e+00      8.00000e+00    349s
   676     -1.02448e+01      1.52000e+00      8.00000e+00    350s
   678     -1.11122e+01      1.52000e+00      8.00000e+00    351s
   680     -1.04450e+01      1.52000e+00      8.00000e+00    352s
   683     -1.05960e+01      1.52000e+00      8.00000e+00    354s
   685     -1.13500e+01      1.52000e+00      8.00000e+00    355s
   687     -1.12636e+01      1.52000e+00      8.00000e+00    357s
   689     -1.06600e+01      1.52000e+00      8.00000e+00    358s
   691     -1.10040e+01      1.52000e+00      8.00000e+00    360s
   693     -1.04790e+01      1.52000e+00      8.00000e+00    361s
   695     -1.12392e+01      1.52000e+00      8.00000e+00    362s
   698     -1.06240e+01      1.52000e+00      8.00000e+00    363s
   701     -1.03730e+01      1.52000e+00      8.00000e+00    365s
   703     -1.09820e+01      1.52000e+00      8.00000e+00    366s
   705     -1.00428e+01      1.52000e+00      8.00000e+00    367s
   708     -1.05276e+01      1.52000e+00      8.00000e+00    369s
   711     -1.07394e+01      1.52000e+00      8.00000e+00    370s
   713     -1.04958e+01      1.52000e+00      8.00000e+00    371s
   715     -1.06734e+01      1.52000e+00      8.00000e+00    373s
   717     -1.10170e+01      1.52000e+00      8.00000e+00    374s
   720     -1.05960e+01      1.52000e+00      8.00000e+00    375s
   722     -1.09930e+01      1.52000e+00      8.00000e+00    377s
   724     -1.12074e+01      1.52000e+00      8.00000e+00    378s
   726     -1.05328e+01      1.52000e+00      8.00000e+00    379s
   729     -1.05506e+01      1.52000e+00      8.00000e+00    380s
   731     -1.05358e+01      1.52000e+00      8.00000e+00    381s
   733     -1.09256e+01      1.52000e+00      8.00000e+00    383s
   736     -1.05924e+01      1.52000e+00      8.00000e+00    384s
   738     -1.05032e+01      1.52000e+00      8.00000e+00    385s
   741     -1.11546e+01      1.52000e+00      8.00000e+00    386s
   744     -1.08912e+01      1.52000e+00      8.00000e+00    387s
   746     -1.09576e+01      1.52000e+00      8.00000e+00    388s
   748     -1.06468e+01      1.52000e+00      8.00000e+00    390s
   751     -1.10034e+01      1.52000e+00      8.00000e+00    391s
   753     -1.09768e+01      1.52000e+00      8.00000e+00    393s
   755     -1.08114e+01      1.52000e+00      8.00000e+00    394s
   757     -1.12578e+01      1.52000e+00      8.00000e+00    395s
   760     -1.07570e+01      1.52000e+00      8.00000e+00    397s
   762     -1.06746e+01      1.52000e+00      8.00000e+00    398s
   764     -1.07714e+01      1.52000e+00      8.00000e+00    399s
   767     -1.17664e+01      1.52000e+00      8.00000e+00    400s
   770     -1.16814e+01      1.52000e+00      8.00000e+00    402s
   772     -1.07220e+01      1.52000e+00      8.00000e+00    403s
   774     -1.08158e+01      1.52000e+00      8.00000e+00    404s
   777     -1.12630e+01      1.52000e+00      8.00000e+00    405s
   779     -1.14452e+01      1.52000e+00      8.00000e+00    406s
   781     -1.08432e+01      1.52000e+00      8.00000e+00    408s
   783     -1.09830e+01      1.52000e+00      8.00000e+00    409s
   786     -1.11186e+01      1.52000e+00      8.00000e+00    410s
   788     -1.12652e+01      1.52000e+00      8.00000e+00    411s
   791     -1.11716e+01      1.52000e+00      8.00000e+00    413s
   794     -1.15134e+01      1.52000e+00      8.00000e+00    414s
   797     -1.10142e+01      1.52000e+00      8.00000e+00    416s
   799     -9.74600e+00      1.52000e+00      8.00000e+00    417s
   801     -1.12470e+01      1.52000e+00      8.00000e+00    418s
   804     -1.14532e+01      1.52000e+00      8.00000e+00    420s
   806     -1.21280e+01      1.52000e+00      8.00000e+00    421s
   808     -1.14900e+01      1.52000e+00      8.00000e+00    422s
   810     -1.07818e+01      1.52000e+00      8.00000e+00    423s
   812     -1.09220e+01      1.52000e+00      8.00000e+00    425s
   815     -1.17838e+01      1.52000e+00      8.00000e+00    426s
   819     -1.18662e+01      1.52000e+00      8.00000e+00    427s
   821     -1.17194e+01      1.52000e+00      8.00000e+00    429s
   823     -1.05098e+01      1.52000e+00      8.00000e+00    430s
   826     -1.15580e+01      1.52000e+00      8.00000e+00    431s
   828     -1.20454e+01      1.52000e+00      8.00000e+00    432s
   831     -1.16190e+01      1.52000e+00      8.00000e+00    434s
   834     -1.10570e+01      1.52000e+00      8.00000e+00    435s
   836     -1.06236e+01      1.52000e+00      8.00000e+00    437s
   838     -1.09366e+01      1.52000e+00      8.00000e+00    438s
   840     -1.12148e+01      1.52000e+00      8.00000e+00    439s
   842     -1.21040e+01      1.52000e+00      8.00000e+00    441s
   844     -1.19540e+01      1.52000e+00      8.00000e+00    442s
   846     -1.13992e+01      1.52000e+00      8.00000e+00    443s
   848     -1.09622e+01      1.52000e+00      8.00000e+00    444s
   850     -1.06108e+01      1.52000e+00      8.00000e+00    446s
   853     -1.02664e+01      1.52000e+00      8.00000e+00    447s
   855     -1.03726e+01      1.52000e+00      8.00000e+00    448s
   858     -1.06746e+01      1.52000e+00      8.00000e+00    450s
   860     -1.06534e+01      1.52000e+00      8.00000e+00    451s
   862     -1.08852e+01      1.52000e+00      8.00000e+00    452s
   864     -1.05448e+01      1.52000e+00      8.00000e+00    453s
   866     -1.06610e+01      1.52000e+00      8.00000e+00    454s
   868     -1.08130e+01      1.52000e+00      8.00000e+00    455s
   870     -1.02294e+01      1.52000e+00      8.00000e+00    457s
   872     -1.07084e+01      1.52000e+00      8.00000e+00    458s
   874     -1.14730e+01      1.52000e+00      8.00000e+00    459s
   876     -1.13564e+01      1.52000e+00      8.00000e+00    460s
   878     -1.02834e+01      1.52000e+00      8.00000e+00    461s
   881     -1.01812e+01      1.52000e+00      8.00000e+00    463s
   883     -1.05882e+01      1.52000e+00      8.00000e+00    464s
   885     -1.05390e+01      1.52000e+00      8.00000e+00    465s
   887     -1.07366e+01      1.52000e+00      8.00000e+00    466s
   890     -1.00928e+01      1.52000e+00      8.00000e+00    468s
   893     -9.98320e+00      1.52000e+00      8.00000e+00    469s
   895     -1.02326e+01      1.52000e+00      8.00000e+00    471s
   897     -1.08922e+01      1.52000e+00      8.00000e+00    472s
   899     -1.07456e+01      1.52000e+00      8.00000e+00    473s
   901     -1.05182e+01      1.52000e+00      8.00000e+00    474s
   903     -1.10414e+01      1.52000e+00      8.00000e+00    476s
   906     -9.94060e+00      1.52000e+00      8.00000e+00    477s
   908     -1.01842e+01      1.52000e+00      8.00000e+00    478s
   911     -1.07082e+01      1.52000e+00      8.00000e+00    479s
   913     -1.11148e+01      1.52000e+00      8.00000e+00    480s
   915     -1.01904e+01      1.52000e+00      8.00000e+00    482s
   917     -9.85080e+00      1.52000e+00      8.00000e+00    483s
   919     -9.64800e+00      1.52000e+00      8.00000e+00    484s
   922     -1.01968e+01      1.52000e+00      8.00000e+00    485s
   925     -1.07170e+01      1.52000e+00      8.00000e+00    487s
   928     -9.63900e+00      1.52000e+00      8.00000e+00    488s
   930     -9.66660e+00      1.52000e+00      8.00000e+00    489s
   933     -9.99580e+00      1.52000e+00      8.00000e+00    491s
   935     -1.01072e+01      1.52000e+00      8.00000e+00    492s
   937     -1.06674e+01      1.52000e+00      8.00000e+00    493s
   940     -1.01478e+01      1.52000e+00      8.00000e+00    495s
   942     -1.00084e+01      1.52000e+00      8.00000e+00    496s
   944     -1.03834e+01      1.52000e+00      8.00000e+00    497s
   946     -1.07012e+01      1.52000e+00      8.00000e+00    498s
   948     -1.08592e+01      1.52000e+00      8.00000e+00    499s
   950     -1.03096e+01      1.52000e+00      8.00000e+00    501s
   952     -1.11662e+01      1.52000e+00      8.00000e+00    502s
   954     -1.04746e+01      1.52000e+00      8.00000e+00    503s
   956     -1.12072e+01      1.52000e+00      8.00000e+00    504s
   958     -1.05768e+01      1.52000e+00      8.00000e+00    506s
   960     -1.09996e+01      1.52000e+00      8.00000e+00    507s
   962     -1.07988e+01      1.52000e+00      8.00000e+00    508s
   964     -1.03110e+01      1.52000e+00      8.00000e+00    509s
   966     -1.09022e+01      1.52000e+00      8.00000e+00    511s
   969     -1.07450e+01      1.52000e+00      8.00000e+00    512s
   972     -1.12554e+01      1.52000e+00      8.00000e+00    513s
   975     -1.04918e+01      1.52000e+00      8.00000e+00    514s
   978     -1.03614e+01      1.52000e+00      8.00000e+00    516s
   980     -1.06888e+01      1.52000e+00      8.00000e+00    517s
   982     -1.10940e+01      1.52000e+00      8.00000e+00    518s
   984     -1.13636e+01      1.52000e+00      8.00000e+00    519s
   986     -1.04806e+01      1.52000e+00      8.00000e+00    521s
   988     -1.11908e+01      1.52000e+00      8.00000e+00    522s
   990     -1.11994e+01      1.52000e+00      8.00000e+00    524s
   992     -1.06166e+01      1.52000e+00      8.00000e+00    526s
   994     -1.07942e+01      1.52000e+00      8.00000e+00    527s
   997     -1.08142e+01      1.52000e+00      8.00000e+00    528s
  1001     -1.09850e+01      1.52000e+00      8.00000e+00    529s
  1003     -1.04456e+01      1.52000e+00      8.00000e+00    530s
  1005     -1.11654e+01      1.52000e+00      8.00000e+00    532s
  1007     -1.09994e+01      1.52000e+00      8.00000e+00    533s
  1009     -1.04546e+01      1.52000e+00      8.00000e+00    534s
  1011     -1.15130e+01      1.52000e+00      8.00000e+00    535s
  1013     -1.07670e+01      1.52000e+00      8.00000e+00    537s
  1016     -1.04702e+01      1.52000e+00      8.00000e+00    538s
  1018     -1.07708e+01      1.52000e+00      8.00000e+00    540s
  1020     -1.12014e+01      1.52000e+00      8.00000e+00    541s
  1022     -1.09122e+01      1.52000e+00      8.00000e+00    542s
  1024     -1.07382e+01      1.52000e+00      8.00000e+00    543s
  1026     -1.07622e+01      1.52000e+00      8.00000e+00    544s
  1029     -1.06952e+01      1.52000e+00      8.00000e+00    546s
  1032     -1.13782e+01      1.52000e+00      8.00000e+00    547s
  1034     -1.10106e+01      1.52000e+00      8.00000e+00    549s
  1036     -1.10472e+01      1.52000e+00      8.00000e+00    550s
  1039     -1.11720e+01      1.52000e+00      8.00000e+00    551s
  1041     -1.10030e+01      1.52000e+00      8.00000e+00    552s
  1043     -1.05544e+01      1.52000e+00      8.00000e+00    553s
  1045     -1.08902e+01      1.52000e+00      8.00000e+00    555s
  1047     -1.07820e+01      1.52000e+00      8.00000e+00    556s
  1050     -1.11554e+01      1.52000e+00      8.00000e+00    557s
  1052     -1.06802e+01      1.52000e+00      8.00000e+00    559s
  1054     -1.07578e+01      1.52000e+00      8.00000e+00    560s
  1057     -1.07098e+01      1.52000e+00      8.00000e+00    561s
  1059     -1.10866e+01      1.52000e+00      8.00000e+00    563s
  1061     -1.03064e+01      1.52000e+00      8.00000e+00    564s
  1063     -1.06274e+01      1.52000e+00      8.00000e+00    565s
  1066     -1.11264e+01      1.52000e+00      8.00000e+00    566s
  1068     -1.00842e+01      1.52000e+00      8.00000e+00    567s
  1070     -1.01538e+01      1.52000e+00      8.00000e+00    568s
  1073     -1.05630e+01      1.52000e+00      8.00000e+00    570s
  1076     -1.07814e+01      1.52000e+00      8.00000e+00    571s
  1078     -1.08482e+01      1.52000e+00      8.00000e+00    573s
  1080     -1.10100e+01      1.52000e+00      8.00000e+00    574s
  1083     -1.03624e+01      1.52000e+00      8.00000e+00    576s
  1086     -1.08598e+01      1.52000e+00      8.00000e+00    577s
  1088     -1.06548e+01      1.52000e+00      8.00000e+00    578s
  1091     -1.08720e+01      1.52000e+00      8.00000e+00    580s
  1093     -9.93140e+00      1.52000e+00      8.00000e+00    581s
  1095     -1.08018e+01      1.52000e+00      8.00000e+00    582s
  1097     -1.06118e+01      1.52000e+00      8.00000e+00    583s
  1100     -1.09136e+01      1.52000e+00      8.00000e+00    585s
  1102     -1.13022e+01      1.52000e+00      8.00000e+00    586s
  1104     -1.02030e+01      1.52000e+00      8.00000e+00    587s
  1106     -1.08214e+01      1.52000e+00      8.00000e+00    589s
  1108     -1.04122e+01      1.52000e+00      8.00000e+00    590s
  1110     -1.02190e+01      1.52000e+00      8.00000e+00    591s
  1113     -1.07226e+01      1.52000e+00      8.00000e+00    593s
  1116     -1.08722e+01      1.52000e+00      8.00000e+00    594s
  1119     -1.05198e+01      1.52000e+00      8.00000e+00    596s
  1121     -1.05114e+01      1.52000e+00      8.00000e+00    597s
  1123     -1.09110e+01      1.52000e+00      8.00000e+00    599s
  1126     -1.08650e+01      1.52000e+00      8.00000e+00    600s
  1128     -1.08064e+01      1.52000e+00      8.00000e+00    601s
  1130     -1.02690e+01      1.52000e+00      8.00000e+00    603s
  1131     -1.05438e+01      1.52000e+00      8.00000e+00    604s
  1133     -1.09092e+01      1.52000e+00      8.00000e+00    605s
  1136     -1.06232e+01      1.52000e+00      8.00000e+00    606s
  1139     -1.03718e+01      1.52000e+00      8.00000e+00    608s
  1142     -1.02748e+01      1.52000e+00      8.00000e+00    609s
  1145     -1.07168e+01      1.52000e+00      8.00000e+00    610s
  1147     -1.07678e+01      1.52000e+00      8.00000e+00    611s
  1149     -1.06926e+01      1.52000e+00      8.00000e+00    613s
  1151     -1.05538e+01      1.52000e+00      8.00000e+00    614s
  1153     -1.06916e+01      1.52000e+00      8.00000e+00    615s
  1155     -1.07974e+01      1.52000e+00      8.00000e+00    616s
  1157     -1.08246e+01      1.52000e+00      8.00000e+00    617s
  1159     -1.10122e+01      1.52000e+00      8.00000e+00    619s
  1161     -1.05616e+01      1.52000e+00      8.00000e+00    620s
  1163     -1.08160e+01      1.52000e+00      8.00000e+00    621s
  1165     -1.07706e+01      1.52000e+00      8.00000e+00    622s
  1167     -1.07302e+01      1.52000e+00      8.00000e+00    624s
  1169     -1.04130e+01      1.52000e+00      8.00000e+00    625s
  1173     -1.04272e+01      1.52000e+00      8.00000e+00    626s
  1175     -1.04300e+01      1.52000e+00      8.00000e+00    627s
  1177     -1.06908e+01      1.52000e+00      8.00000e+00    628s
  1180     -1.06836e+01      1.52000e+00      8.00000e+00    630s
  1182     -1.07866e+01      1.52000e+00      8.00000e+00    631s
  1185     -1.09822e+01      1.52000e+00      8.00000e+00    633s
  1187     -1.08570e+01      1.52000e+00      8.00000e+00    634s
  1189     -1.08242e+01      1.52000e+00      8.00000e+00    635s
  1191     -1.12774e+01      1.52000e+00      8.00000e+00    636s
  1193     -1.08656e+01      1.52000e+00      8.00000e+00    638s
  1195     -1.06252e+01      1.52000e+00      8.00000e+00    639s
  1197     -1.07176e+01      1.52000e+00      8.00000e+00    641s
  1200     -1.11308e+01      1.52000e+00      8.00000e+00    642s
  1202     -1.05660e+01      1.52000e+00      8.00000e+00    643s
  1204     -1.07506e+01      1.52000e+00      8.00000e+00    644s
  1207     -1.09766e+01      1.52000e+00      8.00000e+00    645s
  1209     -1.08228e+01      1.52000e+00      8.00000e+00    647s
  1211     -1.08962e+01      1.52000e+00      8.00000e+00    648s
  1213     -1.05662e+01      1.52000e+00      8.00000e+00    649s
  1215     -1.12178e+01      1.52000e+00      8.00000e+00    650s
  1217     -1.10302e+01      1.52000e+00      8.00000e+00    651s
  1220     -1.00446e+01      1.52000e+00      8.00000e+00    652s
  1222     -1.09764e+01      1.52000e+00      8.00000e+00    654s
  1224     -1.07464e+01      1.52000e+00      8.00000e+00    655s
  1226     -1.13010e+01      1.52000e+00      8.00000e+00    656s
  1229     -1.07750e+01      1.52000e+00      8.00000e+00    658s
  1232     -1.09100e+01      1.52000e+00      8.00000e+00    660s
  1234     -1.13664e+01      1.52000e+00      8.00000e+00    661s
  1236     -1.10666e+01      1.52000e+00      8.00000e+00    662s
  1238     -1.17658e+01      1.52000e+00      8.00000e+00    664s
  1240     -1.03222e+01      1.52000e+00      8.00000e+00    665s
  1243     -1.10278e+01      1.52000e+00      8.00000e+00    666s
  1246     -1.06326e+01      1.52000e+00      8.00000e+00    668s
  1248     -1.07590e+01      1.52000e+00      8.00000e+00    669s
  1250     -1.12326e+01      1.52000e+00      8.00000e+00    670s
  1252     -1.09182e+01      1.52000e+00      8.00000e+00    671s
  1254     -1.06502e+01      1.52000e+00      8.00000e+00    672s
  1256     -1.11094e+01      1.52000e+00      8.00000e+00    673s
  1259     -1.06814e+01      1.52000e+00      8.00000e+00    675s
  1261     -1.06056e+01      1.52000e+00      8.00000e+00    676s
  1264     -1.07852e+01      1.52000e+00      8.00000e+00    677s
  1266     -1.07964e+01      1.52000e+00      8.00000e+00    678s
  1268     -1.10788e+01      1.52000e+00      8.00000e+00    680s
  1271     -1.10756e+01      1.52000e+00      8.00000e+00    682s
  1273     -1.16368e+01      1.52000e+00      8.00000e+00    683s
  1275     -1.04086e+01      1.52000e+00      8.00000e+00    685s
  1277     -1.04844e+01      1.52000e+00      8.00000e+00    686s
  1280     -1.05694e+01      1.52000e+00      8.00000e+00    687s
  1282     -1.02090e+01      1.52000e+00      8.00000e+00    688s
  1284     -1.07052e+01      1.52000e+00      8.00000e+00    689s
  1287     -1.15322e+01      1.52000e+00      8.00000e+00    691s
  1290     -1.06064e+01      1.52000e+00      8.00000e+00    692s
  1292     -1.07782e+01      1.52000e+00      8.00000e+00    693s
  1294     -1.06420e+01      1.52000e+00      8.00000e+00    695s
  1296     -1.06032e+01      1.52000e+00      8.00000e+00    696s
  1298     -1.07814e+01      1.52000e+00      8.00000e+00    697s
  1300     -1.04386e+01      1.52000e+00      8.00000e+00    698s
  1302     -1.12760e+01      1.52000e+00      8.00000e+00    699s
  1304     -1.06298e+01      1.52000e+00      8.00000e+00    701s
  1307     -1.14080e+01      1.52000e+00      8.00000e+00    702s
  1309     -1.08646e+01      1.52000e+00      8.00000e+00    703s
  1311     -1.14352e+01      1.52000e+00      8.00000e+00    705s
  1314     -1.09968e+01      1.52000e+00      8.00000e+00    706s
  1317     -1.09548e+01      1.52000e+00      8.00000e+00    707s
  1319     -1.10956e+01      1.52000e+00      8.00000e+00    708s
  1321     -1.03186e+01      1.52000e+00      8.00000e+00    709s
  1323     -1.08342e+01      1.52000e+00      8.00000e+00    710s
  1325     -1.09388e+01      1.52000e+00      8.00000e+00    712s
  1327     -1.04914e+01      1.52000e+00      8.00000e+00    713s
  1329     -1.08430e+01      1.52000e+00      8.00000e+00    714s
  1331     -1.08762e+01      1.52000e+00      8.00000e+00    716s
  1333     -1.05670e+01      1.52000e+00      8.00000e+00    717s
  1335     -1.08660e+01      1.52000e+00      8.00000e+00    718s
  1337     -1.09868e+01      1.52000e+00      8.00000e+00    719s
  1339     -1.04054e+01      1.52000e+00      8.00000e+00    721s
  1341     -1.06204e+01      1.52000e+00      8.00000e+00    722s
  1343     -1.03828e+01      1.52000e+00      8.00000e+00    723s
  1346     -1.11948e+01      1.52000e+00      8.00000e+00    725s
  1349     -1.12688e+01      1.52000e+00      8.00000e+00    726s
  1351     -1.14224e+01      1.52000e+00      8.00000e+00    727s
  1353     -1.01628e+01      1.52000e+00      8.00000e+00    729s
  1355     -1.08012e+01      1.52000e+00      8.00000e+00    730s
  1357     -1.11070e+01      1.52000e+00      8.00000e+00    731s
  1359     -1.07218e+01      1.52000e+00      8.00000e+00    732s
  1361     -1.09284e+01      1.52000e+00      8.00000e+00    734s
  1363     -1.07682e+01      1.52000e+00      8.00000e+00    736s
  1365     -1.13140e+01      1.52000e+00      8.00000e+00    737s
  1367     -1.13494e+01      1.52000e+00      8.00000e+00    739s
  1370     -1.17166e+01      1.52000e+00      8.00000e+00    740s
  1373     -1.08854e+01      1.52000e+00      8.00000e+00    742s
  1375     -1.12314e+01      1.52000e+00      8.00000e+00    743s
  1377     -1.17262e+01      1.52000e+00      8.00000e+00    745s
  1380     -1.08342e+01      1.52000e+00      8.00000e+00    746s
  1382     -1.13126e+01      1.52000e+00      8.00000e+00    747s
  1384     -1.02748e+01      1.52000e+00      8.00000e+00    748s
  1386     -1.07098e+01      1.52000e+00      8.00000e+00    750s
  1389     -1.08930e+01      1.52000e+00      8.00000e+00    751s
  1391     -1.12678e+01      1.52000e+00      8.00000e+00    752s
  1393     -1.03422e+01      1.52000e+00      8.00000e+00    753s
  1395     -1.16216e+01      1.52000e+00      8.00000e+00    755s
  1397     -1.09092e+01      1.52000e+00      8.00000e+00    756s
  1400     -1.06468e+01      1.52000e+00      8.00000e+00    757s
  1402     -1.09388e+01      1.52000e+00      8.00000e+00    758s
  1404     -1.13688e+01      1.52000e+00      8.00000e+00    760s
  1406     -1.08678e+01      1.52000e+00      8.00000e+00    761s
  1408     -1.09096e+01      1.52000e+00      8.00000e+00    762s
  1410     -1.09562e+01      1.52000e+00      8.00000e+00    764s
  1412     -1.07250e+01      1.52000e+00      8.00000e+00    766s
  1414     -1.08788e+01      1.52000e+00      8.00000e+00    767s
  1417     -1.08742e+01      1.52000e+00      8.00000e+00    768s
  1420     -1.08060e+01      1.52000e+00      8.00000e+00    769s
  1422     -1.07348e+01      1.52000e+00      8.00000e+00    771s
  1424     -1.10876e+01      1.52000e+00      8.00000e+00    772s
  1426     -1.05582e+01      1.52000e+00      8.00000e+00    773s
  1429     -1.07360e+01      1.52000e+00      8.00000e+00    775s
  1432     -1.11796e+01      1.52000e+00      8.00000e+00    776s
  1434     -1.10040e+01      1.52000e+00      8.00000e+00    778s
  1436     -1.07366e+01      1.52000e+00      8.00000e+00    779s
  1438     -1.10102e+01      1.52000e+00      8.00000e+00    780s
  1440     -1.04844e+01      1.52000e+00      8.00000e+00    781s
  1442     -1.06002e+01      1.52000e+00      8.00000e+00    783s
  1444     -1.04132e+01      1.52000e+00      8.00000e+00    784s
  1446     -1.07082e+01      1.52000e+00      8.00000e+00    785s
  1448     -1.07570e+01      1.52000e+00      8.00000e+00    786s
  1451     -1.09018e+01      1.52000e+00      8.00000e+00    788s
  1453     -1.11022e+01      1.52000e+00      8.00000e+00    789s
  1456     -1.10924e+01      1.52000e+00      8.00000e+00    790s
  1459     -1.01538e+01      1.52000e+00      8.00000e+00    791s
  1461     -1.13610e+01      1.52000e+00      8.00000e+00    792s
  1463     -1.06312e+01      1.52000e+00      8.00000e+00    793s
  1466     -1.07632e+01      1.52000e+00      8.00000e+00    795s
  1468     -1.06932e+01      1.52000e+00      8.00000e+00    796s
  1470     -1.02794e+01      1.52000e+00      8.00000e+00    797s
  1472     -1.06066e+01      1.52000e+00      8.00000e+00    799s
  1474     -1.10486e+01      1.52000e+00      8.00000e+00    800s
  1476     -1.00888e+01      1.52000e+00      8.00000e+00    801s
  1478     -1.09054e+01      1.52000e+00      8.00000e+00    802s
  1480     -1.10034e+01      1.52000e+00      8.00000e+00    804s
  1482     -1.04254e+01      1.52000e+00      8.00000e+00    805s
  1485     -1.10014e+01      1.52000e+00      8.00000e+00    806s
  1489     -1.10360e+01      1.52000e+00      8.00000e+00    807s
  1491     -1.05462e+01      1.52000e+00      8.00000e+00    808s
  1493     -1.07828e+01      1.52000e+00      8.00000e+00    810s
  1495     -1.06810e+01      1.52000e+00      8.00000e+00    811s
  1497     -1.06108e+01      1.52000e+00      8.00000e+00    812s
  1499     -1.12262e+01      1.52000e+00      8.00000e+00    813s
  1501     -1.13632e+01      1.52000e+00      8.00000e+00    815s
  1503     -1.04042e+01      1.52000e+00      8.00000e+00    816s
  1505     -1.09506e+01      1.52000e+00      8.00000e+00    818s
  1508     -1.13514e+01      1.52000e+00      8.00000e+00    819s
  1510     -1.08720e+01      1.52000e+00      8.00000e+00    820s
  1512     -1.08388e+01      1.52000e+00      8.00000e+00    821s
  1514     -1.17552e+01      1.52000e+00      8.00000e+00    822s
  1517     -1.05980e+01      1.52000e+00      8.00000e+00    824s
  1519     -1.08872e+01      1.52000e+00      8.00000e+00    825s
  1522     -1.14508e+01      1.52000e+00      8.00000e+00    826s
  1524     -1.07076e+01      1.52000e+00      8.00000e+00    827s
  1527     -1.04936e+01      1.52000e+00      8.00000e+00    829s
  1529     -1.09394e+01      1.52000e+00      8.00000e+00    830s
  1531     -1.08588e+01      1.52000e+00      8.00000e+00    832s
  1533     -1.09320e+01      1.52000e+00      8.00000e+00    833s
  1535     -1.11516e+01      1.52000e+00      8.00000e+00    835s
  1537     -1.06692e+01      1.52000e+00      8.00000e+00    836s
  1539     -1.08538e+01      1.52000e+00      8.00000e+00    838s
  1542     -1.09788e+01      1.52000e+00      8.00000e+00    839s
  1544     -1.05810e+01      1.52000e+00      8.00000e+00    840s
  1546     -1.10942e+01      1.52000e+00      8.00000e+00    842s
  1548     -1.10316e+01      1.52000e+00      8.00000e+00    843s
  1550     -1.10402e+01      1.52000e+00      8.00000e+00    844s
  1552     -1.07218e+01      1.52000e+00      8.00000e+00    845s
  1555     -1.00920e+01      1.52000e+00      8.00000e+00    847s
  1557     -1.05994e+01      1.52000e+00      8.00000e+00    848s
  1560     -1.07090e+01      1.52000e+00      8.00000e+00    849s
  1562     -1.08316e+01      1.52000e+00      8.00000e+00    850s
  1564     -1.08072e+01      1.52000e+00      8.00000e+00    852s
  1566     -1.04062e+01      1.52000e+00      8.00000e+00    853s
  1568     -1.03038e+01      1.52000e+00      8.00000e+00    854s
  1571     -1.06786e+01      1.52000e+00      8.00000e+00    855s
  1573     -1.12446e+01      1.52000e+00      8.00000e+00    856s
  1575     -1.03724e+01      1.52000e+00      8.00000e+00    857s
  1577     -1.07278e+01      1.52000e+00      8.00000e+00    858s
  1580     -1.01868e+01      1.52000e+00      8.00000e+00    860s
  1583     -1.05126e+01      1.52000e+00      8.00000e+00    861s
  1585     -1.09710e+01      1.52000e+00      8.00000e+00    863s
  1587     -1.06068e+01      1.52000e+00      8.00000e+00    864s
  1590     -1.08172e+01      1.52000e+00      8.00000e+00    865s
  1592     -1.10612e+01      1.52000e+00      8.00000e+00    867s
  1594     -1.04444e+01      1.52000e+00      8.00000e+00    868s
  1597     -1.03568e+01      1.52000e+00      8.00000e+00    870s
  1600     -1.11254e+01      1.52000e+00      8.00000e+00    871s
  1602     -1.08438e+01      1.52000e+00      8.00000e+00    873s
  1604     -9.57500e+00      1.52000e+00      8.00000e+00    874s
  1606     -8.66940e+00      1.52000e+00      8.00000e+00    875s
  1609     -9.52040e+00      1.52000e+00      8.00000e+00    877s
  1611     -1.05054e+01      1.52000e+00      8.00000e+00    879s
  1613     -1.06760e+01      1.52000e+00      8.00000e+00    880s
  1615     -1.00356e+01      1.52000e+00      8.00000e+00    882s
  1617     -9.20080e+00      1.52000e+00      8.00000e+00    883s
  1619     -8.64940e+00      1.52000e+00      8.00000e+00    884s
  1621     -1.00730e+01      1.52000e+00      8.00000e+00    885s
  1623     -1.06062e+01      1.52000e+00      8.00000e+00    887s
  1627     -9.98040e+00      1.52000e+00      8.00000e+00    888s
  1629     -8.93060e+00      1.52000e+00      8.00000e+00    889s
  1631     -9.13740e+00      1.52000e+00      8.00000e+00    890s
  1633     -9.53140e+00      1.52000e+00      8.00000e+00    891s
  1635     -1.06572e+01      1.52000e+00      8.00000e+00    892s
  1637     -1.05940e+01      1.52000e+00      8.00000e+00    893s
  1639     -1.06000e+01      1.52000e+00      8.00000e+00    895s
  1641     -9.88600e+00      1.52000e+00      8.00000e+00    896s
  1644     -8.39180e+00      1.52000e+00      8.00000e+00    897s
  1646     -9.71340e+00      1.52000e+00      8.00000e+00    899s
  1648     -1.02110e+01      1.52000e+00      8.00000e+00    900s
  1650     -1.07202e+01      1.52000e+00      8.00000e+00    901s
  1652     -1.09212e+01      1.52000e+00      8.00000e+00    902s
  1654     -1.02862e+01      1.52000e+00      8.00000e+00    903s
  1656     -9.94640e+00      1.52000e+00      8.00000e+00    904s
  1659     -1.02272e+01      1.52000e+00      8.00000e+00    906s
  1661     -1.09618e+01      1.52000e+00      8.00000e+00    907s
  1663     -1.07510e+01      1.52000e+00      8.00000e+00    908s
  1666     -1.02928e+01      1.52000e+00      8.00000e+00    909s
  1668     -1.04878e+01      1.52000e+00      8.00000e+00    911s
  1670     -1.05978e+01      1.52000e+00      8.00000e+00    912s
  1672     -1.07324e+01      1.52000e+00      8.00000e+00    914s
  1674     -1.11348e+01      1.52000e+00      8.00000e+00    915s
  1676     -1.04012e+01      1.52000e+00      8.00000e+00    916s
  1678     -1.04476e+01      1.52000e+00      8.00000e+00    917s
  1680     -1.01970e+01      1.52000e+00      8.00000e+00    919s
  1682     -1.05378e+01      1.52000e+00      8.00000e+00    920s
  1684     -1.10330e+01      1.52000e+00      8.00000e+00    921s
  1686     -1.05278e+01      1.52000e+00      8.00000e+00    923s
  1688     -1.06438e+01      1.52000e+00      8.00000e+00    924s
  1690     -1.07118e+01      1.52000e+00      8.00000e+00    926s
  1693     -1.04994e+01      1.52000e+00      8.00000e+00    927s
  1695     -1.08420e+01      1.52000e+00      8.00000e+00    928s
  1697     -9.97700e+00      1.52000e+00      8.00000e+00    930s
  1699     -1.07400e+01      1.52000e+00      8.00000e+00    931s
  1701     -1.08116e+01      1.52000e+00      8.00000e+00    932s
  1703     -1.12382e+01      1.52000e+00      8.00000e+00    933s
  1705     -1.17216e+01      1.52000e+00      8.00000e+00    935s
  1707     -1.17242e+01      1.52000e+00      8.00000e+00    936s
  1709     -1.12934e+01      1.52000e+00      8.00000e+00    937s
  1712     -1.01732e+01      1.52000e+00      8.00000e+00    939s
  1714     -1.08238e+01      1.52000e+00      8.00000e+00    940s
  1716     -1.18376e+01      1.52000e+00      8.00000e+00    941s
  1718     -1.19862e+01      1.52000e+00      8.00000e+00    943s
  1720     -1.20996e+01      1.52000e+00      8.00000e+00    944s
  1722     -1.13020e+01      1.52000e+00      8.00000e+00    945s
  1724     -1.07406e+01      1.52000e+00      8.00000e+00    947s
  1727     -1.12390e+01      1.52000e+00      8.00000e+00    948s
  1730     -1.17428e+01      1.52000e+00      8.00000e+00    950s
  1732     -1.17224e+01      1.52000e+00      8.00000e+00    951s
  1735     -1.12866e+01      1.52000e+00      8.00000e+00    952s
  1737     -1.04342e+01      1.52000e+00      8.00000e+00    954s
  1740     -1.12484e+01      1.52000e+00      8.00000e+00    955s
  1742     -1.21382e+01      1.52000e+00      8.00000e+00    956s
  1744     -1.24798e+01      1.52000e+00      8.00000e+00    957s
  1746     -1.12290e+01      1.52000e+00      8.00000e+00    959s
  1748     -1.12952e+01      1.52000e+00      8.00000e+00    960s
  1750     -1.04728e+01      1.52000e+00      8.00000e+00    961s
  1752     -1.08394e+01      1.52000e+00      8.00000e+00    962s
  1754     -1.14078e+01      1.52000e+00      8.00000e+00    964s
  1756     -1.14884e+01      1.52000e+00      8.00000e+00    965s
  1759     -1.13756e+01      1.52000e+00      8.00000e+00    967s
  1761     -1.02626e+01      1.52000e+00      8.00000e+00    968s
  1764     -1.11664e+01      1.52000e+00      8.00000e+00    969s
  1766     -1.06710e+01      1.52000e+00      8.00000e+00    971s
  1769     -1.10436e+01      1.52000e+00      8.00000e+00    972s
  1772     -1.08862e+01      1.52000e+00      8.00000e+00    973s
  1775     -1.04770e+01      1.52000e+00      8.00000e+00    975s
  1778     -1.03402e+01      1.52000e+00      8.00000e+00    976s
  1780     -1.04694e+01      1.52000e+00      8.00000e+00    977s
  1782     -1.05778e+01      1.52000e+00      8.00000e+00    978s
  1784     -1.09322e+01      1.52000e+00      8.00000e+00    980s
  1786     -1.01608e+01      1.52000e+00      8.00000e+00    981s
  1788     -1.09872e+01      1.52000e+00      8.00000e+00    982s
  1790     -1.04618e+01      1.52000e+00      8.00000e+00    983s
  1792     -1.06416e+01      1.52000e+00      8.00000e+00    985s
  1794     -1.10174e+01      1.52000e+00      8.00000e+00    986s
  1798     -1.08720e+01      1.52000e+00      8.00000e+00    988s
  1800     -1.06520e+01      1.52000e+00      8.00000e+00    989s
  1802     -1.08680e+01      1.52000e+00      8.00000e+00    990s
  1804     -1.09394e+01      1.52000e+00      8.00000e+00    991s
  1806     -1.07050e+01      1.52000e+00      8.00000e+00    993s
  1808     -1.03370e+01      1.52000e+00      8.00000e+00    994s
  1810     -1.06088e+01      1.52000e+00      8.00000e+00    995s
  1812     -1.11876e+01      1.52000e+00      8.00000e+00    996s
  1814     -1.06026e+01      1.52000e+00      8.00000e+00    997s
  1816     -1.08114e+01      1.52000e+00      8.00000e+00    999s
  1818     -1.05398e+01      1.52000e+00      8.00000e+00   1000s
  1820     -1.06294e+01      1.52000e+00      8.00000e+00   1002s
  1822     -1.04278e+01      1.52000e+00      8.00000e+00   1003s
  1825     -1.07118e+01      1.52000e+00      8.00000e+00   1004s
  1827     -1.09166e+01      1.52000e+00      8.00000e+00   1006s
  1830     -1.08532e+01      1.52000e+00      8.00000e+00   1007s
  1832     -1.03078e+01      1.52000e+00      8.00000e+00   1008s
  1835     -1.09836e+01      1.52000e+00      8.00000e+00   1009s
  1837     -1.07768e+01      1.52000e+00      8.00000e+00   1010s
  1839     -1.04812e+01      1.52000e+00      8.00000e+00   1011s
  1841     -1.02328e+01      1.52000e+00      8.00000e+00   1013s
  1843     -1.09550e+01      1.52000e+00      8.00000e+00   1014s
  1845     -1.00618e+01      1.52000e+00      8.00000e+00   1016s
  1847     -1.08208e+01      1.52000e+00      8.00000e+00   1017s
  1849     -1.06732e+01      1.52000e+00      8.00000e+00   1018s
  1851     -1.07366e+01      1.52000e+00      8.00000e+00   1020s
  1855     -1.09816e+01      1.52000e+00      8.00000e+00   1021s
  1857     -1.07744e+01      1.52000e+00      8.00000e+00   1022s
  1859     -1.07328e+01      1.52000e+00      8.00000e+00   1024s
  1861     -1.03776e+01      1.52000e+00      8.00000e+00   1025s
  1863     -1.04214e+01      1.52000e+00      8.00000e+00   1027s
  1865     -1.13514e+01      1.52000e+00      8.00000e+00   1028s
  1867     -1.07290e+01      1.52000e+00      8.00000e+00   1029s
  1870     -1.07710e+01      1.52000e+00      8.00000e+00   1030s
  1872     -1.05838e+01      1.52000e+00      8.00000e+00   1032s
  1874     -1.09386e+01      1.52000e+00      8.00000e+00   1033s
  1876     -1.13788e+01      1.52000e+00      8.00000e+00   1034s
  1879     -1.06338e+01      1.52000e+00      8.00000e+00   1036s
  1882     -1.05940e+01      1.52000e+00      8.00000e+00   1037s
  1885     -1.11234e+01      1.52000e+00      8.00000e+00   1038s
  1887     -1.05336e+01      1.52000e+00      8.00000e+00   1039s
  1890     -1.14200e+01      1.52000e+00      8.00000e+00   1041s
  1892     -1.09156e+01      1.52000e+00      8.00000e+00   1042s
  1894     -1.12658e+01      1.52000e+00      8.00000e+00   1043s
  1896     -1.13274e+01      1.52000e+00      8.00000e+00   1045s
  1898     -1.11950e+01      1.52000e+00      8.00000e+00   1046s
  1900     -1.00146e+01      1.52000e+00      8.00000e+00   1048s
  1903     -1.07952e+01      1.52000e+00      8.00000e+00   1049s
  1905     -1.08196e+01      1.52000e+00      8.00000e+00   1050s
  1907     -1.11382e+01      1.52000e+00      8.00000e+00   1051s
  1909     -1.08168e+01      1.52000e+00      8.00000e+00   1052s
  1912     -1.06902e+01      1.52000e+00      8.00000e+00   1053s
  1914     -1.02856e+01      1.52000e+00      8.00000e+00   1055s
  1917     -1.07436e+01      1.52000e+00      8.00000e+00   1056s
  1919     -1.11570e+01      1.52000e+00      8.00000e+00   1058s
  1921     -1.10962e+01      1.52000e+00      8.00000e+00   1059s
  1923     -1.04990e+01      1.52000e+00      8.00000e+00   1060s
  1925     -9.85860e+00      1.52000e+00      8.00000e+00   1062s
  1927     -1.15956e+01      1.52000e+00      8.00000e+00   1063s
  1929     -1.07584e+01      1.52000e+00      8.00000e+00   1065s
  1931     -1.10052e+01      1.52000e+00      8.00000e+00   1066s
  1933     -1.02660e+01      1.52000e+00      8.00000e+00   1068s
  1935     -1.07684e+01      1.52000e+00      8.00000e+00   1069s
  1938     -1.12016e+01      1.52000e+00      8.00000e+00   1070s
  1942     -1.13434e+01      1.52000e+00      8.00000e+00   1072s
  1944     -1.07310e+01      1.52000e+00      8.00000e+00   1073s
  1946     -1.10152e+01      1.52000e+00      8.00000e+00   1074s
  1948     -1.01906e+01      1.52000e+00      8.00000e+00   1075s
  1951     -1.08292e+01      1.52000e+00      8.00000e+00   1077s
  1953     -1.10860e+01      1.52000e+00      8.00000e+00   1078s
  1955     -1.13612e+01      1.52000e+00      8.00000e+00   1079s
  1957     -1.10242e+01      1.52000e+00      8.00000e+00   1081s
  1959     -1.13000e+01      1.52000e+00      8.00000e+00   1082s
  1961     -1.03130e+01      1.52000e+00      8.00000e+00   1083s
  1963     -1.03022e+01      1.52000e+00      8.00000e+00   1084s
  1966     -1.07134e+01      1.52000e+00      8.00000e+00   1086s
  1969     -1.14058e+01      1.52000e+00      8.00000e+00   1087s
  1971     -1.04740e+01      1.52000e+00      8.00000e+00   1088s
  1973     -1.08132e+01      1.52000e+00      8.00000e+00   1090s
  1975     -1.14084e+01      1.52000e+00      8.00000e+00   1091s
  1977     -1.09986e+01      1.52000e+00      8.00000e+00   1092s
  1979     -1.16080e+01      1.52000e+00      8.00000e+00   1093s
  1981     -1.11484e+01      1.52000e+00      8.00000e+00   1095s
  1983     -1.09584e+01      1.52000e+00      8.00000e+00   1096s
  1985     -1.01448e+01      1.52000e+00      8.00000e+00   1097s
  1988     -1.09248e+01      1.52000e+00      8.00000e+00   1099s
  1990     -1.08816e+01      1.52000e+00      8.00000e+00   1100s
  1992     -1.14624e+01      1.52000e+00      8.00000e+00   1101s
  1995     -1.09748e+01      1.52000e+00      8.00000e+00   1103s
  1998     -1.09126e+01      1.52000e+00      8.00000e+00   1104s
  2000     -1.08942e+01      1.52000e+00      8.00000e+00   1105s
  2002     -1.11448e+01      1.52000e+00      8.00000e+00   1106s
  2004     -1.06834e+01      1.52000e+00      8.00000e+00   1107s
  2006     -1.14256e+01      1.52000e+00      8.00000e+00   1109s
  2009     -1.07534e+01      1.52000e+00      8.00000e+00   1110s
  2011     -1.14536e+01      1.52000e+00      8.00000e+00   1111s
  2014     -1.03914e+01      1.52000e+00      8.00000e+00   1113s
  2016     -1.12956e+01      1.52000e+00      8.00000e+00   1114s
  2018     -1.16184e+01      1.52000e+00      8.00000e+00   1116s
  2020     -1.13022e+01      1.52000e+00      8.00000e+00   1117s
  2021     -1.11002e+01      1.52000e+00      8.00000e+00   1118s
  2022     -1.11932e+01      1.52000e+00      8.00000e+00   1119s
  2024     -1.12650e+01      1.52000e+00      8.00000e+00   1120s
  2026     -1.12026e+01      1.52000e+00      8.00000e+00   1121s
  2028     -1.10268e+01      1.52000e+00      8.00000e+00   1122s
  2030     -1.14556e+01      1.52000e+00      8.00000e+00   1124s
  2032     -1.08600e+01      1.52000e+00      8.00000e+00   1125s
  2034     -1.12244e+01      1.52000e+00      8.00000e+00   1126s
  2036     -1.07830e+01      1.52000e+00      8.00000e+00   1127s
  2038     -1.13694e+01      1.52000e+00      8.00000e+00   1129s
  2040     -1.09662e+01      1.52000e+00      8.00000e+00   1130s
  2042     -1.16942e+01      1.52000e+00      8.00000e+00   1131s
  2045     -1.04380e+01      1.52000e+00      8.00000e+00   1133s
  2048     -1.05716e+01      1.52000e+00      8.00000e+00   1134s
  2050     -1.05610e+01      1.52000e+00      8.00000e+00   1135s
  2052     -1.14620e+01      1.52000e+00      8.00000e+00   1136s
  2054     -1.17334e+01      1.52000e+00      8.00000e+00   1138s
  2056     -1.19060e+01      1.52000e+00      8.00000e+00   1139s
  2058     -1.19692e+01      1.52000e+00      8.00000e+00   1140s
  2060     -1.09866e+01      1.52000e+00      8.00000e+00   1141s
  2062     -1.01882e+01      1.52000e+00      8.00000e+00   1142s
  2064     -1.08912e+01      1.52000e+00      8.00000e+00   1143s
  2066     -1.23284e+01      1.52000e+00      8.00000e+00   1145s
  2068     -1.22014e+01      1.52000e+00      8.00000e+00   1146s
  2070     -1.17052e+01      1.52000e+00      8.00000e+00   1147s
  2072     -1.12702e+01      1.52000e+00      8.00000e+00   1149s
  2074     -1.06324e+01      1.52000e+00      8.00000e+00   1150s
  2077     -1.05498e+01      1.52000e+00      8.00000e+00   1151s
  2081     -1.15492e+01      1.52000e+00      8.00000e+00   1153s
  2083     -1.17848e+01      1.52000e+00      8.00000e+00   1154s
  2085     -1.17582e+01      1.52000e+00      8.00000e+00   1155s
  2087     -1.05268e+01      1.52000e+00      8.00000e+00   1156s
  2089     -1.11230e+01      1.52000e+00      8.00000e+00   1157s
  2091     -1.17476e+01      1.52000e+00      8.00000e+00   1159s
  2093     -1.27842e+01      1.52000e+00      8.00000e+00   1160s
  2095     -1.17368e+01      1.52000e+00      8.00000e+00   1161s
  2097     -1.12710e+01      1.52000e+00      8.00000e+00   1163s
  2099     -1.10306e+01      1.52000e+00      8.00000e+00   1164s
  2101     -1.11348e+01      1.52000e+00      8.00000e+00   1165s
  2103     -1.22206e+01      1.52000e+00      8.00000e+00   1166s
  2106     -1.27224e+01      1.52000e+00      8.00000e+00   1167s
  2109     -1.20298e+01      1.52000e+00      8.00000e+00   1169s
  2113     -1.10310e+01      1.52000e+00      8.00000e+00   1170s
  2117     -1.19764e+01      1.52000e+00      8.00000e+00   1171s
  2120     -1.22764e+01      1.52000e+00      8.00000e+00   1172s
  2124     -1.12938e+01      1.52000e+00      8.00000e+00   1173s
  2127     -1.09956e+01      1.52000e+00      8.00000e+00   1174s
  2129     -1.18808e+01      1.52000e+00      8.00000e+00   1175s
  2132     -1.29256e+01      1.52000e+00      8.00000e+00   1177s
  2135     -1.15440e+01      1.52000e+00      8.00000e+00   1178s
  2137     -9.90220e+00      1.52000e+00      8.00000e+00   1179s
  2139     -1.10048e+01      1.52000e+00      8.00000e+00   1180s
  2141     -1.18124e+01      1.52000e+00      8.00000e+00   1182s
  2143     -1.23776e+01      1.52000e+00      8.00000e+00   1183s
  2145     -1.19588e+01      1.52000e+00      8.00000e+00   1184s
  2148     -1.07834e+01      1.52000e+00      8.00000e+00   1186s
  2150     -1.06666e+01      1.52000e+00      8.00000e+00   1187s
  2152     -1.13930e+01      1.52000e+00      8.00000e+00   1188s
  2155     -1.38962e+01      1.52000e+00      8.00000e+00   1190s
  2157     -1.43266e+01      1.52000e+00      8.00000e+00   1191s
  2160     -1.24638e+01      1.52000e+00      8.00000e+00   1193s
  2162     -1.10318e+01      1.52000e+00      8.00000e+00   1194s
  2165     -1.06664e+01      1.52000e+00      8.00000e+00   1195s
  2167     -1.26142e+01      1.52000e+00      8.00000e+00   1197s
  2169     -1.22522e+01      1.52000e+00      8.00000e+00   1198s
  2171     -1.15524e+01      1.52000e+00      8.00000e+00   1199s
  2173     -1.07168e+01      1.52000e+00      8.00000e+00   1200s
  2176     -1.11702e+01      1.52000e+00      8.00000e+00   1201s
  2178     -1.23892e+01      1.52000e+00      8.00000e+00   1202s
  2180     -1.33896e+01      1.52000e+00      8.00000e+00   1204s
  2182     -1.48462e+01      1.52000e+00      8.00000e+00   1205s
  2185     -1.22436e+01      1.52000e+00      8.00000e+00   1206s
  2188     -1.06230e+01      1.52000e+00      8.00000e+00   1208s
  2191     -1.18310e+01      1.52000e+00      8.00000e+00   1209s
  2193     -1.28720e+01      1.52000e+00      8.00000e+00   1210s
  2196     -1.12500e+01      1.52000e+00      8.00000e+00   1211s
  2198     -1.10838e+01      1.52000e+00      8.00000e+00   1213s
  2200     -1.03622e+01      1.52000e+00      8.00000e+00   1214s
  2202     -1.25050e+01      1.52000e+00      8.00000e+00   1216s
  2205     -1.70814e+01      1.52000e+00      8.00000e+00   1217s
  2207     -1.63752e+01      1.52000e+00      8.00000e+00   1219s
  2209     -1.42694e+01      1.52000e+00      8.00000e+00   1220s
  2211     -1.19462e+01      1.52000e+00      8.00000e+00   1222s
  2213     -1.07502e+01      1.52000e+00      8.00000e+00   1223s
  2215     -1.03210e+01      1.52000e+00      8.00000e+00   1225s
  2217     -1.22476e+01      1.52000e+00      8.00000e+00   1226s
  2218     -1.18010e+01      1.52000e+00      8.00000e+00   1227s
  2220     -1.18456e+01      1.52000e+00      8.00000e+00   1229s
  2222     -1.12490e+01      1.52000e+00      8.00000e+00   1230s
  2225     -1.05476e+01      1.52000e+00      8.00000e+00   1231s
  2228     -1.54806e+01      1.52000e+00      8.00000e+00   1233s
  2230     -1.70618e+01      1.52000e+00      8.00000e+00   1234s
  2232     -1.68646e+01      1.52000e+00      8.00000e+00   1235s
  2235     -1.27616e+01      1.52000e+00      8.00000e+00   1236s
  2237     -1.09782e+01      1.52000e+00      8.00000e+00   1238s
  2239     -1.00370e+01      1.52000e+00      8.00000e+00   1240s
  2241     -1.19096e+01      1.52000e+00      8.00000e+00   1241s
  2243     -1.22262e+01      1.52000e+00      8.00000e+00   1242s
  2245     -1.19936e+01      1.52000e+00      8.00000e+00   1243s
  2247     -1.02448e+01      1.52000e+00      8.00000e+00   1244s
  2250     -1.02856e+01      1.52000e+00      8.00000e+00   1245s
  2252     -1.40152e+01      1.52000e+00      8.00000e+00   1247s
  2254     -1.68284e+01      1.52000e+00      8.00000e+00   1248s
  2256     -1.77224e+01      1.52000e+00      8.00000e+00   1250s
  2259     -1.49194e+01      1.52000e+00      8.00000e+00   1251s
  2261     -1.21496e+01      1.52000e+00      8.00000e+00   1252s
  2263     -1.05066e+01      1.52000e+00      8.00000e+00   1254s
  2265     -1.06034e+01      1.52000e+00      8.00000e+00   1255s
  2267     -1.16978e+01      1.52000e+00      8.00000e+00   1256s
  2269     -1.11628e+01      1.52000e+00      8.00000e+00   1257s
  2272     -1.07536e+01      1.52000e+00      8.00000e+00   1258s
  2274     -1.05956e+01      1.52000e+00      8.00000e+00   1260s
  2276     -1.28694e+01      1.52000e+00      8.00000e+00   1261s
  2278     -1.58370e+01      1.52000e+00      8.00000e+00   1262s
  2280     -1.76912e+01      1.52000e+00      8.00000e+00   1263s
  2282     -1.70230e+01      1.52000e+00      8.00000e+00   1264s
  2284     -1.42648e+01      1.52000e+00      8.00000e+00   1265s
  2286     -1.13772e+01      1.52000e+00      8.00000e+00   1267s
  2288     -1.05662e+01      1.52000e+00      8.00000e+00   1268s
  2291     -1.14540e+01      1.52000e+00      8.00000e+00   1270s
  2294     -1.13944e+01      1.52000e+00      8.00000e+00   1271s
  2297     -9.66900e+00      1.52000e+00      8.00000e+00   1272s
  2299     -1.14964e+01      1.52000e+00      8.00000e+00   1274s
  2302     -1.18700e+01      1.52000e+00      8.00000e+00   1275s
  2305     -1.63700e+01      1.52000e+00      8.00000e+00   1277s
  2307     -1.73692e+01      1.52000e+00      8.00000e+00   1278s
  2309     -1.54224e+01      1.52000e+00      8.00000e+00   1279s
  2311     -1.26874e+01      1.52000e+00      8.00000e+00   1281s
  2313     -1.03024e+01      1.52000e+00      8.00000e+00   1282s
  2315     -1.07242e+01      1.52000e+00      8.00000e+00   1283s
  2318     -1.38940e+01      1.52000e+00      8.00000e+00   1284s
  2320     -1.44324e+01      1.52000e+00      8.00000e+00   1286s
  2322     -1.19810e+01      1.52000e+00      8.00000e+00   1287s
  2324     -1.06236e+01      1.52000e+00      8.00000e+00   1288s
  2326     -1.09512e+01      1.52000e+00      8.00000e+00   1289s
  2328     -1.42642e+01      1.52000e+00      8.00000e+00   1291s
  2331     -1.75294e+01      1.52000e+00      8.00000e+00   1292s
  2334     -1.53230e+01      1.52000e+00      8.00000e+00   1293s
  2337     -1.07592e+01      1.52000e+00      8.00000e+00   1294s
  2339     -1.10578e+01      1.52000e+00      8.00000e+00   1295s
  2342     -1.35664e+01      1.52000e+00      8.00000e+00   1297s
  2344     -1.48600e+01      1.52000e+00      8.00000e+00   1298s
  2346     -1.29098e+01      1.52000e+00      8.00000e+00   1299s
  2348     -1.14052e+01      1.52000e+00      8.00000e+00   1301s
  2351     -9.49800e+00      1.52000e+00      8.00000e+00   1302s
  2353     -1.01040e+01      1.52000e+00      8.00000e+00   1304s
  2356     -1.43786e+01      1.52000e+00      8.00000e+00   1305s
  2358     -1.52428e+01      1.52000e+00      8.00000e+00   1306s
  2360     -1.40746e+01      1.52000e+00      8.00000e+00   1308s
  2362     -1.03316e+01      1.52000e+00      8.00000e+00   1309s
  2364     -1.12104e+01      1.52000e+00      8.00000e+00   1310s
  2367     -1.57476e+01      1.52000e+00      8.00000e+00   1311s
  2371     -1.73410e+01      1.52000e+00      8.00000e+00   1313s
  2373     -1.38912e+01      1.52000e+00      8.00000e+00   1314s
  2375     -1.00668e+01      1.52000e+00      8.00000e+00   1315s
  2377     -9.74440e+00      1.52000e+00      8.00000e+00   1317s
  2379     -1.22646e+01      1.52000e+00      8.00000e+00   1318s
  2381     -1.44772e+01      1.52000e+00      8.00000e+00   1319s
  2384     -1.35812e+01      1.52000e+00      8.00000e+00   1320s
  2386     -1.17866e+01      1.52000e+00      8.00000e+00   1322s
  2388     -1.14768e+01      1.52000e+00      8.00000e+00   1323s
  2390     -1.24820e+01      1.52000e+00      8.00000e+00   1324s
  2393     -1.82366e+01      1.52000e+00      8.00000e+00   1325s
  2396     -1.75384e+01      1.52000e+00      8.00000e+00   1327s
  2397     -1.50950e+01      1.52000e+00      8.00000e+00   1328s
  2400     -1.05528e+01      1.52000e+00      8.00000e+00   1329s
  2403     -1.23656e+01      1.52000e+00      8.00000e+00   1331s
  2406     -1.78350e+01      1.52000e+00      8.00000e+00   1332s
  2408     -1.72152e+01      1.52000e+00      8.00000e+00   1333s
  2410     -1.38088e+01      1.52000e+00      8.00000e+00   1334s
  2412     -1.08262e+01      1.52000e+00      8.00000e+00   1335s
  2414     -1.21978e+01      1.52000e+00      8.00000e+00   1337s
  2416     -1.55914e+01      1.52000e+00      8.00000e+00   1338s
  2419     -2.11044e+01      1.52000e+00      8.00000e+00   1339s
  2422     -1.57218e+01      1.52000e+00      8.00000e+00   1341s
  2424     -1.17136e+01      1.52000e+00      8.00000e+00   1342s
  2426     -1.06582e+01      1.52000e+00      8.00000e+00   1343s
  2428     -1.30304e+01      1.52000e+00      8.00000e+00   1344s
  2430     -1.70846e+01      1.52000e+00      8.00000e+00   1345s
  2432     -1.80152e+01      1.52000e+00      8.00000e+00   1346s
  2434     -1.46566e+01      1.52000e+00      8.00000e+00   1348s
  2436     -1.08774e+01      1.52000e+00      8.00000e+00   1349s
  2438     -1.09972e+01      1.52000e+00      8.00000e+00   1350s
  2440     -1.49204e+01      1.52000e+00      8.00000e+00   1352s
  2444     -2.04020e+01      1.52000e+00      8.00000e+00   1353s
  2447     -1.43334e+01      1.52000e+00      8.00000e+00   1354s
  2449     -1.14242e+01      1.52000e+00      8.00000e+00   1355s
  2451     -1.23500e+01      1.52000e+00      8.00000e+00   1357s
  2454     -1.93040e+01      1.52000e+00      8.00000e+00   1358s
  2457     -1.92604e+01      1.52000e+00      8.00000e+00   1359s
  2459     -1.50630e+01      1.52000e+00      8.00000e+00   1361s
  2461     -1.09524e+01      1.52000e+00      8.00000e+00   1362s
  2464     -1.19738e+01      1.52000e+00      8.00000e+00   1363s
  2466     -1.52642e+01      1.52000e+00      8.00000e+00   1365s
  2468     -1.56514e+01      1.52000e+00      8.00000e+00   1366s
  2470     -1.39234e+01      1.52000e+00      8.00000e+00   1367s
  2472     -1.05252e+01      1.52000e+00      8.00000e+00   1368s
  2474     -1.05804e+01      1.52000e+00      8.00000e+00   1370s
  2476     -1.35904e+01      1.52000e+00      8.00000e+00   1371s
  2479     -2.02436e+01      1.52000e+00      8.00000e+00   1372s
  2481     -2.03944e+01      1.52000e+00      8.00000e+00   1374s
  2484     -1.41232e+01      1.52000e+00      8.00000e+00   1375s
  2487     -1.03528e+01      1.52000e+00      8.00000e+00   1377s
  2490     -1.48780e+01      1.52000e+00      8.00000e+00   1378s
  2493     -1.64932e+01      1.52000e+00      8.00000e+00   1379s
  2496     -1.17084e+01      1.52000e+00      8.00000e+00   1381s
  2498     -9.76320e+00      1.52000e+00      8.00000e+00   1382s

==================================================
Summary of results QAOA
--------------------------------------------------
Average of QAOA obj:          1.52
STD of QAOA obj:              109.95

Gamma angles:                 0.13
Beta angles:                  0.51

Best QAOA obj:                8.00
Modified best QAOA obj:       8.00

QAOA total time:              1382.31s
QAOA circuit depth:           22
==================================================

==================================================
Summary of results of 0-S7
--------------------------------------------------
Number of vertices:           7
Number of edges:              18

Vertex num in largest comp:   7
Edge num in largest comp:     18

Pre-processing running time:  0.00
Total solver time:            1381.70
Running time:                 1387.81

Upper bound:                  11.00
Objective value:              8.00

Partition 0:                  1, 4, 5             
Partition 1:                  3, 6                
Partition 2:                  2, 7                
==================================================
