==================================================
Instance parameters
--------------------------------------------------
Number of vertices:           8
Number of edges:              25
Number of partitions:         4

Density (%):                  89
Name of instance:             seed1_band_pen1.0
Is planar:                    False
==================================================

==================================================
Solver parameters
--------------------------------------------------
Method:                       R-QUBO
Peel:                         False
Decompose:                    False
Fold:                         False

QAOA Num Levels:              1
QAOA Scipy Optimizer:         brute
==================================================

  iter        avg-obj        best avg-obj       best-obj      time
     0     -3.24200e+01     -3.24200e+01      4.00000e+00      2s
     2     -3.36170e+01     -3.24200e+01      5.00000e+00      3s
     4     -3.38350e+01     -3.23840e+01      5.00000e+00      5s
     6     -3.43220e+01     -3.23840e+01      5.00000e+00      7s
     8     -3.29110e+01     -3.23170e+01      5.00000e+00      8s
    10     -3.33830e+01     -3.23170e+01      5.00000e+00     10s
    12     -3.34190e+01     -3.23170e+01      5.00000e+00     12s
    14     -3.26540e+01     -3.23170e+01      5.00000e+00     13s
    16     -3.31890e+01     -3.23170e+01      5.00000e+00     15s
    18     -3.36530e+01     -3.23170e+01      6.00000e+00     16s
    20     -3.34440e+01     -3.23170e+01      6.00000e+00     18s
    22     -3.20880e+01     -3.20880e+01      6.00000e+00     20s
    24     -3.34790e+01     -3.20880e+01      6.00000e+00     21s
    26     -3.21650e+01     -3.20880e+01      6.00000e+00     23s
    28     -3.36070e+01     -3.17990e+01      6.00000e+00     25s
    30     -3.30500e+01     -3.17990e+01      6.00000e+00     26s
    32     -3.27610e+01     -3.17990e+01      6.00000e+00     28s
    34     -3.23040e+01     -3.17990e+01      6.00000e+00     29s
    36     -3.21790e+01     -3.17990e+01      6.00000e+00     31s
    38     -3.22050e+01     -3.17990e+01      6.00000e+00     33s
    40     -3.34990e+01     -3.17990e+01      6.00000e+00     34s
    42     -3.32240e+01     -3.17990e+01      6.00000e+00     36s
    44     -3.28920e+01     -3.17990e+01      6.00000e+00     37s
    46     -3.26140e+01     -3.17990e+01      6.00000e+00     39s
    48     -3.37240e+01     -3.17990e+01      6.00000e+00     41s
    50     -3.32170e+01     -3.17990e+01      6.00000e+00     42s
    52     -1.28950e+01     -1.28950e+01      7.00000e+00     44s
    54     -7.05400e+00     -7.05400e+00      7.00000e+00     46s
    56     -1.27750e+01     -7.05400e+00      7.00000e+00     47s
    58     -2.10850e+01     -7.05400e+00      7.00000e+00     49s
    60     -2.37840e+01     -7.05400e+00      7.00000e+00     50s
    62     -3.21410e+01     -7.05400e+00      7.00000e+00     52s
    64     -4.68520e+01     -7.05400e+00      7.00000e+00     54s
    66     -7.15330e+01     -7.05400e+00      7.00000e+00     55s
    68     -8.73540e+01     -7.05400e+00      7.00000e+00     57s
    70     -9.12880e+01     -7.05400e+00      7.00000e+00     59s
    72     -7.24490e+01     -7.05400e+00      7.00000e+00     60s
    74     -3.98840e+01     -7.05400e+00      7.00000e+00     62s
    76     -1.60540e+01     -7.05400e+00      7.00000e+00     64s
    78     -6.71500e+00     -6.71500e+00      7.00000e+00     65s
    80     -1.08490e+01     -6.71500e+00      7.00000e+00     67s
    82     -1.86620e+01     -6.71500e+00      7.00000e+00     68s
    84     -2.43300e+01     -6.71500e+00      7.00000e+00     70s
    86     -2.96510e+01     -6.71500e+00      7.00000e+00     72s
    88     -4.27640e+01     -6.71500e+00      7.00000e+00     73s
    90     -6.45500e+01     -6.71500e+00      7.00000e+00     75s
    92     -8.55560e+01     -6.71500e+00      7.00000e+00     77s
    94     -9.17420e+01     -6.71500e+00      7.00000e+00     78s
    96     -7.79060e+01     -6.71500e+00      7.00000e+00     80s
    98     -4.83900e+01     -6.71500e+00      7.00000e+00     82s
   100     -3.30560e+01     -6.71500e+00      7.00000e+00     83s
   102     -2.77310e+01     -6.71500e+00      7.00000e+00     85s
   104     -2.63350e+01     -6.71500e+00      7.00000e+00     87s
   106     -2.71230e+01     -6.71500e+00      7.00000e+00     88s
   108     -2.55880e+01     -6.71500e+00      7.00000e+00     90s
   110     -2.67260e+01     -6.71500e+00      7.00000e+00     92s
   112     -3.19710e+01     -6.71500e+00      7.00000e+00     93s
   114     -4.71370e+01     -6.71500e+00      7.00000e+00     95s
   116     -6.32730e+01     -6.71500e+00      7.00000e+00     97s
   118     -7.07840e+01     -6.71500e+00      7.00000e+00     98s
   120     -6.63860e+01     -6.71500e+00      7.00000e+00    100s
   122     -5.20100e+01     -6.71500e+00      7.00000e+00    102s
   124     -3.65450e+01     -6.71500e+00      7.00000e+00    104s
   126     -2.79630e+01     -6.71500e+00      7.00000e+00    105s
   128     -2.48230e+01     -6.71500e+00      7.00000e+00    107s
   130     -2.58960e+01     -6.71500e+00      7.00000e+00    109s
   132     -2.60340e+01     -6.71500e+00      7.00000e+00    110s
   133     -2.57370e+01     -6.71500e+00      7.00000e+00    111s
   135     -2.58010e+01     -6.71500e+00      7.00000e+00    113s
   137     -3.45890e+01     -6.71500e+00      7.00000e+00    115s
   139     -5.04190e+01     -6.71500e+00      7.00000e+00    116s
   141     -6.68280e+01     -6.71500e+00      7.00000e+00    118s
   143     -7.28830e+01     -6.71500e+00      7.00000e+00    120s
   145     -6.37960e+01     -6.71500e+00      7.00000e+00    121s
   147     -4.80220e+01     -6.71500e+00      7.00000e+00    123s
   149     -3.31290e+01     -6.71500e+00      7.00000e+00    125s
   151     -3.46620e+01     -6.71500e+00      7.00000e+00    126s
   153     -4.05380e+01     -6.71500e+00      7.00000e+00    128s
   155     -4.34620e+01     -6.71500e+00      7.00000e+00    130s
   157     -4.26990e+01     -6.71500e+00      7.00000e+00    131s
   159     -3.51590e+01     -6.71500e+00      7.00000e+00    133s
   161     -3.20720e+01     -6.71500e+00      7.00000e+00    135s
   163     -3.50590e+01     -6.71500e+00      7.00000e+00    137s
   165     -4.29670e+01     -6.71500e+00      7.00000e+00    138s
   167     -4.89000e+01     -6.71500e+00      7.00000e+00    140s
   169     -4.73510e+01     -6.71500e+00      7.00000e+00    141s
   171     -4.09950e+01     -6.71500e+00      7.00000e+00    143s
   173     -3.38070e+01     -6.71500e+00      7.00000e+00    145s
   175     -3.37310e+01     -6.71500e+00      7.00000e+00    146s
   177     -3.96460e+01     -6.71500e+00      7.00000e+00    148s
   179     -4.34880e+01     -6.71500e+00      7.00000e+00    150s
   181     -4.37740e+01     -6.71500e+00      7.00000e+00    152s
   183     -3.62870e+01     -6.71500e+00      7.00000e+00    153s
   185     -3.23760e+01     -6.71500e+00      7.00000e+00    155s
   187     -3.51950e+01     -6.71500e+00      7.00000e+00    157s
   189     -4.13460e+01     -6.71500e+00      7.00000e+00    159s
   191     -4.70690e+01     -6.71500e+00      7.00000e+00    160s
   193     -4.90200e+01     -6.71500e+00      7.00000e+00    162s
   195     -4.35700e+01     -6.71500e+00      7.00000e+00    164s
   197     -3.54840e+01     -6.71500e+00      7.00000e+00    165s
   199     -3.33900e+01     -6.71500e+00      7.00000e+00    167s
   201     -3.33050e+01     -6.71500e+00      7.00000e+00    169s
   203     -3.84610e+01     -6.71500e+00      7.00000e+00    170s
   205     -4.42700e+01     -6.71500e+00      7.00000e+00    172s
   207     -4.45870e+01     -6.71500e+00      7.00000e+00    173s
   209     -3.85130e+01     -6.71500e+00      7.00000e+00    175s
   211     -3.49460e+01     -6.71500e+00      7.00000e+00    177s
   213     -3.32600e+01     -6.71500e+00      7.00000e+00    179s
   215     -3.85990e+01     -6.71500e+00      7.00000e+00    180s
   217     -4.29270e+01     -6.71500e+00      7.00000e+00    182s
   219     -4.38390e+01     -6.71500e+00      7.00000e+00    184s
   221     -3.98800e+01     -6.71500e+00      7.00000e+00    185s
   223     -3.45760e+01     -6.71500e+00      7.00000e+00    187s
   225     -3.41030e+01     -6.71500e+00      7.00000e+00    189s
   227     -3.68750e+01     -6.71500e+00      7.00000e+00    190s
   229     -4.19080e+01     -6.71500e+00      7.00000e+00    192s
   231     -4.35400e+01     -6.71500e+00      7.00000e+00    194s
   233     -4.06980e+01     -6.71500e+00      7.00000e+00    195s
   235     -3.53330e+01     -6.71500e+00      7.00000e+00    197s
   237     -3.33290e+01     -6.71500e+00      7.00000e+00    199s
   239     -3.73350e+01     -6.71500e+00      7.00000e+00    201s
   241     -4.12850e+01     -6.71500e+00      7.00000e+00    202s
   243     -4.39650e+01     -6.71500e+00      7.00000e+00    204s
   245     -4.15820e+01     -6.71500e+00      7.00000e+00    206s
   247     -3.57460e+01     -6.71500e+00      7.00000e+00    208s
   249     -3.25440e+01     -6.71500e+00      7.00000e+00    209s
   251     -3.34600e+01     -6.71500e+00      7.00000e+00    211s
   253     -3.66700e+01     -6.71500e+00      7.00000e+00    213s
   255     -4.20490e+01     -6.71500e+00      7.00000e+00    214s
   257     -4.18060e+01     -6.71500e+00      7.00000e+00    216s
   259     -3.84950e+01     -6.71500e+00      7.00000e+00    218s
   261     -3.39770e+01     -6.71500e+00      7.00000e+00    219s
   263     -3.26900e+01     -6.71500e+00      7.00000e+00    221s
   265     -3.60780e+01     -6.71500e+00      7.00000e+00    223s
   267     -3.99300e+01     -6.71500e+00      7.00000e+00    224s
   269     -4.09400e+01     -6.71500e+00      7.00000e+00    226s
   271     -3.89110e+01     -6.71500e+00      7.00000e+00    228s
   273     -3.26250e+01     -6.71500e+00      7.00000e+00    229s
   275     -3.20920e+01     -6.71500e+00      7.00000e+00    231s
   277     -3.58930e+01     -6.71500e+00      7.00000e+00    233s
   279     -4.02780e+01     -6.71500e+00      7.00000e+00    235s
   281     -4.20330e+01     -6.71500e+00      7.00000e+00    236s
   283     -3.90580e+01     -6.71500e+00      7.00000e+00    238s
   285     -3.60600e+01     -6.71500e+00      7.00000e+00    240s
   287     -3.28520e+01     -6.71500e+00      7.00000e+00    241s
   289     -3.54920e+01     -6.71500e+00      7.00000e+00    243s
   291     -3.96590e+01     -6.71500e+00      7.00000e+00    245s
   293     -4.03900e+01     -6.71500e+00      7.00000e+00    246s
   295     -3.91630e+01     -6.71500e+00      7.00000e+00    248s
   297     -3.44530e+01     -6.71500e+00      7.00000e+00    250s
   299     -3.19170e+01     -6.71500e+00      7.00000e+00    251s
   301     -3.36540e+01     -6.71500e+00      7.00000e+00    253s
   303     -3.59180e+01     -6.71500e+00      7.00000e+00    255s
   305     -3.96890e+01     -6.71500e+00      7.00000e+00    256s
   307     -3.76690e+01     -6.71500e+00      7.00000e+00    258s
   309     -3.67050e+01     -6.71500e+00      7.00000e+00    260s
   311     -3.48860e+01     -6.71500e+00      7.00000e+00    262s
   313     -3.38490e+01     -6.71500e+00      7.00000e+00    263s
   315     -3.59200e+01     -6.71500e+00      7.00000e+00    265s
   317     -3.81610e+01     -6.71500e+00      7.00000e+00    267s
   319     -3.92810e+01     -6.71500e+00      7.00000e+00    268s
   321     -3.82430e+01     -6.71500e+00      7.00000e+00    270s
   323     -3.37360e+01     -6.71500e+00      7.00000e+00    272s
   325     -3.31590e+01     -6.71500e+00      7.00000e+00    274s
   327     -3.60260e+01     -6.71500e+00      7.00000e+00    275s
   329     -3.84780e+01     -6.71500e+00      7.00000e+00    277s
   331     -3.84240e+01     -6.71500e+00      7.00000e+00    279s
   332     -3.91070e+01     -6.71500e+00      7.00000e+00    280s
   334     -3.54460e+01     -6.71500e+00      7.00000e+00    281s
   336     -3.31260e+01     -6.71500e+00      7.00000e+00    283s
   338     -3.27380e+01     -6.71500e+00      7.00000e+00    285s
   340     -3.77050e+01     -6.71500e+00      7.00000e+00    286s
   342     -3.84910e+01     -6.71500e+00      7.00000e+00    288s
   344     -3.82910e+01     -6.71500e+00      7.00000e+00    290s
   346     -3.67520e+01     -6.71500e+00      7.00000e+00    291s
   348     -3.34980e+01     -6.71500e+00      7.00000e+00    293s
   350     -3.34910e+01     -6.71500e+00      7.00000e+00    295s
   352     -3.48850e+01     -6.71500e+00      7.00000e+00    296s
   354     -3.79790e+01     -6.71500e+00      7.00000e+00    298s
   356     -3.68000e+01     -6.71500e+00      7.00000e+00    300s
   358     -3.72580e+01     -6.71500e+00      7.00000e+00    301s
   360     -3.46580e+01     -6.71500e+00      7.00000e+00    303s
   362     -3.28180e+01     -6.71500e+00      7.00000e+00    305s
   364     -3.43760e+01     -6.71500e+00      7.00000e+00    307s
   366     -3.65450e+01     -6.71500e+00      7.00000e+00    308s
   368     -3.64020e+01     -6.71500e+00      7.00000e+00    310s
   370     -3.63180e+01     -6.71500e+00      7.00000e+00    312s
   372     -3.49740e+01     -6.71500e+00      7.00000e+00    313s
   374     -3.28650e+01     -6.71500e+00      7.00000e+00    315s
   376     -3.49490e+01     -6.71500e+00      7.00000e+00    317s
   378     -3.55690e+01     -6.71500e+00      7.00000e+00    318s
   380     -3.71210e+01     -6.71500e+00      7.00000e+00    320s
   382     -3.69530e+01     -6.71500e+00      7.00000e+00    322s
   384     -3.41660e+01     -6.71500e+00      7.00000e+00    324s
   386     -3.34420e+01     -6.71500e+00      7.00000e+00    325s
   388     -3.38580e+01     -6.71500e+00      7.00000e+00    327s
   390     -3.61560e+01     -6.71500e+00      7.00000e+00    329s
   392     -3.71250e+01     -6.71500e+00      7.00000e+00    331s
   394     -3.85160e+01     -6.71500e+00      7.00000e+00    332s
   396     -3.48700e+01     -6.71500e+00      7.00000e+00    334s
   398     -3.26560e+01     -6.71500e+00      7.00000e+00    336s
   400     -3.37980e+01     -6.71500e+00      7.00000e+00    337s
   402     -3.48810e+01     -6.71500e+00      7.00000e+00    339s
   404     -3.54750e+01     -6.71500e+00      7.00000e+00    341s
   406     -3.62350e+01     -6.71500e+00      7.00000e+00    342s
   407     -3.52180e+01     -6.71500e+00      7.00000e+00    343s
   408     -3.45980e+01     -6.71500e+00      7.00000e+00    344s
   410     -3.30390e+01     -6.71500e+00      7.00000e+00    346s
   412     -3.39660e+01     -6.71500e+00      7.00000e+00    348s
   414     -3.40320e+01     -6.71500e+00      7.00000e+00    349s
   416     -3.48080e+01     -6.71500e+00      7.00000e+00    351s
   418     -3.66480e+01     -6.71500e+00      7.00000e+00    353s
   420     -3.65380e+01     -6.71500e+00      7.00000e+00    354s
   422     -3.37290e+01     -6.71500e+00      7.00000e+00    356s
   424     -3.35590e+01     -6.71500e+00      7.00000e+00    358s
   426     -3.24920e+01     -6.71500e+00      7.00000e+00    359s
   427     -3.31590e+01     -6.71500e+00      7.00000e+00    360s
   429     -3.56890e+01     -6.71500e+00      7.00000e+00    362s
   431     -3.55570e+01     -6.71500e+00      7.00000e+00    364s
   433     -3.53790e+01     -6.71500e+00      7.00000e+00    365s
   435     -3.34380e+01     -6.71500e+00      7.00000e+00    367s
   437     -3.32910e+01     -6.71500e+00      7.00000e+00    369s
   439     -3.39980e+01     -6.71500e+00      7.00000e+00    371s
   441     -3.56950e+01     -6.71500e+00      7.00000e+00    372s
   443     -3.55180e+01     -6.71500e+00      7.00000e+00    374s
   445     -3.48090e+01     -6.71500e+00      7.00000e+00    375s
   447     -3.28190e+01     -6.71500e+00      7.00000e+00    377s
   449     -3.24450e+01     -6.71500e+00      7.00000e+00    379s
   451     -3.23130e+01     -6.71500e+00      7.00000e+00    381s
   453     -3.49100e+01     -6.71500e+00      7.00000e+00    382s
   455     -3.49220e+01     -6.71500e+00      7.00000e+00    384s
   457     -3.49620e+01     -6.71500e+00      7.00000e+00    386s
   459     -3.48210e+01     -6.71500e+00      7.00000e+00    387s
   461     -3.23790e+01     -6.71500e+00      7.00000e+00    389s
   463     -3.30050e+01     -6.71500e+00      7.00000e+00    391s
   465     -3.43670e+01     -6.71500e+00      7.00000e+00    392s
   467     -3.43750e+01     -6.71500e+00      7.00000e+00    394s
   469     -3.54920e+01     -6.71500e+00      7.00000e+00    396s
   471     -3.51310e+01     -6.71500e+00      7.00000e+00    397s
   473     -3.40210e+01     -6.71500e+00      7.00000e+00    399s
   475     -3.31270e+01     -6.71500e+00      7.00000e+00    401s
   477     -3.40020e+01     -6.71500e+00      7.00000e+00    403s
   479     -3.47380e+01     -6.71500e+00      7.00000e+00    405s
   481     -3.46660e+01     -6.71500e+00      7.00000e+00    406s
   483     -3.49590e+01     -6.71500e+00      7.00000e+00    408s
   485     -3.35110e+01     -6.71500e+00      7.00000e+00    410s
   487     -3.28370e+01     -6.71500e+00      7.00000e+00    412s
   489     -3.43160e+01     -6.71500e+00      7.00000e+00    413s
   491     -3.44820e+01     -6.71500e+00      7.00000e+00    415s
   493     -3.43290e+01     -6.71500e+00      7.00000e+00    417s
   495     -3.51170e+01     -6.71500e+00      7.00000e+00    418s
   497     -3.36170e+01     -6.71500e+00      7.00000e+00    420s
   499     -3.36400e+01     -6.71500e+00      7.00000e+00    422s
   501     -3.33070e+01     -6.71500e+00      7.00000e+00    423s
   503     -3.42900e+01     -6.71500e+00      7.00000e+00    425s
   505     -3.45980e+01     -6.71500e+00      7.00000e+00    427s
   507     -3.39650e+01     -6.71500e+00      7.00000e+00    429s
   509     -3.40850e+01     -6.71500e+00      7.00000e+00    430s
   511     -3.33770e+01     -6.71500e+00      7.00000e+00    432s
   513     -3.35250e+01     -6.71500e+00      7.00000e+00    434s
   515     -3.31280e+01     -6.71500e+00      7.00000e+00    435s
   517     -3.39920e+01     -6.71500e+00      7.00000e+00    437s
   519     -3.42680e+01     -6.71500e+00      7.00000e+00    439s
   521     -3.31960e+01     -6.71500e+00      7.00000e+00    440s
   523     -3.21480e+01     -6.71500e+00      7.00000e+00    442s
   525     -3.25750e+01     -6.71500e+00      7.00000e+00    444s
   527     -3.36100e+01     -6.71500e+00      7.00000e+00    446s
   529     -3.37330e+01     -6.71500e+00      7.00000e+00    447s
   531     -3.38900e+01     -6.71500e+00      7.00000e+00    449s
   533     -3.35820e+01     -6.71500e+00      7.00000e+00    451s
   535     -3.37700e+01     -6.71500e+00      7.00000e+00    452s
   537     -3.26140e+01     -6.71500e+00      7.00000e+00    454s
   539     -3.42600e+01     -6.71500e+00      7.00000e+00    456s
   541     -3.42120e+01     -6.71500e+00      7.00000e+00    458s
   543     -3.36090e+01     -6.71500e+00      7.00000e+00    459s
   545     -3.46110e+01     -6.71500e+00      7.00000e+00    461s
   547     -3.30920e+01     -6.71500e+00      7.00000e+00    463s
   549     -3.35640e+01     -6.71500e+00      7.00000e+00    465s
   551     -3.25000e+01     -6.71500e+00      7.00000e+00    467s
   553     -3.41520e+01     -6.71500e+00      7.00000e+00    468s
   555     -3.36280e+01     -6.71500e+00      7.00000e+00    470s
   557     -3.36390e+01     -6.71500e+00      7.00000e+00    472s
   559     -3.42950e+01     -6.71500e+00      7.00000e+00    474s
   561     -3.36090e+01     -6.71500e+00      7.00000e+00    475s
   563     -3.32110e+01     -6.71500e+00      7.00000e+00    477s
   565     -3.37140e+01     -6.71500e+00      7.00000e+00    479s
   567     -3.37380e+01     -6.71500e+00      7.00000e+00    480s
   569     -3.34950e+01     -6.71500e+00      7.00000e+00    482s
   571     -3.30290e+01     -6.71500e+00      7.00000e+00    484s
   573     -3.35910e+01     -6.71500e+00      7.00000e+00    485s
   575     -3.35660e+01     -6.71500e+00      7.00000e+00    487s
   577     -3.35290e+01     -6.71500e+00      7.00000e+00    489s
   579     -3.34250e+01     -6.71500e+00      7.00000e+00    491s
   581     -3.32130e+01     -6.71500e+00      7.00000e+00    492s
   583     -3.36050e+01     -6.71500e+00      7.00000e+00    494s
   585     -3.35750e+01     -6.71500e+00      7.00000e+00    496s
   587     -3.33120e+01     -6.71500e+00      7.00000e+00    497s
   589     -3.30140e+01     -6.71500e+00      7.00000e+00    499s
   591     -3.34690e+01     -6.71500e+00      7.00000e+00    501s
   593     -3.42270e+01     -6.71500e+00      7.00000e+00    502s
   595     -3.36920e+01     -6.71500e+00      7.00000e+00    504s
   597     -3.30170e+01     -6.71500e+00      7.00000e+00    506s
   599     -3.33990e+01     -6.71500e+00      7.00000e+00    507s
   601     -3.24960e+01     -6.71500e+00      7.00000e+00    509s
   603     -3.39670e+01     -6.71500e+00      7.00000e+00    511s
   605     -3.31620e+01     -6.71500e+00      7.00000e+00    512s
   607     -3.42780e+01     -6.71500e+00      7.00000e+00    514s
   609     -3.40240e+01     -6.71500e+00      7.00000e+00    516s
   611     -3.33320e+01     -6.71500e+00      7.00000e+00    518s
   613     -3.32530e+01     -6.71500e+00      7.00000e+00    519s
   615     -3.26910e+01     -6.71500e+00      7.00000e+00    521s
   617     -3.25650e+01     -6.71500e+00      7.00000e+00    523s
   619     -3.37790e+01     -6.71500e+00      7.00000e+00    525s
   621     -3.30590e+01     -6.71500e+00      7.00000e+00    526s
   623     -3.34750e+01     -6.71500e+00      7.00000e+00    528s
   625     -3.32130e+01     -6.71500e+00      7.00000e+00    530s
   627     -3.37190e+01     -6.71500e+00      7.00000e+00    532s
   629     -3.37340e+01     -6.71500e+00      7.00000e+00    533s
   631     -3.24970e+01     -6.71500e+00      7.00000e+00    535s
   633     -3.29960e+01     -6.71500e+00      7.00000e+00    537s
   635     -3.35060e+01     -6.71500e+00      7.00000e+00    538s
   637     -3.34660e+01     -6.71500e+00      7.00000e+00    540s
   639     -3.26540e+01     -6.71500e+00      7.00000e+00    542s
   641     -3.34340e+01     -6.71500e+00      7.00000e+00    544s
   643     -3.27310e+01     -6.71500e+00      7.00000e+00    545s
   645     -3.34410e+01     -6.71500e+00      7.00000e+00    547s
   647     -3.38480e+01     -6.71500e+00      7.00000e+00    549s
   649     -3.36780e+01     -6.71500e+00      7.00000e+00    550s
   651     -3.31110e+01     -6.71500e+00      7.00000e+00    552s
   653     -3.25680e+01     -6.71500e+00      7.00000e+00    554s
   655     -3.37240e+01     -6.71500e+00      7.00000e+00    556s
   657     -3.35120e+01     -6.71500e+00      7.00000e+00    557s
   659     -3.23820e+01     -6.71500e+00      7.00000e+00    559s
   661     -3.43260e+01     -6.71500e+00      7.00000e+00    561s
   663     -3.32930e+01     -6.71500e+00      7.00000e+00    562s
   665     -3.40740e+01     -6.71500e+00      7.00000e+00    564s
   667     -3.38050e+01     -6.71500e+00      7.00000e+00    566s
   669     -3.28150e+01     -6.71500e+00      7.00000e+00    567s
   671     -3.27010e+01     -6.71500e+00      7.00000e+00    569s
   673     -3.20820e+01     -6.71500e+00      7.00000e+00    571s
   675     -3.25200e+01     -6.71500e+00      7.00000e+00    573s
   677     -3.47180e+01     -6.71500e+00      7.00000e+00    574s
   679     -3.33510e+01     -6.71500e+00      7.00000e+00    576s
   681     -3.29460e+01     -6.71500e+00      7.00000e+00    578s
   683     -3.34070e+01     -6.71500e+00      7.00000e+00    579s
   684     -3.41420e+01     -6.71500e+00      7.00000e+00    580s
   686     -3.25410e+01     -6.71500e+00      7.00000e+00    582s
   688     -3.30840e+01     -6.71500e+00      7.00000e+00    584s
   690     -3.32940e+01     -6.71500e+00      7.00000e+00    586s
   692     -3.42420e+01     -6.71500e+00      7.00000e+00    587s
   693     -3.37920e+01     -6.71500e+00      7.00000e+00    588s
   695     -3.26900e+01     -6.71500e+00      7.00000e+00    590s
   697     -3.28270e+01     -6.71500e+00      7.00000e+00    592s
   699     -3.29190e+01     -6.71500e+00      7.00000e+00    593s
   701     -3.26270e+01     -6.71500e+00      7.00000e+00    595s
   703     -3.37190e+01     -6.71500e+00      7.00000e+00    597s
   705     -3.29210e+01     -6.71500e+00      7.00000e+00    598s
   707     -3.36950e+01     -6.71500e+00      7.00000e+00    600s
   709     -3.35400e+01     -6.71500e+00      7.00000e+00    602s
   711     -3.37850e+01     -6.71500e+00      7.00000e+00    604s
   713     -3.31490e+01     -6.71500e+00      7.00000e+00    605s
   715     -3.28350e+01     -6.71500e+00      7.00000e+00    607s
   717     -3.38000e+01     -6.71500e+00      7.00000e+00    609s
   719     -3.29900e+01     -6.71500e+00      7.00000e+00    611s
   721     -3.30010e+01     -6.71500e+00      7.00000e+00    612s
   723     -3.23210e+01     -6.71500e+00      7.00000e+00    614s
   725     -3.19710e+01     -6.71500e+00      7.00000e+00    616s
   727     -3.36340e+01     -6.71500e+00      7.00000e+00    617s
   729     -3.31570e+01     -6.71500e+00      7.00000e+00    619s
   731     -3.37940e+01     -6.71500e+00      7.00000e+00    621s
   733     -3.34570e+01     -6.71500e+00      7.00000e+00    622s
   735     -3.32780e+01     -6.71500e+00      7.00000e+00    624s
   737     -3.34420e+01     -6.71500e+00      7.00000e+00    626s
   739     -3.36860e+01     -6.71500e+00      7.00000e+00    627s
   741     -3.31180e+01     -6.71500e+00      7.00000e+00    629s
   743     -3.29080e+01     -6.71500e+00      7.00000e+00    631s
   745     -3.23430e+01     -6.71500e+00      7.00000e+00    633s
   747     -3.26760e+01     -6.71500e+00      7.00000e+00    634s
   749     -3.36410e+01     -6.71500e+00      7.00000e+00    636s
   751     -3.23120e+01     -6.71500e+00      7.00000e+00    638s
   753     -3.18910e+01     -6.71500e+00      7.00000e+00    639s
   755     -3.46240e+01     -6.71500e+00      7.00000e+00    641s
   757     -3.38320e+01     -6.71500e+00      7.00000e+00    643s
   759     -3.24590e+01     -6.71500e+00      7.00000e+00    644s
   761     -3.25780e+01     -6.71500e+00      7.00000e+00    646s
   763     -3.36610e+01     -6.71500e+00      7.00000e+00    648s
   765     -3.38110e+01     -6.71500e+00      7.00000e+00    649s
   767     -3.30080e+01     -6.71500e+00      7.00000e+00    651s
   769     -3.34620e+01     -6.71500e+00      7.00000e+00    653s
   771     -3.32100e+01     -6.71500e+00      7.00000e+00    655s
   773     -3.31570e+01     -6.71500e+00      7.00000e+00    656s
   775     -3.40520e+01     -6.71500e+00      7.00000e+00    658s
   777     -3.26760e+01     -6.71500e+00      7.00000e+00    660s
   779     -3.20470e+01     -6.71500e+00      7.00000e+00    662s
   781     -3.42020e+01     -6.71500e+00      7.00000e+00    663s
   783     -3.34070e+01     -6.71500e+00      7.00000e+00    665s
   785     -3.30590e+01     -6.71500e+00      7.00000e+00    667s
   787     -3.34720e+01     -6.71500e+00      7.00000e+00    668s
   789     -3.31060e+01     -6.71500e+00      7.00000e+00    670s
   791     -3.29610e+01     -6.71500e+00      7.00000e+00    672s
   793     -3.35390e+01     -6.71500e+00      7.00000e+00    674s
   795     -3.28280e+01     -6.71500e+00      7.00000e+00    675s
   797     -3.36430e+01     -6.71500e+00      7.00000e+00    677s
   799     -3.37550e+01     -6.71500e+00      7.00000e+00    679s
   801     -3.37960e+01     -6.71500e+00      7.00000e+00    680s
   803     -3.40320e+01     -6.71500e+00      7.00000e+00    682s
   805     -3.44510e+01     -6.71500e+00      7.00000e+00    684s
   807     -3.36000e+01     -6.71500e+00      7.00000e+00    685s
   809     -3.30310e+01     -6.71500e+00      7.00000e+00    687s
   811     -3.26200e+01     -6.71500e+00      7.00000e+00    689s
   813     -3.35550e+01     -6.71500e+00      7.00000e+00    691s
   815     -3.33990e+01     -6.71500e+00      7.00000e+00    692s
   817     -3.30880e+01     -6.71500e+00      7.00000e+00    694s
   819     -3.37040e+01     -6.71500e+00      7.00000e+00    696s
   821     -3.37510e+01     -6.71500e+00      7.00000e+00    698s
   823     -3.35870e+01     -6.71500e+00      7.00000e+00    699s
   825     -3.36010e+01     -6.71500e+00      7.00000e+00    701s
   827     -3.43830e+01     -6.71500e+00      7.00000e+00    703s
   829     -3.20420e+01     -6.71500e+00      7.00000e+00    704s
   831     -3.30540e+01     -6.71500e+00      7.00000e+00    706s
   833     -3.24180e+01     -6.71500e+00      7.00000e+00    708s
   835     -3.29410e+01     -6.71500e+00      7.00000e+00    709s
   837     -3.32540e+01     -6.71500e+00      7.00000e+00    711s
   839     -3.21070e+01     -6.71500e+00      7.00000e+00    713s
   841     -3.30180e+01     -6.71500e+00      7.00000e+00    715s
   843     -3.44140e+01     -6.71500e+00      7.00000e+00    716s
   845     -3.42020e+01     -6.71500e+00      7.00000e+00    718s
   847     -3.32010e+01     -6.71500e+00      7.00000e+00    720s
   849     -3.33390e+01     -6.71500e+00      7.00000e+00    721s
   851     -3.23270e+01     -6.71500e+00      7.00000e+00    723s
   853     -3.34620e+01     -6.71500e+00      7.00000e+00    725s
   855     -3.31930e+01     -6.71500e+00      7.00000e+00    727s
   857     -3.36690e+01     -6.71500e+00      7.00000e+00    729s
   859     -3.28750e+01     -6.71500e+00      7.00000e+00    730s
   861     -3.30760e+01     -6.71500e+00      7.00000e+00    732s
   863     -3.27770e+01     -6.71500e+00      7.00000e+00    734s
   864     -3.37000e+01     -6.71500e+00      7.00000e+00    735s
   866     -3.39060e+01     -6.71500e+00      7.00000e+00    737s
   868     -3.31620e+01     -6.71500e+00      7.00000e+00    738s
   870     -3.23820e+01     -6.71500e+00      7.00000e+00    740s
   872     -3.21660e+01     -6.71500e+00      7.00000e+00    742s
   874     -3.38180e+01     -6.71500e+00      7.00000e+00    744s
   876     -3.33890e+01     -6.71500e+00      7.00000e+00    746s
   878     -3.34430e+01     -6.71500e+00      7.00000e+00    747s
   880     -3.34880e+01     -6.71500e+00      7.00000e+00    749s
   882     -3.32560e+01     -6.71500e+00      7.00000e+00    751s
   883     -3.26650e+01     -6.71500e+00      7.00000e+00    752s
   885     -3.27080e+01     -6.71500e+00      7.00000e+00    754s
   887     -3.39870e+01     -6.71500e+00      7.00000e+00    755s
   889     -3.37180e+01     -6.71500e+00      7.00000e+00    757s
   891     -3.36860e+01     -6.71500e+00      7.00000e+00    759s
   893     -3.48190e+01     -6.71500e+00      7.00000e+00    761s
   895     -3.29030e+01     -6.71500e+00      7.00000e+00    762s
   897     -3.39190e+01     -6.71500e+00      7.00000e+00    764s
   899     -3.30190e+01     -6.71500e+00      7.00000e+00    766s
   901     -3.33430e+01     -6.71500e+00      7.00000e+00    768s
   902     -3.19360e+01     -6.71500e+00      7.00000e+00    769s
   904     -3.42450e+01     -6.71500e+00      7.00000e+00    771s
   906     -3.37520e+01     -6.71500e+00      7.00000e+00    772s
   908     -3.33470e+01     -6.71500e+00      7.00000e+00    774s
   910     -3.37210e+01     -6.71500e+00      7.00000e+00    776s
   912     -3.29280e+01     -6.71500e+00      7.00000e+00    778s
   914     -3.37050e+01     -6.71500e+00      7.00000e+00    779s
   916     -3.22170e+01     -6.71500e+00      7.00000e+00    781s
   918     -3.34300e+01     -6.71500e+00      7.00000e+00    783s
   920     -3.32600e+01     -6.71500e+00      7.00000e+00    785s
   921     -3.38330e+01     -6.71500e+00      7.00000e+00    786s
   923     -3.26800e+01     -6.71500e+00      7.00000e+00    788s
   925     -3.30780e+01     -6.71500e+00      7.00000e+00    789s
   927     -3.40770e+01     -6.71500e+00      7.00000e+00    791s
   929     -3.30550e+01     -6.71500e+00      7.00000e+00    793s
   931     -3.31980e+01     -6.71500e+00      7.00000e+00    795s
   933     -3.40310e+01     -6.71500e+00      7.00000e+00    796s
   935     -3.35230e+01     -6.71500e+00      7.00000e+00    798s
   937     -3.25770e+01     -6.71500e+00      7.00000e+00    800s
   939     -3.21250e+01     -6.71500e+00      7.00000e+00    802s
   940     -3.29410e+01     -6.71500e+00      7.00000e+00    803s
   942     -3.21290e+01     -6.71500e+00      7.00000e+00    805s
   944     -3.27690e+01     -6.71500e+00      7.00000e+00    806s
   946     -3.31590e+01     -6.71500e+00      7.00000e+00    808s
   948     -3.36720e+01     -6.71500e+00      7.00000e+00    810s
   950     -3.20580e+01     -6.71500e+00      7.00000e+00    812s
   952     -3.27330e+01     -6.71500e+00      7.00000e+00    814s
   954     -3.26100e+01     -6.71500e+00      7.00000e+00    816s
   956     -3.35530e+01     -6.71500e+00      7.00000e+00    817s
   958     -3.32510e+01     -6.71500e+00      7.00000e+00    819s
   959     -3.24770e+01     -6.71500e+00      7.00000e+00    820s
   961     -3.37540e+01     -6.71500e+00      7.00000e+00    822s
   963     -3.27360e+01     -6.71500e+00      7.00000e+00    824s
   965     -3.43000e+01     -6.71500e+00      7.00000e+00    826s
   967     -3.30750e+01     -6.71500e+00      7.00000e+00    828s
   969     -3.24040e+01     -6.71500e+00      7.00000e+00    829s
   971     -3.37010e+01     -6.71500e+00      7.00000e+00    831s
   973     -3.33710e+01     -6.71500e+00      7.00000e+00    833s
   975     -3.34590e+01     -6.71500e+00      7.00000e+00    835s
   977     -3.35950e+01     -6.71500e+00      7.00000e+00    836s
   979     -3.18730e+01     -6.71500e+00      7.00000e+00    838s
   981     -3.32330e+01     -6.71500e+00      7.00000e+00    840s
   983     -3.35290e+01     -6.71500e+00      7.00000e+00    842s
   985     -3.32720e+01     -6.71500e+00      7.00000e+00    844s
   987     -3.32590e+01     -6.71500e+00      7.00000e+00    845s
   989     -3.28460e+01     -6.71500e+00      7.00000e+00    847s
   991     -3.37890e+01     -6.71500e+00      7.00000e+00    849s
   993     -3.31340e+01     -6.71500e+00      7.00000e+00    851s
   995     -3.33420e+01     -6.71500e+00      7.00000e+00    853s
   996     -3.23160e+01     -6.71500e+00      7.00000e+00    854s
   997     -3.35420e+01     -6.71500e+00      7.00000e+00    855s
   999     -3.31760e+01     -6.71500e+00      7.00000e+00    857s
  1001     -3.31900e+01     -6.71500e+00      7.00000e+00    858s
  1003     -3.38570e+01     -6.71500e+00      7.00000e+00    860s
  1005     -3.38400e+01     -6.71500e+00      7.00000e+00    862s
  1007     -3.25800e+01     -6.71500e+00      7.00000e+00    864s
  1009     -3.27210e+01     -6.71500e+00      7.00000e+00    866s
  1011     -3.30940e+01     -6.71500e+00      7.00000e+00    868s
  1013     -3.33480e+01     -6.71500e+00      7.00000e+00    869s
  1015     -3.30310e+01     -6.71500e+00      7.00000e+00    871s
  1017     -3.31140e+01     -6.71500e+00      7.00000e+00    873s
  1019     -3.27560e+01     -6.71500e+00      7.00000e+00    875s
  1021     -3.34970e+01     -6.71500e+00      7.00000e+00    876s
  1023     -3.35660e+01     -6.71500e+00      7.00000e+00    878s
  1025     -3.27280e+01     -6.71500e+00      7.00000e+00    880s
  1026     -3.39320e+01     -6.71500e+00      7.00000e+00    881s
  1028     -3.29080e+01     -6.71500e+00      7.00000e+00    883s
  1030     -3.37680e+01     -6.71500e+00      7.00000e+00    885s
  1032     -3.30170e+01     -6.71500e+00      7.00000e+00    886s
  1034     -3.32020e+01     -6.71500e+00      7.00000e+00    888s
  1036     -3.31720e+01     -6.71500e+00      7.00000e+00    890s
  1038     -3.40280e+01     -6.71500e+00      7.00000e+00    891s
  1040     -3.39270e+01     -6.71500e+00      7.00000e+00    893s
  1042     -3.30850e+01     -6.71500e+00      7.00000e+00    895s
  1044     -3.31850e+01     -6.71500e+00      7.00000e+00    897s
  1046     -3.27060e+01     -6.71500e+00      7.00000e+00    899s
  1048     -3.25480e+01     -6.71500e+00      7.00000e+00    900s
  1050     -3.35250e+01     -6.71500e+00      7.00000e+00    902s
  1052     -3.38300e+01     -6.71500e+00      7.00000e+00    904s
  1054     -3.25270e+01     -6.71500e+00      7.00000e+00    906s
  1056     -3.35450e+01     -6.71500e+00      7.00000e+00    908s
  1058     -3.26090e+01     -6.71500e+00      7.00000e+00    909s
  1060     -3.38360e+01     -6.71500e+00      7.00000e+00    911s
  1062     -3.28340e+01     -6.71500e+00      7.00000e+00    913s
  1064     -3.28970e+01     -6.71500e+00      7.00000e+00    915s
  1066     -3.29780e+01     -6.71500e+00      7.00000e+00    916s
  1068     -3.27780e+01     -6.71500e+00      7.00000e+00    918s
  1070     -3.36540e+01     -6.71500e+00      7.00000e+00    920s
  1072     -3.35180e+01     -6.71500e+00      7.00000e+00    922s
  1073     -3.33060e+01     -6.71500e+00      7.00000e+00    923s
  1075     -3.18970e+01     -6.71500e+00      7.00000e+00    925s
  1077     -3.14420e+01     -6.71500e+00      7.00000e+00    926s
  1079     -3.34520e+01     -6.71500e+00      7.00000e+00    928s
  1081     -3.33100e+01     -6.71500e+00      7.00000e+00    930s
  1083     -3.33760e+01     -6.71500e+00      7.00000e+00    932s
  1085     -3.37170e+01     -6.71500e+00      7.00000e+00    934s
  1087     -3.34240e+01     -6.71500e+00      7.00000e+00    935s
  1089     -3.40160e+01     -6.71500e+00      7.00000e+00    937s
  1091     -3.36080e+01     -6.71500e+00      7.00000e+00    939s
  1092     -3.40720e+01     -6.71500e+00      7.00000e+00    940s
  1094     -3.36530e+01     -6.71500e+00      7.00000e+00    942s
  1096     -3.37200e+01     -6.71500e+00      7.00000e+00    943s
  1098     -3.34820e+01     -6.71500e+00      7.00000e+00    945s
  1100     -3.31260e+01     -6.71500e+00      7.00000e+00    947s
  1102     -3.38340e+01     -6.71500e+00      7.00000e+00    948s
  1104     -3.21830e+01     -6.71500e+00      7.00000e+00    950s
  1106     -3.30420e+01     -6.71500e+00      7.00000e+00    952s
  1108     -3.43750e+01     -6.71500e+00      7.00000e+00    954s
  1110     -3.35780e+01     -6.71500e+00      7.00000e+00    955s
  1112     -3.27820e+01     -6.71500e+00      7.00000e+00    957s
  1114     -3.31820e+01     -6.71500e+00      7.00000e+00    959s
  1116     -3.37540e+01     -6.71500e+00      7.00000e+00    961s
  1118     -3.33110e+01     -6.71500e+00      7.00000e+00    963s
  1120     -3.31310e+01     -6.71500e+00      7.00000e+00    964s
  1122     -3.42650e+01     -6.71500e+00      7.00000e+00    966s
  1124     -3.37600e+01     -6.71500e+00      7.00000e+00    968s
  1126     -3.32040e+01     -6.71500e+00      7.00000e+00    969s
  1128     -3.40670e+01     -6.71500e+00      7.00000e+00    971s
  1130     -3.37970e+01     -6.71500e+00      7.00000e+00    973s
  1132     -3.30670e+01     -6.71500e+00      7.00000e+00    975s
  1134     -3.36240e+01     -6.71500e+00      7.00000e+00    976s
  1136     -3.36810e+01     -6.71500e+00      7.00000e+00    978s
  1138     -3.30180e+01     -6.71500e+00      7.00000e+00    980s
  1140     -3.25220e+01     -6.71500e+00      7.00000e+00    982s
  1142     -3.32320e+01     -6.71500e+00      7.00000e+00    984s
  1144     -3.30340e+01     -6.71500e+00      7.00000e+00    985s
  1146     -3.29640e+01     -6.71500e+00      7.00000e+00    987s
  1148     -3.33790e+01     -6.71500e+00      7.00000e+00    989s
  1149     -3.32030e+01     -6.71500e+00      7.00000e+00    990s
  1151     -3.33630e+01     -6.71500e+00      7.00000e+00    992s
  1153     -3.24020e+01     -6.71500e+00      7.00000e+00    993s
  1155     -3.18280e+01     -6.71500e+00      7.00000e+00    995s
  1157     -3.19800e+01     -6.71500e+00      7.00000e+00    997s
  1159     -3.29050e+01     -6.71500e+00      7.00000e+00    999s
  1161     -3.33830e+01     -6.71500e+00      7.00000e+00   1000s
  1163     -3.31460e+01     -6.71500e+00      7.00000e+00   1002s
  1165     -3.24590e+01     -6.71500e+00      7.00000e+00   1004s
  1167     -3.14260e+01     -6.71500e+00      7.00000e+00   1005s
  1169     -3.24470e+01     -6.71500e+00      7.00000e+00   1007s
  1171     -3.19230e+01     -6.71500e+00      7.00000e+00   1009s
  1173     -3.25690e+01     -6.71500e+00      7.00000e+00   1011s
  1175     -3.26650e+01     -6.71500e+00      7.00000e+00   1013s
  1177     -3.27320e+01     -6.71500e+00      7.00000e+00   1014s
  1178     -3.25210e+01     -6.71500e+00      7.00000e+00   1015s
  1180     -3.29260e+01     -6.71500e+00      7.00000e+00   1017s
  1182     -3.25710e+01     -6.71500e+00      7.00000e+00   1019s
  1184     -3.25030e+01     -6.71500e+00      7.00000e+00   1021s
  1186     -3.26570e+01     -6.71500e+00      7.00000e+00   1022s
  1187     -3.31440e+01     -6.71500e+00      7.00000e+00   1024s
  1189     -3.34160e+01     -6.71500e+00      7.00000e+00   1025s
  1191     -3.18960e+01     -6.71500e+00      7.00000e+00   1027s
  1193     -3.16660e+01     -6.71500e+00      7.00000e+00   1029s
  1195     -3.17020e+01     -6.71500e+00      7.00000e+00   1030s
  1197     -3.18510e+01     -6.71500e+00      7.00000e+00   1032s
  1199     -3.43750e+01     -6.71500e+00      7.00000e+00   1034s
  1201     -3.31180e+01     -6.71500e+00      7.00000e+00   1036s
  1203     -3.24190e+01     -6.71500e+00      7.00000e+00   1038s
  1205     -3.27250e+01     -6.71500e+00      7.00000e+00   1039s
  1207     -3.17050e+01     -6.71500e+00      7.00000e+00   1041s
  1209     -3.21980e+01     -6.71500e+00      7.00000e+00   1043s
  1211     -3.22130e+01     -6.71500e+00      7.00000e+00   1045s
  1213     -3.33250e+01     -6.71500e+00      7.00000e+00   1046s
  1215     -3.39420e+01     -6.71500e+00      7.00000e+00   1048s
  1216     -3.35010e+01     -6.71500e+00      7.00000e+00   1049s
  1218     -3.25450e+01     -6.71500e+00      7.00000e+00   1051s
  1220     -3.17920e+01     -6.71500e+00      7.00000e+00   1053s
  1222     -3.30730e+01     -6.71500e+00      7.00000e+00   1055s
  1224     -3.39280e+01     -6.71500e+00      7.00000e+00   1056s
  1225     -3.26300e+01     -6.71500e+00      7.00000e+00   1057s
  1227     -3.30490e+01     -6.71500e+00      7.00000e+00   1059s
  1229     -3.16940e+01     -6.71500e+00      7.00000e+00   1061s
  1231     -3.27460e+01     -6.71500e+00      7.00000e+00   1063s
  1233     -3.30580e+01     -6.71500e+00      7.00000e+00   1064s
  1235     -3.19590e+01     -6.71500e+00      7.00000e+00   1066s
  1237     -3.31910e+01     -6.71500e+00      7.00000e+00   1068s
  1239     -3.37320e+01     -6.71500e+00      7.00000e+00   1070s
  1241     -3.15440e+01     -6.71500e+00      7.00000e+00   1072s
  1243     -3.25770e+01     -6.71500e+00      7.00000e+00   1073s
  1245     -3.35230e+01     -6.71500e+00      7.00000e+00   1075s
  1247     -3.28310e+01     -6.71500e+00      7.00000e+00   1077s
  1249     -3.35610e+01     -6.71500e+00      7.00000e+00   1078s
  1251     -3.35950e+01     -6.71500e+00      7.00000e+00   1080s
  1253     -3.30330e+01     -6.71500e+00      7.00000e+00   1082s
  1255     -3.24520e+01     -6.71500e+00      7.00000e+00   1084s
  1257     -3.30760e+01     -6.71500e+00      7.00000e+00   1085s
  1259     -3.30330e+01     -6.71500e+00      7.00000e+00   1087s
  1261     -3.26330e+01     -6.71500e+00      7.00000e+00   1089s
  1263     -3.40740e+01     -6.71500e+00      7.00000e+00   1091s
  1265     -3.34110e+01     -6.71500e+00      7.00000e+00   1093s
  1267     -3.31140e+01     -6.71500e+00      7.00000e+00   1094s
  1269     -3.27230e+01     -6.71500e+00      7.00000e+00   1096s
  1271     -3.33270e+01     -6.71500e+00      7.00000e+00   1098s
  1273     -3.34750e+01     -6.71500e+00      7.00000e+00   1100s
  1275     -3.28140e+01     -6.71500e+00      7.00000e+00   1102s
  1277     -3.33550e+01     -6.71500e+00      7.00000e+00   1103s
  1279     -3.17150e+01     -6.71500e+00      7.00000e+00   1105s
  1281     -3.25070e+01     -6.71500e+00      7.00000e+00   1107s
  1283     -3.19740e+01     -6.71500e+00      7.00000e+00   1109s
  1285     -3.31220e+01     -6.71500e+00      7.00000e+00   1111s
  1287     -3.44820e+01     -6.71500e+00      7.00000e+00   1113s
  1288     -3.17590e+01     -6.71500e+00      7.00000e+00   1114s
  1290     -3.28390e+01     -6.71500e+00      7.00000e+00   1116s
  1292     -3.16330e+01     -6.71500e+00      7.00000e+00   1118s
  1294     -3.32980e+01     -6.71500e+00      7.00000e+00   1119s
  1296     -3.18950e+01     -6.71500e+00      7.00000e+00   1121s
  1298     -3.28550e+01     -6.71500e+00      7.00000e+00   1123s
  1300     -3.33670e+01     -6.71500e+00      7.00000e+00   1125s
  1301     -3.33090e+01     -6.71500e+00      7.00000e+00   1126s
  1303     -3.24180e+01     -6.71500e+00      7.00000e+00   1128s
  1305     -3.16020e+01     -6.71500e+00      7.00000e+00   1129s
  1307     -3.19190e+01     -6.71500e+00      7.00000e+00   1131s
  1309     -3.20970e+01     -6.71500e+00      7.00000e+00   1133s
  1311     -3.28250e+01     -6.71500e+00      7.00000e+00   1135s
  1313     -3.30070e+01     -6.71500e+00      7.00000e+00   1137s
  1315     -3.31570e+01     -6.71500e+00      7.00000e+00   1138s
  1317     -3.21190e+01     -6.71500e+00      7.00000e+00   1140s
  1319     -3.32250e+01     -6.71500e+00      7.00000e+00   1142s
  1320     -3.27320e+01     -6.71500e+00      7.00000e+00   1143s
  1322     -3.21370e+01     -6.71500e+00      7.00000e+00   1145s
  1324     -3.30250e+01     -6.71500e+00      7.00000e+00   1146s
  1326     -3.31880e+01     -6.71500e+00      7.00000e+00   1148s
  1328     -3.21310e+01     -6.71500e+00      7.00000e+00   1150s
  1330     -3.24400e+01     -6.71500e+00      7.00000e+00   1151s
  1332     -3.22500e+01     -6.71500e+00      7.00000e+00   1153s
  1334     -3.32150e+01     -6.71500e+00      7.00000e+00   1155s
  1336     -3.29060e+01     -6.71500e+00      7.00000e+00   1157s
  1338     -3.29590e+01     -6.71500e+00      7.00000e+00   1159s
  1339     -3.27760e+01     -6.71500e+00      7.00000e+00   1160s
  1341     -3.20140e+01     -6.71500e+00      7.00000e+00   1161s
  1343     -3.17050e+01     -6.71500e+00      7.00000e+00   1163s
  1345     -3.14690e+01     -6.71500e+00      7.00000e+00   1165s
  1347     -3.20080e+01     -6.71500e+00      7.00000e+00   1166s
  1349     -3.36270e+01     -6.71500e+00      7.00000e+00   1168s
  1351     -3.34070e+01     -6.71500e+00      7.00000e+00   1170s
  1353     -3.31470e+01     -6.71500e+00      7.00000e+00   1172s
  1355     -3.24770e+01     -6.71500e+00      7.00000e+00   1173s
  1357     -3.30520e+01     -6.71500e+00      7.00000e+00   1175s
  1359     -3.31010e+01     -6.71500e+00      7.00000e+00   1177s
  1361     -3.24160e+01     -6.71500e+00      7.00000e+00   1179s
  1363     -3.31780e+01     -6.71500e+00      7.00000e+00   1180s
  1365     -3.35540e+01     -6.71500e+00      7.00000e+00   1182s
  1367     -3.38180e+01     -6.71500e+00      7.00000e+00   1184s
  1368     -3.30200e+01     -6.71500e+00      7.00000e+00   1185s
  1370     -3.29970e+01     -6.71500e+00      7.00000e+00   1187s
  1372     -3.33970e+01     -6.71500e+00      7.00000e+00   1188s
  1374     -3.31590e+01     -6.71500e+00      7.00000e+00   1190s
  1376     -3.29620e+01     -6.71500e+00      7.00000e+00   1192s
  1378     -3.29740e+01     -6.71500e+00      7.00000e+00   1194s
  1380     -3.23890e+01     -6.71500e+00      7.00000e+00   1195s
  1382     -3.21240e+01     -6.71500e+00      7.00000e+00   1197s
  1384     -3.34230e+01     -6.71500e+00      7.00000e+00   1199s
  1386     -3.27990e+01     -6.71500e+00      7.00000e+00   1200s
  1387     -3.33270e+01     -6.71500e+00      7.00000e+00   1201s
  1389     -3.28620e+01     -6.71500e+00      7.00000e+00   1203s
  1391     -3.35250e+01     -6.71500e+00      7.00000e+00   1205s
  1393     -3.24660e+01     -6.71500e+00      7.00000e+00   1207s
  1395     -3.32660e+01     -6.71500e+00      7.00000e+00   1209s
  1397     -3.30750e+01     -6.71500e+00      7.00000e+00   1210s
  1399     -3.35450e+01     -6.71500e+00      7.00000e+00   1212s
  1401     -3.26470e+01     -6.71500e+00      7.00000e+00   1214s
  1403     -3.33170e+01     -6.71500e+00      7.00000e+00   1216s
  1405     -3.26650e+01     -6.71500e+00      7.00000e+00   1217s
  1407     -3.29990e+01     -6.71500e+00      7.00000e+00   1219s
  1409     -3.33760e+01     -6.71500e+00      7.00000e+00   1221s
  1411     -3.31900e+01     -6.71500e+00      7.00000e+00   1223s
  1413     -3.31390e+01     -6.71500e+00      7.00000e+00   1225s
  1415     -3.27700e+01     -6.71500e+00      7.00000e+00   1226s
  1417     -3.29980e+01     -6.71500e+00      7.00000e+00   1228s
  1419     -3.30510e+01     -6.71500e+00      7.00000e+00   1230s
  1421     -3.30370e+01     -6.71500e+00      7.00000e+00   1232s
  1423     -3.37170e+01     -6.71500e+00      7.00000e+00   1233s
  1425     -3.39200e+01     -6.71500e+00      7.00000e+00   1235s
  1427     -3.35560e+01     -6.71500e+00      7.00000e+00   1237s
  1429     -3.32260e+01     -6.71500e+00      7.00000e+00   1239s
  1431     -3.39480e+01     -6.71500e+00      7.00000e+00   1240s
  1433     -3.35540e+01     -6.71500e+00      7.00000e+00   1242s
  1434     -3.35820e+01     -6.71500e+00      7.00000e+00   1243s
  1436     -3.42310e+01     -6.71500e+00      7.00000e+00   1245s
  1438     -3.26580e+01     -6.71500e+00      7.00000e+00   1247s
  1440     -3.36660e+01     -6.71500e+00      7.00000e+00   1248s
  1442     -3.36980e+01     -6.71500e+00      7.00000e+00   1250s
  1444     -3.28640e+01     -6.71500e+00      7.00000e+00   1252s
  1446     -3.25670e+01     -6.71500e+00      7.00000e+00   1254s
  1448     -3.29790e+01     -6.71500e+00      7.00000e+00   1256s
  1450     -3.33220e+01     -6.71500e+00      7.00000e+00   1257s
  1452     -3.36210e+01     -6.71500e+00      7.00000e+00   1259s
  1453     -3.27250e+01     -6.71500e+00      7.00000e+00   1260s
  1455     -3.24620e+01     -6.71500e+00      7.00000e+00   1262s
  1457     -3.28880e+01     -6.71500e+00      7.00000e+00   1264s
  1459     -3.43400e+01     -6.71500e+00      7.00000e+00   1265s
  1461     -3.28670e+01     -6.71500e+00      7.00000e+00   1267s
  1463     -3.27320e+01     -6.71500e+00      7.00000e+00   1269s
  1465     -3.26910e+01     -6.71500e+00      7.00000e+00   1271s
  1467     -3.30890e+01     -6.71500e+00      7.00000e+00   1272s
  1469     -3.24610e+01     -6.71500e+00      7.00000e+00   1274s
  1471     -3.17710e+01     -6.71500e+00      7.00000e+00   1276s
  1473     -3.38830e+01     -6.71500e+00      7.00000e+00   1277s
  1475     -3.30510e+01     -6.71500e+00      7.00000e+00   1279s
  1477     -3.29060e+01     -6.71500e+00      7.00000e+00   1281s
  1479     -3.30640e+01     -6.71500e+00      7.00000e+00   1283s
  1480     -3.37890e+01     -6.71500e+00      7.00000e+00   1284s
  1482     -3.27620e+01     -6.71500e+00      7.00000e+00   1285s
  1484     -3.36820e+01     -6.71500e+00      7.00000e+00   1287s
  1486     -3.16430e+01     -6.71500e+00      7.00000e+00   1289s
  1488     -3.23860e+01     -6.71500e+00      7.00000e+00   1291s
  1490     -3.36520e+01     -6.71500e+00      7.00000e+00   1292s
  1491     -3.34720e+01     -6.71500e+00      7.00000e+00   1293s
  1493     -3.30620e+01     -6.71500e+00      7.00000e+00   1295s
  1495     -3.33000e+01     -6.71500e+00      7.00000e+00   1297s
  1497     -3.36520e+01     -6.71500e+00      7.00000e+00   1298s
  1499     -3.34700e+01     -6.71500e+00      7.00000e+00   1300s
  1501     -3.34190e+01     -6.71500e+00      7.00000e+00   1302s
  1503     -3.36820e+01     -6.71500e+00      7.00000e+00   1304s
  1505     -3.33060e+01     -6.71500e+00      7.00000e+00   1306s
  1507     -3.33670e+01     -6.71500e+00      7.00000e+00   1307s
  1509     -3.37000e+01     -6.71500e+00      7.00000e+00   1309s
  1511     -3.36720e+01     -6.71500e+00      7.00000e+00   1311s
  1512     -3.32620e+01     -6.71500e+00      7.00000e+00   1312s
  1514     -3.30620e+01     -6.71500e+00      7.00000e+00   1314s
  1516     -3.31010e+01     -6.71500e+00      7.00000e+00   1316s
  1518     -3.40260e+01     -6.71500e+00      7.00000e+00   1317s
  1520     -3.35890e+01     -6.71500e+00      7.00000e+00   1319s
  1522     -3.37370e+01     -6.71500e+00      7.00000e+00   1321s
  1524     -3.35170e+01     -6.71500e+00      7.00000e+00   1323s
  1526     -3.28860e+01     -6.71500e+00      7.00000e+00   1324s
  1528     -3.25260e+01     -6.71500e+00      7.00000e+00   1326s
  1530     -3.38340e+01     -6.71500e+00      7.00000e+00   1328s
  1532     -3.37490e+01     -6.71500e+00      7.00000e+00   1330s
  1534     -3.31720e+01     -6.71500e+00      7.00000e+00   1331s
  1536     -3.36290e+01     -6.71500e+00      7.00000e+00   1333s
  1538     -3.35550e+01     -6.71500e+00      7.00000e+00   1335s
  1540     -3.25530e+01     -6.71500e+00      7.00000e+00   1337s
  1542     -3.31810e+01     -6.71500e+00      7.00000e+00   1339s
  1544     -3.28760e+01     -6.71500e+00      7.00000e+00   1340s
  1546     -3.32380e+01     -6.71500e+00      7.00000e+00   1342s
  1548     -3.37300e+01     -6.71500e+00      7.00000e+00   1344s
  1550     -3.33160e+01     -6.71500e+00      7.00000e+00   1346s
  1552     -3.28300e+01     -6.71500e+00      7.00000e+00   1347s
  1554     -3.39820e+01     -6.71500e+00      7.00000e+00   1349s
  1556     -3.35160e+01     -6.71500e+00      7.00000e+00   1351s
  1558     -3.26020e+01     -6.71500e+00      7.00000e+00   1353s
  1560     -3.34330e+01     -6.71500e+00      7.00000e+00   1355s
  1562     -3.28750e+01     -6.71500e+00      7.00000e+00   1356s
  1564     -3.32780e+01     -6.71500e+00      7.00000e+00   1358s
  1566     -3.30350e+01     -6.71500e+00      7.00000e+00   1360s
  1567     -3.36860e+01     -6.71500e+00      7.00000e+00   1361s
  1569     -3.30320e+01     -6.71500e+00      7.00000e+00   1363s
  1571     -3.36800e+01     -6.71500e+00      7.00000e+00   1364s
  1573     -3.35310e+01     -6.71500e+00      7.00000e+00   1366s
  1575     -3.22950e+01     -6.71500e+00      7.00000e+00   1368s
  1577     -3.34410e+01     -6.71500e+00      7.00000e+00   1370s
  1579     -3.40650e+01     -6.71500e+00      7.00000e+00   1371s
  1581     -3.33270e+01     -6.71500e+00      7.00000e+00   1373s
  1583     -3.41180e+01     -6.71500e+00      7.00000e+00   1375s
  1585     -3.32770e+01     -6.71500e+00      7.00000e+00   1376s
  1587     -3.25870e+01     -6.71500e+00      7.00000e+00   1378s
  1589     -3.28780e+01     -6.71500e+00      7.00000e+00   1380s
  1591     -3.31660e+01     -6.71500e+00      7.00000e+00   1382s
  1593     -3.24290e+01     -6.71500e+00      7.00000e+00   1384s
  1595     -3.30710e+01     -6.71500e+00      7.00000e+00   1385s
  1596     -3.26270e+01     -6.71500e+00      7.00000e+00   1386s
  1598     -3.27260e+01     -6.71500e+00      7.00000e+00   1388s
  1600     -3.33960e+01     -6.71500e+00      7.00000e+00   1390s
  1602     -3.32830e+01     -6.71500e+00      7.00000e+00   1391s
  1604     -3.42570e+01     -6.71500e+00      7.00000e+00   1393s
  1606     -3.27560e+01     -6.71500e+00      7.00000e+00   1395s
  1608     -3.28810e+01     -6.71500e+00      7.00000e+00   1397s
  1610     -3.36640e+01     -6.71500e+00      7.00000e+00   1398s
  1612     -3.37440e+01     -6.71500e+00      7.00000e+00   1400s
  1614     -3.43560e+01     -6.71500e+00      7.00000e+00   1402s
  1615     -3.31980e+01     -6.71500e+00      7.00000e+00   1403s
  1616     -3.39640e+01     -6.71500e+00      7.00000e+00   1404s
  1618     -3.33940e+01     -6.71500e+00      7.00000e+00   1406s
  1620     -3.29580e+01     -6.71500e+00      7.00000e+00   1407s
  1622     -3.31710e+01     -6.71500e+00      7.00000e+00   1409s
  1624     -3.31150e+01     -6.71500e+00      7.00000e+00   1411s
  1626     -3.30700e+01     -6.71500e+00      7.00000e+00   1413s
  1628     -3.30150e+01     -6.71500e+00      7.00000e+00   1415s
  1630     -3.24670e+01     -6.71500e+00      7.00000e+00   1416s
  1632     -3.38850e+01     -6.71500e+00      7.00000e+00   1418s
  1634     -3.26200e+01     -6.71500e+00      7.00000e+00   1420s
  1636     -3.43840e+01     -6.71500e+00      7.00000e+00   1422s
  1638     -3.31650e+01     -6.71500e+00      7.00000e+00   1424s
  1640     -3.29950e+01     -6.71500e+00      7.00000e+00   1425s
  1642     -3.41230e+01     -6.71500e+00      7.00000e+00   1427s
  1643     -3.23670e+01     -6.71500e+00      7.00000e+00   1428s
  1645     -3.20430e+01     -6.71500e+00      7.00000e+00   1430s
  1647     -3.34590e+01     -6.71500e+00      7.00000e+00   1431s
  1649     -3.25670e+01     -6.71500e+00      7.00000e+00   1433s
  1651     -3.41860e+01     -6.71500e+00      7.00000e+00   1435s
  1653     -3.32350e+01     -6.71500e+00      7.00000e+00   1437s
  1655     -3.35160e+01     -6.71500e+00      7.00000e+00   1439s
  1657     -3.36030e+01     -6.71500e+00      7.00000e+00   1440s
  1659     -3.34560e+01     -6.71500e+00      7.00000e+00   1442s
  1661     -3.33280e+01     -6.71500e+00      7.00000e+00   1444s
  1663     -3.29300e+01     -6.71500e+00      7.00000e+00   1446s
  1665     -3.27220e+01     -6.71500e+00      7.00000e+00   1447s
  1667     -3.31020e+01     -6.71500e+00      7.00000e+00   1449s
  1669     -3.42390e+01     -6.71500e+00      7.00000e+00   1451s
  1671     -3.42700e+01     -6.71500e+00      7.00000e+00   1452s
  1673     -3.34210e+01     -6.71500e+00      7.00000e+00   1454s
  1675     -3.22640e+01     -6.71500e+00      7.00000e+00   1456s
  1677     -3.36310e+01     -6.71500e+00      7.00000e+00   1458s
  1679     -3.31890e+01     -6.71500e+00      7.00000e+00   1459s
  1681     -3.42500e+01     -6.71500e+00      7.00000e+00   1461s
  1683     -3.29150e+01     -6.71500e+00      7.00000e+00   1463s
  1685     -3.29900e+01     -6.71500e+00      7.00000e+00   1465s
  1687     -3.33360e+01     -6.71500e+00      7.00000e+00   1466s
  1689     -3.31610e+01     -6.71500e+00      7.00000e+00   1468s
  1691     -3.26920e+01     -6.71500e+00      7.00000e+00   1470s
  1693     -3.45860e+01     -6.71500e+00      7.00000e+00   1471s
  1695     -3.32860e+01     -6.71500e+00      7.00000e+00   1473s
  1697     -3.41090e+01     -6.71500e+00      7.00000e+00   1475s
  1698     -3.38990e+01     -6.71500e+00      7.00000e+00   1476s
  1700     -3.32410e+01     -6.71500e+00      7.00000e+00   1478s
  1702     -3.29710e+01     -6.71500e+00      7.00000e+00   1480s
  1704     -3.33390e+01     -6.71500e+00      7.00000e+00   1481s
  1706     -3.29160e+01     -6.71500e+00      7.00000e+00   1483s
  1708     -3.36860e+01     -6.71500e+00      7.00000e+00   1485s
  1710     -3.30970e+01     -6.71500e+00      7.00000e+00   1487s
  1712     -3.39740e+01     -6.71500e+00      7.00000e+00   1488s
  1714     -3.31490e+01     -6.71500e+00      7.00000e+00   1490s
  1716     -3.38790e+01     -6.71500e+00      7.00000e+00   1492s
  1718     -3.35260e+01     -6.71500e+00      7.00000e+00   1493s
  1720     -3.31560e+01     -6.71500e+00      7.00000e+00   1495s
  1722     -3.35030e+01     -6.71500e+00      7.00000e+00   1497s
  1724     -3.36580e+01     -6.71500e+00      7.00000e+00   1499s
  1726     -3.30390e+01     -6.71500e+00      7.00000e+00   1501s
  1728     -3.39350e+01     -6.71500e+00      7.00000e+00   1502s
  1730     -3.32520e+01     -6.71500e+00      7.00000e+00   1504s
  1732     -3.38960e+01     -6.71500e+00      7.00000e+00   1506s
  1734     -3.34610e+01     -6.71500e+00      7.00000e+00   1508s
  1736     -3.35760e+01     -6.71500e+00      7.00000e+00   1509s
  1738     -3.37870e+01     -6.71500e+00      7.00000e+00   1511s
  1740     -3.32790e+01     -6.71500e+00      7.00000e+00   1513s
  1742     -3.32420e+01     -6.71500e+00      7.00000e+00   1515s
  1744     -3.18830e+01     -6.71500e+00      7.00000e+00   1517s
  1746     -3.30990e+01     -6.71500e+00      7.00000e+00   1518s
  1748     -3.29990e+01     -6.71500e+00      7.00000e+00   1520s
  1750     -3.27090e+01     -6.71500e+00      7.00000e+00   1522s
  1752     -3.29060e+01     -6.71500e+00      7.00000e+00   1524s
  1754     -3.19010e+01     -6.71500e+00      7.00000e+00   1526s
  1756     -3.31660e+01     -6.71500e+00      7.00000e+00   1527s
  1758     -3.30630e+01     -6.71500e+00      7.00000e+00   1529s
  1760     -3.37820e+01     -6.71500e+00      7.00000e+00   1531s
  1762     -3.32980e+01     -6.71500e+00      7.00000e+00   1533s
  1764     -3.33680e+01     -6.71500e+00      7.00000e+00   1535s
  1766     -3.31180e+01     -6.71500e+00      7.00000e+00   1536s
  1768     -3.31040e+01     -6.71500e+00      7.00000e+00   1538s
  1770     -3.28500e+01     -6.71500e+00      7.00000e+00   1540s
  1772     -3.26740e+01     -6.71500e+00      7.00000e+00   1542s
  1774     -3.31720e+01     -6.71500e+00      7.00000e+00   1543s
  1776     -3.29480e+01     -6.71500e+00      7.00000e+00   1545s
  1778     -3.25760e+01     -6.71500e+00      7.00000e+00   1547s
  1780     -3.28540e+01     -6.71500e+00      7.00000e+00   1548s
  1782     -3.35460e+01     -6.71500e+00      7.00000e+00   1550s
  1784     -3.33400e+01     -6.71500e+00      7.00000e+00   1552s
  1786     -3.35690e+01     -6.71500e+00      7.00000e+00   1554s
  1788     -3.36930e+01     -6.71500e+00      7.00000e+00   1556s
  1790     -3.31630e+01     -6.71500e+00      7.00000e+00   1557s
  1792     -3.31150e+01     -6.71500e+00      7.00000e+00   1559s
  1794     -3.44000e+01     -6.71500e+00      7.00000e+00   1561s
  1796     -3.33660e+01     -6.71500e+00      7.00000e+00   1563s
  1798     -3.34860e+01     -6.71500e+00      7.00000e+00   1564s
  1800     -3.25490e+01     -6.71500e+00      7.00000e+00   1566s
  1802     -3.29390e+01     -6.71500e+00      7.00000e+00   1568s
  1804     -3.33180e+01     -6.71500e+00      7.00000e+00   1570s
  1805     -3.43200e+01     -6.71500e+00      7.00000e+00   1571s
  1807     -3.32460e+01     -6.71500e+00      7.00000e+00   1573s
  1809     -3.31150e+01     -6.71500e+00      7.00000e+00   1574s
  1811     -3.34250e+01     -6.71500e+00      7.00000e+00   1576s
  1813     -3.30410e+01     -6.71500e+00      7.00000e+00   1578s
  1814     -3.26120e+01     -6.71500e+00      7.00000e+00   1579s
  1816     -3.29100e+01     -6.71500e+00      7.00000e+00   1581s
  1818     -3.33170e+01     -6.71500e+00      7.00000e+00   1583s
  1820     -3.35150e+01     -6.71500e+00      7.00000e+00   1584s
  1822     -3.33480e+01     -6.71500e+00      7.00000e+00   1586s
  1824     -3.26460e+01     -6.71500e+00      7.00000e+00   1588s
  1826     -3.33360e+01     -6.71500e+00      7.00000e+00   1590s
  1828     -3.37660e+01     -6.71500e+00      7.00000e+00   1592s
  1830     -3.31520e+01     -6.71500e+00      7.00000e+00   1593s
  1832     -3.34770e+01     -6.71500e+00      7.00000e+00   1595s
  1834     -3.40600e+01     -6.71500e+00      7.00000e+00   1597s
  1836     -3.33340e+01     -6.71500e+00      7.00000e+00   1599s
  1838     -3.28930e+01     -6.71500e+00      7.00000e+00   1600s
  1840     -3.38360e+01     -6.71500e+00      7.00000e+00   1602s
  1842     -3.41820e+01     -6.71500e+00      7.00000e+00   1604s
  1843     -3.38020e+01     -6.71500e+00      7.00000e+00   1605s
  1845     -3.28940e+01     -6.71500e+00      7.00000e+00   1607s
  1847     -3.40070e+01     -6.71500e+00      7.00000e+00   1609s
  1849     -3.26970e+01     -6.71500e+00      7.00000e+00   1610s
  1851     -3.30380e+01     -6.71500e+00      7.00000e+00   1612s
  1853     -3.38970e+01     -6.71500e+00      7.00000e+00   1614s
  1855     -3.30980e+01     -6.71500e+00      7.00000e+00   1615s
  1857     -3.33190e+01     -6.71500e+00      7.00000e+00   1617s
  1859     -3.35110e+01     -6.71500e+00      7.00000e+00   1619s
  1861     -3.25690e+01     -6.71500e+00      7.00000e+00   1621s
  1863     -3.35260e+01     -6.71500e+00      7.00000e+00   1622s
  1865     -3.25590e+01     -6.71500e+00      7.00000e+00   1624s
  1867     -3.24610e+01     -6.71500e+00      7.00000e+00   1626s
  1869     -3.30760e+01     -6.71500e+00      7.00000e+00   1628s
  1871     -3.38990e+01     -6.71500e+00      7.00000e+00   1630s
  1873     -3.17840e+01     -6.71500e+00      7.00000e+00   1631s
  1875     -3.42130e+01     -6.71500e+00      7.00000e+00   1633s
  1877     -3.25030e+01     -6.71500e+00      7.00000e+00   1635s
  1879     -3.31180e+01     -6.71500e+00      7.00000e+00   1637s
  1881     -3.36140e+01     -6.71500e+00      7.00000e+00   1639s
  1883     -3.35260e+01     -6.71500e+00      7.00000e+00   1641s
  1885     -3.33630e+01     -6.71500e+00      7.00000e+00   1642s
  1887     -3.27870e+01     -6.71500e+00      7.00000e+00   1644s
  1889     -3.32550e+01     -6.71500e+00      7.00000e+00   1646s
  1890     -3.31040e+01     -6.71500e+00      7.00000e+00   1647s
  1892     -3.33950e+01     -6.71500e+00      7.00000e+00   1649s
  1894     -3.33010e+01     -6.71500e+00      7.00000e+00   1651s
  1896     -3.29090e+01     -6.71500e+00      7.00000e+00   1652s
  1898     -3.32620e+01     -6.71500e+00      7.00000e+00   1654s
  1900     -3.30950e+01     -6.71500e+00      7.00000e+00   1656s
  1902     -3.31850e+01     -6.71500e+00      7.00000e+00   1657s
  1904     -3.39330e+01     -6.71500e+00      7.00000e+00   1659s
  1906     -3.34470e+01     -6.71500e+00      7.00000e+00   1661s
  1908     -3.33250e+01     -6.71500e+00      7.00000e+00   1663s
  1909     -3.35300e+01     -6.71500e+00      7.00000e+00   1664s
  1911     -3.32750e+01     -6.71500e+00      7.00000e+00   1665s
  1913     -3.31500e+01     -6.71500e+00      7.00000e+00   1667s
  1915     -3.31180e+01     -6.71500e+00      7.00000e+00   1669s
  1917     -3.33050e+01     -6.71500e+00      7.00000e+00   1671s
  1919     -3.24670e+01     -6.71500e+00      7.00000e+00   1672s
  1921     -3.36810e+01     -6.71500e+00      7.00000e+00   1674s
  1923     -3.37480e+01     -6.71500e+00      7.00000e+00   1676s
  1925     -3.28390e+01     -6.71500e+00      7.00000e+00   1678s
  1927     -3.19410e+01     -6.71500e+00      7.00000e+00   1679s
  1929     -3.24630e+01     -6.71500e+00      7.00000e+00   1681s
  1931     -3.30210e+01     -6.71500e+00      7.00000e+00   1683s
  1933     -3.40000e+01     -6.71500e+00      7.00000e+00   1685s
  1935     -3.23060e+01     -6.71500e+00      7.00000e+00   1687s
  1937     -3.33260e+01     -6.71500e+00      7.00000e+00   1688s
  1939     -3.44010e+01     -6.71500e+00      7.00000e+00   1690s
  1941     -3.37540e+01     -6.71500e+00      7.00000e+00   1692s
  1943     -3.33510e+01     -6.71500e+00      7.00000e+00   1693s
  1945     -3.45050e+01     -6.71500e+00      7.00000e+00   1695s
  1947     -3.35890e+01     -6.71500e+00      7.00000e+00   1697s
  1948     -3.29640e+01     -6.71500e+00      7.00000e+00   1698s
  1950     -3.33930e+01     -6.71500e+00      7.00000e+00   1700s
  1952     -3.39730e+01     -6.71500e+00      7.00000e+00   1702s
  1954     -3.45540e+01     -6.71500e+00      7.00000e+00   1703s
  1956     -3.40330e+01     -6.71500e+00      7.00000e+00   1705s
  1958     -3.48090e+01     -6.71500e+00      7.00000e+00   1707s
  1960     -3.37870e+01     -6.71500e+00      7.00000e+00   1709s
  1962     -3.33960e+01     -6.71500e+00      7.00000e+00   1711s
  1964     -3.34220e+01     -6.71500e+00      7.00000e+00   1712s
  1966     -3.42020e+01     -6.71500e+00      7.00000e+00   1714s
  1968     -3.46580e+01     -6.71500e+00      7.00000e+00   1716s
  1970     -3.48550e+01     -6.71500e+00      7.00000e+00   1718s
  1972     -3.40890e+01     -6.71500e+00      7.00000e+00   1720s
  1974     -3.41010e+01     -6.71500e+00      7.00000e+00   1721s
  1976     -3.32300e+01     -6.71500e+00      7.00000e+00   1723s
  1978     -3.43560e+01     -6.71500e+00      7.00000e+00   1725s
  1980     -3.47430e+01     -6.71500e+00      7.00000e+00   1727s
  1982     -3.49490e+01     -6.71500e+00      7.00000e+00   1729s
  1984     -3.25690e+01     -6.71500e+00      7.00000e+00   1731s
  1986     -3.37390e+01     -6.71500e+00      7.00000e+00   1733s
  1988     -3.35830e+01     -6.71500e+00      7.00000e+00   1734s
  1990     -3.42540e+01     -6.71500e+00      7.00000e+00   1736s
  1992     -3.49250e+01     -6.71500e+00      7.00000e+00   1738s
  1994     -3.42930e+01     -6.71500e+00      7.00000e+00   1739s
  1996     -3.43270e+01     -6.71500e+00      7.00000e+00   1741s
  1998     -3.27360e+01     -6.71500e+00      7.00000e+00   1743s
  2000     -3.31240e+01     -6.71500e+00      7.00000e+00   1745s
  2002     -3.36590e+01     -6.71500e+00      7.00000e+00   1746s
  2004     -3.50300e+01     -6.71500e+00      7.00000e+00   1748s
  2006     -3.39200e+01     -6.71500e+00      7.00000e+00   1750s
  2008     -3.38700e+01     -6.71500e+00      7.00000e+00   1752s
  2010     -3.42540e+01     -6.71500e+00      7.00000e+00   1754s
  2011     -3.33870e+01     -6.71500e+00      7.00000e+00   1755s
  2013     -3.33000e+01     -6.71500e+00      7.00000e+00   1756s
  2014     -3.37340e+01     -6.71500e+00      7.00000e+00   1758s
  2016     -3.38400e+01     -6.71500e+00      7.00000e+00   1759s
  2018     -3.50510e+01     -6.71500e+00      7.00000e+00   1761s
  2020     -3.36640e+01     -6.71500e+00      7.00000e+00   1763s
  2022     -3.36390e+01     -6.71500e+00      7.00000e+00   1765s
  2024     -3.39680e+01     -6.71500e+00      7.00000e+00   1767s
  2026     -3.34760e+01     -6.71500e+00      7.00000e+00   1768s
  2028     -3.38790e+01     -6.71500e+00      7.00000e+00   1770s
  2030     -3.58720e+01     -6.71500e+00      7.00000e+00   1772s
  2032     -3.50590e+01     -6.71500e+00      7.00000e+00   1774s
  2034     -3.43380e+01     -6.71500e+00      7.00000e+00   1775s
  2036     -3.31910e+01     -6.71500e+00      7.00000e+00   1777s
  2038     -3.45900e+01     -6.71500e+00      7.00000e+00   1779s
  2040     -3.39830e+01     -6.71500e+00      7.00000e+00   1781s
  2042     -3.48920e+01     -6.71500e+00      7.00000e+00   1783s
  2044     -3.50240e+01     -6.71500e+00      7.00000e+00   1784s
  2046     -3.49160e+01     -6.71500e+00      7.00000e+00   1786s
  2048     -3.36590e+01     -6.71500e+00      7.00000e+00   1788s
  2050     -3.29850e+01     -6.71500e+00      7.00000e+00   1790s
  2052     -3.42510e+01     -6.71500e+00      7.00000e+00   1792s
  2054     -3.53100e+01     -6.71500e+00      7.00000e+00   1793s
  2056     -3.60380e+01     -6.71500e+00      7.00000e+00   1795s
  2058     -3.56770e+01     -6.71500e+00      7.00000e+00   1797s
  2060     -3.43890e+01     -6.71500e+00      7.00000e+00   1799s
  2061     -3.29190e+01     -6.71500e+00      7.00000e+00   1800s
  2063     -3.40710e+01     -6.71500e+00      7.00000e+00   1802s
  2065     -3.38940e+01     -6.71500e+00      7.00000e+00   1803s
  2067     -3.62270e+01     -6.71500e+00      7.00000e+00   1805s
  2069     -3.55800e+01     -6.71500e+00      7.00000e+00   1807s
  2071     -3.49360e+01     -6.71500e+00      7.00000e+00   1809s
  2073     -3.42650e+01     -6.71500e+00      7.00000e+00   1810s
  2075     -3.13000e+01     -6.71500e+00      7.00000e+00   1812s
  2077     -3.46670e+01     -6.71500e+00      7.00000e+00   1814s
  2079     -3.60850e+01     -6.71500e+00      7.00000e+00   1816s
  2081     -3.62590e+01     -6.71500e+00      7.00000e+00   1817s
  2083     -3.57670e+01     -6.71500e+00      7.00000e+00   1819s
  2085     -3.28440e+01     -6.71500e+00      7.00000e+00   1821s
  2087     -3.29960e+01     -6.71500e+00      7.00000e+00   1822s
  2089     -3.37330e+01     -6.71500e+00      7.00000e+00   1824s
  2091     -3.41370e+01     -6.71500e+00      7.00000e+00   1826s
  2093     -3.66340e+01     -6.71500e+00      7.00000e+00   1828s
  2095     -3.42180e+01     -6.71500e+00      7.00000e+00   1830s
  2097     -3.53290e+01     -6.71500e+00      7.00000e+00   1831s
  2099     -3.44850e+01     -6.71500e+00      7.00000e+00   1833s
  2101     -3.54790e+01     -6.71500e+00      7.00000e+00   1835s
  2103     -3.51160e+01     -6.71500e+00      7.00000e+00   1837s
  2105     -3.86170e+01     -6.71500e+00      7.00000e+00   1839s
  2107     -3.82910e+01     -6.71500e+00      7.00000e+00   1841s
  2109     -3.56850e+01     -6.71500e+00      7.00000e+00   1842s
  2111     -3.42750e+01     -6.71500e+00      7.00000e+00   1844s
  2113     -3.37000e+01     -6.71500e+00      7.00000e+00   1846s
  2115     -3.37190e+01     -6.71500e+00      7.00000e+00   1848s
  2117     -3.79470e+01     -6.71500e+00      7.00000e+00   1850s
  2118     -3.68660e+01     -6.71500e+00      7.00000e+00   1851s
  2120     -3.55340e+01     -6.71500e+00      7.00000e+00   1853s
  2122     -3.48290e+01     -6.71500e+00      7.00000e+00   1854s
  2124     -3.27910e+01     -6.71500e+00      7.00000e+00   1856s
  2126     -3.48720e+01     -6.71500e+00      7.00000e+00   1858s
  2128     -3.60660e+01     -6.71500e+00      7.00000e+00   1860s
  2130     -3.74340e+01     -6.71500e+00      7.00000e+00   1862s
  2132     -3.75380e+01     -6.71500e+00      7.00000e+00   1864s
  2134     -3.50340e+01     -6.71500e+00      7.00000e+00   1865s
  2136     -3.25320e+01     -6.71500e+00      7.00000e+00   1867s
  2138     -3.35700e+01     -6.71500e+00      7.00000e+00   1869s
  2140     -3.47140e+01     -6.71500e+00      7.00000e+00   1871s
  2142     -3.69990e+01     -6.71500e+00      7.00000e+00   1873s
  2144     -3.68780e+01     -6.71500e+00      7.00000e+00   1874s
  2146     -3.55720e+01     -6.71500e+00      7.00000e+00   1876s
  2147     -3.49280e+01     -6.71500e+00      7.00000e+00   1877s
  2149     -3.32580e+01     -6.71500e+00      7.00000e+00   1879s
  2151     -3.38090e+01     -6.71500e+00      7.00000e+00   1881s
  2153     -3.65060e+01     -6.71500e+00      7.00000e+00   1882s
  2155     -3.90070e+01     -6.71500e+00      7.00000e+00   1884s
  2156     -3.79930e+01     -6.71500e+00      7.00000e+00   1885s
  2158     -3.84510e+01     -6.71500e+00      7.00000e+00   1887s
  2160     -3.47870e+01     -6.71500e+00      7.00000e+00   1889s
  2162     -3.34190e+01     -6.71500e+00      7.00000e+00   1891s
  2164     -3.48030e+01     -6.71500e+00      7.00000e+00   1892s
  2166     -3.78940e+01     -6.71500e+00      7.00000e+00   1894s
  2168     -3.97880e+01     -6.71500e+00      7.00000e+00   1896s
  2170     -3.81700e+01     -6.71500e+00      7.00000e+00   1898s
  2172     -3.56430e+01     -6.71500e+00      7.00000e+00   1900s
  2174     -3.33830e+01     -6.71500e+00      7.00000e+00   1901s
  2176     -3.35940e+01     -6.71500e+00      7.00000e+00   1903s
  2178     -3.59390e+01     -6.71500e+00      7.00000e+00   1905s
  2180     -3.93050e+01     -6.71500e+00      7.00000e+00   1907s
  2182     -3.81730e+01     -6.71500e+00      7.00000e+00   1908s
  2184     -3.53410e+01     -6.71500e+00      7.00000e+00   1910s
  2186     -3.30700e+01     -6.71500e+00      7.00000e+00   1912s
  2187     -3.36640e+01     -6.71500e+00      7.00000e+00   1913s
  2189     -3.53080e+01     -6.71500e+00      7.00000e+00   1915s
  2191     -3.72540e+01     -6.71500e+00      7.00000e+00   1917s
  2193     -3.93960e+01     -6.71500e+00      7.00000e+00   1918s
  2194     -3.93770e+01     -6.71500e+00      7.00000e+00   1919s
  2196     -3.68480e+01     -6.71500e+00      7.00000e+00   1921s
  2198     -3.44930e+01     -6.71500e+00      7.00000e+00   1923s
  2200     -3.25640e+01     -6.71500e+00      7.00000e+00   1925s
  2202     -3.51510e+01     -6.71500e+00      7.00000e+00   1927s
  2203     -3.78530e+01     -6.71500e+00      7.00000e+00   1928s
  2205     -4.00710e+01     -6.71500e+00      7.00000e+00   1929s
  2207     -3.95230e+01     -6.71500e+00      7.00000e+00   1930s
  2209     -3.76340e+01     -6.71500e+00      7.00000e+00   1932s
  2211     -3.40670e+01     -6.71500e+00      7.00000e+00   1933s
  2213     -3.35650e+01     -6.71500e+00      7.00000e+00   1935s
  2215     -3.75700e+01     -6.71500e+00      7.00000e+00   1937s
  2217     -4.19280e+01     -6.71500e+00      7.00000e+00   1938s
  2219     -4.18630e+01     -6.71500e+00      7.00000e+00   1940s
  2221     -3.92490e+01     -6.71500e+00      7.00000e+00   1942s
  2223     -3.61110e+01     -6.71500e+00      7.00000e+00   1944s
  2225     -3.26180e+01     -6.71500e+00      7.00000e+00   1946s
  2227     -3.59890e+01     -6.71500e+00      7.00000e+00   1947s
  2229     -3.95000e+01     -6.71500e+00      7.00000e+00   1949s
  2231     -4.13180e+01     -6.71500e+00      7.00000e+00   1951s
  2232     -4.02200e+01     -6.71500e+00      7.00000e+00   1952s
  2234     -3.61860e+01     -6.71500e+00      7.00000e+00   1954s
  2236     -3.27130e+01     -6.71500e+00      7.00000e+00   1956s
  2238     -3.46840e+01     -6.71500e+00      7.00000e+00   1957s
  2240     -3.81610e+01     -6.71500e+00      7.00000e+00   1959s
  2242     -4.25470e+01     -6.71500e+00      7.00000e+00   1961s
  2244     -4.25240e+01     -6.71500e+00      7.00000e+00   1963s
  2246     -3.75650e+01     -6.71500e+00      7.00000e+00   1964s
  2248     -3.33050e+01     -6.71500e+00      7.00000e+00   1966s
  2250     -3.18730e+01     -6.71500e+00      7.00000e+00   1968s
  2251     -3.47400e+01     -6.71500e+00      7.00000e+00   1969s
  2253     -3.79030e+01     -6.71500e+00      7.00000e+00   1971s
  2255     -4.19050e+01     -6.71500e+00      7.00000e+00   1973s
  2257     -4.38270e+01     -6.71500e+00      7.00000e+00   1975s
  2259     -3.93600e+01     -6.71500e+00      7.00000e+00   1976s
  2261     -3.40880e+01     -6.71500e+00      7.00000e+00   1978s
  2263     -3.27710e+01     -6.71500e+00      7.00000e+00   1980s
  2265     -3.75450e+01     -6.71500e+00      7.00000e+00   1982s
  2267     -4.25370e+01     -6.71500e+00      7.00000e+00   1984s
  2269     -4.35880e+01     -6.71500e+00      7.00000e+00   1985s
  2270     -4.28080e+01     -6.71500e+00      7.00000e+00   1986s
  2272     -3.66850e+01     -6.71500e+00      7.00000e+00   1988s
  2274     -3.26810e+01     -6.71500e+00      7.00000e+00   1990s
  2276     -3.45890e+01     -6.71500e+00      7.00000e+00   1992s
  2278     -4.02440e+01     -6.71500e+00      7.00000e+00   1994s
  2280     -4.33100e+01     -6.71500e+00      7.00000e+00   1995s
  2282     -4.31180e+01     -6.71500e+00      7.00000e+00   1997s
  2284     -3.86500e+01     -6.71500e+00      7.00000e+00   1999s
  2286     -3.38640e+01     -6.71500e+00      7.00000e+00   2001s
  2288     -3.36320e+01     -6.71500e+00      7.00000e+00   2002s
  2290     -4.02010e+01     -6.71500e+00      7.00000e+00   2004s
  2292     -4.32210e+01     -6.71500e+00      7.00000e+00   2006s
  2294     -4.44800e+01     -6.71500e+00      7.00000e+00   2008s
  2296     -3.83290e+01     -6.71500e+00      7.00000e+00   2010s
  2298     -3.33680e+01     -6.71500e+00      7.00000e+00   2011s
  2300     -3.33350e+01     -6.71500e+00      7.00000e+00   2013s
  2302     -3.50860e+01     -6.71500e+00      7.00000e+00   2015s
  2304     -4.39040e+01     -6.71500e+00      7.00000e+00   2016s
  2306     -4.90200e+01     -6.71500e+00      7.00000e+00   2018s
  2308     -4.89940e+01     -6.71500e+00      7.00000e+00   2020s
  2310     -4.21070e+01     -6.71500e+00      7.00000e+00   2022s
  2312     -3.43590e+01     -6.71500e+00      7.00000e+00   2024s
  2314     -3.36730e+01     -6.71500e+00      7.00000e+00   2025s
  2316     -3.64330e+01     -6.71500e+00      7.00000e+00   2027s
  2318     -4.26760e+01     -6.71500e+00      7.00000e+00   2029s
  2320     -4.44630e+01     -6.71500e+00      7.00000e+00   2031s
  2322     -4.00550e+01     -6.71500e+00      7.00000e+00   2032s
  2324     -3.29250e+01     -6.71500e+00      7.00000e+00   2034s
  2326     -3.37700e+01     -6.71500e+00      7.00000e+00   2036s
  2328     -4.10540e+01     -6.71500e+00      7.00000e+00   2038s
  2330     -4.71270e+01     -6.71500e+00      7.00000e+00   2040s
  2332     -4.97580e+01     -6.71500e+00      7.00000e+00   2041s
  2334     -4.30880e+01     -6.71500e+00      7.00000e+00   2043s
  2336     -3.55950e+01     -6.71500e+00      7.00000e+00   2045s
  2337     -3.26820e+01     -6.71500e+00      7.00000e+00   2046s
  2339     -3.32660e+01     -6.71500e+00      7.00000e+00   2047s
  2341     -3.74830e+01     -6.71500e+00      7.00000e+00   2049s
  2343     -4.28630e+01     -6.71500e+00      7.00000e+00   2051s
  2345     -4.39510e+01     -6.71500e+00      7.00000e+00   2053s
  2347     -3.68060e+01     -6.71500e+00      7.00000e+00   2054s
  2349     -3.31730e+01     -6.71500e+00      7.00000e+00   2056s
  2351     -4.00350e+01     -6.71500e+00      7.00000e+00   2058s
  2353     -5.63000e+01     -6.71500e+00      7.00000e+00   2060s
  2355     -6.85480e+01     -6.71500e+00      7.00000e+00   2062s
  2357     -7.19960e+01     -6.71500e+00      7.00000e+00   2063s
  2359     -6.00350e+01     -6.71500e+00      7.00000e+00   2065s
  2361     -4.18180e+01     -6.71500e+00      7.00000e+00   2067s
  2363     -2.86990e+01     -6.71500e+00      7.00000e+00   2069s
  2365     -2.52820e+01     -6.71500e+00      7.00000e+00   2070s
  2367     -2.62020e+01     -6.71500e+00      7.00000e+00   2072s
  2369     -2.71500e+01     -6.71500e+00      7.00000e+00   2074s
  2371     -2.61290e+01     -6.71500e+00      7.00000e+00   2076s
  2373     -2.65810e+01     -6.71500e+00      7.00000e+00   2078s
  2375     -3.64440e+01     -6.71500e+00      7.00000e+00   2079s
  2377     -5.22430e+01     -6.71500e+00      7.00000e+00   2081s
  2379     -6.69460e+01     -6.71500e+00      7.00000e+00   2083s
  2381     -7.18820e+01     -6.71500e+00      7.00000e+00   2085s
  2383     -6.36250e+01     -6.71500e+00      7.00000e+00   2086s
  2384     -5.57170e+01     -6.71500e+00      7.00000e+00   2087s
  2386     -3.89620e+01     -6.71500e+00      7.00000e+00   2089s
  2388     -2.70200e+01     -6.71500e+00      7.00000e+00   2091s
  2390     -2.44320e+01     -6.71500e+00      7.00000e+00   2093s
  2392     -2.57760e+01     -6.71500e+00      7.00000e+00   2095s
  2394     -2.77320e+01     -6.71500e+00      7.00000e+00   2096s
  2396     -2.60530e+01     -6.71500e+00      7.00000e+00   2098s
  2398     -2.88440e+01     -6.71500e+00      7.00000e+00   2100s
  2400     -3.24440e+01     -6.71500e+00      7.00000e+00   2102s
  2402     -6.26250e+01     -6.71500e+00      7.00000e+00   2104s
  2404     -8.59520e+01     -6.71500e+00      7.00000e+00   2105s
  2406     -9.35770e+01     -6.71500e+00      7.00000e+00   2107s
  2408     -7.61040e+01     -6.71500e+00      7.00000e+00   2109s
  2410     -5.24930e+01     -6.71500e+00      7.00000e+00   2111s
  2412     -3.51840e+01     -6.71500e+00      7.00000e+00   2112s
  2414     -2.64020e+01     -6.71500e+00      7.00000e+00   2114s
  2416     -2.08070e+01     -6.71500e+00      7.00000e+00   2116s
  2418     -1.54820e+01     -6.71500e+00      7.00000e+00   2118s
  2420     -7.20500e+00     -6.71500e+00      7.00000e+00   2119s
  2422     -9.94700e+00     -6.71500e+00      7.00000e+00   2121s
  2424     -2.72740e+01     -6.71500e+00      7.00000e+00   2123s
  2426     -5.56930e+01     -6.71500e+00      7.00000e+00   2125s
  2428     -8.20350e+01     -6.71500e+00      7.00000e+00   2127s
  2430     -9.25100e+01     -6.71500e+00      7.00000e+00   2128s
  2432     -8.14520e+01     -6.71500e+00      7.00000e+00   2130s
  2434     -5.93500e+01     -6.71500e+00      7.00000e+00   2132s
  2436     -3.83690e+01     -6.71500e+00      7.00000e+00   2134s
  2438     -2.63830e+01     -6.71500e+00      7.00000e+00   2135s
  2439     -2.47990e+01     -6.71500e+00      7.00000e+00   2136s
  2441     -1.97900e+01     -6.71500e+00      7.00000e+00   2138s
  2443     -1.22950e+01     -6.71500e+00      7.00000e+00   2140s
  2445     -7.42500e+00     -6.71500e+00      7.00000e+00   2142s
  2447     -1.19780e+01     -6.71500e+00      7.00000e+00   2144s
  2449     -3.33150e+01     -6.71500e+00      7.00000e+00   2145s
  2451     -3.28470e+01     -6.71500e+00      7.00000e+00   2147s
  2453     -3.33650e+01     -6.71500e+00      7.00000e+00   2149s
  2455     -3.34360e+01     -6.71500e+00      7.00000e+00   2151s
  2457     -3.30890e+01     -6.71500e+00      7.00000e+00   2153s
  2459     -3.28310e+01     -6.71500e+00      7.00000e+00   2154s
  2461     -3.34570e+01     -6.71500e+00      7.00000e+00   2156s
  2463     -3.30870e+01     -6.71500e+00      7.00000e+00   2158s
  2465     -3.35790e+01     -6.71500e+00      7.00000e+00   2160s
  2467     -3.27270e+01     -6.71500e+00      7.00000e+00   2161s
  2469     -3.30910e+01     -6.71500e+00      7.00000e+00   2163s
  2471     -3.32320e+01     -6.71500e+00      7.00000e+00   2165s
  2473     -3.34660e+01     -6.71500e+00      7.00000e+00   2167s
  2475     -3.36020e+01     -6.71500e+00      7.00000e+00   2169s
  2477     -3.31480e+01     -6.71500e+00      7.00000e+00   2171s
  2479     -3.34660e+01     -6.71500e+00      7.00000e+00   2172s
  2481     -3.33810e+01     -6.71500e+00      7.00000e+00   2174s
  2483     -3.46760e+01     -6.71500e+00      7.00000e+00   2176s
  2485     -3.29000e+01     -6.71500e+00      7.00000e+00   2178s
  2487     -3.30970e+01     -6.71500e+00      7.00000e+00   2180s
  2489     -3.33470e+01     -6.71500e+00      7.00000e+00   2181s
  2491     -3.42490e+01     -6.71500e+00      7.00000e+00   2183s
  2493     -3.27310e+01     -6.71500e+00      7.00000e+00   2185s
  2495     -3.28340e+01     -6.71500e+00      7.00000e+00   2187s
  2497     -3.30150e+01     -6.71500e+00      7.00000e+00   2188s
  2498     -3.35560e+01     -6.71500e+00      7.00000e+00   2189s

==================================================
Summary of results QAOA
--------------------------------------------------
Avg of QAOA obj (BQO obj):    1.05
Avg of QAOA obj (penalty):    -7.77
Avg of constraint violation:  1.04

Avg of QAOA obj:              -6.71
STD of QAOA obj:              5.62
Avg of QAOA obj (feasible):   1.22
STD of QAOA obj (feasible):   0.70

Gamma angles:                 0.13
Beta angles:                  3.59

Best QAOA obj:                7.00
Modified best QAOA obj:       7.00
Best QAOA obj (feasible):     7.00

QAOA total time:              2190.36s
QAOA circuit depth:           50
==================================================

==================================================
Summary of results of 0-S8
--------------------------------------------------
Number of vertices:           8
Number of edges:              25

Vertex num in largest comp:   8
Edge num in largest comp:     25

Pre-processing running time:  0.00
Total solver time:            2189.43
Running time:                 2193.74

Upper bound:                  13.00
Objective value:              7.00

Partition 0:                  1, 4, 5, 6, 8       
Partition 1:                  3                   
Partition 2:                  2, 7                
Partition 3:                                      
==================================================
