==================================================
Instance parameters
--------------------------------------------------
Number of vertices:           5
Number of edges:              10
Number of partitions:         4

Density (%):                  100
Name of instance:             seed1_band_pen_1.2
Is planar:                    False
==================================================

==================================================
Solver parameters
--------------------------------------------------
Method:                       QUBO
Peel:                         False
Decompose:                    False
Fold:                         False

QAOA Num Levels:              1
QAOA Scipy Optimizer:         brute
==================================================

  iter        avg-obj        best avg-obj       best-obj      time
     3     -1.00516e+01     -9.37340e+00      5.60000e+00      1s
    10     -9.53480e+00     -9.18200e+00      5.80000e+00      2s
    17     -9.65680e+00     -9.18200e+00      5.80000e+00      3s
    24     -9.58000e+00     -9.17360e+00      5.80000e+00      4s
    31     -9.56620e+00     -9.17360e+00      7.00000e+00      6s
    38     -9.93020e+00     -9.11700e+00      7.00000e+00      7s
    45     -9.68640e+00     -9.11700e+00      7.00000e+00      8s
    52     -3.84240e+00     -3.84240e+00      7.00000e+00      9s
    58     -4.77440e+00     -1.36840e+00      7.00000e+00     10s
    65     -1.56116e+01     -1.36840e+00      7.00000e+00     11s
    72     -1.88382e+01     -1.36840e+00      7.00000e+00     12s
    79     -1.30440e+00     -1.30440e+00      7.00000e+00     13s
    86     -8.39780e+00     -1.30440e+00      7.00000e+00     14s
    93     -2.28374e+01     -1.30440e+00      7.00000e+00     15s
    99     -9.35140e+00     -1.30440e+00      7.00000e+00     16s
   106     -1.41680e+00      5.79200e-01      7.00000e+00     18s
   113     -1.17456e+01      5.79200e-01      7.00000e+00     19s
   120     -3.43274e+01      5.79200e-01      7.00000e+00     20s
   127     -2.52800e-01      5.79200e-01      7.00000e+00     21s
   134     -4.90800e+00      5.79200e-01      7.00000e+00     22s
   141     -2.92318e+01      5.79200e-01      7.00000e+00     23s
   149     -9.36780e+00      5.79200e-01      7.00000e+00     24s
   156     -2.46640e+00      5.79200e-01      7.00000e+00     25s
   163     -1.24390e+01      5.79200e-01      7.00000e+00     26s
   170     -3.42722e+01      5.79200e-01      7.00000e+00     27s
   176     -3.66180e+00      5.79200e-01      7.00000e+00     28s
   183     -3.47300e+00      5.79200e-01      7.00000e+00     29s
   190     -2.61694e+01      5.79200e-01      7.00000e+00     30s
   198     -1.53372e+01      5.79200e-01      7.00000e+00     31s
   205     -4.54840e+00      5.79200e-01      7.00000e+00     32s
   212     -8.96100e+00      5.79200e-01      7.00000e+00     33s
   219     -2.76278e+01      5.79200e-01      7.00000e+00     35s
   226     -6.28680e+00      5.79200e-01      7.00000e+00     36s
   233     -3.63880e+00      5.79200e-01      7.00000e+00     37s
   240     -2.34574e+01      5.79200e-01      7.00000e+00     38s
   247     -1.64862e+01      5.79200e-01      7.00000e+00     39s
   254     -9.93420e+00      5.79200e-01      7.00000e+00     40s
   261     -6.80080e+00      5.79200e-01      7.00000e+00     41s
   268     -2.22412e+01      5.79200e-01      7.00000e+00     42s
   275     -9.19980e+00      5.79200e-01      7.00000e+00     43s
   282     -6.48200e+00      5.79200e-01      7.00000e+00     44s
   289     -1.64040e+01      5.79200e-01      7.00000e+00     45s
   296     -1.42474e+01      5.79200e-01      7.00000e+00     46s
   303     -1.18288e+01      5.79200e-01      7.00000e+00     48s
   309     -7.61820e+00      5.79200e-01      7.00000e+00     49s
   316     -1.65662e+01      5.79200e-01      7.00000e+00     50s
   322     -1.02106e+01      5.79200e-01      7.00000e+00     51s
   328     -1.23436e+01      5.79200e-01      7.00000e+00     52s
   335     -7.49700e+00      5.79200e-01      7.00000e+00     53s
   342     -1.64538e+01      5.79200e-01      7.00000e+00     54s
   348     -9.42080e+00      5.79200e-01      7.00000e+00     55s
   355     -1.30234e+01      5.79200e-01      7.00000e+00     56s
   361     -8.65260e+00      5.79200e-01      7.00000e+00     57s
   368     -1.29170e+01      5.79200e-01      7.00000e+00     58s
   374     -9.44340e+00      5.79200e-01      7.00000e+00     59s
   380     -1.24006e+01      5.79200e-01      7.00000e+00     60s
   387     -9.96140e+00      5.79200e-01      7.00000e+00     62s
   394     -1.20058e+01      5.79200e-01      7.00000e+00     63s
   401     -1.02500e+01      5.79200e-01      7.00000e+00     64s
   408     -1.13982e+01      5.79200e-01      7.00000e+00     65s
   415     -1.05804e+01      5.79200e-01      7.00000e+00     66s
   422     -1.00626e+01      5.79200e-01      7.00000e+00     67s
   428     -1.21804e+01      5.79200e-01      7.00000e+00     68s
   434     -9.53220e+00      5.79200e-01      7.00000e+00     69s
   441     -1.22286e+01      5.79200e-01      7.00000e+00     71s
   448     -9.32840e+00      5.79200e-01      7.00000e+00     72s
   454     -1.11490e+01      5.79200e-01      7.00000e+00     73s
   460     -9.89140e+00      5.79200e-01      7.00000e+00     74s
   467     -1.13552e+01      5.79200e-01      7.00000e+00     75s
   474     -1.01288e+01      5.79200e-01      7.00000e+00     76s
   480     -1.15296e+01      5.79200e-01      7.00000e+00     77s
   487     -9.94060e+00      5.79200e-01      7.00000e+00     78s
   493     -1.14202e+01      5.79200e-01      7.00000e+00     79s
   500     -9.69300e+00      5.79200e-01      7.00000e+00     80s
   507     -1.05592e+01      5.79200e-01      7.00000e+00     81s
   514     -9.59640e+00      5.79200e-01      7.00000e+00     83s
   521     -9.88240e+00      5.79200e-01      7.00000e+00     84s
   527     -9.85080e+00      5.79200e-01      7.00000e+00     85s
   534     -9.74800e+00      5.79200e-01      7.00000e+00     86s
   540     -1.03112e+01      5.79200e-01      7.00000e+00     87s
   546     -9.63780e+00      5.79200e-01      7.00000e+00     88s
   553     -9.34500e+00      5.79200e-01      7.00000e+00     89s
   560     -1.00534e+01      5.79200e-01      7.00000e+00     90s
   567     -9.84740e+00      5.79200e-01      7.00000e+00     91s
   573     -9.29140e+00      5.79200e-01      7.00000e+00     92s
   579     -9.79580e+00      5.79200e-01      7.00000e+00     93s
   585     -1.01474e+01      5.79200e-01      7.00000e+00     94s
   592     -9.82540e+00      5.79200e-01      7.00000e+00     96s
   599     -9.37280e+00      5.79200e-01      7.00000e+00     97s
   606     -9.72500e+00      5.79200e-01      7.00000e+00     98s
   612     -9.67340e+00      5.79200e-01      7.00000e+00     99s
   619     -9.83920e+00      5.79200e-01      7.00000e+00    100s
   626     -9.72900e+00      5.79200e-01      7.00000e+00    101s
   632     -1.00390e+01      5.79200e-01      7.00000e+00    102s
   639     -9.81640e+00      5.79200e-01      7.00000e+00    103s
   646     -9.66600e+00      5.79200e-01      7.00000e+00    105s
   652     -9.60040e+00      5.79200e-01      7.00000e+00    106s
   659     -1.00704e+01      5.79200e-01      7.00000e+00    107s
   665     -9.80460e+00      5.79200e-01      7.00000e+00    108s
   671     -9.89120e+00      5.79200e-01      7.00000e+00    109s
   678     -9.23260e+00      5.79200e-01      7.00000e+00    110s
   684     -9.36700e+00      5.79200e-01      7.00000e+00    111s
   691     -9.79060e+00      5.79200e-01      7.00000e+00    112s
   698     -9.54820e+00      5.79200e-01      7.00000e+00    113s
   705     -8.99820e+00      5.79200e-01      7.00000e+00    114s
   712     -9.49940e+00      5.79200e-01      7.00000e+00    116s
   719     -9.68820e+00      5.79200e-01      7.00000e+00    117s
   726     -9.85400e+00      5.79200e-01      7.00000e+00    118s
   732     -9.69720e+00      5.79200e-01      7.00000e+00    119s
   738     -9.46280e+00      5.79200e-01      7.00000e+00    120s
   745     -1.03022e+01      5.79200e-01      7.00000e+00    121s
   752     -9.71560e+00      5.79200e-01      7.00000e+00    122s
   759     -9.47820e+00      5.79200e-01      7.00000e+00    123s
   766     -9.69460e+00      5.79200e-01      7.00000e+00    125s
   772     -9.67760e+00      5.79200e-01      7.00000e+00    126s
   779     -9.57240e+00      5.79200e-01      7.00000e+00    127s
   785     -9.38900e+00      5.79200e-01      7.00000e+00    128s
   792     -9.64000e+00      5.79200e-01      7.00000e+00    129s
   799     -9.52620e+00      5.79200e-01      7.00000e+00    130s
   806     -9.82520e+00      5.79200e-01      7.00000e+00    131s
   813     -9.52340e+00      5.79200e-01      7.00000e+00    132s
   819     -9.95580e+00      5.79200e-01      7.00000e+00    133s
   825     -9.63920e+00      5.79200e-01      7.00000e+00    134s
   831     -9.64200e+00      5.79200e-01      7.00000e+00    135s
   838     -9.18520e+00      5.79200e-01      7.00000e+00    136s
   844     -9.62700e+00      5.79200e-01      7.00000e+00    138s
   850     -9.85500e+00      5.79200e-01      7.00000e+00    139s
   856     -9.35900e+00      5.79200e-01      7.00000e+00    140s
   863     -9.72900e+00      5.79200e-01      7.00000e+00    141s
   869     -9.36480e+00      5.79200e-01      7.00000e+00    142s
   875     -9.79160e+00      5.79200e-01      7.00000e+00    143s
   882     -9.44440e+00      5.79200e-01      7.00000e+00    144s
   889     -9.13740e+00      5.79200e-01      7.00000e+00    145s
   895     -9.94240e+00      5.79200e-01      7.00000e+00    146s
   901     -9.56600e+00      5.79200e-01      7.00000e+00    147s
   908     -9.17080e+00      5.79200e-01      7.00000e+00    148s
   914     -9.77940e+00      5.79200e-01      7.00000e+00    149s
   921     -9.16100e+00      5.79200e-01      7.00000e+00    150s
   928     -9.32880e+00      5.79200e-01      7.00000e+00    152s
   935     -9.32080e+00      5.79200e-01      7.00000e+00    153s
   942     -9.49140e+00      5.79200e-01      7.00000e+00    154s
   948     -9.57320e+00      5.79200e-01      7.00000e+00    155s
   954     -9.33440e+00      5.79200e-01      7.00000e+00    156s
   960     -9.32440e+00      5.79200e-01      7.00000e+00    157s
   967     -9.31860e+00      5.79200e-01      7.00000e+00    158s
   974     -9.28680e+00      5.79200e-01      7.00000e+00    159s
   981     -9.69860e+00      5.79200e-01      7.00000e+00    160s
   988     -9.36140e+00      5.79200e-01      7.00000e+00    162s
   995     -9.25520e+00      5.79200e-01      7.00000e+00    163s
  1002     -9.91700e+00      5.79200e-01      7.00000e+00    164s
  1009     -1.05056e+01      5.79200e-01      7.00000e+00    165s
  1016     -1.08312e+01      5.79200e-01      7.00000e+00    166s
  1023     -1.00218e+01      5.79200e-01      7.00000e+00    167s
  1030     -1.11734e+01      5.79200e-01      7.00000e+00    168s
  1037     -9.24800e+00      5.79200e-01      7.00000e+00    169s
  1043     -1.19748e+01      5.79200e-01      7.00000e+00    170s
  1049     -9.50580e+00      5.79200e-01      7.00000e+00    171s
  1056     -1.21952e+01      5.79200e-01      7.00000e+00    173s
  1063     -9.70960e+00      5.79200e-01      7.00000e+00    174s
  1070     -1.18650e+01      5.79200e-01      7.00000e+00    175s
  1076     -1.02304e+01      5.79200e-01      7.00000e+00    176s
  1083     -1.18454e+01      5.79200e-01      7.00000e+00    177s
  1089     -1.07754e+01      5.79200e-01      7.00000e+00    178s
  1096     -1.11552e+01      5.79200e-01      7.00000e+00    179s
  1102     -1.00994e+01      5.79200e-01      7.00000e+00    180s
  1109     -1.07692e+01      5.79200e-01      7.00000e+00    181s
  1116     -1.16970e+01      5.79200e-01      7.00000e+00    182s
  1123     -1.04688e+01      5.79200e-01      7.00000e+00    183s
  1129     -1.16770e+01      5.79200e-01      7.00000e+00    184s
  1136     -9.33480e+00      5.79200e-01      7.00000e+00    185s
  1143     -1.33404e+01      5.79200e-01      7.00000e+00    186s
  1149     -9.94760e+00      5.79200e-01      7.00000e+00    187s
  1155     -1.03174e+01      5.79200e-01      7.00000e+00    188s
  1161     -9.44820e+00      5.79200e-01      7.00000e+00    190s
  1167     -1.07484e+01      5.79200e-01      7.00000e+00    191s
  1173     -9.91340e+00      5.79200e-01      7.00000e+00    192s
  1179     -1.05932e+01      5.79200e-01      7.00000e+00    193s
  1185     -9.98340e+00      5.79200e-01      7.00000e+00    194s
  1192     -1.11118e+01      5.79200e-01      7.00000e+00    195s
  1199     -9.37380e+00      5.79200e-01      7.00000e+00    196s
  1205     -1.00498e+01      5.79200e-01      7.00000e+00    197s
  1212     -9.70300e+00      5.79200e-01      7.00000e+00    198s
  1218     -1.00250e+01      5.79200e-01      7.00000e+00    199s
  1224     -9.68540e+00      5.79200e-01      7.00000e+00    200s
  1231     -9.77180e+00      5.79200e-01      7.00000e+00    201s
  1237     -9.06840e+00      5.79200e-01      7.00000e+00    202s
  1243     -9.77400e+00      5.79200e-01      7.00000e+00    203s
  1249     -9.59320e+00      5.79200e-01      7.00000e+00    204s
  1255     -9.57600e+00      5.79200e-01      7.00000e+00    205s
  1261     -9.46400e+00      5.79200e-01      7.00000e+00    206s
  1268     -9.73960e+00      5.79200e-01      7.00000e+00    208s
  1275     -1.01330e+01      5.79200e-01      7.00000e+00    209s
  1282     -9.34100e+00      5.79200e-01      7.00000e+00    210s
  1289     -9.54960e+00      5.79200e-01      7.00000e+00    211s
  1295     -9.35560e+00      5.79200e-01      7.00000e+00    212s
  1301     -9.30380e+00      5.79200e-01      7.00000e+00    213s
  1307     -9.26740e+00      5.79200e-01      7.00000e+00    214s
  1314     -9.58040e+00      5.79200e-01      7.00000e+00    215s
  1321     -9.52940e+00      5.79200e-01      7.00000e+00    216s
  1327     -9.60440e+00      5.79200e-01      7.00000e+00    217s
  1334     -9.49700e+00      5.79200e-01      7.00000e+00    219s
  1340     -9.59940e+00      5.79200e-01      7.00000e+00    220s
  1346     -9.59860e+00      5.79200e-01      7.00000e+00    221s
  1352     -9.43160e+00      5.79200e-01      7.00000e+00    222s
  1359     -9.80300e+00      5.79200e-01      7.00000e+00    223s
  1365     -9.44320e+00      5.79200e-01      7.00000e+00    224s
  1371     -9.60640e+00      5.79200e-01      7.00000e+00    225s
  1377     -9.81860e+00      5.79200e-01      7.00000e+00    226s
  1384     -1.00406e+01      5.79200e-01      7.00000e+00    227s
  1391     -9.34840e+00      5.79200e-01      7.00000e+00    228s
  1397     -9.27840e+00      5.79200e-01      7.00000e+00    229s
  1403     -1.00878e+01      5.79200e-01      7.00000e+00    230s
  1410     -9.66400e+00      5.79200e-01      7.00000e+00    231s
  1417     -1.01870e+01      5.79200e-01      7.00000e+00    233s
  1423     -1.00034e+01      5.79200e-01      7.00000e+00    234s
  1429     -9.52500e+00      5.79200e-01      7.00000e+00    235s
  1436     -9.75200e+00      5.79200e-01      7.00000e+00    236s
  1442     -9.78680e+00      5.79200e-01      7.00000e+00    237s
  1448     -9.80620e+00      5.79200e-01      7.00000e+00    238s
  1454     -9.76080e+00      5.79200e-01      7.00000e+00    239s
  1461     -9.47100e+00      5.79200e-01      7.00000e+00    240s
  1467     -8.99120e+00      5.79200e-01      7.00000e+00    241s
  1473     -9.38340e+00      5.79200e-01      7.00000e+00    242s
  1480     -9.66680e+00      5.79200e-01      7.00000e+00    243s
  1486     -9.77560e+00      5.79200e-01      7.00000e+00    244s
  1492     -1.01966e+01      5.79200e-01      7.00000e+00    245s
  1498     -9.46140e+00      5.79200e-01      7.00000e+00    246s
  1504     -9.33180e+00      5.79200e-01      7.00000e+00    248s
  1510     -9.11520e+00      5.79200e-01      7.00000e+00    249s
  1517     -9.94560e+00      5.79200e-01      7.00000e+00    250s
  1523     -9.45660e+00      5.79200e-01      7.00000e+00    251s
  1529     -9.34460e+00      5.79200e-01      7.00000e+00    252s
  1535     -1.00098e+01      5.79200e-01      7.00000e+00    253s
  1541     -9.39600e+00      5.79200e-01      7.00000e+00    254s
  1547     -9.42260e+00      5.79200e-01      7.00000e+00    255s
  1553     -9.56900e+00      5.79200e-01      7.00000e+00    256s
  1560     -9.49080e+00      5.79200e-01      7.00000e+00    257s
  1566     -9.43720e+00      5.79200e-01      7.00000e+00    258s
  1573     -9.25660e+00      5.79200e-01      7.00000e+00    259s
  1579     -9.88200e+00      5.79200e-01      7.00000e+00    260s
  1585     -9.66920e+00      5.79200e-01      7.00000e+00    261s
  1591     -9.51820e+00      5.79200e-01      7.00000e+00    262s
  1597     -9.72360e+00      5.79200e-01      7.00000e+00    264s
  1604     -1.00078e+01      5.79200e-01      7.00000e+00    265s
  1611     -1.00018e+01      5.79200e-01      7.00000e+00    266s
  1617     -1.00086e+01      5.79200e-01      7.00000e+00    267s
  1623     -9.38480e+00      5.79200e-01      7.00000e+00    268s
  1630     -9.34300e+00      5.79200e-01      7.00000e+00    269s
  1637     -9.16840e+00      5.79200e-01      7.00000e+00    270s
  1644     -9.77600e+00      5.79200e-01      7.00000e+00    271s
  1650     -9.59260e+00      5.79200e-01      7.00000e+00    273s
  1657     -9.54220e+00      5.79200e-01      7.00000e+00    274s
  1663     -9.49820e+00      5.79200e-01      7.00000e+00    275s
  1669     -9.81880e+00      5.79200e-01      7.00000e+00    276s
  1676     -9.81720e+00      5.79200e-01      7.00000e+00    277s
  1682     -9.36100e+00      5.79200e-01      7.00000e+00    278s
  1688     -9.42100e+00      5.79200e-01      7.00000e+00    279s
  1694     -9.91980e+00      5.79200e-01      7.00000e+00    280s
  1700     -9.90980e+00      5.79200e-01      7.00000e+00    281s
  1706     -9.51000e+00      5.79200e-01      7.00000e+00    282s
  1712     -9.33260e+00      5.79200e-01      7.00000e+00    283s
  1718     -9.43480e+00      5.79200e-01      7.00000e+00    284s
  1725     -9.59480e+00      5.79200e-01      7.00000e+00    285s
  1731     -9.60160e+00      5.79200e-01      7.00000e+00    287s
  1738     -9.26320e+00      5.79200e-01      7.00000e+00    288s
  1744     -9.44300e+00      5.79200e-01      7.00000e+00    289s
  1750     -9.54560e+00      5.79200e-01      7.00000e+00    290s
  1756     -1.01590e+01      5.79200e-01      7.00000e+00    291s
  1762     -9.92940e+00      5.79200e-01      7.00000e+00    292s
  1768     -9.49620e+00      5.79200e-01      7.00000e+00    293s
  1774     -9.69440e+00      5.79200e-01      7.00000e+00    294s
  1781     -1.01764e+01      5.79200e-01      7.00000e+00    295s
  1787     -9.39260e+00      5.79200e-01      7.00000e+00    296s
  1794     -9.58820e+00      5.79200e-01      7.00000e+00    297s
  1800     -9.81540e+00      5.79200e-01      7.00000e+00    298s
  1806     -1.05246e+01      5.79200e-01      7.00000e+00    299s
  1812     -9.41940e+00      5.79200e-01      7.00000e+00    300s
  1818     -9.23720e+00      5.79200e-01      7.00000e+00    302s
  1824     -9.37160e+00      5.79200e-01      7.00000e+00    303s
  1830     -1.04918e+01      5.79200e-01      7.00000e+00    304s
  1837     -9.35720e+00      5.79200e-01      7.00000e+00    305s
  1843     -9.55660e+00      5.79200e-01      7.00000e+00    306s
  1849     -9.56120e+00      5.79200e-01      7.00000e+00    307s
  1855     -1.11722e+01      5.79200e-01      7.00000e+00    308s
  1861     -1.02226e+01      5.79200e-01      7.00000e+00    309s
  1867     -7.88700e+00      5.79200e-01      7.00000e+00    310s
  1873     -9.47120e+00      5.79200e-01      7.00000e+00    311s
  1879     -1.13608e+01      5.79200e-01      7.00000e+00    312s
  1885     -1.13054e+01      5.79200e-01      7.00000e+00    313s
  1891     -7.59480e+00      5.79200e-01      7.00000e+00    315s
  1898     -9.71540e+00      5.79200e-01      7.00000e+00    316s
  1904     -1.25466e+01      5.79200e-01      7.00000e+00    317s
  1910     -1.29146e+01      5.79200e-01      7.00000e+00    318s
  1916     -6.50720e+00      5.79200e-01      7.00000e+00    319s
  1922     -8.05400e+00      5.79200e-01      7.00000e+00    320s
  1929     -1.34838e+01      5.79200e-01      7.00000e+00    321s
  1936     -1.09938e+01      5.79200e-01      7.00000e+00    322s
  1942     -6.34100e+00      5.79200e-01      7.00000e+00    323s
  1949     -9.70380e+00      5.79200e-01      7.00000e+00    324s
  1955     -1.72518e+01      5.79200e-01      7.00000e+00    325s
  1961     -1.16980e+01      5.79200e-01      7.00000e+00    326s
  1967     -4.27020e+00      5.79200e-01      7.00000e+00    327s
  1974     -8.73700e+00      5.79200e-01      7.00000e+00    329s
  1981     -1.75822e+01      5.79200e-01      7.00000e+00    330s
  1988     -7.57080e+00      5.79200e-01      7.00000e+00    331s
  1995     -5.33060e+00      5.79200e-01      7.00000e+00    332s
  2001     -1.21352e+01      5.79200e-01      7.00000e+00    333s
  2008     -1.93804e+01      5.79200e-01      7.00000e+00    334s
  2015     -5.02120e+00      5.79200e-01      7.00000e+00    335s
  2022     -5.15960e+00      5.79200e-01      7.00000e+00    336s
  2028     -1.86050e+01      5.79200e-01      7.00000e+00    337s
  2034     -1.56220e+01      5.79200e-01      7.00000e+00    339s
  2041     -3.48200e+00      5.79200e-01      7.00000e+00    340s
  2048     -7.57420e+00      5.79200e-01      7.00000e+00    341s
  2054     -1.91374e+01      5.79200e-01      7.00000e+00    342s
  2061     -1.24432e+01      5.79200e-01      7.00000e+00    343s
  2068     -3.96460e+00      5.79200e-01      7.00000e+00    344s
  2074     -8.23440e+00      5.79200e-01      7.00000e+00    345s
  2081     -2.12644e+01      5.79200e-01      7.00000e+00    346s
  2088     -7.34500e+00      5.79200e-01      7.00000e+00    347s
  2095     -4.09940e+00      5.79200e-01      7.00000e+00    348s
  2101     -1.07108e+01      5.79200e-01      7.00000e+00    350s
  2108     -1.65670e+01      5.79200e-01      7.00000e+00    351s
  2114     -7.39680e+00      5.79200e-01      7.00000e+00    352s
  2120     -7.45740e+00      5.79200e-01      7.00000e+00    353s
  2126     -1.17074e+01      5.79200e-01      7.00000e+00    354s
  2132     -1.73760e+01      5.79200e-01      7.00000e+00    355s
  2138     -7.48060e+00      5.79200e-01      7.00000e+00    356s
  2144     -7.19800e+00      5.79200e-01      7.00000e+00    357s
  2151     -8.58340e+00      5.79200e-01      7.00000e+00    358s
  2158     -1.27194e+01      5.79200e-01      7.00000e+00    359s
  2164     -8.36100e+00      5.79200e-01      7.00000e+00    360s
  2170     -1.42194e+01      5.79200e-01      7.00000e+00    361s
  2176     -8.21260e+00      5.79200e-01      7.00000e+00    362s
  2183     -1.31800e+01      5.79200e-01      7.00000e+00    364s
  2189     -8.62420e+00      5.79200e-01      7.00000e+00    365s
  2195     -1.32644e+01      5.79200e-01      7.00000e+00    366s
  2201     -6.75820e+00      5.79200e-01      7.00000e+00    367s
  2207     -8.93920e+00      5.79200e-01      7.00000e+00    368s
  2213     -9.52740e+00      5.79200e-01      7.00000e+00    369s
  2219     -2.04544e+01      5.79200e-01      7.00000e+00    370s
  2226     -5.79520e+00      5.79200e-01      7.00000e+00    371s
  2233     -1.02218e+01      5.79200e-01      7.00000e+00    372s
  2239     -1.10400e+01      5.79200e-01      7.00000e+00    373s
  2246     -1.86704e+01      5.79200e-01      7.00000e+00    374s
  2252     -4.08600e+00      5.79200e-01      7.00000e+00    376s
  2258     -9.09840e+00      5.79200e-01      7.00000e+00    377s
  2265     -1.47972e+01      5.79200e-01      7.00000e+00    378s
  2272     -1.97002e+01      5.79200e-01      7.00000e+00    379s
  2278     -3.54300e+00      5.79200e-01      7.00000e+00    380s
  2284     -9.37420e+00      5.79200e-01      7.00000e+00    381s
  2290     -1.58996e+01      5.79200e-01      7.00000e+00    382s
  2296     -2.17098e+01      5.79200e-01      7.00000e+00    383s
  2302     -5.47680e+00      5.79200e-01      7.00000e+00    384s
  2308     -9.53160e+00      5.79200e-01      7.00000e+00    385s
  2314     -1.29482e+01      5.79200e-01      7.00000e+00    386s
  2320     -2.34060e+01      5.79200e-01      7.00000e+00    387s
  2326     -6.65660e+00      5.79200e-01      7.00000e+00    388s
  2333     -8.50940e+00      5.79200e-01      7.00000e+00    389s
  2340     -1.78206e+01      5.79200e-01      7.00000e+00    390s
  2346     -2.04794e+01      5.79200e-01      7.00000e+00    391s
  2353     -9.45600e+00      5.79200e-01      7.00000e+00    393s
  2359     -9.49280e+00      5.79200e-01      7.00000e+00    394s
  2365     -1.62958e+01      5.79200e-01      7.00000e+00    395s
  2372     -1.47828e+01      5.79200e-01      7.00000e+00    396s
  2378     -1.03260e+01      5.79200e-01      7.00000e+00    397s
  2385     -8.62940e+00      5.79200e-01      7.00000e+00    398s
  2391     -1.99766e+01      5.79200e-01      7.00000e+00    399s
  2398     -1.14594e+01      5.79200e-01      7.00000e+00    400s
  2405     -1.60810e+01      5.79200e-01      7.00000e+00    401s
  2411     -9.03500e+00      5.79200e-01      7.00000e+00    402s
  2418     -2.02146e+01      5.79200e-01      7.00000e+00    403s
  2425     -9.82340e+00      5.79200e-01      7.00000e+00    405s
  2432     -1.41734e+01      5.79200e-01      7.00000e+00    406s
  2438     -1.15886e+01      5.79200e-01      7.00000e+00    407s
  2445     -1.60322e+01      5.79200e-01      7.00000e+00    408s
  2452     -1.21482e+01      5.79200e-01      7.00000e+00    409s
  2459     -1.10792e+01      5.79200e-01      7.00000e+00    410s
  2466     -1.48958e+01      5.79200e-01      7.00000e+00    411s
  2473     -9.68640e+00      5.79200e-01      7.00000e+00    412s
  2480     -1.49926e+01      5.79200e-01      7.00000e+00    413s
  2487     -9.69500e+00      5.79200e-01      7.00000e+00    414s
  2494     -1.51620e+01      5.79200e-01      7.00000e+00    416s

==================================================
Summary of results QAOA
--------------------------------------------------
Avg of QAOA obj (BQO obj):    3.05
Avg of QAOA obj (penalty):    -2.47
Avg of constraint violation:  1.81

Avg of QAOA obj:              0.58
STD of QAOA obj:              2.49
Avg of QAOA obj (feasible):   4.18
STD of QAOA obj (feasible):   0.52

Gamma angles:                 0.26
Beta angles:                  0.51

Best QAOA obj:                7.00
Modified best QAOA obj:       7.00
Best QAOA obj (feasible):     7.00

QAOA total time:              416.44s
QAOA circuit depth:           15
==================================================

==================================================
Summary of results of 0-S5
--------------------------------------------------
Number of vertices:           5
Number of edges:              10

Vertex num in largest comp:   5
Edge num in largest comp:     10

Pre-processing running time:  0.00
Total solver time:            415.60
Running time:                 418.67

Upper bound:                  7.00
Objective value:              7.00

Partition 0:                  1, 4, 5             
Partition 1:                                      
Partition 2:                  3                   
Partition 3:                  2                   
==================================================
