==================================================
Instance parameters
--------------------------------------------------
Number of vertices:           8
Number of edges:              22
Number of partitions:         3

Density (%):                  79
Name of instance:             seed1_band_pen1.2
Is planar:                    False
==================================================

==================================================
Solver parameters
--------------------------------------------------
Method:                       R-QUBO
Peel:                         False
Decompose:                    False
Fold:                         False

QAOA Num Levels:              1
QAOA Scipy Optimizer:         brute
==================================================

  iter        avg-obj        best avg-obj       best-obj      time
     0     -1.06758e+01     -1.06758e+01      8.00000e+00      3s
     2     -1.09080e+01     -1.06758e+01      8.00000e+00      4s
     5     -1.07532e+01     -1.06758e+01      8.00000e+00      6s
     7     -1.06044e+01     -1.06044e+01      8.00000e+00      7s
     9     -1.06600e+01     -1.06044e+01      8.00000e+00      8s
    11     -1.03976e+01     -1.03976e+01      8.00000e+00     10s
    13     -1.05176e+01     -1.03976e+01      8.00000e+00     11s
    15     -1.11418e+01     -1.03976e+01      8.00000e+00     12s
    18     -1.09544e+01     -1.03976e+01      8.00000e+00     14s
    20     -1.12892e+01     -1.03976e+01      8.00000e+00     16s
    23     -1.09262e+01     -1.03976e+01      8.00000e+00     17s
    25     -1.06832e+01     -1.03976e+01      8.00000e+00     18s
    27     -1.11456e+01     -1.03948e+01      8.00000e+00     19s
    30     -1.05214e+01     -1.03948e+01      8.00000e+00     21s
    32     -1.08776e+01     -1.03948e+01      8.00000e+00     22s
    34     -1.09458e+01     -1.03948e+01      8.00000e+00     23s
    37     -1.09296e+01     -1.03948e+01      8.00000e+00     24s
    39     -1.09532e+01     -1.03948e+01      8.00000e+00     25s
    41     -1.10606e+01     -1.03948e+01      8.00000e+00     26s
    43     -1.09878e+01     -1.03948e+01      8.00000e+00     27s
    45     -1.11710e+01     -1.03948e+01      8.00000e+00     29s
    47     -1.11334e+01     -1.03948e+01      8.00000e+00     31s
    49     -1.12832e+01     -1.03948e+01      8.00000e+00     33s
    51     -7.00020e+00     -7.00020e+00      8.00000e+00     34s
    53     -2.32940e+00     -2.32940e+00      8.00000e+00     36s
    55     -2.20740e+00     -1.94560e+00      8.00000e+00     37s
    57     -5.98460e+00     -1.94560e+00      8.00000e+00     39s
    59     -8.86640e+00     -1.94560e+00      8.00000e+00     41s
    60     -9.71140e+00     -1.94560e+00      8.00000e+00     42s
    62     -1.01992e+01     -1.94560e+00      8.00000e+00     44s
    64     -1.26312e+01     -1.94560e+00      8.00000e+00     45s
    67     -1.89832e+01     -1.94560e+00      8.00000e+00     46s
    69     -2.32816e+01     -1.94560e+00      8.00000e+00     48s
    71     -2.29054e+01     -1.94560e+00      8.00000e+00     49s
    74     -1.33344e+01     -1.94560e+00      8.00000e+00     50s
    76     -5.22260e+00     -1.94560e+00      8.00000e+00     51s
    78     -1.83860e+00     -1.83860e+00      8.00000e+00     52s
    80     -3.15280e+00     -1.83860e+00      8.00000e+00     53s
    83     -8.39020e+00     -1.83860e+00      8.00000e+00     55s
    86     -1.10984e+01     -1.83860e+00      8.00000e+00     57s
    88     -1.18776e+01     -1.83860e+00      8.00000e+00     58s
    90     -1.53878e+01     -1.83860e+00      8.00000e+00     60s
    92     -2.07006e+01     -1.83860e+00      8.00000e+00     62s
    94     -2.35608e+01     -1.83860e+00      8.00000e+00     63s
    96     -2.22852e+01     -1.83860e+00      8.00000e+00     64s
    98     -1.47946e+01     -1.83860e+00      8.00000e+00     65s
   100     -1.08454e+01     -1.83860e+00      8.00000e+00     67s
   103     -3.89000e+00     -1.83860e+00      8.00000e+00     68s
   105     -5.15680e+00     -1.83860e+00      8.00000e+00     70s
   107     -8.59020e+00     -1.83860e+00      8.00000e+00     71s
   109     -1.07762e+01     -1.83860e+00      8.00000e+00     73s
   111     -1.11510e+01     -1.83860e+00      8.00000e+00     74s
   114     -1.30860e+01     -1.83860e+00      8.00000e+00     75s
   116     -1.99918e+01     -1.83860e+00      8.00000e+00     76s
   118     -2.55136e+01     -1.83860e+00      8.00000e+00     77s
   121     -2.53198e+01     -1.83860e+00      8.00000e+00     78s
   123     -1.73410e+01     -1.83860e+00      8.00000e+00     80s
   125     -8.66500e+00     -1.83860e+00      8.00000e+00     81s
   127     -4.00820e+00     -1.83860e+00      8.00000e+00     82s
   130     -5.95280e+00     -1.83860e+00      8.00000e+00     83s
   133     -1.03374e+01     -1.83860e+00      8.00000e+00     84s
   135     -1.06356e+01     -1.83860e+00      8.00000e+00     86s
   138     -1.22826e+01     -1.83860e+00      8.00000e+00     87s
   140     -1.81592e+01     -1.83860e+00      8.00000e+00     89s
   142     -2.52752e+01     -1.83860e+00      8.00000e+00     90s
   145     -2.61600e+01     -1.83860e+00      8.00000e+00     91s
   148     -1.60456e+01     -1.83860e+00      8.00000e+00     93s
   150     -1.10554e+01     -1.83860e+00      8.00000e+00     94s
   152     -9.76160e+00     -1.83860e+00      8.00000e+00     96s
   155     -1.19128e+01     -1.83860e+00      8.00000e+00     97s
   158     -1.27994e+01     -1.83860e+00      8.00000e+00     99s
   160     -1.10168e+01     -1.83860e+00      8.00000e+00    100s
   162     -1.07278e+01     -1.83860e+00      8.00000e+00    101s
   165     -1.48760e+01     -1.83860e+00      8.00000e+00    103s
   167     -1.81870e+01     -1.83860e+00      8.00000e+00    104s
   169     -2.04938e+01     -1.83860e+00      8.00000e+00    105s
   172     -1.50050e+01     -1.83860e+00      8.00000e+00    106s
   174     -1.11328e+01     -1.83860e+00      8.00000e+00    107s
   176     -9.93200e+00     -1.83860e+00      8.00000e+00    109s
   179     -1.20186e+01     -1.83860e+00      8.00000e+00    110s
   181     -1.32144e+01     -1.83860e+00      8.00000e+00    112s
   183     -1.26418e+01     -1.83860e+00      8.00000e+00    113s
   186     -1.04750e+01     -1.83860e+00      8.00000e+00    114s
   188     -1.22508e+01     -1.83860e+00      8.00000e+00    116s
   190     -1.62494e+01     -1.83860e+00      8.00000e+00    117s
   192     -1.86734e+01     -1.83860e+00      8.00000e+00    119s
   194     -1.99910e+01     -1.83860e+00      8.00000e+00    120s
   196     -1.68704e+01     -1.83860e+00      8.00000e+00    121s
   198     -1.27582e+01     -1.83860e+00      8.00000e+00    123s
   199     -1.10988e+01     -1.83860e+00      8.00000e+00    124s
   201     -1.20858e+01     -1.83860e+00      8.00000e+00    126s
   203     -1.48030e+01     -1.83860e+00      8.00000e+00    127s
   204     -1.57854e+01     -1.83860e+00      8.00000e+00    128s
   206     -1.61012e+01     -1.83860e+00      8.00000e+00    130s
   208     -1.40574e+01     -1.83860e+00      8.00000e+00    132s
   210     -1.12202e+01     -1.83860e+00      8.00000e+00    133s
   212     -1.05588e+01     -1.83860e+00      8.00000e+00    134s
   213     -1.11084e+01     -1.83860e+00      8.00000e+00    135s
   215     -1.33664e+01     -1.83860e+00      8.00000e+00    137s
   217     -1.48198e+01     -1.83860e+00      8.00000e+00    139s
   219     -1.36022e+01     -1.83860e+00      8.00000e+00    140s
   222     -1.09100e+01     -1.83860e+00      8.00000e+00    142s
   223     -1.08396e+01     -1.83860e+00      8.00000e+00    143s
   225     -1.14748e+01     -1.83860e+00      8.00000e+00    144s
   228     -1.52886e+01     -1.83860e+00      8.00000e+00    145s
   230     -1.58560e+01     -1.83860e+00      8.00000e+00    147s
   232     -1.46312e+01     -1.83860e+00      8.00000e+00    148s
   234     -1.18018e+01     -1.83860e+00      8.00000e+00    149s
   236     -1.11814e+01     -1.83860e+00      8.00000e+00    151s
   238     -1.14060e+01     -1.83860e+00      8.00000e+00    152s
   240     -1.44166e+01     -1.83860e+00      8.00000e+00    153s
   242     -1.47594e+01     -1.83860e+00      8.00000e+00    154s
   243     -1.39088e+01     -1.83860e+00      8.00000e+00    155s
   245     -1.22592e+01     -1.83860e+00      8.00000e+00    157s
   247     -1.04266e+01     -1.83860e+00      8.00000e+00    158s
   249     -1.08346e+01     -1.83860e+00      8.00000e+00    160s
   251     -1.22210e+01     -1.83860e+00      8.00000e+00    161s
   253     -1.48326e+01     -1.83860e+00      8.00000e+00    163s
   255     -1.64516e+01     -1.83860e+00      8.00000e+00    164s
   257     -1.45380e+01     -1.83860e+00      8.00000e+00    165s
   259     -1.31158e+01     -1.83860e+00      8.00000e+00    167s
   262     -1.05638e+01     -1.83860e+00      8.00000e+00    168s
   264     -1.19346e+01     -1.83860e+00      8.00000e+00    169s
   267     -1.30714e+01     -1.83860e+00      8.00000e+00    171s
   269     -1.23630e+01     -1.83860e+00      8.00000e+00    172s
   271     -1.07318e+01     -1.83860e+00      8.00000e+00    174s
   274     -1.09490e+01     -1.83860e+00      8.00000e+00    175s
   276     -1.30506e+01     -1.83860e+00      8.00000e+00    177s
   278     -1.58252e+01     -1.83860e+00      8.00000e+00    178s
   281     -1.56792e+01     -1.83860e+00      8.00000e+00    179s
   283     -1.31242e+01     -1.83860e+00      8.00000e+00    181s
   285     -1.07220e+01     -1.83860e+00      8.00000e+00    182s
   287     -1.12960e+01     -1.83860e+00      8.00000e+00    184s
   289     -1.20760e+01     -1.83860e+00      8.00000e+00    185s
   291     -1.36604e+01     -1.83860e+00      8.00000e+00    186s
   293     -1.30712e+01     -1.83860e+00      8.00000e+00    187s
   295     -1.14524e+01     -1.83860e+00      8.00000e+00    188s
   297     -9.77320e+00     -1.83860e+00      8.00000e+00    190s
   299     -1.11380e+01     -1.83860e+00      8.00000e+00    191s
   301     -1.15990e+01     -1.83860e+00      8.00000e+00    192s
   303     -1.33874e+01     -1.83860e+00      8.00000e+00    193s
   305     -1.33346e+01     -1.83860e+00      8.00000e+00    194s
   307     -1.39658e+01     -1.83860e+00      8.00000e+00    195s
   309     -1.21316e+01     -1.83860e+00      8.00000e+00    197s
   311     -1.11612e+01     -1.83860e+00      8.00000e+00    198s
   313     -1.09458e+01     -1.83860e+00      8.00000e+00    200s
   315     -1.23884e+01     -1.83860e+00      8.00000e+00    201s
   318     -1.33998e+01     -1.83860e+00      8.00000e+00    202s
   320     -1.21638e+01     -1.83860e+00      8.00000e+00    204s
   322     -1.06930e+01     -1.83860e+00      8.00000e+00    205s
   326     -1.18134e+01     -1.83860e+00      8.00000e+00    206s
   328     -1.36480e+01     -1.83860e+00      8.00000e+00    207s
   331     -1.35000e+01     -1.83860e+00      8.00000e+00    209s
   333     -1.19808e+01     -1.83860e+00      8.00000e+00    210s
   335     -1.13562e+01     -1.83860e+00      8.00000e+00    211s
   337     -1.14874e+01     -1.83860e+00      8.00000e+00    212s
   339     -1.20762e+01     -1.83860e+00      8.00000e+00    214s
   341     -1.29508e+01     -1.83860e+00      8.00000e+00    215s
   343     -1.29874e+01     -1.83860e+00      8.00000e+00    217s
   345     -1.16548e+01     -1.83860e+00      8.00000e+00    218s
   347     -1.08138e+01     -1.83860e+00      8.00000e+00    219s
   349     -1.07760e+01     -1.83860e+00      8.00000e+00    220s
   351     -1.13136e+01     -1.83860e+00      8.00000e+00    222s
   353     -1.14318e+01     -1.83860e+00      8.00000e+00    223s
   355     -1.27152e+01     -1.83860e+00      8.00000e+00    224s
   357     -1.29120e+01     -1.83860e+00      8.00000e+00    226s
   360     -1.18288e+01     -1.83860e+00      8.00000e+00    227s
   362     -1.05462e+01     -1.83860e+00      8.00000e+00    229s
   365     -1.11884e+01     -1.83860e+00      8.00000e+00    230s
   368     -1.24224e+01     -1.83860e+00      8.00000e+00    231s
   370     -1.22536e+01     -1.83860e+00      8.00000e+00    233s
   372     -1.20252e+01     -1.83860e+00      8.00000e+00    234s
   375     -1.09704e+01     -1.83860e+00      8.00000e+00    235s
   378     -1.20900e+01     -1.83860e+00      8.00000e+00    237s
   381     -1.25948e+01     -1.83860e+00      8.00000e+00    238s
   384     -1.13814e+01     -1.83860e+00      8.00000e+00    240s
   387     -1.08710e+01     -1.83860e+00      8.00000e+00    241s
   389     -1.13500e+01     -1.83860e+00      8.00000e+00    243s
   391     -1.22702e+01     -1.83860e+00      8.00000e+00    244s
   393     -1.23892e+01     -1.83860e+00      8.00000e+00    245s
   396     -1.19272e+01     -1.83860e+00      8.00000e+00    247s
   397     -1.11966e+01     -1.83860e+00      8.00000e+00    248s
   400     -1.11976e+01     -1.83860e+00      8.00000e+00    249s
   402     -1.13024e+01     -1.83860e+00      8.00000e+00    251s
   404     -1.21482e+01     -1.83860e+00      8.00000e+00    252s
   406     -1.21092e+01     -1.83860e+00      8.00000e+00    253s
   407     -1.21260e+01     -1.83860e+00      8.00000e+00    255s
   409     -1.19986e+01     -1.83860e+00      8.00000e+00    256s
   411     -1.11334e+01     -1.83860e+00      8.00000e+00    257s
   413     -1.11900e+01     -1.83860e+00      8.00000e+00    259s
   415     -1.11454e+01     -1.83860e+00      8.00000e+00    261s
   417     -1.23512e+01     -1.83860e+00      8.00000e+00    262s
   420     -1.14878e+01     -1.83860e+00      8.00000e+00    263s
   422     -1.16314e+01     -1.83860e+00      8.00000e+00    264s
   424     -1.14726e+01     -1.83860e+00      8.00000e+00    265s
   428     -1.18472e+01     -1.83860e+00      8.00000e+00    267s
   431     -1.26038e+01     -1.83860e+00      8.00000e+00    268s
   433     -1.16122e+01     -1.83860e+00      8.00000e+00    270s
   435     -1.10664e+01     -1.83860e+00      8.00000e+00    271s
   438     -1.10634e+01     -1.83860e+00      8.00000e+00    272s
   440     -1.17766e+01     -1.83860e+00      8.00000e+00    273s
   442     -1.20794e+01     -1.83860e+00      8.00000e+00    274s
   444     -1.25342e+01     -1.83860e+00      8.00000e+00    276s
   447     -1.13744e+01     -1.83860e+00      8.00000e+00    277s
   450     -1.09816e+01     -1.83860e+00      8.00000e+00    279s
   452     -1.10254e+01     -1.83860e+00      8.00000e+00    280s
   454     -1.19220e+01     -1.83860e+00      8.00000e+00    281s
   457     -1.22384e+01     -1.83860e+00      8.00000e+00    282s
   459     -1.15534e+01     -1.83860e+00      8.00000e+00    284s
   462     -1.13012e+01     -1.83860e+00      8.00000e+00    285s
   464     -1.11082e+01     -1.83860e+00      8.00000e+00    287s
   466     -1.19248e+01     -1.83860e+00      8.00000e+00    288s
   468     -1.14506e+01     -1.83860e+00      8.00000e+00    289s
   470     -1.08326e+01     -1.83860e+00      8.00000e+00    291s
   473     -1.08354e+01     -1.83860e+00      8.00000e+00    292s
   475     -1.14456e+01     -1.83860e+00      8.00000e+00    293s
   477     -1.16646e+01     -1.83860e+00      8.00000e+00    295s
   479     -1.17740e+01     -1.83860e+00      8.00000e+00    296s
   483     -1.16772e+01     -1.83860e+00      8.00000e+00    297s
   486     -1.11532e+01     -1.83860e+00      8.00000e+00    299s
   488     -1.09960e+01     -1.83860e+00      8.00000e+00    300s
   491     -1.14812e+01     -1.83860e+00      8.00000e+00    301s
   494     -1.16928e+01     -1.83860e+00      8.00000e+00    303s
   497     -1.11314e+01     -1.83860e+00      8.00000e+00    304s
   499     -1.12824e+01     -1.83860e+00      8.00000e+00    306s
   501     -1.12910e+01     -1.83860e+00      8.00000e+00    307s
   503     -1.12624e+01     -1.83860e+00      8.00000e+00    308s
   504     -1.13332e+01     -1.83860e+00      8.00000e+00    310s
   506     -1.17698e+01     -1.83860e+00      8.00000e+00    311s
   508     -1.10322e+01     -1.83860e+00      8.00000e+00    312s
   510     -1.12612e+01     -1.83860e+00      8.00000e+00    314s
   512     -1.13510e+01     -1.83860e+00      8.00000e+00    315s
   514     -1.09500e+01     -1.83860e+00      8.00000e+00    316s
   516     -1.07728e+01     -1.83860e+00      8.00000e+00    318s
   519     -1.17580e+01     -1.83860e+00      8.00000e+00    319s
   521     -1.13772e+01     -1.83860e+00      8.00000e+00    320s
   524     -1.09640e+01     -1.83860e+00      8.00000e+00    322s
   525     -1.11386e+01     -1.83860e+00      8.00000e+00    323s
   527     -1.16138e+01     -1.83860e+00      8.00000e+00    324s
   529     -1.13806e+01     -1.83860e+00      8.00000e+00    325s
   531     -1.16152e+01     -1.83860e+00      8.00000e+00    327s
   534     -1.07734e+01     -1.83860e+00      8.00000e+00    328s
   536     -1.04400e+01     -1.83860e+00      8.00000e+00    329s
   538     -1.07950e+01     -1.83860e+00      8.00000e+00    330s
   540     -1.08268e+01     -1.83860e+00      8.00000e+00    332s
   542     -1.14294e+01     -1.83860e+00      8.00000e+00    333s
   544     -1.12860e+01     -1.83860e+00      8.00000e+00    334s
   546     -1.12622e+01     -1.83860e+00      8.00000e+00    335s
   548     -1.11460e+01     -1.83860e+00      8.00000e+00    336s
   550     -1.10790e+01     -1.83860e+00      8.00000e+00    338s
   552     -1.10840e+01     -1.83860e+00      8.00000e+00    339s
   554     -1.09482e+01     -1.83860e+00      8.00000e+00    341s
   555     -1.10348e+01     -1.83860e+00      8.00000e+00    342s
   557     -1.14562e+01     -1.83860e+00      8.00000e+00    344s
   559     -1.13114e+01     -1.83860e+00      8.00000e+00    346s
   561     -1.06438e+01     -1.83860e+00      8.00000e+00    347s
   563     -1.12404e+01     -1.83860e+00      8.00000e+00    348s
   565     -1.12022e+01     -1.83860e+00      8.00000e+00    349s
   567     -1.10698e+01     -1.83860e+00      8.00000e+00    350s
   568     -1.12740e+01     -1.83860e+00      8.00000e+00    351s
   571     -1.09874e+01     -1.83860e+00      8.00000e+00    353s
   574     -1.11296e+01     -1.83860e+00      8.00000e+00    355s
   576     -1.09952e+01     -1.83860e+00      8.00000e+00    356s
   579     -1.11646e+01     -1.83860e+00      8.00000e+00    357s
   581     -1.14684e+01     -1.83860e+00      8.00000e+00    359s
   584     -1.11000e+01     -1.83860e+00      8.00000e+00    361s
   587     -1.07384e+01     -1.83860e+00      8.00000e+00    362s
   589     -1.16046e+01     -1.83860e+00      8.00000e+00    363s
   592     -1.10260e+01     -1.83860e+00      8.00000e+00    365s
   594     -1.11356e+01     -1.83860e+00      8.00000e+00    366s
   596     -1.11650e+01     -1.83860e+00      8.00000e+00    367s
   598     -1.10516e+01     -1.83860e+00      8.00000e+00    368s
   600     -1.10412e+01     -1.83860e+00      8.00000e+00    369s
   602     -1.10790e+01     -1.83860e+00      8.00000e+00    371s
   604     -1.11474e+01     -1.83860e+00      8.00000e+00    372s
   606     -1.08376e+01     -1.83860e+00      8.00000e+00    373s
   608     -1.11536e+01     -1.83860e+00      8.00000e+00    374s
   610     -1.13750e+01     -1.83860e+00      8.00000e+00    375s
   612     -1.12928e+01     -1.83860e+00      8.00000e+00    376s
   615     -1.11240e+01     -1.83860e+00      8.00000e+00    378s
   617     -1.14350e+01     -1.83860e+00      8.00000e+00    379s
   618     -1.06886e+01     -1.83860e+00      8.00000e+00    380s
   620     -1.15290e+01     -1.83860e+00      8.00000e+00    381s
   622     -1.11024e+01     -1.83860e+00      8.00000e+00    383s
   624     -1.08252e+01     -1.83860e+00      8.00000e+00    384s
   625     -1.09248e+01     -1.83860e+00      8.00000e+00    385s
   628     -1.15648e+01     -1.83860e+00      8.00000e+00    387s
   630     -1.10358e+01     -1.83860e+00      8.00000e+00    388s
   632     -1.14126e+01     -1.83860e+00      8.00000e+00    389s
   635     -1.08944e+01     -1.83860e+00      8.00000e+00    390s
   637     -1.14544e+01     -1.83860e+00      8.00000e+00    391s
   639     -1.11330e+01     -1.83860e+00      8.00000e+00    392s
   642     -1.12556e+01     -1.83860e+00      8.00000e+00    394s
   645     -1.05590e+01     -1.83860e+00      8.00000e+00    395s
   647     -1.11772e+01     -1.83860e+00      8.00000e+00    397s
   649     -1.10892e+01     -1.83860e+00      8.00000e+00    398s
   651     -1.12424e+01     -1.83860e+00      8.00000e+00    400s
   653     -1.08490e+01     -1.83860e+00      8.00000e+00    402s
   654     -1.10486e+01     -1.83860e+00      8.00000e+00    403s
   656     -1.04468e+01     -1.83860e+00      8.00000e+00    404s
   658     -1.03708e+01     -1.83860e+00      8.00000e+00    405s
   660     -1.09418e+01     -1.83860e+00      8.00000e+00    406s
   662     -1.06494e+01     -1.83860e+00      8.00000e+00    408s
   664     -1.13280e+01     -1.83860e+00      8.00000e+00    409s
   666     -1.16132e+01     -1.83860e+00      8.00000e+00    410s
   668     -1.12564e+01     -1.83860e+00      8.00000e+00    412s
   670     -1.10194e+01     -1.83860e+00      8.00000e+00    413s
   673     -1.09492e+01     -1.83860e+00      8.00000e+00    414s
   674     -1.10458e+01     -1.83860e+00      8.00000e+00    415s
   676     -1.11188e+01     -1.83860e+00      8.00000e+00    417s
   679     -1.06520e+01     -1.83860e+00      8.00000e+00    418s
   681     -1.11750e+01     -1.83860e+00      8.00000e+00    420s
   683     -1.13602e+01     -1.83860e+00      8.00000e+00    421s
   685     -1.09232e+01     -1.83860e+00      8.00000e+00    423s
   687     -1.11436e+01     -1.83860e+00      8.00000e+00    424s
   689     -1.12148e+01     -1.83860e+00      8.00000e+00    425s
   691     -1.08754e+01     -1.83860e+00      8.00000e+00    427s
   693     -1.16856e+01     -1.83860e+00      8.00000e+00    428s
   695     -1.09740e+01     -1.83860e+00      8.00000e+00    429s
   697     -1.13024e+01     -1.83860e+00      8.00000e+00    430s
   699     -1.07508e+01     -1.83860e+00      8.00000e+00    432s
   701     -1.13946e+01     -1.83860e+00      8.00000e+00    433s
   703     -1.14250e+01     -1.83860e+00      8.00000e+00    434s
   705     -1.11786e+01     -1.83860e+00      8.00000e+00    436s
   707     -1.11740e+01     -1.83860e+00      8.00000e+00    437s
   709     -1.10944e+01     -1.83860e+00      8.00000e+00    439s
   710     -1.06326e+01     -1.83860e+00      8.00000e+00    440s
   712     -1.13708e+01     -1.83860e+00      8.00000e+00    441s
   714     -1.10956e+01     -1.83860e+00      8.00000e+00    443s
   716     -1.13696e+01     -1.83860e+00      8.00000e+00    444s
   718     -1.19170e+01     -1.83860e+00      8.00000e+00    445s
   720     -1.11952e+01     -1.83860e+00      8.00000e+00    447s
   722     -1.08332e+01     -1.83860e+00      8.00000e+00    448s
   724     -1.13342e+01     -1.83860e+00      8.00000e+00    449s
   726     -1.12466e+01     -1.83860e+00      8.00000e+00    451s
   728     -1.15762e+01     -1.83860e+00      8.00000e+00    452s
   730     -1.16694e+01     -1.83860e+00      8.00000e+00    454s
   732     -1.12228e+01     -1.83860e+00      8.00000e+00    455s
   735     -1.15816e+01     -1.83860e+00      8.00000e+00    457s
   737     -1.05698e+01     -1.83860e+00      8.00000e+00    458s
   739     -1.07372e+01     -1.83860e+00      8.00000e+00    459s
   741     -1.10406e+01     -1.83860e+00      8.00000e+00    461s
   743     -1.07690e+01     -1.83860e+00      8.00000e+00    462s
   745     -1.15968e+01     -1.83860e+00      8.00000e+00    463s
   747     -1.13380e+01     -1.83860e+00      8.00000e+00    465s
   749     -1.09674e+01     -1.83860e+00      8.00000e+00    466s
   751     -1.10198e+01     -1.83860e+00      8.00000e+00    468s
   753     -1.16700e+01     -1.83860e+00      8.00000e+00    469s
   755     -1.13918e+01     -1.83860e+00      8.00000e+00    470s
   757     -1.17990e+01     -1.83860e+00      8.00000e+00    472s
   760     -1.13092e+01     -1.83860e+00      8.00000e+00    473s
   763     -1.11180e+01     -1.83860e+00      8.00000e+00    475s
   765     -1.11648e+01     -1.83860e+00      8.00000e+00    477s
   768     -1.15552e+01     -1.83860e+00      8.00000e+00    479s
   771     -1.15016e+01     -1.83860e+00      8.00000e+00    480s
   773     -1.15248e+01     -1.83860e+00      8.00000e+00    481s
   775     -1.06802e+01     -1.83860e+00      8.00000e+00    482s
   777     -1.14498e+01     -1.83860e+00      8.00000e+00    484s
   779     -1.19292e+01     -1.83860e+00      8.00000e+00    485s
   781     -1.15786e+01     -1.83860e+00      8.00000e+00    487s
   783     -1.17520e+01     -1.83860e+00      8.00000e+00    488s
   785     -1.10978e+01     -1.83860e+00      8.00000e+00    489s
   787     -1.08814e+01     -1.83860e+00      8.00000e+00    491s
   789     -1.16532e+01     -1.83860e+00      8.00000e+00    492s
   791     -1.18476e+01     -1.83860e+00      8.00000e+00    494s
   793     -1.13448e+01     -1.83860e+00      8.00000e+00    495s
   795     -1.18584e+01     -1.83860e+00      8.00000e+00    497s
   798     -1.09788e+01     -1.83860e+00      8.00000e+00    499s
   800     -1.15940e+01     -1.83860e+00      8.00000e+00    500s
   802     -1.08992e+01     -1.83860e+00      8.00000e+00    501s
   804     -1.09854e+01     -1.83860e+00      8.00000e+00    502s
   807     -1.08838e+01     -1.83860e+00      8.00000e+00    504s
   809     -1.10402e+01     -1.83860e+00      8.00000e+00    505s
   811     -1.01826e+01     -1.83860e+00      8.00000e+00    506s
   813     -1.07860e+01     -1.83860e+00      8.00000e+00    507s
   815     -1.07988e+01     -1.83860e+00      8.00000e+00    509s
   817     -1.11454e+01     -1.83860e+00      8.00000e+00    511s
   819     -1.02978e+01     -1.83860e+00      8.00000e+00    512s
   821     -1.06770e+01     -1.83860e+00      8.00000e+00    513s
   823     -1.07950e+01     -1.83860e+00      8.00000e+00    515s
   825     -1.11052e+01     -1.83860e+00      8.00000e+00    516s
   827     -1.12294e+01     -1.83860e+00      8.00000e+00    517s
   829     -1.06810e+01     -1.83860e+00      8.00000e+00    519s
   831     -1.08394e+01     -1.83860e+00      8.00000e+00    520s
   833     -1.10914e+01     -1.83860e+00      8.00000e+00    521s
   835     -1.11040e+01     -1.83860e+00      8.00000e+00    522s
   837     -1.08006e+01     -1.83860e+00      8.00000e+00    524s
   840     -1.11218e+01     -1.83860e+00      8.00000e+00    526s
   842     -1.13680e+01     -1.83860e+00      8.00000e+00    527s
   844     -1.06314e+01     -1.83860e+00      8.00000e+00    528s
   847     -1.11624e+01     -1.83860e+00      8.00000e+00    530s
   849     -1.07416e+01     -1.83860e+00      8.00000e+00    531s
   851     -1.13628e+01     -1.83860e+00      8.00000e+00    533s
   854     -1.03722e+01     -1.83860e+00      8.00000e+00    534s
   856     -9.78900e+00     -1.83860e+00      8.00000e+00    536s
   858     -9.78080e+00     -1.83860e+00      8.00000e+00    537s
   860     -1.08122e+01     -1.83860e+00      8.00000e+00    538s
   862     -1.08554e+01     -1.83860e+00      8.00000e+00    540s
   864     -1.05400e+01     -1.83860e+00      8.00000e+00    541s
   866     -9.96280e+00     -1.83860e+00      8.00000e+00    542s
   868     -9.39360e+00     -1.83860e+00      8.00000e+00    543s
   870     -1.05110e+01     -1.83860e+00      8.00000e+00    544s
   872     -1.04844e+01     -1.83860e+00      8.00000e+00    546s
   874     -1.09732e+01     -1.83860e+00      8.00000e+00    547s
   876     -1.08728e+01     -1.83860e+00      8.00000e+00    549s
   878     -1.04352e+01     -1.83860e+00      8.00000e+00    550s
   880     -9.82220e+00     -1.83860e+00      8.00000e+00    552s
   882     -1.05622e+01     -1.83860e+00      8.00000e+00    553s
   884     -1.02406e+01     -1.83860e+00      8.00000e+00    555s
   887     -1.10822e+01     -1.83860e+00      8.00000e+00    557s
   889     -1.09386e+01     -1.83860e+00      8.00000e+00    558s
   890     -1.09594e+01     -1.83860e+00      8.00000e+00    559s
   892     -9.39900e+00     -1.83860e+00      8.00000e+00    561s
   894     -9.51200e+00     -1.83860e+00      8.00000e+00    562s
   897     -1.09562e+01     -1.83860e+00      8.00000e+00    564s
   899     -1.16498e+01     -1.83860e+00      8.00000e+00    565s
   901     -1.08096e+01     -1.83860e+00      8.00000e+00    567s
   903     -1.12738e+01     -1.83860e+00      8.00000e+00    568s
   905     -1.03708e+01     -1.83860e+00      8.00000e+00    569s
   908     -1.06532e+01     -1.83860e+00      8.00000e+00    571s
   910     -1.06342e+01     -1.83860e+00      8.00000e+00    572s
   912     -1.14256e+01     -1.83860e+00      8.00000e+00    574s
   914     -1.13256e+01     -1.83860e+00      8.00000e+00    575s
   915     -1.12382e+01     -1.83860e+00      8.00000e+00    576s
   917     -1.04734e+01     -1.83860e+00      8.00000e+00    577s
   919     -1.13642e+01     -1.83860e+00      8.00000e+00    579s
   921     -1.09802e+01     -1.83860e+00      8.00000e+00    580s
   923     -1.07862e+01     -1.83860e+00      8.00000e+00    581s
   925     -1.07028e+01     -1.83860e+00      8.00000e+00    582s
   927     -1.09088e+01     -1.83860e+00      8.00000e+00    584s
   929     -1.03028e+01     -1.83860e+00      8.00000e+00    585s
   931     -1.04066e+01     -1.83860e+00      8.00000e+00    586s
   933     -1.02268e+01     -1.83860e+00      8.00000e+00    588s
   935     -1.11358e+01     -1.83860e+00      8.00000e+00    589s
   937     -1.10504e+01     -1.83860e+00      8.00000e+00    590s
   939     -1.06266e+01     -1.83860e+00      8.00000e+00    592s
   942     -1.09926e+01     -1.83860e+00      8.00000e+00    593s
   944     -1.03700e+01     -1.83860e+00      8.00000e+00    594s
   945     -1.05852e+01     -1.83860e+00      8.00000e+00    595s
   947     -1.11670e+01     -1.83860e+00      8.00000e+00    597s
   949     -1.10236e+01     -1.83860e+00      8.00000e+00    598s
   952     -1.12602e+01     -1.83860e+00      8.00000e+00    599s
   955     -1.08048e+01     -1.83860e+00      8.00000e+00    601s
   957     -1.08680e+01     -1.83860e+00      8.00000e+00    602s
   959     -1.12980e+01     -1.83860e+00      8.00000e+00    603s
   961     -1.10004e+01     -1.83860e+00      8.00000e+00    604s
   963     -1.07108e+01     -1.83860e+00      8.00000e+00    605s
   965     -1.13536e+01     -1.83860e+00      8.00000e+00    607s
   967     -1.08810e+01     -1.83860e+00      8.00000e+00    608s
   970     -1.09390e+01     -1.83860e+00      8.00000e+00    610s
   972     -1.08754e+01     -1.83860e+00      8.00000e+00    611s
   974     -1.06748e+01     -1.83860e+00      8.00000e+00    612s
   976     -1.11688e+01     -1.83860e+00      8.00000e+00    613s
   978     -1.09050e+01     -1.83860e+00      8.00000e+00    615s
   980     -1.10946e+01     -1.83860e+00      8.00000e+00    616s
   982     -1.10870e+01     -1.83860e+00      8.00000e+00    618s
   984     -1.06752e+01     -1.83860e+00      8.00000e+00    619s
   986     -1.06882e+01     -1.83860e+00      8.00000e+00    620s
   988     -1.10112e+01     -1.83860e+00      8.00000e+00    621s
   991     -1.03422e+01     -1.83860e+00      8.00000e+00    623s
   993     -1.04304e+01     -1.83860e+00      8.00000e+00    624s
   995     -1.10380e+01     -1.83860e+00      8.00000e+00    625s
   998     -1.08852e+01     -1.83860e+00      8.00000e+00    627s
  1000     -1.12020e+01     -1.83860e+00      8.00000e+00    629s
  1002     -1.11180e+01     -1.83860e+00      8.00000e+00    630s
  1004     -1.15746e+01     -1.83860e+00      8.00000e+00    631s
  1006     -1.10018e+01     -1.83860e+00      8.00000e+00    632s
  1008     -1.08900e+01     -1.83860e+00      8.00000e+00    633s
  1010     -1.09904e+01     -1.83860e+00      8.00000e+00    635s
  1012     -1.07756e+01     -1.83860e+00      8.00000e+00    636s
  1014     -1.08468e+01     -1.83860e+00      8.00000e+00    638s
  1016     -1.11066e+01     -1.83860e+00      8.00000e+00    639s
  1018     -1.06770e+01     -1.83860e+00      8.00000e+00    640s
  1021     -1.09366e+01     -1.83860e+00      8.00000e+00    642s
  1023     -1.05236e+01     -1.83860e+00      8.00000e+00    643s
  1025     -1.10310e+01     -1.83860e+00      8.00000e+00    644s
  1027     -1.09040e+01     -1.83860e+00      8.00000e+00    646s
  1029     -1.10840e+01     -1.83860e+00      8.00000e+00    647s
  1032     -1.11402e+01     -1.83860e+00      8.00000e+00    649s
  1034     -1.15880e+01     -1.83860e+00      8.00000e+00    650s
  1037     -1.12590e+01     -1.83860e+00      8.00000e+00    651s
  1039     -1.05166e+01     -1.83860e+00      8.00000e+00    653s
  1041     -1.07648e+01     -1.83860e+00      8.00000e+00    654s
  1043     -1.08740e+01     -1.83860e+00      8.00000e+00    655s
  1045     -1.13944e+01     -1.83860e+00      8.00000e+00    656s
  1048     -1.15182e+01     -1.83860e+00      8.00000e+00    658s
  1050     -1.11374e+01     -1.83860e+00      8.00000e+00    659s
  1052     -1.05544e+01     -1.83860e+00      8.00000e+00    660s
  1054     -1.12308e+01     -1.83860e+00      8.00000e+00    661s
  1056     -1.09510e+01     -1.83860e+00      8.00000e+00    663s
  1058     -1.07810e+01     -1.83860e+00      8.00000e+00    664s
  1060     -1.07030e+01     -1.83860e+00      8.00000e+00    665s
  1062     -1.17642e+01     -1.83860e+00      8.00000e+00    666s
  1064     -1.13006e+01     -1.83860e+00      8.00000e+00    668s
  1066     -1.06024e+01     -1.83860e+00      8.00000e+00    669s
  1068     -1.10730e+01     -1.83860e+00      8.00000e+00    671s
  1070     -1.11902e+01     -1.83860e+00      8.00000e+00    672s
  1072     -1.10206e+01     -1.83860e+00      8.00000e+00    673s
  1074     -1.10580e+01     -1.83860e+00      8.00000e+00    674s
  1076     -1.08546e+01     -1.83860e+00      8.00000e+00    676s
  1078     -1.14636e+01     -1.83860e+00      8.00000e+00    678s
  1081     -1.09548e+01     -1.83860e+00      8.00000e+00    679s
  1084     -1.09042e+01     -1.83860e+00      8.00000e+00    680s
  1086     -1.14574e+01     -1.83860e+00      8.00000e+00    682s
  1088     -1.09664e+01     -1.83860e+00      8.00000e+00    684s
  1090     -1.11544e+01     -1.83860e+00      8.00000e+00    685s
  1093     -1.11072e+01     -1.83860e+00      8.00000e+00    686s
  1095     -1.09242e+01     -1.83860e+00      8.00000e+00    688s
  1097     -1.11360e+01     -1.83860e+00      8.00000e+00    689s
  1099     -1.13666e+01     -1.83860e+00      8.00000e+00    690s
  1101     -1.04142e+01     -1.83860e+00      8.00000e+00    692s
  1102     -1.08560e+01     -1.83860e+00      8.00000e+00    693s
  1105     -1.09010e+01     -1.83860e+00      8.00000e+00    694s
  1107     -1.12334e+01     -1.83860e+00      8.00000e+00    695s
  1109     -1.12216e+01     -1.83860e+00      8.00000e+00    697s
  1111     -1.09406e+01     -1.83860e+00      8.00000e+00    698s
  1113     -1.11388e+01     -1.83860e+00      8.00000e+00    699s
  1115     -1.05946e+01     -1.83860e+00      8.00000e+00    700s
  1117     -1.11316e+01     -1.83860e+00      8.00000e+00    702s
  1119     -1.05292e+01     -1.83860e+00      8.00000e+00    703s
  1121     -1.05638e+01     -1.83860e+00      8.00000e+00    704s
  1123     -1.11240e+01     -1.83860e+00      8.00000e+00    706s
  1125     -1.07914e+01     -1.83860e+00      8.00000e+00    707s
  1127     -1.04666e+01     -1.83860e+00      8.00000e+00    708s
  1129     -1.07634e+01     -1.83860e+00      8.00000e+00    709s
  1132     -1.15724e+01     -1.83860e+00      8.00000e+00    712s
  1133     -1.12148e+01     -1.83860e+00      8.00000e+00    713s
  1134     -1.12430e+01     -1.83860e+00      8.00000e+00    714s
  1136     -1.08792e+01     -1.83860e+00      8.00000e+00    715s
  1138     -1.09672e+01     -1.83860e+00      8.00000e+00    716s
  1140     -1.13084e+01     -1.83860e+00      8.00000e+00    718s
  1142     -1.13066e+01     -1.83860e+00      8.00000e+00    719s
  1144     -1.07418e+01     -1.83860e+00      8.00000e+00    720s
  1146     -1.10086e+01     -1.83860e+00      8.00000e+00    722s
  1148     -1.06490e+01     -1.83860e+00      8.00000e+00    723s
  1149     -1.09122e+01     -1.83860e+00      8.00000e+00    725s
  1151     -1.11590e+01     -1.83860e+00      8.00000e+00    726s
  1153     -1.05574e+01     -1.83860e+00      8.00000e+00    728s
  1155     -1.12606e+01     -1.83860e+00      8.00000e+00    730s
  1157     -1.06044e+01     -1.83860e+00      8.00000e+00    732s
  1159     -1.10634e+01     -1.83860e+00      8.00000e+00    733s
  1161     -1.05094e+01     -1.83860e+00      8.00000e+00    734s
  1163     -1.08386e+01     -1.83860e+00      8.00000e+00    735s
  1165     -1.07500e+01     -1.83860e+00      8.00000e+00    737s
  1167     -1.02056e+01     -1.83860e+00      8.00000e+00    738s
  1170     -1.08838e+01     -1.83860e+00      8.00000e+00    740s
  1172     -1.07518e+01     -1.83860e+00      8.00000e+00    741s
  1173     -1.08776e+01     -1.83860e+00      8.00000e+00    742s
  1175     -1.11022e+01     -1.83860e+00      8.00000e+00    743s
  1177     -1.08888e+01     -1.83860e+00      8.00000e+00    744s
  1180     -1.10380e+01     -1.83860e+00      8.00000e+00    746s
  1182     -1.04736e+01     -1.83860e+00      8.00000e+00    747s
  1184     -1.06784e+01     -1.83860e+00      8.00000e+00    749s
  1186     -1.11024e+01     -1.83860e+00      8.00000e+00    750s
  1188     -1.08486e+01     -1.83860e+00      8.00000e+00    751s
  1189     -1.15374e+01     -1.83860e+00      8.00000e+00    752s
  1191     -1.14298e+01     -1.83860e+00      8.00000e+00    754s
  1193     -1.09824e+01     -1.83860e+00      8.00000e+00    755s
  1195     -1.06202e+01     -1.83860e+00      8.00000e+00    757s
  1197     -1.11678e+01     -1.83860e+00      8.00000e+00    758s
  1199     -1.17386e+01     -1.83860e+00      8.00000e+00    760s
  1201     -1.13546e+01     -1.83860e+00      8.00000e+00    761s
  1204     -1.11154e+01     -1.83860e+00      8.00000e+00    762s
  1206     -1.09230e+01     -1.83860e+00      8.00000e+00    764s
  1208     -1.05298e+01     -1.83860e+00      8.00000e+00    765s
  1210     -1.18072e+01     -1.83860e+00      8.00000e+00    767s
  1212     -1.06736e+01     -1.83860e+00      8.00000e+00    768s
  1215     -1.12820e+01     -1.83860e+00      8.00000e+00    769s
  1217     -1.09986e+01     -1.83860e+00      8.00000e+00    771s
  1219     -1.11538e+01     -1.83860e+00      8.00000e+00    772s
  1222     -1.13672e+01     -1.83860e+00      8.00000e+00    773s
  1224     -1.07676e+01     -1.83860e+00      8.00000e+00    774s
  1226     -1.11558e+01     -1.83860e+00      8.00000e+00    776s
  1228     -1.11006e+01     -1.83860e+00      8.00000e+00    777s
  1230     -1.09354e+01     -1.83860e+00      8.00000e+00    779s
  1232     -1.09960e+01     -1.83860e+00      8.00000e+00    780s
  1234     -1.11360e+01     -1.83860e+00      8.00000e+00    782s
  1236     -1.11182e+01     -1.83860e+00      8.00000e+00    783s
  1238     -1.08110e+01     -1.83860e+00      8.00000e+00    784s
  1240     -1.09464e+01     -1.83860e+00      8.00000e+00    786s
  1242     -1.07568e+01     -1.83860e+00      8.00000e+00    787s
  1244     -1.03784e+01     -1.83860e+00      8.00000e+00    788s
  1246     -1.13878e+01     -1.83860e+00      8.00000e+00    790s
  1248     -1.10282e+01     -1.83860e+00      8.00000e+00    791s
  1250     -1.11308e+01     -1.83860e+00      8.00000e+00    793s
  1252     -1.08412e+01     -1.83860e+00      8.00000e+00    794s
  1254     -1.10112e+01     -1.83860e+00      8.00000e+00    796s
  1256     -1.08726e+01     -1.83860e+00      8.00000e+00    797s
  1259     -1.12084e+01     -1.83860e+00      8.00000e+00    798s
  1261     -1.07702e+01     -1.83860e+00      8.00000e+00    800s
  1263     -1.09856e+01     -1.83860e+00      8.00000e+00    802s
  1266     -1.13278e+01     -1.83860e+00      8.00000e+00    803s
  1268     -1.09990e+01     -1.83860e+00      8.00000e+00    804s
  1270     -1.05498e+01     -1.83860e+00      8.00000e+00    806s
  1272     -1.06242e+01     -1.83860e+00      8.00000e+00    807s
  1274     -1.10592e+01     -1.83860e+00      8.00000e+00    808s
  1276     -1.14538e+01     -1.83860e+00      8.00000e+00    809s
  1278     -1.07154e+01     -1.83860e+00      8.00000e+00    811s
  1280     -1.03912e+01     -1.83860e+00      8.00000e+00    812s
  1281     -1.08458e+01     -1.83860e+00      8.00000e+00    813s
  1283     -1.09172e+01     -1.83860e+00      8.00000e+00    815s
  1285     -1.15566e+01     -1.83860e+00      8.00000e+00    816s
  1287     -1.10340e+01     -1.83860e+00      8.00000e+00    818s
  1289     -1.03672e+01     -1.83860e+00      8.00000e+00    819s
  1291     -1.05848e+01     -1.83860e+00      8.00000e+00    821s
  1293     -1.13018e+01     -1.83860e+00      8.00000e+00    822s
  1295     -1.05006e+01     -1.83860e+00      8.00000e+00    823s
  1297     -1.06736e+01     -1.83860e+00      8.00000e+00    825s
  1299     -1.09938e+01     -1.83860e+00      8.00000e+00    827s
  1301     -1.16188e+01     -1.83860e+00      8.00000e+00    828s
  1304     -1.09504e+01     -1.83860e+00      8.00000e+00    829s
  1306     -1.10436e+01     -1.83860e+00      8.00000e+00    831s
  1309     -1.09114e+01     -1.83860e+00      8.00000e+00    832s
  1311     -1.07100e+01     -1.83860e+00      8.00000e+00    834s
  1313     -1.10618e+01     -1.83860e+00      8.00000e+00    835s
  1315     -1.09478e+01     -1.83860e+00      8.00000e+00    836s
  1317     -1.08536e+01     -1.83860e+00      8.00000e+00    837s
  1319     -1.15806e+01     -1.83860e+00      8.00000e+00    838s
  1321     -1.08582e+01     -1.83860e+00      8.00000e+00    840s
  1323     -1.03508e+01     -1.83860e+00      8.00000e+00    841s
  1325     -1.12212e+01     -1.83860e+00      8.00000e+00    843s
  1327     -1.15594e+01     -1.83860e+00      8.00000e+00    844s
  1329     -1.12374e+01     -1.83860e+00      8.00000e+00    846s
  1331     -1.10884e+01     -1.83860e+00      8.00000e+00    847s
  1333     -1.07674e+01     -1.83860e+00      8.00000e+00    849s
  1335     -1.12350e+01     -1.83860e+00      8.00000e+00    850s
  1337     -1.08950e+01     -1.83860e+00      8.00000e+00    851s
  1339     -1.08006e+01     -1.83860e+00      8.00000e+00    852s
  1341     -1.08426e+01     -1.83860e+00      8.00000e+00    853s
  1343     -1.07632e+01     -1.83860e+00      8.00000e+00    855s
  1345     -1.08852e+01     -1.83860e+00      8.00000e+00    856s
  1347     -1.07144e+01     -1.83860e+00      8.00000e+00    857s
  1350     -1.06954e+01     -1.83860e+00      8.00000e+00    859s
  1352     -1.14704e+01     -1.83860e+00      8.00000e+00    861s
  1355     -1.08972e+01     -1.83860e+00      8.00000e+00    862s
  1357     -1.14466e+01     -1.83860e+00      8.00000e+00    864s
  1360     -1.14286e+01     -1.83860e+00      8.00000e+00    865s
  1362     -1.07050e+01     -1.83860e+00      8.00000e+00    867s
  1364     -1.07972e+01     -1.83860e+00      8.00000e+00    868s
  1365     -1.12320e+01     -1.83860e+00      8.00000e+00    869s
  1367     -1.11082e+01     -1.83860e+00      8.00000e+00    871s
  1369     -1.16970e+01     -1.83860e+00      8.00000e+00    872s
  1371     -1.04614e+01     -1.83860e+00      8.00000e+00    873s
  1373     -1.10382e+01     -1.83860e+00      8.00000e+00    875s
  1375     -1.07930e+01     -1.83860e+00      8.00000e+00    876s
  1378     -1.11346e+01     -1.83860e+00      8.00000e+00    877s
  1380     -1.07508e+01     -1.83860e+00      8.00000e+00    878s
  1382     -1.07864e+01     -1.83860e+00      8.00000e+00    880s
  1384     -1.06726e+01     -1.83860e+00      8.00000e+00    881s
  1386     -1.10890e+01     -1.83860e+00      8.00000e+00    882s
  1388     -1.10310e+01     -1.83860e+00      8.00000e+00    884s
  1390     -1.11198e+01     -1.83860e+00      8.00000e+00    886s
  1392     -1.10266e+01     -1.83860e+00      8.00000e+00    887s
  1396     -1.08088e+01     -1.83860e+00      8.00000e+00    888s
  1398     -1.05166e+01     -1.83860e+00      8.00000e+00    890s
  1400     -1.06490e+01     -1.83860e+00      8.00000e+00    891s
  1403     -1.00264e+01     -1.83860e+00      8.00000e+00    893s
  1405     -1.06420e+01     -1.83860e+00      8.00000e+00    894s
  1407     -1.10912e+01     -1.83860e+00      8.00000e+00    895s
  1409     -1.04498e+01     -1.83860e+00      8.00000e+00    896s
  1411     -1.06558e+01     -1.83860e+00      8.00000e+00    897s
  1413     -1.12692e+01     -1.83860e+00      8.00000e+00    899s
  1415     -1.08328e+01     -1.83860e+00      8.00000e+00    900s
  1417     -1.11432e+01     -1.83860e+00      8.00000e+00    901s
  1419     -1.15066e+01     -1.83860e+00      8.00000e+00    903s
  1421     -1.10400e+01     -1.83860e+00      8.00000e+00    904s
  1423     -1.06002e+01     -1.83860e+00      8.00000e+00    905s
  1426     -1.15668e+01     -1.83860e+00      8.00000e+00    906s
  1427     -1.04462e+01     -1.83860e+00      8.00000e+00    908s
  1429     -1.11520e+01     -1.83860e+00      8.00000e+00    909s
  1431     -1.11236e+01     -1.83860e+00      8.00000e+00    910s
  1433     -1.09010e+01     -1.83860e+00      8.00000e+00    911s
  1435     -1.15592e+01     -1.83860e+00      8.00000e+00    912s
  1437     -1.11226e+01     -1.83860e+00      8.00000e+00    914s
  1440     -1.10500e+01     -1.83860e+00      8.00000e+00    915s
  1442     -1.11580e+01     -1.83860e+00      8.00000e+00    916s
  1444     -1.14608e+01     -1.83860e+00      8.00000e+00    917s
  1446     -1.08936e+01     -1.83860e+00      8.00000e+00    919s
  1448     -1.05014e+01     -1.83860e+00      8.00000e+00    920s
  1451     -1.11214e+01     -1.83860e+00      8.00000e+00    921s
  1453     -1.09222e+01     -1.83860e+00      8.00000e+00    923s
  1455     -1.12284e+01     -1.83860e+00      8.00000e+00    924s
  1457     -1.10550e+01     -1.83860e+00      8.00000e+00    925s
  1459     -1.10670e+01     -1.83860e+00      8.00000e+00    927s
  1461     -1.14376e+01     -1.83860e+00      8.00000e+00    928s
  1463     -1.12194e+01     -1.83860e+00      8.00000e+00    929s
  1465     -1.12378e+01     -1.83860e+00      8.00000e+00    931s
  1468     -1.05144e+01     -1.83860e+00      8.00000e+00    932s
  1470     -1.09408e+01     -1.83860e+00      8.00000e+00    934s
  1472     -1.10536e+01     -1.83860e+00      8.00000e+00    935s
  1474     -1.12682e+01     -1.83860e+00      8.00000e+00    937s
  1476     -1.05474e+01     -1.83860e+00      8.00000e+00    938s
  1478     -1.10138e+01     -1.83860e+00      8.00000e+00    940s
  1480     -1.13412e+01     -1.83860e+00      8.00000e+00    941s
  1482     -1.10106e+01     -1.83860e+00      8.00000e+00    943s
  1484     -1.12318e+01     -1.83860e+00      8.00000e+00    944s
  1486     -1.07538e+01     -1.83860e+00      8.00000e+00    945s
  1488     -1.12386e+01     -1.83860e+00      8.00000e+00    946s
  1490     -1.13358e+01     -1.83860e+00      8.00000e+00    947s
  1492     -1.10074e+01     -1.83860e+00      8.00000e+00    949s
  1494     -1.13628e+01     -1.83860e+00      8.00000e+00    950s
  1496     -1.07816e+01     -1.83860e+00      8.00000e+00    951s
  1498     -1.04700e+01     -1.83860e+00      8.00000e+00    953s
  1500     -1.09916e+01     -1.83860e+00      8.00000e+00    954s
  1502     -1.12722e+01     -1.83860e+00      8.00000e+00    956s
  1504     -1.15958e+01     -1.83860e+00      8.00000e+00    957s
  1506     -1.11566e+01     -1.83860e+00      8.00000e+00    958s
  1508     -1.12640e+01     -1.83860e+00      8.00000e+00    959s
  1509     -1.07444e+01     -1.83860e+00      8.00000e+00    960s
  1511     -1.06452e+01     -1.83860e+00      8.00000e+00    962s
  1513     -1.14060e+01     -1.83860e+00      8.00000e+00    964s
  1515     -1.14726e+01     -1.83860e+00      8.00000e+00    965s
  1517     -1.15712e+01     -1.83860e+00      8.00000e+00    966s
  1519     -1.13778e+01     -1.83860e+00      8.00000e+00    968s
  1521     -1.17616e+01     -1.83860e+00      8.00000e+00    969s
  1523     -1.10568e+01     -1.83860e+00      8.00000e+00    970s
  1524     -1.11260e+01     -1.83860e+00      8.00000e+00    971s
  1526     -1.09114e+01     -1.83860e+00      8.00000e+00    973s
  1528     -1.13396e+01     -1.83860e+00      8.00000e+00    975s
  1530     -1.14370e+01     -1.83860e+00      8.00000e+00    976s
  1532     -1.15504e+01     -1.83860e+00      8.00000e+00    978s
  1535     -1.11152e+01     -1.83860e+00      8.00000e+00    979s
  1537     -1.02648e+01     -1.83860e+00      8.00000e+00    980s
  1539     -1.16186e+01     -1.83860e+00      8.00000e+00    981s
  1541     -1.14774e+01     -1.83860e+00      8.00000e+00    983s
  1543     -1.15544e+01     -1.83860e+00      8.00000e+00    984s
  1545     -1.15176e+01     -1.83860e+00      8.00000e+00    985s
  1547     -1.11742e+01     -1.83860e+00      8.00000e+00    987s
  1549     -1.12714e+01     -1.83860e+00      8.00000e+00    988s
  1552     -1.13866e+01     -1.83860e+00      8.00000e+00    989s
  1554     -1.10922e+01     -1.83860e+00      8.00000e+00    990s
  1556     -1.19428e+01     -1.83860e+00      8.00000e+00    992s
  1558     -1.18650e+01     -1.83860e+00      8.00000e+00    993s
  1560     -1.09120e+01     -1.83860e+00      8.00000e+00    994s
  1562     -1.11422e+01     -1.83860e+00      8.00000e+00    995s
  1564     -1.05368e+01     -1.83860e+00      8.00000e+00    997s
  1566     -1.23188e+01     -1.83860e+00      8.00000e+00    998s
  1569     -1.17478e+01     -1.83860e+00      8.00000e+00    999s
  1571     -1.19160e+01     -1.83860e+00      8.00000e+00   1000s
  1573     -1.10384e+01     -1.83860e+00      8.00000e+00   1002s
  1575     -1.15718e+01     -1.83860e+00      8.00000e+00   1003s
  1578     -1.10200e+01     -1.83860e+00      8.00000e+00   1005s
  1580     -1.20492e+01     -1.83860e+00      8.00000e+00   1006s
  1583     -1.18312e+01     -1.83860e+00      8.00000e+00   1008s
  1584     -1.14406e+01     -1.83860e+00      8.00000e+00   1009s
  1586     -1.10688e+01     -1.83860e+00      8.00000e+00   1011s
  1588     -1.10806e+01     -1.83860e+00      8.00000e+00   1012s
  1590     -1.17446e+01     -1.83860e+00      8.00000e+00   1013s
  1592     -1.18912e+01     -1.83860e+00      8.00000e+00   1015s
  1594     -1.16786e+01     -1.83860e+00      8.00000e+00   1016s
  1597     -1.17076e+01     -1.83860e+00      8.00000e+00   1018s
  1599     -1.06648e+01     -1.83860e+00      8.00000e+00   1019s
  1601     -1.07594e+01     -1.83860e+00      8.00000e+00   1020s
  1603     -1.13726e+01     -1.83860e+00      8.00000e+00   1022s
  1605     -1.10932e+01     -1.83860e+00      8.00000e+00   1023s
  1607     -1.14224e+01     -1.83860e+00      8.00000e+00   1024s
  1609     -1.09164e+01     -1.83860e+00      8.00000e+00   1026s
  1611     -1.07050e+01     -1.83860e+00      8.00000e+00   1027s
  1613     -1.09966e+01     -1.83860e+00      8.00000e+00   1028s
  1615     -1.08686e+01     -1.83860e+00      8.00000e+00   1030s
  1617     -1.09176e+01     -1.83860e+00      8.00000e+00   1031s
  1620     -1.08840e+01     -1.83860e+00      8.00000e+00   1033s
  1622     -1.11076e+01     -1.83860e+00      8.00000e+00   1034s
  1624     -1.04838e+01     -1.83860e+00      8.00000e+00   1036s
  1626     -1.13366e+01     -1.83860e+00      8.00000e+00   1037s
  1629     -1.09682e+01     -1.83860e+00      8.00000e+00   1039s
  1630     -1.07782e+01     -1.83860e+00      8.00000e+00   1040s
  1631     -1.12470e+01     -1.83860e+00      8.00000e+00   1041s
  1633     -1.12028e+01     -1.83860e+00      8.00000e+00   1042s
  1636     -1.14200e+01     -1.83860e+00      8.00000e+00   1044s
  1638     -1.15272e+01     -1.83860e+00      8.00000e+00   1045s
  1640     -1.17138e+01     -1.83860e+00      8.00000e+00   1046s
  1642     -1.13168e+01     -1.83860e+00      8.00000e+00   1047s
  1644     -1.12608e+01     -1.83860e+00      8.00000e+00   1048s
  1646     -1.17580e+01     -1.83860e+00      8.00000e+00   1049s
  1648     -1.07818e+01     -1.83860e+00      8.00000e+00   1051s
  1650     -1.07738e+01     -1.83860e+00      8.00000e+00   1052s
  1651     -1.10672e+01     -1.83860e+00      8.00000e+00   1053s
  1653     -1.01668e+01     -1.83860e+00      8.00000e+00   1055s
  1655     -9.61040e+00     -1.83860e+00      8.00000e+00   1056s
  1657     -9.05840e+00     -1.83860e+00      8.00000e+00   1057s
  1660     -1.04108e+01     -1.83860e+00      8.00000e+00   1059s
  1663     -1.10604e+01     -1.83860e+00      8.00000e+00   1061s
  1666     -1.02130e+01     -1.83860e+00      8.00000e+00   1062s
  1668     -9.20760e+00     -1.83860e+00      8.00000e+00   1063s
  1670     -9.45980e+00     -1.83860e+00      8.00000e+00   1065s
  1672     -1.08720e+01     -1.83860e+00      8.00000e+00   1066s
  1674     -1.13384e+01     -1.83860e+00      8.00000e+00   1067s
  1676     -1.12396e+01     -1.83860e+00      8.00000e+00   1068s
  1679     -9.52000e+00     -1.83860e+00      8.00000e+00   1070s
  1681     -8.77520e+00     -1.83860e+00      8.00000e+00   1071s
  1683     -9.68960e+00     -1.83860e+00      8.00000e+00   1072s
  1685     -9.75580e+00     -1.83860e+00      8.00000e+00   1074s
  1687     -1.10160e+01     -1.83860e+00      8.00000e+00   1075s
  1689     -1.05714e+01     -1.83860e+00      8.00000e+00   1076s
  1692     -9.22920e+00     -1.83860e+00      8.00000e+00   1078s
  1694     -9.43500e+00     -1.83860e+00      8.00000e+00   1079s
  1696     -9.89300e+00     -1.83860e+00      8.00000e+00   1080s
  1698     -1.10768e+01     -1.83860e+00      8.00000e+00   1082s
  1700     -1.08884e+01     -1.83860e+00      8.00000e+00   1083s
  1702     -1.07334e+01     -1.83860e+00      8.00000e+00   1085s
  1704     -9.57160e+00     -1.83860e+00      8.00000e+00   1086s
  1706     -9.54760e+00     -1.83860e+00      8.00000e+00   1087s
  1708     -9.61800e+00     -1.83860e+00      8.00000e+00   1089s
  1710     -1.06192e+01     -1.83860e+00      8.00000e+00   1090s
  1712     -1.14708e+01     -1.83860e+00      8.00000e+00   1092s
  1714     -1.08140e+01     -1.83860e+00      8.00000e+00   1093s
  1716     -9.62060e+00     -1.83860e+00      8.00000e+00   1095s
  1717     -9.77960e+00     -1.83860e+00      8.00000e+00   1096s
  1719     -9.70500e+00     -1.83860e+00      8.00000e+00   1097s
  1721     -1.01576e+01     -1.83860e+00      8.00000e+00   1099s
  1724     -1.08476e+01     -1.83860e+00      8.00000e+00   1101s
  1725     -1.10168e+01     -1.83860e+00      8.00000e+00   1102s
  1727     -1.04596e+01     -1.83860e+00      8.00000e+00   1103s
  1731     -9.05600e+00     -1.83860e+00      8.00000e+00   1105s
  1733     -9.49980e+00     -1.83860e+00      8.00000e+00   1106s
  1735     -1.10576e+01     -1.83860e+00      8.00000e+00   1107s
  1737     -1.09030e+01     -1.83860e+00      8.00000e+00   1108s
  1740     -9.99100e+00     -1.83860e+00      8.00000e+00   1110s
  1742     -9.55260e+00     -1.83860e+00      8.00000e+00   1112s
  1744     -9.88580e+00     -1.83860e+00      8.00000e+00   1113s
  1746     -1.04552e+01     -1.83860e+00      8.00000e+00   1115s
  1748     -1.06186e+01     -1.83860e+00      8.00000e+00   1116s
  1750     -1.11204e+01     -1.83860e+00      8.00000e+00   1117s
  1752     -1.08952e+01     -1.83860e+00      8.00000e+00   1119s
  1754     -1.11450e+01     -1.83860e+00      8.00000e+00   1120s
  1756     -1.08910e+01     -1.83860e+00      8.00000e+00   1122s
  1758     -1.16458e+01     -1.83860e+00      8.00000e+00   1123s
  1760     -1.05320e+01     -1.83860e+00      8.00000e+00   1125s
  1762     -1.13038e+01     -1.83860e+00      8.00000e+00   1126s
  1764     -1.11608e+01     -1.83860e+00      8.00000e+00   1127s
  1766     -1.11406e+01     -1.83860e+00      8.00000e+00   1128s
  1768     -1.08046e+01     -1.83860e+00      8.00000e+00   1129s
  1771     -1.12266e+01     -1.83860e+00      8.00000e+00   1131s
  1773     -1.06500e+01     -1.83860e+00      8.00000e+00   1132s
  1775     -1.10226e+01     -1.83860e+00      8.00000e+00   1134s
  1777     -1.10702e+01     -1.83860e+00      8.00000e+00   1135s
  1779     -1.12566e+01     -1.83860e+00      8.00000e+00   1136s
  1781     -1.09726e+01     -1.83860e+00      8.00000e+00   1137s
  1783     -1.08762e+01     -1.83860e+00      8.00000e+00   1138s
  1785     -1.14434e+01     -1.83860e+00      8.00000e+00   1140s
  1787     -1.10302e+01     -1.83860e+00      8.00000e+00   1141s
  1789     -1.11748e+01     -1.83860e+00      8.00000e+00   1142s
  1791     -1.12214e+01     -1.83860e+00      8.00000e+00   1144s
  1794     -1.15146e+01     -1.83860e+00      8.00000e+00   1145s
  1796     -1.10572e+01     -1.83860e+00      8.00000e+00   1147s
  1798     -1.02320e+01     -1.83860e+00      8.00000e+00   1148s
  1800     -1.16426e+01     -1.83860e+00      8.00000e+00   1149s
  1802     -1.13142e+01     -1.83860e+00      8.00000e+00   1151s
  1804     -1.15346e+01     -1.83860e+00      8.00000e+00   1152s
  1806     -1.10942e+01     -1.83860e+00      8.00000e+00   1154s
  1808     -1.05066e+01     -1.83860e+00      8.00000e+00   1156s
  1810     -1.14220e+01     -1.83860e+00      8.00000e+00   1157s
  1812     -1.06842e+01     -1.83860e+00      8.00000e+00   1159s
  1814     -1.08434e+01     -1.83860e+00      8.00000e+00   1160s
  1817     -1.15686e+01     -1.83860e+00      8.00000e+00   1162s
  1818     -1.09604e+01     -1.83860e+00      8.00000e+00   1163s
  1821     -1.08044e+01     -1.83860e+00      8.00000e+00   1164s
  1823     -1.09748e+01     -1.83860e+00      8.00000e+00   1165s
  1826     -1.12900e+01     -1.83860e+00      8.00000e+00   1167s
  1828     -1.09890e+01     -1.83860e+00      8.00000e+00   1168s
  1830     -1.10858e+01     -1.83860e+00      8.00000e+00   1169s
  1833     -1.10226e+01     -1.83860e+00      8.00000e+00   1170s
  1835     -1.12318e+01     -1.83860e+00      8.00000e+00   1172s
  1837     -1.07484e+01     -1.83860e+00      8.00000e+00   1173s
  1839     -1.11764e+01     -1.83860e+00      8.00000e+00   1174s
  1842     -1.11870e+01     -1.83860e+00      8.00000e+00   1176s
  1844     -1.08534e+01     -1.83860e+00      8.00000e+00   1178s
  1846     -1.08028e+01     -1.83860e+00      8.00000e+00   1179s
  1848     -1.15144e+01     -1.83860e+00      8.00000e+00   1180s
  1850     -1.05746e+01     -1.83860e+00      8.00000e+00   1182s
  1852     -1.12788e+01     -1.83860e+00      8.00000e+00   1184s
  1854     -1.08600e+01     -1.83860e+00      8.00000e+00   1185s
  1856     -1.09186e+01     -1.83860e+00      8.00000e+00   1186s
  1858     -1.09024e+01     -1.83860e+00      8.00000e+00   1188s
  1861     -1.10592e+01     -1.83860e+00      8.00000e+00   1189s
  1863     -1.01580e+01     -1.83860e+00      8.00000e+00   1191s
  1865     -1.10596e+01     -1.83860e+00      8.00000e+00   1192s
  1868     -1.11444e+01     -1.83860e+00      8.00000e+00   1193s
  1870     -1.09416e+01     -1.83860e+00      8.00000e+00   1195s
  1872     -1.07968e+01     -1.83860e+00      8.00000e+00   1196s
  1874     -1.06074e+01     -1.83860e+00      8.00000e+00   1197s
  1876     -1.07926e+01     -1.83860e+00      8.00000e+00   1199s
  1878     -1.10478e+01     -1.83860e+00      8.00000e+00   1200s
  1880     -1.08574e+01     -1.83860e+00      8.00000e+00   1202s
  1882     -1.07416e+01     -1.83860e+00      8.00000e+00   1204s
  1884     -1.08904e+01     -1.83860e+00      8.00000e+00   1206s
  1886     -1.11186e+01     -1.83860e+00      8.00000e+00   1207s
  1888     -1.06282e+01     -1.83860e+00      8.00000e+00   1208s
  1890     -1.15178e+01     -1.83860e+00      8.00000e+00   1210s
  1892     -1.10566e+01     -1.83860e+00      8.00000e+00   1211s
  1893     -1.13034e+01     -1.83860e+00      8.00000e+00   1213s
  1895     -1.08532e+01     -1.83860e+00      8.00000e+00   1214s
  1897     -1.14268e+01     -1.83860e+00      8.00000e+00   1215s
  1899     -1.08514e+01     -1.83860e+00      8.00000e+00   1216s
  1901     -1.11386e+01     -1.83860e+00      8.00000e+00   1218s
  1904     -1.12034e+01     -1.83860e+00      8.00000e+00   1219s
  1906     -1.13786e+01     -1.83860e+00      8.00000e+00   1221s
  1908     -1.13702e+01     -1.83860e+00      8.00000e+00   1222s
  1911     -1.10010e+01     -1.83860e+00      8.00000e+00   1224s
  1913     -1.06078e+01     -1.83860e+00      8.00000e+00   1225s
  1915     -1.09962e+01     -1.83860e+00      8.00000e+00   1226s
  1917     -1.15212e+01     -1.83860e+00      8.00000e+00   1228s
  1919     -1.13460e+01     -1.83860e+00      8.00000e+00   1229s
  1922     -1.11528e+01     -1.83860e+00      8.00000e+00   1230s
  1924     -1.13078e+01     -1.83860e+00      8.00000e+00   1232s
  1926     -1.12428e+01     -1.83860e+00      8.00000e+00   1233s
  1928     -1.09366e+01     -1.83860e+00      8.00000e+00   1235s
  1930     -1.09520e+01     -1.83860e+00      8.00000e+00   1236s
  1932     -1.10672e+01     -1.83860e+00      8.00000e+00   1238s
  1934     -1.11228e+01     -1.83860e+00      8.00000e+00   1239s
  1936     -1.09306e+01     -1.83860e+00      8.00000e+00   1240s
  1938     -1.05818e+01     -1.83860e+00      8.00000e+00   1242s
  1940     -1.12222e+01     -1.83860e+00      8.00000e+00   1244s
  1942     -1.09620e+01     -1.83860e+00      8.00000e+00   1245s
  1944     -1.11036e+01     -1.83860e+00      8.00000e+00   1247s
  1946     -1.13626e+01     -1.83860e+00      8.00000e+00   1249s
  1948     -1.13024e+01     -1.83860e+00      8.00000e+00   1250s
  1951     -1.07434e+01     -1.83860e+00      8.00000e+00   1252s
  1953     -1.13270e+01     -1.83860e+00      8.00000e+00   1253s
  1955     -1.15706e+01     -1.83860e+00      8.00000e+00   1254s
  1958     -1.13406e+01     -1.83860e+00      8.00000e+00   1256s
  1960     -1.13678e+01     -1.83860e+00      8.00000e+00   1257s
  1962     -1.08108e+01     -1.83860e+00      8.00000e+00   1258s
  1965     -1.13968e+01     -1.83860e+00      8.00000e+00   1260s
  1967     -1.14832e+01     -1.83860e+00      8.00000e+00   1261s
  1969     -1.16654e+01     -1.83860e+00      8.00000e+00   1262s
  1971     -1.12152e+01     -1.83860e+00      8.00000e+00   1263s
  1973     -1.12078e+01     -1.83860e+00      8.00000e+00   1265s
  1975     -1.12676e+01     -1.83860e+00      8.00000e+00   1266s
  1977     -1.07212e+01     -1.83860e+00      8.00000e+00   1268s
  1979     -1.12488e+01     -1.83860e+00      8.00000e+00   1269s
  1981     -1.15666e+01     -1.83860e+00      8.00000e+00   1271s
  1982     -1.14036e+01     -1.83860e+00      8.00000e+00   1272s
  1984     -1.08558e+01     -1.83860e+00      8.00000e+00   1273s
  1986     -1.13270e+01     -1.83860e+00      8.00000e+00   1274s
  1988     -1.14316e+01     -1.83860e+00      8.00000e+00   1275s
  1990     -1.12136e+01     -1.83860e+00      8.00000e+00   1277s
  1992     -1.16738e+01     -1.83860e+00      8.00000e+00   1278s
  1994     -1.14226e+01     -1.83860e+00      8.00000e+00   1280s
  1996     -1.09286e+01     -1.83860e+00      8.00000e+00   1281s
  1998     -1.09742e+01     -1.83860e+00      8.00000e+00   1282s
  2000     -1.12024e+01     -1.83860e+00      8.00000e+00   1283s
  2002     -1.18024e+01     -1.83860e+00      8.00000e+00   1284s
  2005     -1.15752e+01     -1.83860e+00      8.00000e+00   1286s
  2007     -1.11100e+01     -1.83860e+00      8.00000e+00   1288s
  2009     -1.09284e+01     -1.83860e+00      8.00000e+00   1289s
  2011     -1.06790e+01     -1.83860e+00      8.00000e+00   1290s
  2013     -1.19014e+01     -1.83860e+00      8.00000e+00   1292s
  2015     -1.13848e+01     -1.83860e+00      8.00000e+00   1293s
  2018     -1.13768e+01     -1.83860e+00      8.00000e+00   1294s
  2020     -1.18470e+01     -1.83860e+00      8.00000e+00   1296s
  2022     -1.08962e+01     -1.83860e+00      8.00000e+00   1297s
  2024     -1.14320e+01     -1.83860e+00      8.00000e+00   1299s
  2026     -1.08074e+01     -1.83860e+00      8.00000e+00   1300s
  2028     -1.09516e+01     -1.83860e+00      8.00000e+00   1301s
  2030     -1.14666e+01     -1.83860e+00      8.00000e+00   1303s
  2032     -1.17388e+01     -1.83860e+00      8.00000e+00   1304s
  2033     -1.17818e+01     -1.83860e+00      8.00000e+00   1305s
  2035     -1.09314e+01     -1.83860e+00      8.00000e+00   1306s
  2037     -1.09826e+01     -1.83860e+00      8.00000e+00   1308s
  2040     -1.08910e+01     -1.83860e+00      8.00000e+00   1309s
  2042     -1.18856e+01     -1.83860e+00      8.00000e+00   1310s
  2045     -1.16200e+01     -1.83860e+00      8.00000e+00   1312s
  2047     -1.14882e+01     -1.83860e+00      8.00000e+00   1314s
  2049     -1.05744e+01     -1.83860e+00      8.00000e+00   1315s
  2051     -1.13826e+01     -1.83860e+00      8.00000e+00   1317s
  2053     -1.13492e+01     -1.83860e+00      8.00000e+00   1318s
  2056     -1.26646e+01     -1.83860e+00      8.00000e+00   1320s
  2058     -1.16380e+01     -1.83860e+00      8.00000e+00   1322s
  2060     -1.15796e+01     -1.83860e+00      8.00000e+00   1323s
  2063     -1.11128e+01     -1.83860e+00      8.00000e+00   1325s
  2065     -1.19990e+01     -1.83860e+00      8.00000e+00   1326s
  2067     -1.11434e+01     -1.83860e+00      8.00000e+00   1327s
  2069     -1.21504e+01     -1.83860e+00      8.00000e+00   1329s
  2071     -1.16956e+01     -1.83860e+00      8.00000e+00   1330s
  2073     -1.13658e+01     -1.83860e+00      8.00000e+00   1331s
  2075     -1.07772e+01     -1.83860e+00      8.00000e+00   1333s
  2077     -1.14548e+01     -1.83860e+00      8.00000e+00   1334s
  2079     -1.16728e+01     -1.83860e+00      8.00000e+00   1335s
  2081     -1.25030e+01     -1.83860e+00      8.00000e+00   1337s
  2083     -1.15560e+01     -1.83860e+00      8.00000e+00   1338s
  2086     -1.12494e+01     -1.83860e+00      8.00000e+00   1340s
  2088     -1.15610e+01     -1.83860e+00      8.00000e+00   1341s
  2090     -1.18420e+01     -1.83860e+00      8.00000e+00   1342s
  2093     -1.22782e+01     -1.83860e+00      8.00000e+00   1343s
  2095     -1.19654e+01     -1.83860e+00      8.00000e+00   1344s
  2098     -1.17458e+01     -1.83860e+00      8.00000e+00   1346s
  2100     -1.12450e+01     -1.83860e+00      8.00000e+00   1347s
  2103     -1.07344e+01     -1.83860e+00      8.00000e+00   1349s
  2105     -1.21760e+01     -1.83860e+00      8.00000e+00   1350s
  2107     -1.21620e+01     -1.83860e+00      8.00000e+00   1351s
  2109     -1.20762e+01     -1.83860e+00      8.00000e+00   1353s
  2111     -1.11800e+01     -1.83860e+00      8.00000e+00   1354s
  2113     -1.11158e+01     -1.83860e+00      8.00000e+00   1356s
  2115     -1.20286e+01     -1.83860e+00      8.00000e+00   1357s
  2117     -1.26206e+01     -1.83860e+00      8.00000e+00   1359s
  2119     -1.29836e+01     -1.83860e+00      8.00000e+00   1360s
  2121     -1.31472e+01     -1.83860e+00      8.00000e+00   1361s
  2123     -1.19282e+01     -1.83860e+00      8.00000e+00   1363s
  2125     -1.05742e+01     -1.83860e+00      8.00000e+00   1364s
  2127     -1.12730e+01     -1.83860e+00      8.00000e+00   1366s
  2129     -1.20404e+01     -1.83860e+00      8.00000e+00   1368s
  2131     -1.25176e+01     -1.83860e+00      8.00000e+00   1369s
  2134     -1.20544e+01     -1.83860e+00      8.00000e+00   1370s
  2136     -1.08320e+01     -1.83860e+00      8.00000e+00   1372s
  2138     -1.08326e+01     -1.83860e+00      8.00000e+00   1373s
  2141     -1.29332e+01     -1.83860e+00      8.00000e+00   1375s
  2143     -1.28906e+01     -1.83860e+00      8.00000e+00   1376s
  2145     -1.28728e+01     -1.83860e+00      8.00000e+00   1378s
  2147     -1.15624e+01     -1.83860e+00      8.00000e+00   1379s
  2149     -1.07920e+01     -1.83860e+00      8.00000e+00   1380s
  2151     -1.06384e+01     -1.83860e+00      8.00000e+00   1381s
  2153     -1.05804e+01     -1.83860e+00      8.00000e+00   1382s
  2155     -1.14718e+01     -1.83860e+00      8.00000e+00   1383s
  2158     -1.27018e+01     -1.83860e+00      8.00000e+00   1385s
  2160     -1.20588e+01     -1.83860e+00      8.00000e+00   1386s
  2162     -1.07836e+01     -1.83860e+00      8.00000e+00   1388s
  2164     -1.12764e+01     -1.83860e+00      8.00000e+00   1389s
  2166     -1.31468e+01     -1.83860e+00      8.00000e+00   1390s
  2168     -1.45498e+01     -1.83860e+00      8.00000e+00   1392s
  2170     -1.45128e+01     -1.83860e+00      8.00000e+00   1393s
  2172     -1.29388e+01     -1.83860e+00      8.00000e+00   1394s
  2174     -1.15936e+01     -1.83860e+00      8.00000e+00   1395s
  2176     -1.03742e+01     -1.83860e+00      8.00000e+00   1397s
  2178     -1.08916e+01     -1.83860e+00      8.00000e+00   1398s
  2180     -1.29434e+01     -1.83860e+00      8.00000e+00   1399s
  2182     -1.32738e+01     -1.83860e+00      8.00000e+00   1400s
  2184     -1.20978e+01     -1.83860e+00      8.00000e+00   1402s
  2186     -1.10744e+01     -1.83860e+00      8.00000e+00   1403s
  2188     -1.13614e+01     -1.83860e+00      8.00000e+00   1404s
  2190     -1.23282e+01     -1.83860e+00      8.00000e+00   1406s
  2192     -1.43422e+01     -1.83860e+00      8.00000e+00   1407s
  2194     -1.49510e+01     -1.83860e+00      8.00000e+00   1408s
  2196     -1.41602e+01     -1.83860e+00      8.00000e+00   1409s
  2198     -1.17538e+01     -1.83860e+00      8.00000e+00   1410s
  2200     -1.05648e+01     -1.83860e+00      8.00000e+00   1412s
  2202     -1.09992e+01     -1.83860e+00      8.00000e+00   1413s
  2204     -1.16728e+01     -1.83860e+00      8.00000e+00   1414s
  2205     -1.19314e+01     -1.83860e+00      8.00000e+00   1415s
  2207     -1.30524e+01     -1.83860e+00      8.00000e+00   1417s
  2209     -1.22946e+01     -1.83860e+00      8.00000e+00   1418s
  2211     -1.11388e+01     -1.83860e+00      8.00000e+00   1419s
  2213     -1.09768e+01     -1.83860e+00      8.00000e+00   1420s
  2215     -1.27660e+01     -1.83860e+00      8.00000e+00   1422s
  2217     -1.44176e+01     -1.83860e+00      8.00000e+00   1423s
  2219     -1.53674e+01     -1.83860e+00      8.00000e+00   1424s
  2221     -1.42278e+01     -1.83860e+00      8.00000e+00   1426s
  2223     -1.25234e+01     -1.83860e+00      8.00000e+00   1427s
  2226     -1.11730e+01     -1.83860e+00      8.00000e+00   1429s
  2229     -1.20690e+01     -1.83860e+00      8.00000e+00   1430s
  2231     -1.32254e+01     -1.83860e+00      8.00000e+00   1431s
  2233     -1.30384e+01     -1.83860e+00      8.00000e+00   1433s
  2235     -1.16886e+01     -1.83860e+00      8.00000e+00   1434s
  2238     -1.11942e+01     -1.83860e+00      8.00000e+00   1435s
  2240     -1.28562e+01     -1.83860e+00      8.00000e+00   1436s
  2242     -1.62892e+01     -1.83860e+00      8.00000e+00   1438s
  2244     -1.55802e+01     -1.83860e+00      8.00000e+00   1439s
  2246     -1.39634e+01     -1.83860e+00      8.00000e+00   1440s
  2248     -1.16172e+01     -1.83860e+00      8.00000e+00   1441s
  2249     -1.12112e+01     -1.83860e+00      8.00000e+00   1443s
  2251     -1.22388e+01     -1.83860e+00      8.00000e+00   1444s
  2253     -1.39858e+01     -1.83860e+00      8.00000e+00   1445s
  2254     -1.47676e+01     -1.83860e+00      8.00000e+00   1446s
  2256     -1.66700e+01     -1.83860e+00      8.00000e+00   1448s
  2258     -1.53690e+01     -1.83860e+00      8.00000e+00   1449s
  2260     -1.29160e+01     -1.83860e+00      8.00000e+00   1451s
  2262     -1.07590e+01     -1.83860e+00      8.00000e+00   1452s
  2264     -1.15650e+01     -1.83860e+00      8.00000e+00   1453s
  2266     -1.23028e+01     -1.83860e+00      8.00000e+00   1455s
  2268     -1.35472e+01     -1.83860e+00      8.00000e+00   1456s
  2270     -1.28900e+01     -1.83860e+00      8.00000e+00   1457s
  2273     -1.08152e+01     -1.83860e+00      8.00000e+00   1458s
  2276     -1.22358e+01     -1.83860e+00      8.00000e+00   1460s
  2278     -1.45674e+01     -1.83860e+00      8.00000e+00   1461s
  2280     -1.61030e+01     -1.83860e+00      8.00000e+00   1462s
  2282     -1.60680e+01     -1.83860e+00      8.00000e+00   1463s
  2285     -1.18136e+01     -1.83860e+00      8.00000e+00   1465s
  2287     -1.08072e+01     -1.83860e+00      8.00000e+00   1466s
  2289     -1.15048e+01     -1.83860e+00      8.00000e+00   1468s
  2291     -1.29918e+01     -1.83860e+00      8.00000e+00   1469s
  2293     -1.40178e+01     -1.83860e+00      8.00000e+00   1471s
  2295     -1.28102e+01     -1.83860e+00      8.00000e+00   1472s
  2297     -1.07176e+01     -1.83860e+00      8.00000e+00   1473s
  2299     -1.08928e+01     -1.83860e+00      8.00000e+00   1475s
  2301     -1.33484e+01     -1.83860e+00      8.00000e+00   1476s
  2303     -1.84240e+01     -1.83860e+00      8.00000e+00   1477s
  2305     -2.09680e+01     -1.83860e+00      8.00000e+00   1479s
  2307     -2.03296e+01     -1.83860e+00      8.00000e+00   1480s
  2309     -1.61682e+01     -1.83860e+00      8.00000e+00   1481s
  2311     -1.22500e+01     -1.83860e+00      8.00000e+00   1483s
  2313     -1.08138e+01     -1.83860e+00      8.00000e+00   1484s
  2315     -1.14852e+01     -1.83860e+00      8.00000e+00   1485s
  2317     -1.15244e+01     -1.83860e+00      8.00000e+00   1486s
  2320     -9.16040e+00     -1.83860e+00      8.00000e+00   1488s
  2322     -8.97900e+00     -1.83860e+00      8.00000e+00   1489s
  2324     -1.02432e+01     -1.83860e+00      8.00000e+00   1490s
  2326     -1.49884e+01     -1.83860e+00      8.00000e+00   1492s
  2327     -1.67916e+01     -1.83860e+00      8.00000e+00   1493s
  2329     -1.99880e+01     -1.83860e+00      8.00000e+00   1494s
  2332     -1.93014e+01     -1.83860e+00      8.00000e+00   1496s
  2334     -1.52934e+01     -1.83860e+00      8.00000e+00   1497s
  2336     -1.19382e+01     -1.83860e+00      8.00000e+00   1498s
  2338     -1.06464e+01     -1.83860e+00      8.00000e+00   1499s
  2341     -1.13874e+01     -1.83860e+00      8.00000e+00   1501s
  2343     -1.04822e+01     -1.83860e+00      8.00000e+00   1502s
  2345     -9.01720e+00     -1.83860e+00      8.00000e+00   1503s
  2347     -8.55080e+00     -1.83860e+00      8.00000e+00   1505s
  2349     -1.07900e+01     -1.83860e+00      8.00000e+00   1506s
  2350     -1.06220e+01     -1.83860e+00      8.00000e+00   1507s
  2352     -1.56072e+01     -1.83860e+00      8.00000e+00   1508s
  2354     -2.00530e+01     -1.83860e+00      8.00000e+00   1509s
  2356     -2.15190e+01     -1.83860e+00      8.00000e+00   1510s
  2359     -1.71430e+01     -1.83860e+00      8.00000e+00   1512s
  2361     -1.24922e+01     -1.83860e+00      8.00000e+00   1514s
  2363     -9.95640e+00     -1.83860e+00      8.00000e+00   1515s
  2365     -1.02930e+01     -1.83860e+00      8.00000e+00   1517s
  2368     -1.10900e+01     -1.83860e+00      8.00000e+00   1518s
  2371     -9.32000e+00     -1.83860e+00      8.00000e+00   1520s
  2374     -1.03686e+01     -1.83860e+00      8.00000e+00   1522s
  2376     -1.44430e+01     -1.83860e+00      8.00000e+00   1523s
  2379     -2.09356e+01     -1.83860e+00      8.00000e+00   1524s
  2382     -1.97190e+01     -1.83860e+00      8.00000e+00   1526s
  2384     -1.55998e+01     -1.83860e+00      8.00000e+00   1527s
  2387     -1.11546e+01     -1.83860e+00      8.00000e+00   1529s
  2389     -1.01878e+01     -1.83860e+00      8.00000e+00   1530s
  2391     -1.05196e+01     -1.83860e+00      8.00000e+00   1531s
  2394     -9.85880e+00     -1.83860e+00      8.00000e+00   1533s
  2396     -9.33220e+00     -1.83860e+00      8.00000e+00   1534s
  2398     -9.44580e+00     -1.83860e+00      8.00000e+00   1536s
  2400     -1.06816e+01     -1.83860e+00      8.00000e+00   1537s
  2401     -1.05326e+01     -1.83860e+00      8.00000e+00   1538s
  2403     -1.24202e+01     -1.83860e+00      8.00000e+00   1539s
  2405     -1.50094e+01     -1.83860e+00      8.00000e+00   1540s
  2407     -1.67946e+01     -1.83860e+00      8.00000e+00   1541s
  2409     -1.56828e+01     -1.83860e+00      8.00000e+00   1543s
  2411     -1.18240e+01     -1.83860e+00      8.00000e+00   1544s
  2413     -1.06562e+01     -1.83860e+00      8.00000e+00   1545s
  2415     -1.02686e+01     -1.83860e+00      8.00000e+00   1547s
  2417     -1.32882e+01     -1.83860e+00      8.00000e+00   1549s
  2420     -1.46476e+01     -1.83860e+00      8.00000e+00   1550s
  2423     -1.25304e+01     -1.83860e+00      8.00000e+00   1552s
  2425     -1.10212e+01     -1.83860e+00      8.00000e+00   1554s
  2429     -1.42246e+01     -1.83860e+00      8.00000e+00   1555s
  2431     -1.63784e+01     -1.83860e+00      8.00000e+00   1556s
  2433     -1.59882e+01     -1.83860e+00      8.00000e+00   1558s
  2435     -1.30452e+01     -1.83860e+00      8.00000e+00   1559s
  2437     -1.10020e+01     -1.83860e+00      8.00000e+00   1560s
  2439     -1.08448e+01     -1.83860e+00      8.00000e+00   1561s
  2442     -1.35248e+01     -1.83860e+00      8.00000e+00   1563s
  2444     -1.46838e+01     -1.83860e+00      8.00000e+00   1564s
  2446     -1.39520e+01     -1.83860e+00      8.00000e+00   1565s
  2448     -1.20726e+01     -1.83860e+00      8.00000e+00   1567s
  2450     -1.06624e+01     -1.83860e+00      8.00000e+00   1569s
  2452     -8.52020e+00     -1.83860e+00      8.00000e+00   1571s
  2454     -9.57440e+00     -1.83860e+00      8.00000e+00   1572s
  2456     -1.21134e+01     -1.83860e+00      8.00000e+00   1574s
  2458     -1.31520e+01     -1.83860e+00      8.00000e+00   1575s
  2460     -1.21594e+01     -1.83860e+00      8.00000e+00   1576s
  2462     -1.08886e+01     -1.83860e+00      8.00000e+00   1578s
  2464     -1.17964e+01     -1.83860e+00      8.00000e+00   1579s
  2467     -1.68270e+01     -1.83860e+00      8.00000e+00   1581s
  2470     -1.94164e+01     -1.83860e+00      8.00000e+00   1582s
  2472     -1.72464e+01     -1.83860e+00      8.00000e+00   1584s
  2475     -9.85740e+00     -1.83860e+00      8.00000e+00   1585s
  2477     -9.11400e+00     -1.83860e+00      8.00000e+00   1586s
  2479     -1.06154e+01     -1.83860e+00      8.00000e+00   1587s
  2481     -1.26176e+01     -1.83860e+00      8.00000e+00   1588s
  2483     -1.29418e+01     -1.83860e+00      8.00000e+00   1590s
  2486     -1.11774e+01     -1.83860e+00      8.00000e+00   1591s
  2488     -1.17064e+01     -1.83860e+00      8.00000e+00   1593s
  2490     -1.40420e+01     -1.83860e+00      8.00000e+00   1594s
  2491     -1.58404e+01     -1.83860e+00      8.00000e+00   1595s
  2493     -1.93956e+01     -1.83860e+00      8.00000e+00   1597s
  2496     -1.78370e+01     -1.83860e+00      8.00000e+00   1598s
  2498     -1.30310e+01     -1.83860e+00      8.00000e+00   1600s

==================================================
Summary of results QAOA
--------------------------------------------------
Average of QAOA obj:          -1.84
STD of QAOA obj:              92.91

Gamma angles:                 0.13
Beta angles:                  3.59

Best QAOA obj:                8.00
Modified best QAOA obj:       8.00

QAOA total time:              1600.59s
QAOA circuit depth:           26
==================================================

==================================================
Summary of results of 0-S8
--------------------------------------------------
Number of vertices:           8
Number of edges:              22

Vertex num in largest comp:   8
Edge num in largest comp:     22

Pre-processing running time:  0.00
Total solver time:            1599.71
Running time:                 1606.27

Upper bound:                  12.00
Objective value:              8.00

Partition 0:                  1, 4, 5, 8          
Partition 1:                  2                   
Partition 2:                  3, 6, 7             
==================================================
