==================================================
Instance parameters
--------------------------------------------------
Number of vertices:           8
Number of edges:              22
Number of partitions:         3

Density (%):                  79
Name of instance:             seed1_band_pen1.6
Is planar:                    False
==================================================

==================================================
Solver parameters
--------------------------------------------------
Method:                       QUBO
Peel:                         False
Decompose:                    False
Fold:                         False

QAOA Num Levels:              1
QAOA Scipy Optimizer:         brute
==================================================

  iter        avg-obj        best avg-obj       best-obj      time
     0     -1.84155e+01     -1.84155e+01      2.60000e+00      2s
     3     -1.85975e+01     -1.78967e+01      3.60000e+00      4s
     5     -1.83941e+01     -1.78967e+01      3.60000e+00      5s
     7     -1.84840e+01     -1.78967e+01      3.60000e+00      6s
     9     -1.79327e+01     -1.78967e+01      5.00000e+00      8s
    11     -1.82883e+01     -1.78967e+01      5.00000e+00      9s
    13     -1.82909e+01     -1.78967e+01      5.00000e+00     11s
    15     -1.82775e+01     -1.78967e+01      5.00000e+00     12s
    17     -1.82886e+01     -1.78967e+01      5.00000e+00     14s
    20     -1.88687e+01     -1.78967e+01      5.86667e+00     15s
    22     -1.85442e+01     -1.78967e+01      5.86667e+00     16s
    24     -1.79676e+01     -1.78967e+01      5.86667e+00     18s
    26     -1.79935e+01     -1.78967e+01      5.86667e+00     19s
    28     -1.82879e+01     -1.78967e+01      5.86667e+00     20s
    30     -1.80293e+01     -1.78967e+01      5.86667e+00     22s
    32     -1.83451e+01     -1.78967e+01      5.86667e+00     23s
    34     -1.85991e+01     -1.78967e+01      6.00000e+00     25s
    37     -1.81473e+01     -1.78967e+01      6.00000e+00     26s
    39     -1.84760e+01     -1.78967e+01      6.00000e+00     28s
    41     -1.83895e+01     -1.78967e+01      6.00000e+00     29s
    43     -1.84792e+01     -1.78967e+01      6.00000e+00     30s
    45     -1.87325e+01     -1.78967e+01      6.00000e+00     32s
    47     -1.82077e+01     -1.78967e+01      6.00000e+00     33s
    49     -1.88651e+01     -1.78967e+01      6.00000e+00     35s
    51     -1.29106e+01     -1.29106e+01      6.00000e+00     36s
    54     -8.19100e+00     -6.85140e+00      7.00000e+00     37s
    56     -1.55908e+01     -6.85140e+00      7.00000e+00     39s
    58     -2.26240e+01     -6.85140e+00      7.00000e+00     40s
    60     -2.24630e+01     -6.85140e+00      7.00000e+00     42s
    62     -1.90504e+01     -6.85140e+00      7.00000e+00     43s
    64     -1.73791e+01     -6.85140e+00      7.00000e+00     44s
    66     -2.21798e+01     -6.85140e+00      7.00000e+00     46s
    68     -3.24970e+01     -6.85140e+00      7.00000e+00     47s
    70     -3.87647e+01     -6.85140e+00      7.00000e+00     48s
    72     -3.45917e+01     -6.85140e+00      7.00000e+00     50s
    74     -2.16222e+01     -6.85140e+00      7.00000e+00     51s
    76     -1.03030e+01     -6.85140e+00      7.00000e+00     53s
    78     -7.43633e+00     -6.85140e+00      7.00000e+00     54s
    80     -1.33931e+01     -6.85140e+00      8.00000e+00     55s
    82     -2.12382e+01     -6.85140e+00      8.00000e+00     57s
    84     -2.43955e+01     -6.85140e+00      8.00000e+00     59s
    87     -1.82877e+01     -6.85140e+00      8.00000e+00     60s
    89     -1.84547e+01     -6.85140e+00      8.00000e+00     62s
    91     -2.53107e+01     -6.85140e+00      8.00000e+00     63s
    93     -3.46637e+01     -6.85140e+00      8.00000e+00     64s
    95     -3.77849e+01     -6.85140e+00      8.00000e+00     66s
    97     -3.15211e+01     -6.85140e+00      8.00000e+00     67s
    99     -1.83476e+01     -6.85140e+00      8.00000e+00     69s
   101     -1.20949e+01     -6.85140e+00      8.00000e+00     70s
   104     -1.09163e+01     -6.85140e+00      8.00000e+00     72s
   106     -2.00193e+01     -6.85140e+00      8.00000e+00     73s
   108     -2.58176e+01     -6.85140e+00      8.00000e+00     75s
   110     -2.38002e+01     -6.85140e+00      8.00000e+00     76s
   112     -1.93366e+01     -6.85140e+00      8.00000e+00     78s
   114     -1.88491e+01     -6.85140e+00      8.00000e+00     79s
   116     -2.83213e+01     -6.85140e+00      8.00000e+00     80s
   118     -4.05457e+01     -6.85140e+00      8.00000e+00     82s
   121     -4.45357e+01     -6.85140e+00      8.00000e+00     83s
   123     -3.04110e+01     -6.85140e+00      8.00000e+00     85s
   125     -1.51109e+01     -6.85140e+00      8.00000e+00     86s
   127     -8.61767e+00     -6.85140e+00      8.00000e+00     87s
   129     -1.29261e+01     -6.85140e+00      8.00000e+00     89s
   131     -2.19128e+01     -6.85140e+00      8.00000e+00     90s
   133     -2.65068e+01     -6.85140e+00      8.00000e+00     92s
   135     -2.29086e+01     -6.85140e+00      8.00000e+00     93s
   138     -1.76912e+01     -6.85140e+00      8.00000e+00     95s
   140     -2.55698e+01     -6.85140e+00      8.00000e+00     96s
   142     -3.79401e+01     -6.85140e+00      8.00000e+00     97s
   144     -4.60613e+01     -6.85140e+00      8.00000e+00     99s
   146     -4.13201e+01     -6.85140e+00      8.00000e+00    100s
   148     -2.64535e+01     -6.85140e+00      8.00000e+00    102s
   150     -1.79817e+01     -6.85140e+00      8.00000e+00    103s
   152     -1.41240e+01     -6.85140e+00      8.00000e+00    104s
   154     -1.62880e+01     -6.85140e+00      8.00000e+00    105s
   156     -2.08188e+01     -6.85140e+00      8.00000e+00    107s
   158     -2.20857e+01     -6.85140e+00      8.00000e+00    108s
   160     -2.05299e+01     -6.85140e+00      8.00000e+00    110s
   162     -1.82666e+01     -6.85140e+00      8.00000e+00    111s
   164     -2.10768e+01     -6.85140e+00      8.00000e+00    112s
   166     -2.72029e+01     -6.85140e+00      8.00000e+00    114s
   168     -3.39578e+01     -6.85140e+00      8.00000e+00    115s
   171     -3.27952e+01     -6.85140e+00      8.00000e+00    117s
   173     -2.44480e+01     -6.85140e+00      8.00000e+00    118s
   175     -1.66493e+01     -6.85140e+00      8.00000e+00    119s
   177     -1.41819e+01     -6.85140e+00      8.00000e+00    121s
   179     -1.67191e+01     -6.85140e+00      8.00000e+00    122s
   181     -2.14451e+01     -6.85140e+00      8.00000e+00    123s
   183     -2.16597e+01     -6.85140e+00      8.00000e+00    125s
   185     -2.00595e+01     -6.85140e+00      8.00000e+00    126s
   188     -1.95599e+01     -6.85140e+00      8.00000e+00    128s
   190     -2.52215e+01     -6.85140e+00      8.00000e+00    129s
   192     -3.26500e+01     -6.85140e+00      8.00000e+00    131s
   194     -3.53395e+01     -6.85140e+00      8.00000e+00    132s
   196     -3.07606e+01     -6.85140e+00      8.00000e+00    134s
   198     -2.28239e+01     -6.85140e+00      8.00000e+00    135s
   200     -1.87605e+01     -6.85140e+00      8.00000e+00    136s
   202     -1.89445e+01     -6.85140e+00      8.00000e+00    137s
   205     -2.13959e+01     -6.85140e+00      8.00000e+00    139s
   207     -2.06973e+01     -6.85140e+00      8.00000e+00    140s
   209     -1.82863e+01     -6.85140e+00      8.00000e+00    142s
   211     -1.77200e+01     -6.85140e+00      8.00000e+00    143s
   213     -1.91247e+01     -6.85140e+00      8.00000e+00    145s
   215     -2.32080e+01     -6.85140e+00      8.00000e+00    146s
   217     -2.73467e+01     -6.85140e+00      8.00000e+00    147s
   219     -2.77085e+01     -6.85140e+00      8.00000e+00    149s
   222     -2.19324e+01     -6.85140e+00      8.00000e+00    150s
   224     -1.89815e+01     -6.85140e+00      8.00000e+00    151s
   226     -1.82703e+01     -6.85140e+00      8.00000e+00    153s
   228     -1.99146e+01     -6.85140e+00      8.00000e+00    154s
   230     -2.14339e+01     -6.85140e+00      8.00000e+00    156s
   232     -1.99699e+01     -6.85140e+00      8.00000e+00    157s
   234     -1.78605e+01     -6.85140e+00      8.00000e+00    158s
   236     -1.83284e+01     -6.85140e+00      8.00000e+00    160s
   239     -2.20459e+01     -6.85140e+00      8.00000e+00    161s
   241     -2.68105e+01     -6.85140e+00      8.00000e+00    163s
   243     -2.79475e+01     -6.85140e+00      8.00000e+00    164s
   245     -2.56185e+01     -6.85140e+00      8.00000e+00    165s
   247     -2.07910e+01     -6.85140e+00      8.00000e+00    167s
   249     -1.79401e+01     -6.85140e+00      8.00000e+00    168s
   251     -1.85972e+01     -6.85140e+00      8.00000e+00    170s
   253     -1.99443e+01     -6.85140e+00      8.00000e+00    171s
   256     -2.24283e+01     -6.85140e+00      8.00000e+00    173s
   258     -2.14264e+01     -6.85140e+00      8.00000e+00    174s
   260     -1.88083e+01     -6.85140e+00      8.00000e+00    175s
   262     -1.84749e+01     -6.85140e+00      8.00000e+00    177s
   264     -2.08201e+01     -6.85140e+00      8.00000e+00    178s
   266     -2.52733e+01     -6.85140e+00      8.00000e+00    180s
   268     -2.77138e+01     -6.85140e+00      8.00000e+00    181s
   270     -2.67381e+01     -6.85140e+00      8.00000e+00    183s
   273     -2.03886e+01     -6.85140e+00      8.00000e+00    184s
   275     -1.85947e+01     -6.85140e+00      8.00000e+00    186s
   277     -1.93294e+01     -6.85140e+00      8.00000e+00    187s
   279     -2.10742e+01     -6.85140e+00      8.00000e+00    188s
   281     -2.23064e+01     -6.85140e+00      8.00000e+00    190s
   283     -1.99169e+01     -6.85140e+00      8.00000e+00    191s
   285     -1.82895e+01     -6.85140e+00      8.00000e+00    192s
   287     -1.85004e+01     -6.85140e+00      8.00000e+00    194s
   290     -2.39986e+01     -6.85140e+00      8.00000e+00    196s
   291     -2.61999e+01     -6.85140e+00      8.00000e+00    197s
   293     -2.74395e+01     -6.85140e+00      8.00000e+00    198s
   295     -2.62213e+01     -6.85140e+00      8.00000e+00    199s
   297     -2.14472e+01     -6.85140e+00      8.00000e+00    200s
   299     -1.81105e+01     -6.85140e+00      8.00000e+00    202s
   301     -1.68689e+01     -6.85140e+00      8.00000e+00    203s
   303     -1.74995e+01     -6.85140e+00      8.00000e+00    204s
   305     -1.96810e+01     -6.85140e+00      8.00000e+00    205s
   307     -2.10919e+01     -6.85140e+00      8.00000e+00    207s
   309     -2.10362e+01     -6.85140e+00      8.00000e+00    208s
   311     -1.91642e+01     -6.85140e+00      8.00000e+00    209s
   313     -1.83687e+01     -6.85140e+00      8.00000e+00    211s
   315     -2.16887e+01     -6.85140e+00      8.00000e+00    212s
   317     -2.73136e+01     -6.85140e+00      8.00000e+00    213s
   319     -2.95261e+01     -6.85140e+00      8.00000e+00    215s
   321     -2.69087e+01     -6.85140e+00      8.00000e+00    216s
   324     -1.96356e+01     -6.85140e+00      8.00000e+00    218s
   326     -1.74860e+01     -6.85140e+00      8.00000e+00    219s
   328     -1.71325e+01     -6.85140e+00      8.00000e+00    221s
   330     -2.03034e+01     -6.85140e+00      8.00000e+00    222s
   332     -2.09906e+01     -6.85140e+00      8.00000e+00    224s
   334     -2.03169e+01     -6.85140e+00      8.00000e+00    225s
   336     -1.86489e+01     -6.85140e+00      8.00000e+00    226s
   338     -1.99683e+01     -6.85140e+00      8.00000e+00    228s
   341     -2.58077e+01     -6.85140e+00      8.00000e+00    229s
   343     -2.95151e+01     -6.85140e+00      8.00000e+00    230s
   345     -2.78774e+01     -6.85140e+00      8.00000e+00    232s
   347     -2.32226e+01     -6.85140e+00      8.00000e+00    233s
   349     -1.82468e+01     -6.85140e+00      8.00000e+00    235s
   351     -1.66391e+01     -6.85140e+00      8.00000e+00    236s
   353     -1.69361e+01     -6.85140e+00      8.00000e+00    237s
   355     -1.83345e+01     -6.85140e+00      8.00000e+00    239s
   358     -2.02512e+01     -6.85140e+00      8.00000e+00    240s
   360     -1.94955e+01     -6.85140e+00      8.00000e+00    242s
   362     -1.84465e+01     -6.85140e+00      8.00000e+00    243s
   364     -1.98900e+01     -6.85140e+00      8.00000e+00    245s
   366     -2.41400e+01     -6.85140e+00      8.00000e+00    246s
   368     -2.74197e+01     -6.85140e+00      8.00000e+00    248s
   370     -2.79777e+01     -6.85140e+00      8.00000e+00    249s
   372     -2.45759e+01     -6.85140e+00      8.00000e+00    251s
   374     -1.86149e+01     -6.85140e+00      8.00000e+00    252s
   376     -1.65497e+01     -6.85140e+00      8.00000e+00    253s
   378     -1.65975e+01     -6.85140e+00      8.00000e+00    255s
   380     -1.91412e+01     -6.85140e+00      8.00000e+00    256s
   382     -1.95227e+01     -6.85140e+00      8.00000e+00    258s
   384     -1.95911e+01     -6.85140e+00      8.00000e+00    259s
   386     -1.83366e+01     -6.85140e+00      8.00000e+00    261s
   388     -1.92581e+01     -6.85140e+00      8.00000e+00    262s
   391     -2.52736e+01     -6.85140e+00      8.00000e+00    263s
   393     -2.81888e+01     -6.85140e+00      8.00000e+00    265s
   395     -2.71821e+01     -6.85140e+00      8.00000e+00    266s
   397     -2.32829e+01     -6.85140e+00      8.00000e+00    268s
   399     -1.86539e+01     -6.85140e+00      8.00000e+00    269s
   401     -1.83071e+01     -6.85140e+00      8.00000e+00    271s
   403     -1.68309e+01     -6.85140e+00      8.00000e+00    272s
   405     -1.80412e+01     -6.85140e+00      8.00000e+00    274s
   408     -1.94373e+01     -6.85140e+00      8.00000e+00    275s
   410     -1.87307e+01     -6.85140e+00      8.00000e+00    277s
   412     -1.82713e+01     -6.85140e+00      8.00000e+00    278s
   414     -1.96221e+01     -6.85140e+00      8.00000e+00    279s
   416     -2.23646e+01     -6.85140e+00      8.00000e+00    281s
   418     -2.48516e+01     -6.85140e+00      8.00000e+00    282s
   420     -2.50561e+01     -6.85140e+00      8.00000e+00    284s
   422     -2.19314e+01     -6.85140e+00      8.00000e+00    285s
   425     -1.78131e+01     -6.85140e+00      8.00000e+00    286s
   427     -1.68201e+01     -6.85140e+00      8.00000e+00    288s
   429     -1.85040e+01     -6.85140e+00      8.00000e+00    289s
   431     -1.89255e+01     -6.85140e+00      8.00000e+00    291s
   433     -1.97301e+01     -6.85140e+00      8.00000e+00    292s
   435     -1.90930e+01     -6.85140e+00      8.00000e+00    293s
   437     -1.88779e+01     -6.85140e+00      8.00000e+00    295s
   439     -2.03077e+01     -6.85140e+00      8.00000e+00    296s
   442     -2.45890e+01     -6.85140e+00      8.00000e+00    297s
   444     -2.51433e+01     -6.85140e+00      8.00000e+00    299s
   446     -2.36212e+01     -6.85140e+00      8.00000e+00    300s
   448     -1.94954e+01     -6.85140e+00      8.00000e+00    302s
   450     -1.86972e+01     -6.85140e+00      8.00000e+00    304s
   452     -1.71357e+01     -6.85140e+00      8.00000e+00    305s
   454     -1.75995e+01     -6.85140e+00      8.00000e+00    307s
   456     -1.87172e+01     -6.85140e+00      8.00000e+00    308s
   458     -1.90680e+01     -6.85140e+00      8.00000e+00    309s
   460     -1.85473e+01     -6.85140e+00      8.00000e+00    311s
   462     -1.81254e+01     -6.85140e+00      8.00000e+00    312s
   464     -1.83017e+01     -6.85140e+00      8.00000e+00    314s
   466     -2.09090e+01     -6.85140e+00      8.00000e+00    315s
   468     -2.25961e+01     -6.85140e+00      8.00000e+00    316s
   470     -2.25572e+01     -6.85140e+00      8.00000e+00    318s
   473     -2.00005e+01     -6.85140e+00      8.00000e+00    319s
   475     -1.79202e+01     -6.85140e+00      8.00000e+00    321s
   477     -1.73059e+01     -6.85140e+00      8.00000e+00    322s
   479     -1.82465e+01     -6.85140e+00      8.00000e+00    324s
   481     -1.87448e+01     -6.85140e+00      8.00000e+00    325s
   483     -1.90265e+01     -6.85140e+00      8.00000e+00    327s
   485     -1.84755e+01     -6.85140e+00      8.00000e+00    328s
   487     -1.90241e+01     -6.85140e+00      8.00000e+00    329s
   490     -1.95153e+01     -6.85140e+00      8.00000e+00    331s
   492     -2.12336e+01     -6.85140e+00      8.00000e+00    332s
   494     -2.36335e+01     -6.85140e+00      8.00000e+00    334s
   496     -2.16731e+01     -6.85140e+00      8.00000e+00    335s
   498     -1.93247e+01     -6.85140e+00      8.00000e+00    336s
   500     -1.81421e+01     -6.85140e+00      8.00000e+00    338s
   502     -1.81654e+01     -6.85140e+00      8.00000e+00    339s
   504     -1.81227e+01     -6.85140e+00      8.00000e+00    341s
   506     -1.91335e+01     -6.85140e+00      8.00000e+00    342s
   508     -1.92987e+01     -6.85140e+00      8.00000e+00    343s
   510     -1.93445e+01     -6.85140e+00      8.00000e+00    344s
   512     -1.85785e+01     -6.85140e+00      8.00000e+00    346s
   514     -1.81530e+01     -6.85140e+00      8.00000e+00    347s
   516     -1.94391e+01     -6.85140e+00      8.00000e+00    349s
   518     -1.97203e+01     -6.85140e+00      8.00000e+00    350s
   520     -2.06367e+01     -6.85140e+00      8.00000e+00    352s
   522     -2.03105e+01     -6.85140e+00      8.00000e+00    353s
   524     -1.86225e+01     -6.85140e+00      8.00000e+00    354s
   526     -1.79935e+01     -6.85140e+00      8.00000e+00    356s
   528     -1.87133e+01     -6.85140e+00      8.00000e+00    357s
   530     -1.88229e+01     -6.85140e+00      8.00000e+00    359s
   532     -1.90466e+01     -6.85140e+00      8.00000e+00    360s
   534     -1.93574e+01     -6.85140e+00      8.00000e+00    362s
   536     -1.89983e+01     -6.85140e+00      8.00000e+00    363s
   538     -1.82410e+01     -6.85140e+00      8.00000e+00    364s
   540     -1.88427e+01     -6.85140e+00      8.00000e+00    365s
   542     -1.98731e+01     -6.85140e+00      8.00000e+00    367s
   544     -2.05267e+01     -6.85140e+00      8.00000e+00    368s
   546     -2.04489e+01     -6.85140e+00      8.00000e+00    370s
   548     -1.87139e+01     -6.85140e+00      8.00000e+00    371s
   550     -1.84968e+01     -6.85140e+00      8.00000e+00    372s
   552     -1.86610e+01     -6.85140e+00      8.00000e+00    374s
   554     -1.92979e+01     -6.85140e+00      8.00000e+00    375s
   557     -1.97615e+01     -6.85140e+00      8.00000e+00    377s
   559     -1.98332e+01     -6.85140e+00      8.00000e+00    378s
   561     -1.90254e+01     -6.85140e+00      8.00000e+00    379s
   563     -1.80094e+01     -6.85140e+00      8.00000e+00    381s
   565     -1.81745e+01     -6.85140e+00      8.00000e+00    382s
   567     -1.90321e+01     -6.85140e+00      8.00000e+00    384s
   569     -1.94863e+01     -6.85140e+00      8.00000e+00    385s
   571     -1.87981e+01     -6.85140e+00      8.00000e+00    386s
   574     -1.87517e+01     -6.85140e+00      8.00000e+00    388s
   576     -1.87180e+01     -6.85140e+00      8.00000e+00    389s
   578     -1.92708e+01     -6.85140e+00      8.00000e+00    391s
   580     -1.90547e+01     -6.85140e+00      8.00000e+00    392s
   582     -1.99158e+01     -6.85140e+00      8.00000e+00    393s
   584     -1.98475e+01     -6.85140e+00      8.00000e+00    395s
   586     -1.85389e+01     -6.85140e+00      8.00000e+00    396s
   588     -1.79211e+01     -6.85140e+00      8.00000e+00    398s
   591     -1.87087e+01     -6.85140e+00      8.00000e+00    399s
   593     -1.92667e+01     -6.85140e+00      8.00000e+00    400s
   595     -1.89975e+01     -6.85140e+00      8.00000e+00    402s
   597     -1.87711e+01     -6.85140e+00      8.00000e+00    403s
   599     -1.88739e+01     -6.85140e+00      8.00000e+00    405s
   601     -1.86019e+01     -6.85140e+00      8.00000e+00    406s
   603     -1.89035e+01     -6.85140e+00      8.00000e+00    408s
   605     -1.89189e+01     -6.85140e+00      8.00000e+00    409s
   607     -1.93659e+01     -6.85140e+00      8.00000e+00    410s
   609     -1.86650e+01     -6.85140e+00      8.00000e+00    412s
   611     -1.85555e+01     -6.85140e+00      8.00000e+00    413s
   613     -1.80651e+01     -6.85140e+00      8.00000e+00    415s
   615     -1.83987e+01     -6.85140e+00      8.00000e+00    416s
   617     -1.82711e+01     -6.85140e+00      8.00000e+00    417s
   619     -1.83139e+01     -6.85140e+00      8.00000e+00    419s
   621     -1.78106e+01     -6.85140e+00      8.00000e+00    420s
   623     -1.85738e+01     -6.85140e+00      8.00000e+00    421s
   625     -1.86208e+01     -6.85140e+00      8.00000e+00    423s
   627     -1.81525e+01     -6.85140e+00      8.00000e+00    424s
   629     -1.90091e+01     -6.85140e+00      8.00000e+00    426s
   631     -1.96281e+01     -6.85140e+00      8.00000e+00    427s
   633     -1.97375e+01     -6.85140e+00      8.00000e+00    429s
   635     -1.86279e+01     -6.85140e+00      8.00000e+00    430s
   637     -1.80818e+01     -6.85140e+00      8.00000e+00    431s
   639     -1.81175e+01     -6.85140e+00      8.00000e+00    433s
   641     -1.86937e+01     -6.85140e+00      8.00000e+00    434s
   643     -1.87623e+01     -6.85140e+00      8.00000e+00    435s
   645     -1.81629e+01     -6.85140e+00      8.00000e+00    437s
   647     -1.84291e+01     -6.85140e+00      8.00000e+00    438s
   649     -1.82595e+01     -6.85140e+00      8.00000e+00    440s
   651     -1.83511e+01     -6.85140e+00      8.00000e+00    441s
   653     -1.83623e+01     -6.85140e+00      8.00000e+00    442s
   656     -1.86131e+01     -6.85140e+00      8.00000e+00    444s
   658     -1.92097e+01     -6.85140e+00      8.00000e+00    445s
   660     -1.85905e+01     -6.85140e+00      8.00000e+00    447s
   662     -1.83357e+01     -6.85140e+00      8.00000e+00    448s
   664     -1.86455e+01     -6.85140e+00      8.00000e+00    449s
   666     -1.79935e+01     -6.85140e+00      8.00000e+00    451s
   668     -1.79120e+01     -6.85140e+00      8.00000e+00    452s
   670     -1.83051e+01     -6.85140e+00      8.00000e+00    454s
   673     -1.80442e+01     -6.85140e+00      8.00000e+00    455s
   675     -1.85963e+01     -6.85140e+00      8.00000e+00    457s
   677     -1.85650e+01     -6.85140e+00      8.00000e+00    458s
   679     -1.86339e+01     -6.85140e+00      8.00000e+00    459s
   681     -1.85814e+01     -6.85140e+00      8.00000e+00    461s
   683     -1.88949e+01     -6.85140e+00      8.00000e+00    462s
   685     -1.88864e+01     -6.85140e+00      8.00000e+00    463s
   687     -1.86037e+01     -6.85140e+00      8.00000e+00    465s
   690     -1.83253e+01     -6.85140e+00      8.00000e+00    466s
   692     -1.77123e+01     -6.85140e+00      8.00000e+00    468s
   694     -1.78537e+01     -6.85140e+00      8.00000e+00    469s
   696     -1.78926e+01     -6.85140e+00      8.00000e+00    471s
   698     -1.81504e+01     -6.85140e+00      8.00000e+00    472s
   700     -1.85784e+01     -6.85140e+00      8.00000e+00    474s
   702     -1.79539e+01     -6.85140e+00      8.00000e+00    475s
   704     -1.81719e+01     -6.85140e+00      8.00000e+00    476s
   706     -1.84426e+01     -6.85140e+00      8.00000e+00    478s
   708     -1.88422e+01     -6.85140e+00      8.00000e+00    479s
   710     -1.85597e+01     -6.85140e+00      8.00000e+00    480s
   712     -1.86237e+01     -6.85140e+00      8.00000e+00    482s
   714     -1.82062e+01     -6.85140e+00      8.00000e+00    483s
   716     -1.88468e+01     -6.85140e+00      8.00000e+00    484s
   718     -1.78884e+01     -6.85140e+00      8.00000e+00    486s
   720     -1.82850e+01     -6.85140e+00      8.00000e+00    487s
   723     -1.86301e+01     -6.85140e+00      8.00000e+00    489s
   725     -1.82837e+01     -6.85140e+00      8.00000e+00    490s
   727     -1.87021e+01     -6.85140e+00      8.00000e+00    492s
   729     -1.88686e+01     -6.85140e+00      8.00000e+00    493s
   731     -1.85105e+01     -6.85140e+00      8.00000e+00    494s
   733     -1.90076e+01     -6.85140e+00      8.00000e+00    496s
   735     -1.89503e+01     -6.85140e+00      8.00000e+00    497s
   737     -1.85143e+01     -6.85140e+00      8.00000e+00    498s
   740     -1.81621e+01     -6.85140e+00      8.00000e+00    500s
   742     -1.82417e+01     -6.85140e+00      8.00000e+00    502s
   744     -1.82169e+01     -6.85140e+00      8.00000e+00    503s
   746     -1.85589e+01     -6.85140e+00      8.00000e+00    504s
   748     -1.84964e+01     -6.85140e+00      8.00000e+00    506s
   750     -1.86370e+01     -6.85140e+00      8.00000e+00    507s
   752     -1.87383e+01     -6.85140e+00      8.00000e+00    509s
   754     -1.84041e+01     -6.85140e+00      8.00000e+00    510s
   756     -1.85473e+01     -6.85140e+00      8.00000e+00    511s
   758     -1.87225e+01     -6.85140e+00      8.00000e+00    513s
   760     -1.94024e+01     -6.85140e+00      8.00000e+00    514s
   762     -1.79010e+01     -6.85140e+00      8.00000e+00    515s
   764     -1.83093e+01     -6.85140e+00      8.00000e+00    517s
   766     -1.82283e+01     -6.85140e+00      8.00000e+00    518s
   768     -1.85758e+01     -6.85140e+00      8.00000e+00    520s
   770     -1.85861e+01     -6.85140e+00      8.00000e+00    521s
   773     -1.87088e+01     -6.85140e+00      8.00000e+00    523s
   775     -1.82277e+01     -6.85140e+00      8.00000e+00    524s
   777     -1.81144e+01     -6.85140e+00      8.00000e+00    526s
   779     -1.92150e+01     -6.85140e+00      8.00000e+00    527s
   781     -1.90310e+01     -6.85140e+00      8.00000e+00    528s
   783     -1.88797e+01     -6.85140e+00      8.00000e+00    530s
   785     -1.84826e+01     -6.85140e+00      8.00000e+00    531s
   787     -1.83948e+01     -6.85140e+00      8.00000e+00    532s
   790     -1.81517e+01     -6.85140e+00      8.00000e+00    534s
   792     -1.81025e+01     -6.85140e+00      8.00000e+00    536s
   794     -1.90062e+01     -6.85140e+00      8.00000e+00    537s
   796     -1.83737e+01     -6.85140e+00      8.00000e+00    538s
   798     -1.85693e+01     -6.85140e+00      8.00000e+00    539s
   800     -1.88163e+01     -6.85140e+00      8.00000e+00    541s
   802     -1.80562e+01     -6.85140e+00      8.00000e+00    542s
   804     -1.85333e+01     -6.85140e+00      8.00000e+00    544s
   807     -1.87027e+01     -6.85140e+00      8.00000e+00    545s
   809     -1.86680e+01     -6.85140e+00      8.00000e+00    547s
   811     -1.89811e+01     -6.85140e+00      8.00000e+00    548s
   813     -1.83839e+01     -6.85140e+00      8.00000e+00    549s
   815     -1.79371e+01     -6.85140e+00      8.00000e+00    551s
   817     -1.79355e+01     -6.85140e+00      8.00000e+00    552s
   819     -1.82291e+01     -6.85140e+00      8.00000e+00    553s
   821     -1.83886e+01     -6.85140e+00      8.00000e+00    555s
   824     -1.82285e+01     -6.85140e+00      8.00000e+00    556s
   826     -1.82854e+01     -6.85140e+00      8.00000e+00    558s
   828     -1.87496e+01     -6.85140e+00      8.00000e+00    559s
   830     -1.87867e+01     -6.85140e+00      8.00000e+00    561s
   832     -1.84047e+01     -6.85140e+00      8.00000e+00    562s
   834     -1.79903e+01     -6.85140e+00      8.00000e+00    563s
   836     -1.88095e+01     -6.85140e+00      8.00000e+00    565s
   838     -1.83762e+01     -6.85140e+00      8.00000e+00    566s
   841     -1.80569e+01     -6.85140e+00      8.00000e+00    568s
   843     -1.77986e+01     -6.85140e+00      8.00000e+00    569s
   845     -1.86538e+01     -6.85140e+00      8.00000e+00    570s
   847     -1.87130e+01     -6.85140e+00      8.00000e+00    572s
   849     -1.83527e+01     -6.85140e+00      8.00000e+00    573s
   851     -1.83961e+01     -6.85140e+00      8.00000e+00    575s
   853     -1.83167e+01     -6.85140e+00      8.00000e+00    577s
   856     -1.81148e+01     -6.85140e+00      8.00000e+00    578s
   858     -1.87491e+01     -6.85140e+00      8.00000e+00    580s
   860     -1.85906e+01     -6.85140e+00      8.00000e+00    581s
   862     -1.83443e+01     -6.85140e+00      8.00000e+00    582s
   864     -1.84511e+01     -6.85140e+00      8.00000e+00    584s
   866     -1.85026e+01     -6.85140e+00      8.00000e+00    585s
   868     -1.82777e+01     -6.85140e+00      8.00000e+00    586s
   870     -1.88100e+01     -6.85140e+00      8.00000e+00    588s
   872     -1.85775e+01     -6.85140e+00      8.00000e+00    589s
   874     -1.88070e+01     -6.85140e+00      8.00000e+00    590s
   876     -1.81970e+01     -6.85140e+00      8.00000e+00    591s
   878     -1.75937e+01     -6.85140e+00      8.00000e+00    593s
   880     -1.85441e+01     -6.85140e+00      8.00000e+00    594s
   882     -1.78859e+01     -6.85140e+00      8.00000e+00    596s
   884     -1.83251e+01     -6.85140e+00      8.00000e+00    597s
   886     -1.82904e+01     -6.85140e+00      8.00000e+00    598s
   888     -1.83839e+01     -6.85140e+00      8.00000e+00    600s
   891     -1.82289e+01     -6.85140e+00      8.00000e+00    601s
   893     -1.88425e+01     -6.85140e+00      8.00000e+00    603s
   895     -1.84922e+01     -6.85140e+00      8.00000e+00    604s
   897     -1.89229e+01     -6.85140e+00      8.00000e+00    606s
   899     -1.86988e+01     -6.85140e+00      8.00000e+00    607s
   900     -1.76334e+01     -6.85140e+00      8.00000e+00    608s
   902     -1.82875e+01     -6.85140e+00      8.00000e+00    609s
   904     -1.84609e+01     -6.85140e+00      8.00000e+00    611s
   907     -1.83134e+01     -6.85140e+00      8.00000e+00    612s
   909     -1.80689e+01     -6.85140e+00      8.00000e+00    614s
   911     -1.84887e+01     -6.85140e+00      8.00000e+00    615s
   913     -1.87330e+01     -6.85140e+00      8.00000e+00    617s
   915     -1.81857e+01     -6.85140e+00      8.00000e+00    618s
   917     -1.83873e+01     -6.85140e+00      8.00000e+00    619s
   919     -1.81600e+01     -6.85140e+00      8.00000e+00    621s
   921     -1.88073e+01     -6.85140e+00      8.00000e+00    622s
   924     -1.84315e+01     -6.85140e+00      8.00000e+00    624s
   926     -1.83364e+01     -6.85140e+00      8.00000e+00    625s
   928     -1.80731e+01     -6.85140e+00      8.00000e+00    627s
   930     -1.89119e+01     -6.85140e+00      8.00000e+00    628s
   932     -1.84797e+01     -6.85140e+00      8.00000e+00    630s
   934     -1.85151e+01     -6.85140e+00      8.00000e+00    631s
   936     -1.84877e+01     -6.85140e+00      8.00000e+00    633s
   939     -1.80812e+01     -6.85140e+00      8.00000e+00    635s
   941     -1.84180e+01     -6.85140e+00      8.00000e+00    636s
   943     -1.80837e+01     -6.85140e+00      8.00000e+00    638s
   945     -1.82742e+01     -6.85140e+00      8.00000e+00    639s
   947     -1.83255e+01     -6.85140e+00      8.00000e+00    641s
   949     -1.86707e+01     -6.85140e+00      8.00000e+00    642s
   951     -1.86653e+01     -6.85140e+00      8.00000e+00    644s
   953     -1.81010e+01     -6.85140e+00      8.00000e+00    645s
   955     -1.83919e+01     -6.85140e+00      8.00000e+00    646s
   957     -1.86186e+01     -6.85140e+00      8.00000e+00    647s
   959     -1.80468e+01     -6.85140e+00      8.00000e+00    649s
   961     -1.80268e+01     -6.85140e+00      8.00000e+00    650s
   963     -1.82911e+01     -6.85140e+00      8.00000e+00    651s
   965     -1.90357e+01     -6.85140e+00      8.00000e+00    653s
   967     -1.81914e+01     -6.85140e+00      8.00000e+00    654s
   969     -1.89843e+01     -6.85140e+00      8.00000e+00    656s
   972     -1.82131e+01     -6.85140e+00      8.00000e+00    657s
   974     -1.80735e+01     -6.85140e+00      8.00000e+00    659s
   976     -1.84522e+01     -6.85140e+00      8.00000e+00    660s
   978     -1.81370e+01     -6.85140e+00      8.00000e+00    661s
   980     -1.86739e+01     -6.85140e+00      8.00000e+00    663s
   982     -1.82936e+01     -6.85140e+00      8.00000e+00    664s
   984     -1.83615e+01     -6.85140e+00      8.00000e+00    666s
   986     -1.89329e+01     -6.85140e+00      8.00000e+00    667s
   988     -1.85043e+01     -6.85140e+00      8.00000e+00    668s
   990     -1.76933e+01     -6.85140e+00      8.00000e+00    669s
   992     -1.89255e+01     -6.85140e+00      8.00000e+00    671s
   994     -1.86894e+01     -6.85140e+00      8.00000e+00    672s
   996     -1.87401e+01     -6.85140e+00      8.00000e+00    674s
   998     -1.80848e+01     -6.85140e+00      8.00000e+00    675s
  1000     -1.83569e+01     -6.85140e+00      8.00000e+00    677s
  1002     -1.81707e+01     -6.85140e+00      8.00000e+00    679s
  1005     -1.89529e+01     -6.85140e+00      8.00000e+00    680s
  1007     -1.86228e+01     -6.85140e+00      8.00000e+00    681s
  1009     -1.82918e+01     -6.85140e+00      8.00000e+00    683s
  1011     -1.82042e+01     -6.85140e+00      8.00000e+00    684s
  1013     -1.80428e+01     -6.85140e+00      8.00000e+00    686s
  1015     -1.86374e+01     -6.85140e+00      8.00000e+00    687s
  1017     -1.85679e+01     -6.85140e+00      8.00000e+00    689s
  1019     -1.84359e+01     -6.85140e+00      8.00000e+00    690s
  1021     -1.87950e+01     -6.85140e+00      8.00000e+00    691s
  1023     -1.83416e+01     -6.85140e+00      8.00000e+00    693s
  1025     -1.87390e+01     -6.85140e+00      8.00000e+00    694s
  1027     -1.90069e+01     -6.85140e+00      8.00000e+00    695s
  1029     -1.86109e+01     -6.85140e+00      8.00000e+00    697s
  1031     -1.86837e+01     -6.85140e+00      8.00000e+00    698s
  1033     -1.84495e+01     -6.85140e+00      8.00000e+00    699s
  1035     -1.84427e+01     -6.85140e+00      8.00000e+00    701s
  1038     -1.82227e+01     -6.85140e+00      8.00000e+00    702s
  1040     -1.88367e+01     -6.85140e+00      8.00000e+00    704s
  1042     -1.80785e+01     -6.85140e+00      8.00000e+00    706s
  1044     -1.88068e+01     -6.85140e+00      8.00000e+00    707s
  1046     -1.82109e+01     -6.85140e+00      8.00000e+00    708s
  1048     -1.82785e+01     -6.85140e+00      8.00000e+00    710s
  1050     -1.82566e+01     -6.85140e+00      8.00000e+00    711s
  1053     -1.82876e+01     -6.85140e+00      8.00000e+00    713s
  1055     -1.80462e+01     -6.85140e+00      8.00000e+00    714s
  1057     -1.87675e+01     -6.85140e+00      8.00000e+00    716s
  1059     -1.82100e+01     -6.85140e+00      8.00000e+00    717s
  1061     -1.88050e+01     -6.85140e+00      8.00000e+00    718s
  1063     -1.78441e+01     -6.85140e+00      8.00000e+00    720s
  1065     -1.80577e+01     -6.85140e+00      8.00000e+00    721s
  1067     -1.81629e+01     -6.85140e+00      8.00000e+00    723s
  1069     -1.82738e+01     -6.85140e+00      8.00000e+00    724s
  1071     -1.81611e+01     -6.85140e+00      8.00000e+00    725s
  1073     -1.84758e+01     -6.85140e+00      8.00000e+00    726s
  1075     -1.83693e+01     -6.85140e+00      8.00000e+00    728s
  1077     -1.88783e+01     -6.85140e+00      8.00000e+00    729s
  1079     -1.82945e+01     -6.85140e+00      8.00000e+00    730s
  1081     -1.85324e+01     -6.85140e+00      8.00000e+00    732s
  1083     -1.85945e+01     -6.85140e+00      8.00000e+00    733s
  1085     -1.86771e+01     -6.85140e+00      8.00000e+00    735s
  1088     -1.86724e+01     -6.85140e+00      8.00000e+00    736s
  1090     -1.84383e+01     -6.85140e+00      8.00000e+00    738s
  1092     -1.81325e+01     -6.85140e+00      8.00000e+00    739s
  1094     -1.86456e+01     -6.85140e+00      8.00000e+00    740s
  1096     -1.84968e+01     -6.85140e+00      8.00000e+00    742s
  1098     -1.83311e+01     -6.85140e+00      8.00000e+00    743s
  1100     -1.88566e+01     -6.85140e+00      8.00000e+00    745s
  1102     -1.84649e+01     -6.85140e+00      8.00000e+00    746s
  1105     -1.81898e+01     -6.85140e+00      8.00000e+00    748s
  1107     -1.84891e+01     -6.85140e+00      8.00000e+00    749s
  1109     -1.89678e+01     -6.85140e+00      8.00000e+00    751s
  1111     -1.91224e+01     -6.85140e+00      8.00000e+00    752s
  1113     -1.83989e+01     -6.85140e+00      8.00000e+00    754s
  1115     -1.84744e+01     -6.85140e+00      8.00000e+00    755s
  1117     -1.74927e+01     -6.85140e+00      8.00000e+00    757s
  1119     -1.83369e+01     -6.85140e+00      8.00000e+00    758s
  1121     -1.82107e+01     -6.85140e+00      8.00000e+00    759s
  1123     -1.81971e+01     -6.85140e+00      8.00000e+00    761s
  1125     -1.83725e+01     -6.85140e+00      8.00000e+00    762s
  1127     -1.85520e+01     -6.85140e+00      8.00000e+00    764s
  1129     -1.82820e+01     -6.85140e+00      8.00000e+00    765s
  1131     -1.86083e+01     -6.85140e+00      8.00000e+00    766s
  1133     -1.87247e+01     -6.85140e+00      8.00000e+00    768s
  1135     -1.84110e+01     -6.85140e+00      8.00000e+00    769s
  1138     -1.79005e+01     -6.85140e+00      8.00000e+00    771s
  1140     -1.84573e+01     -6.85140e+00      8.00000e+00    772s
  1142     -1.82721e+01     -6.85140e+00      8.00000e+00    774s
  1144     -1.91243e+01     -6.85140e+00      8.00000e+00    776s
  1146     -1.82745e+01     -6.85140e+00      8.00000e+00    777s
  1148     -1.78355e+01     -6.85140e+00      8.00000e+00    778s
  1150     -1.84927e+01     -6.85140e+00      8.00000e+00    780s
  1152     -1.80869e+01     -6.85140e+00      8.00000e+00    781s
  1154     -1.78051e+01     -6.85140e+00      8.00000e+00    782s
  1156     -1.84411e+01     -6.85140e+00      8.00000e+00    784s
  1158     -1.81665e+01     -6.85140e+00      8.00000e+00    785s
  1160     -1.85895e+01     -6.85140e+00      8.00000e+00    787s
  1162     -1.88597e+01     -6.85140e+00      8.00000e+00    788s
  1164     -1.85142e+01     -6.85140e+00      8.00000e+00    790s
  1166     -1.83047e+01     -6.85140e+00      8.00000e+00    791s
  1169     -1.84493e+01     -6.85140e+00      8.00000e+00    793s
  1171     -1.83330e+01     -6.85140e+00      8.00000e+00    794s
  1173     -1.87674e+01     -6.85140e+00      8.00000e+00    795s
  1175     -1.88485e+01     -6.85140e+00      8.00000e+00    797s
  1177     -1.88035e+01     -6.85140e+00      8.00000e+00    798s
  1179     -1.78345e+01     -6.85140e+00      8.00000e+00    800s
  1181     -1.82788e+01     -6.85140e+00      8.00000e+00    801s
  1183     -1.77104e+01     -6.85140e+00      8.00000e+00    803s
  1185     -1.78073e+01     -6.85140e+00      8.00000e+00    804s
  1187     -1.83425e+01     -6.85140e+00      8.00000e+00    805s
  1189     -1.84543e+01     -6.85140e+00      8.00000e+00    806s
  1191     -1.82015e+01     -6.85140e+00      8.00000e+00    808s
  1193     -1.81394e+01     -6.85140e+00      8.00000e+00    809s
  1195     -1.83261e+01     -6.85140e+00      8.00000e+00    810s
  1197     -1.85825e+01     -6.85140e+00      8.00000e+00    812s
  1199     -1.83099e+01     -6.85140e+00      8.00000e+00    813s
  1201     -1.82200e+01     -6.85140e+00      8.00000e+00    815s
  1204     -1.84420e+01     -6.85140e+00      8.00000e+00    816s
  1206     -1.86457e+01     -6.85140e+00      8.00000e+00    818s
  1208     -1.82741e+01     -6.85140e+00      8.00000e+00    819s
  1210     -1.78475e+01     -6.85140e+00      8.00000e+00    820s
  1212     -1.87311e+01     -6.85140e+00      8.00000e+00    822s
  1214     -1.87294e+01     -6.85140e+00      8.00000e+00    823s
  1216     -1.87176e+01     -6.85140e+00      8.00000e+00    825s
  1218     -1.88679e+01     -6.85140e+00      8.00000e+00    826s
  1220     -1.85125e+01     -6.85140e+00      8.00000e+00    827s
  1222     -1.83772e+01     -6.85140e+00      8.00000e+00    829s
  1224     -1.79511e+01     -6.85140e+00      8.00000e+00    830s
  1226     -1.81493e+01     -6.85140e+00      8.00000e+00    831s
  1228     -1.79991e+01     -6.85140e+00      8.00000e+00    833s
  1230     -1.86978e+01     -6.85140e+00      8.00000e+00    834s
  1232     -1.78739e+01     -6.85140e+00      8.00000e+00    836s
  1234     -1.88576e+01     -6.85140e+00      8.00000e+00    837s
  1237     -1.89561e+01     -6.85140e+00      8.00000e+00    839s
  1239     -1.86995e+01     -6.85140e+00      8.00000e+00    840s
  1241     -1.87049e+01     -6.85140e+00      8.00000e+00    842s
  1243     -1.79200e+01     -6.85140e+00      8.00000e+00    843s
  1245     -1.83055e+01     -6.85140e+00      8.00000e+00    844s
  1247     -1.84655e+01     -6.85140e+00      8.00000e+00    846s
  1249     -1.82936e+01     -6.85140e+00      8.00000e+00    847s
  1251     -1.86532e+01     -6.85140e+00      8.00000e+00    849s
  1254     -1.85601e+01     -6.85140e+00      8.00000e+00    850s
  1256     -1.89165e+01     -6.85140e+00      8.00000e+00    852s
  1258     -1.83413e+01     -6.85140e+00      8.00000e+00    853s
  1260     -1.82272e+01     -6.85140e+00      8.00000e+00    854s
  1262     -1.83474e+01     -6.85140e+00      8.00000e+00    856s
  1264     -1.83648e+01     -6.85140e+00      8.00000e+00    857s
  1266     -1.85289e+01     -6.85140e+00      8.00000e+00    859s
  1268     -1.82383e+01     -6.85140e+00      8.00000e+00    860s
  1271     -1.81940e+01     -6.85140e+00      8.00000e+00    862s
  1273     -1.87762e+01     -6.85140e+00      8.00000e+00    863s
  1275     -1.88227e+01     -6.85140e+00      8.00000e+00    864s
  1277     -1.84942e+01     -6.85140e+00      8.00000e+00    866s
  1279     -1.80451e+01     -6.85140e+00      8.00000e+00    867s
  1281     -1.80169e+01     -6.85140e+00      8.00000e+00    868s
  1283     -1.85311e+01     -6.85140e+00      8.00000e+00    870s
  1285     -1.88451e+01     -6.85140e+00      8.00000e+00    871s
  1288     -1.88701e+01     -6.85140e+00      8.00000e+00    873s
  1290     -1.87406e+01     -6.85140e+00      8.00000e+00    874s
  1292     -1.91438e+01     -6.85140e+00      8.00000e+00    876s
  1294     -1.84917e+01     -6.85140e+00      8.00000e+00    877s
  1296     -1.84673e+01     -6.85140e+00      8.00000e+00    878s
  1298     -1.83259e+01     -6.85140e+00      8.00000e+00    880s
  1300     -1.79979e+01     -6.85140e+00      8.00000e+00    881s
  1302     -1.83691e+01     -6.85140e+00      8.00000e+00    883s
  1305     -1.82264e+01     -6.85140e+00      8.00000e+00    884s
  1307     -1.81280e+01     -6.85140e+00      8.00000e+00    886s
  1309     -1.84422e+01     -6.85140e+00      8.00000e+00    887s
  1311     -1.85361e+01     -6.85140e+00      8.00000e+00    888s
  1313     -1.86498e+01     -6.85140e+00      8.00000e+00    890s
  1315     -1.78687e+01     -6.85140e+00      8.00000e+00    891s
  1317     -1.79563e+01     -6.85140e+00      8.00000e+00    892s
  1319     -1.83274e+01     -6.85140e+00      8.00000e+00    894s
  1322     -1.87215e+01     -6.85140e+00      8.00000e+00    895s
  1324     -1.81359e+01     -6.85140e+00      8.00000e+00    897s
  1326     -1.82747e+01     -6.85140e+00      8.00000e+00    898s
  1328     -1.84695e+01     -6.85140e+00      8.00000e+00    900s
  1330     -1.79929e+01     -6.85140e+00      8.00000e+00    901s
  1332     -1.84093e+01     -6.85140e+00      8.00000e+00    902s
  1334     -1.83270e+01     -6.85140e+00      8.00000e+00    904s
  1336     -1.87200e+01     -6.85140e+00      8.00000e+00    905s
  1339     -1.83152e+01     -6.85140e+00      8.00000e+00    907s
  1341     -1.81912e+01     -6.85140e+00      8.00000e+00    908s
  1343     -1.85290e+01     -6.85140e+00      8.00000e+00    910s
  1345     -1.80732e+01     -6.85140e+00      8.00000e+00    911s
  1347     -1.83301e+01     -6.85140e+00      8.00000e+00    912s
  1349     -1.81798e+01     -6.85140e+00      8.00000e+00    914s
  1351     -1.84641e+01     -6.85140e+00      8.00000e+00    915s
  1353     -1.84094e+01     -6.85140e+00      8.00000e+00    917s
  1356     -1.89459e+01     -6.85140e+00      8.00000e+00    918s
  1358     -1.86061e+01     -6.85140e+00      8.00000e+00    920s
  1360     -1.84309e+01     -6.85140e+00      8.00000e+00    921s
  1362     -1.84657e+01     -6.85140e+00      8.00000e+00    922s
  1364     -1.81448e+01     -6.85140e+00      8.00000e+00    924s
  1366     -1.85556e+01     -6.85140e+00      8.00000e+00    925s
  1368     -1.90585e+01     -6.85140e+00      8.00000e+00    927s
  1370     -1.80138e+01     -6.85140e+00      8.00000e+00    928s
  1373     -1.84203e+01     -6.85140e+00      8.00000e+00    930s
  1375     -1.79000e+01     -6.85140e+00      8.00000e+00    931s
  1377     -1.84815e+01     -6.85140e+00      8.00000e+00    932s
  1379     -1.86461e+01     -6.85140e+00      8.00000e+00    934s
  1381     -1.86103e+01     -6.85140e+00      8.00000e+00    935s
  1383     -1.80542e+01     -6.85140e+00      8.00000e+00    937s
  1385     -1.85221e+01     -6.85140e+00      8.00000e+00    938s
  1387     -1.82922e+01     -6.85140e+00      8.00000e+00    940s
  1390     -1.84507e+01     -6.85140e+00      8.00000e+00    941s
  1392     -1.86217e+01     -6.85140e+00      8.00000e+00    943s
  1394     -1.82724e+01     -6.85140e+00      8.00000e+00    944s
  1396     -1.81979e+01     -6.85140e+00      8.00000e+00    945s
  1398     -1.87077e+01     -6.85140e+00      8.00000e+00    947s
  1400     -1.87236e+01     -6.85140e+00      8.00000e+00    948s
  1402     -1.84563e+01     -6.85140e+00      8.00000e+00    950s
  1404     -1.89087e+01     -6.85140e+00      8.00000e+00    951s
  1407     -1.83764e+01     -6.85140e+00      8.00000e+00    953s
  1409     -1.87679e+01     -6.85140e+00      8.00000e+00    954s
  1411     -1.84778e+01     -6.85140e+00      8.00000e+00    956s
  1413     -1.87291e+01     -6.85140e+00      8.00000e+00    957s
  1415     -1.85463e+01     -6.85140e+00      8.00000e+00    959s
  1417     -1.83319e+01     -6.85140e+00      8.00000e+00    960s
  1419     -1.90620e+01     -6.85140e+00      8.00000e+00    961s
  1421     -1.81509e+01     -6.85140e+00      8.00000e+00    963s
  1424     -1.84555e+01     -6.85140e+00      8.00000e+00    965s
  1426     -1.83369e+01     -6.85140e+00      8.00000e+00    966s
  1428     -1.82391e+01     -6.85140e+00      8.00000e+00    967s
  1430     -1.85941e+01     -6.85140e+00      8.00000e+00    969s
  1432     -1.90221e+01     -6.85140e+00      8.00000e+00    970s
  1434     -1.77005e+01     -6.85140e+00      8.00000e+00    971s
  1436     -1.85931e+01     -6.85140e+00      8.00000e+00    973s
  1438     -1.91673e+01     -6.85140e+00      8.00000e+00    974s
  1441     -1.82497e+01     -6.85140e+00      8.00000e+00    976s
  1443     -1.90311e+01     -6.85140e+00      8.00000e+00    977s
  1445     -1.81571e+01     -6.85140e+00      8.00000e+00    979s
  1447     -1.81860e+01     -6.85140e+00      8.00000e+00    980s
  1449     -1.79637e+01     -6.85140e+00      8.00000e+00    982s
  1451     -1.78707e+01     -6.85140e+00      8.00000e+00    983s
  1453     -1.83081e+01     -6.85140e+00      8.00000e+00    985s
  1455     -1.85107e+01     -6.85140e+00      8.00000e+00    986s
  1457     -1.80744e+01     -6.85140e+00      8.00000e+00    987s
  1459     -1.85521e+01     -6.85140e+00      8.00000e+00    988s
  1461     -1.82871e+01     -6.85140e+00      8.00000e+00    990s
  1463     -1.88995e+01     -6.85140e+00      8.00000e+00    991s
  1465     -1.91165e+01     -6.85140e+00      8.00000e+00    993s
  1467     -1.80500e+01     -6.85140e+00      8.00000e+00    994s
  1469     -1.81005e+01     -6.85140e+00      8.00000e+00    996s
  1471     -1.85091e+01     -6.85140e+00      8.00000e+00    997s
  1473     -1.85884e+01     -6.85140e+00      8.00000e+00    998s
  1475     -1.84557e+01     -6.85140e+00      8.00000e+00   1000s
  1477     -1.84279e+01     -6.85140e+00      8.00000e+00   1002s
  1479     -1.83301e+01     -6.85140e+00      8.00000e+00   1003s
  1481     -1.83117e+01     -6.85140e+00      8.00000e+00   1004s
  1483     -1.86445e+01     -6.85140e+00      8.00000e+00   1006s
  1485     -1.82622e+01     -6.85140e+00      8.00000e+00   1007s
  1487     -1.88205e+01     -6.85140e+00      8.00000e+00   1008s
  1490     -1.81443e+01     -6.85140e+00      8.00000e+00   1010s
  1492     -1.85343e+01     -6.85140e+00      8.00000e+00   1011s
  1494     -1.85662e+01     -6.85140e+00      8.00000e+00   1013s
  1496     -1.83751e+01     -6.85140e+00      8.00000e+00   1014s
  1498     -1.87698e+01     -6.85140e+00      8.00000e+00   1015s
  1500     -1.87204e+01     -6.85140e+00      8.00000e+00   1017s
  1502     -1.81727e+01     -6.85140e+00      8.00000e+00   1018s
  1504     -1.81455e+01     -6.85140e+00      8.00000e+00   1020s
  1506     -1.87447e+01     -6.85140e+00      8.00000e+00   1021s
  1508     -1.84678e+01     -6.85140e+00      8.00000e+00   1022s
  1510     -1.78763e+01     -6.85140e+00      8.00000e+00   1024s
  1512     -1.81793e+01     -6.85140e+00      8.00000e+00   1025s
  1514     -1.86100e+01     -6.85140e+00      8.00000e+00   1027s
  1516     -1.82775e+01     -6.85140e+00      8.00000e+00   1028s
  1518     -1.79340e+01     -6.85140e+00      8.00000e+00   1030s
  1520     -1.86423e+01     -6.85140e+00      8.00000e+00   1031s
  1523     -1.88196e+01     -6.85140e+00      8.00000e+00   1032s
  1525     -1.85945e+01     -6.85140e+00      8.00000e+00   1034s
  1527     -1.80697e+01     -6.85140e+00      8.00000e+00   1035s
  1529     -1.85807e+01     -6.85140e+00      8.00000e+00   1037s
  1531     -1.80629e+01     -6.85140e+00      8.00000e+00   1038s
  1533     -1.92457e+01     -6.85140e+00      8.00000e+00   1039s
  1535     -1.82267e+01     -6.85140e+00      8.00000e+00   1041s
  1537     -1.84956e+01     -6.85140e+00      8.00000e+00   1042s
  1540     -1.79199e+01     -6.85140e+00      8.00000e+00   1044s
  1542     -1.91255e+01     -6.85140e+00      8.00000e+00   1045s
  1544     -1.86823e+01     -6.85140e+00      8.00000e+00   1047s
  1546     -1.82358e+01     -6.85140e+00      8.00000e+00   1048s
  1548     -1.84409e+01     -6.85140e+00      8.00000e+00   1049s
  1550     -1.81901e+01     -6.85140e+00      8.00000e+00   1051s
  1552     -1.83897e+01     -6.85140e+00      8.00000e+00   1052s
  1554     -1.85650e+01     -6.85140e+00      8.00000e+00   1053s
  1557     -1.88201e+01     -6.85140e+00      8.00000e+00   1055s
  1559     -1.86963e+01     -6.85140e+00      8.00000e+00   1056s
  1561     -1.83307e+01     -6.85140e+00      8.00000e+00   1058s
  1563     -1.80357e+01     -6.85140e+00      8.00000e+00   1059s
  1565     -1.80013e+01     -6.85140e+00      8.00000e+00   1060s
  1567     -1.87240e+01     -6.85140e+00      8.00000e+00   1062s
  1569     -1.86155e+01     -6.85140e+00      8.00000e+00   1063s
  1571     -1.84713e+01     -6.85140e+00      8.00000e+00   1065s
  1574     -1.87543e+01     -6.85140e+00      8.00000e+00   1067s
  1576     -1.84664e+01     -6.85140e+00      8.00000e+00   1068s
  1578     -1.81877e+01     -6.85140e+00      8.00000e+00   1069s
  1580     -1.79654e+01     -6.85140e+00      8.00000e+00   1071s
  1582     -1.83783e+01     -6.85140e+00      8.00000e+00   1072s
  1584     -1.87425e+01     -6.85140e+00      8.00000e+00   1073s
  1586     -1.86987e+01     -6.85140e+00      8.00000e+00   1075s
  1588     -1.79925e+01     -6.85140e+00      8.00000e+00   1076s
  1591     -1.80955e+01     -6.85140e+00      8.00000e+00   1078s
  1593     -1.84733e+01     -6.85140e+00      8.00000e+00   1079s
  1595     -1.87363e+01     -6.85140e+00      8.00000e+00   1081s
  1597     -1.84579e+01     -6.85140e+00      8.00000e+00   1082s
  1599     -1.83677e+01     -6.85140e+00      8.00000e+00   1083s
  1601     -1.79992e+01     -6.85140e+00      8.00000e+00   1085s
  1603     -1.83253e+01     -6.85140e+00      8.00000e+00   1086s
  1605     -1.84780e+01     -6.85140e+00      8.00000e+00   1088s
  1608     -1.82812e+01     -6.85140e+00      8.00000e+00   1089s
  1610     -1.83735e+01     -6.85140e+00      8.00000e+00   1091s
  1612     -1.84365e+01     -6.85140e+00      8.00000e+00   1092s
  1614     -1.90689e+01     -6.85140e+00      8.00000e+00   1093s
  1616     -1.81059e+01     -6.85140e+00      8.00000e+00   1095s
  1618     -1.88993e+01     -6.85140e+00      8.00000e+00   1096s
  1620     -1.87768e+01     -6.85140e+00      8.00000e+00   1097s
  1622     -1.85014e+01     -6.85140e+00      8.00000e+00   1099s
  1625     -1.79883e+01     -6.85140e+00      8.00000e+00   1100s
  1627     -1.88501e+01     -6.85140e+00      8.00000e+00   1102s
  1629     -1.88790e+01     -6.85140e+00      8.00000e+00   1103s
  1631     -1.90846e+01     -6.85140e+00      8.00000e+00   1105s
  1633     -1.89946e+01     -6.85140e+00      8.00000e+00   1106s
  1635     -1.82337e+01     -6.85140e+00      8.00000e+00   1107s
  1637     -1.89111e+01     -6.85140e+00      8.00000e+00   1109s
  1639     -1.85694e+01     -6.85140e+00      8.00000e+00   1110s
  1642     -1.87095e+01     -6.85140e+00      8.00000e+00   1112s
  1644     -1.91472e+01     -6.85140e+00      8.00000e+00   1113s
  1646     -1.78613e+01     -6.85140e+00      8.00000e+00   1115s
  1648     -1.88748e+01     -6.85140e+00      8.00000e+00   1116s
  1650     -1.89809e+01     -6.85140e+00      8.00000e+00   1117s
  1652     -1.88382e+01     -6.85140e+00      8.00000e+00   1119s
  1654     -1.83603e+01     -6.85140e+00      8.00000e+00   1120s
  1656     -1.86291e+01     -6.85140e+00      8.00000e+00   1121s
  1659     -1.83179e+01     -6.85140e+00      8.00000e+00   1123s
  1661     -1.87010e+01     -6.85140e+00      8.00000e+00   1124s
  1663     -1.92020e+01     -6.85140e+00      8.00000e+00   1126s
  1665     -1.77602e+01     -6.85140e+00      8.00000e+00   1127s
  1667     -1.86591e+01     -6.85140e+00      8.00000e+00   1129s
  1669     -1.87042e+01     -6.85140e+00      8.00000e+00   1130s
  1671     -1.86796e+01     -6.85140e+00      8.00000e+00   1131s
  1673     -1.82762e+01     -6.85140e+00      8.00000e+00   1133s
  1676     -1.79854e+01     -6.85140e+00      8.00000e+00   1134s
  1678     -1.73963e+01     -6.85140e+00      8.00000e+00   1136s
  1680     -1.87389e+01     -6.85140e+00      8.00000e+00   1137s
  1682     -1.88467e+01     -6.85140e+00      8.00000e+00   1138s
  1684     -1.80992e+01     -6.85140e+00      8.00000e+00   1140s
  1686     -1.84571e+01     -6.85140e+00      8.00000e+00   1141s
  1688     -1.82117e+01     -6.85140e+00      8.00000e+00   1143s
  1690     -1.83236e+01     -6.85140e+00      8.00000e+00   1144s
  1693     -1.82015e+01     -6.85140e+00      8.00000e+00   1146s
  1695     -1.89077e+01     -6.85140e+00      8.00000e+00   1147s
  1697     -1.83619e+01     -6.85140e+00      8.00000e+00   1148s
  1699     -1.87616e+01     -6.85140e+00      8.00000e+00   1150s
  1701     -1.85297e+01     -6.85140e+00      8.00000e+00   1151s
  1703     -1.76527e+01     -6.85140e+00      8.00000e+00   1153s
  1705     -1.74468e+01     -6.85140e+00      8.00000e+00   1154s
  1707     -1.80507e+01     -6.85140e+00      8.00000e+00   1155s
  1710     -1.87110e+01     -6.85140e+00      8.00000e+00   1157s
  1712     -1.85794e+01     -6.85140e+00      8.00000e+00   1158s
  1714     -1.91491e+01     -6.85140e+00      8.00000e+00   1160s
  1716     -1.85098e+01     -6.85140e+00      8.00000e+00   1161s
  1718     -1.92588e+01     -6.85140e+00      8.00000e+00   1162s
  1720     -1.88205e+01     -6.85140e+00      8.00000e+00   1164s
  1722     -1.84177e+01     -6.85140e+00      8.00000e+00   1165s
  1724     -1.86882e+01     -6.85140e+00      8.00000e+00   1167s
  1727     -1.79451e+01     -6.85140e+00      8.00000e+00   1168s
  1729     -1.84249e+01     -6.85140e+00      8.00000e+00   1170s
  1731     -1.82151e+01     -6.85140e+00      8.00000e+00   1171s
  1733     -1.84493e+01     -6.85140e+00      8.00000e+00   1173s
  1735     -1.79829e+01     -6.85140e+00      8.00000e+00   1174s
  1737     -1.82241e+01     -6.85140e+00      8.00000e+00   1175s
  1739     -1.81272e+01     -6.85140e+00      8.00000e+00   1177s
  1741     -1.85697e+01     -6.85140e+00      8.00000e+00   1178s
  1744     -1.85849e+01     -6.85140e+00      8.00000e+00   1180s
  1746     -1.89778e+01     -6.85140e+00      8.00000e+00   1181s
  1748     -1.85504e+01     -6.85140e+00      8.00000e+00   1183s
  1750     -1.86770e+01     -6.85140e+00      8.00000e+00   1184s
  1752     -1.74378e+01     -6.85140e+00      8.00000e+00   1185s
  1754     -1.76103e+01     -6.85140e+00      8.00000e+00   1187s
  1756     -1.69622e+01     -6.85140e+00      8.00000e+00   1188s
  1758     -1.77697e+01     -6.85140e+00      8.00000e+00   1190s
  1760     -1.78796e+01     -6.85140e+00      8.00000e+00   1191s
  1762     -1.84543e+01     -6.85140e+00      8.00000e+00   1192s
  1764     -1.89320e+01     -6.85140e+00      8.00000e+00   1193s
  1766     -1.91943e+01     -6.85140e+00      8.00000e+00   1195s
  1768     -1.94543e+01     -6.85140e+00      8.00000e+00   1196s
  1770     -1.89289e+01     -6.85140e+00      8.00000e+00   1198s
  1772     -1.88341e+01     -6.85140e+00      8.00000e+00   1199s
  1774     -1.83689e+01     -6.85140e+00      8.00000e+00   1200s
  1776     -1.76355e+01     -6.85140e+00      8.00000e+00   1201s
  1778     -1.78171e+01     -6.85140e+00      8.00000e+00   1203s
  1780     -1.76582e+01     -6.85140e+00      8.00000e+00   1204s
  1782     -1.83993e+01     -6.85140e+00      8.00000e+00   1205s
  1784     -1.79885e+01     -6.85140e+00      8.00000e+00   1207s
  1786     -1.78584e+01     -6.85140e+00      8.00000e+00   1208s
  1788     -1.82305e+01     -6.85140e+00      8.00000e+00   1210s
  1790     -1.88965e+01     -6.85140e+00      8.00000e+00   1211s
  1792     -1.91659e+01     -6.85140e+00      8.00000e+00   1213s
  1795     -1.96639e+01     -6.85140e+00      8.00000e+00   1214s
  1797     -1.93883e+01     -6.85140e+00      8.00000e+00   1215s
  1799     -1.87311e+01     -6.85140e+00      8.00000e+00   1217s
  1801     -1.79230e+01     -6.85140e+00      8.00000e+00   1218s
  1803     -1.75743e+01     -6.85140e+00      8.00000e+00   1220s
  1805     -1.70028e+01     -6.85140e+00      8.00000e+00   1221s
  1807     -1.72543e+01     -6.85140e+00      8.00000e+00   1223s
  1809     -1.75656e+01     -6.85140e+00      8.00000e+00   1224s
  1812     -1.88535e+01     -6.85140e+00      8.00000e+00   1226s
  1814     -1.86929e+01     -6.85140e+00      8.00000e+00   1227s
  1816     -1.97309e+01     -6.85140e+00      8.00000e+00   1229s
  1818     -1.91735e+01     -6.85140e+00      8.00000e+00   1230s
  1820     -1.96781e+01     -6.85140e+00      8.00000e+00   1231s
  1822     -1.86309e+01     -6.85140e+00      8.00000e+00   1233s
  1824     -1.83693e+01     -6.85140e+00      8.00000e+00   1234s
  1826     -1.80532e+01     -6.85140e+00      8.00000e+00   1235s
  1829     -1.75199e+01     -6.85140e+00      8.00000e+00   1237s
  1831     -1.73447e+01     -6.85140e+00      8.00000e+00   1239s
  1833     -1.80614e+01     -6.85140e+00      8.00000e+00   1240s
  1835     -1.79952e+01     -6.85140e+00      8.00000e+00   1241s
  1837     -1.91380e+01     -6.85140e+00      8.00000e+00   1243s
  1839     -1.83053e+01     -6.85140e+00      8.00000e+00   1244s
  1841     -1.98906e+01     -6.85140e+00      8.00000e+00   1246s
  1843     -2.03860e+01     -6.85140e+00      8.00000e+00   1247s
  1846     -2.02141e+01     -6.85140e+00      8.00000e+00   1249s
  1848     -1.83883e+01     -6.85140e+00      8.00000e+00   1250s
  1850     -1.81812e+01     -6.85140e+00      8.00000e+00   1251s
  1852     -1.82352e+01     -6.85140e+00      8.00000e+00   1253s
  1854     -1.84299e+01     -6.85140e+00      8.00000e+00   1254s
  1856     -1.80747e+01     -6.85140e+00      8.00000e+00   1255s
  1858     -1.73497e+01     -6.85140e+00      8.00000e+00   1257s
  1860     -1.74112e+01     -6.85140e+00      8.00000e+00   1258s
  1863     -1.88632e+01     -6.85140e+00      8.00000e+00   1260s
  1865     -1.96257e+01     -6.85140e+00      8.00000e+00   1261s
  1867     -2.02877e+01     -6.85140e+00      8.00000e+00   1263s
  1869     -1.97082e+01     -6.85140e+00      8.00000e+00   1264s
  1871     -1.83855e+01     -6.85140e+00      8.00000e+00   1266s
  1873     -1.83533e+01     -6.85140e+00      8.00000e+00   1267s
  1875     -1.86378e+01     -6.85140e+00      8.00000e+00   1268s
  1877     -1.83945e+01     -6.85140e+00      8.00000e+00   1270s
  1879     -1.86561e+01     -6.85140e+00      8.00000e+00   1271s
  1881     -1.77923e+01     -6.85140e+00      8.00000e+00   1272s
  1883     -1.77766e+01     -6.85140e+00      8.00000e+00   1274s
  1885     -1.77454e+01     -6.85140e+00      8.00000e+00   1275s
  1887     -1.85716e+01     -6.85140e+00      8.00000e+00   1276s
  1889     -1.95367e+01     -6.85140e+00      8.00000e+00   1278s
  1891     -2.01687e+01     -6.85140e+00      8.00000e+00   1279s
  1893     -1.95295e+01     -6.85140e+00      8.00000e+00   1280s
  1895     -1.90009e+01     -6.85140e+00      8.00000e+00   1281s
  1897     -1.83077e+01     -6.85140e+00      8.00000e+00   1283s
  1899     -1.84663e+01     -6.85140e+00      8.00000e+00   1284s
  1901     -1.96762e+01     -6.85140e+00      8.00000e+00   1286s
  1903     -2.03819e+01     -6.85140e+00      8.00000e+00   1287s
  1905     -2.01690e+01     -6.85140e+00      8.00000e+00   1289s
  1907     -1.83992e+01     -6.85140e+00      8.00000e+00   1290s
  1909     -1.69097e+01     -6.85140e+00      8.00000e+00   1292s
  1912     -1.79093e+01     -6.85140e+00      8.00000e+00   1293s
  1914     -2.00362e+01     -6.85140e+00      8.00000e+00   1295s
  1916     -1.98583e+01     -6.85140e+00      8.00000e+00   1296s
  1918     -1.95265e+01     -6.85140e+00      8.00000e+00   1298s
  1920     -1.74733e+01     -6.85140e+00      8.00000e+00   1299s
  1922     -1.69638e+01     -6.85140e+00      8.00000e+00   1300s
  1924     -1.77088e+01     -6.85140e+00      8.00000e+00   1302s
  1926     -1.95491e+01     -6.85140e+00      8.00000e+00   1303s
  1928     -1.98581e+01     -6.85140e+00      8.00000e+00   1305s
  1930     -2.03129e+01     -6.85140e+00      8.00000e+00   1306s
  1932     -1.73576e+01     -6.85140e+00      8.00000e+00   1308s
  1934     -1.70492e+01     -6.85140e+00      8.00000e+00   1309s
  1936     -1.77426e+01     -6.85140e+00      8.00000e+00   1310s
  1938     -1.96086e+01     -6.85140e+00      8.00000e+00   1312s
  1940     -2.02701e+01     -6.85140e+00      8.00000e+00   1313s
  1942     -1.99588e+01     -6.85140e+00      8.00000e+00   1315s
  1945     -1.70553e+01     -6.85140e+00      8.00000e+00   1316s
  1947     -1.75145e+01     -6.85140e+00      8.00000e+00   1318s
  1949     -1.81171e+01     -6.85140e+00      8.00000e+00   1319s
  1951     -1.94647e+01     -6.85140e+00      8.00000e+00   1320s
  1953     -2.14296e+01     -6.85140e+00      8.00000e+00   1322s
  1955     -2.05170e+01     -6.85140e+00      8.00000e+00   1323s
  1957     -1.89629e+01     -6.85140e+00      8.00000e+00   1325s
  1959     -1.75995e+01     -6.85140e+00      8.00000e+00   1326s
  1962     -1.81829e+01     -6.85140e+00      8.00000e+00   1328s
  1964     -2.01741e+01     -6.85140e+00      8.00000e+00   1329s
  1966     -2.13137e+01     -6.85140e+00      8.00000e+00   1330s
  1968     -1.96207e+01     -6.85140e+00      8.00000e+00   1332s
  1970     -1.79832e+01     -6.85140e+00      8.00000e+00   1333s
  1972     -1.71757e+01     -6.85140e+00      8.00000e+00   1335s
  1974     -1.81150e+01     -6.85140e+00      8.00000e+00   1336s
  1976     -2.03626e+01     -6.85140e+00      8.00000e+00   1338s
  1979     -2.16598e+01     -6.85140e+00      8.00000e+00   1339s
  1981     -1.96335e+01     -6.85140e+00      8.00000e+00   1341s
  1983     -1.82169e+01     -6.85140e+00      8.00000e+00   1343s
  1985     -1.76877e+01     -6.85140e+00      8.00000e+00   1344s
  1987     -1.81941e+01     -6.85140e+00      8.00000e+00   1346s
  1989     -2.07710e+01     -6.85140e+00      8.00000e+00   1347s
  1991     -2.02725e+01     -6.85140e+00      8.00000e+00   1349s
  1994     -1.81240e+01     -6.85140e+00      8.00000e+00   1351s
  1996     -1.69866e+01     -6.85140e+00      8.00000e+00   1352s
  1998     -1.75012e+01     -6.85140e+00      8.00000e+00   1354s
  2000     -1.80233e+01     -6.85140e+00      8.00000e+00   1355s
  2002     -1.83561e+01     -6.85140e+00      8.00000e+00   1356s
  2004     -1.96233e+01     -6.85140e+00      8.00000e+00   1358s
  2006     -2.00475e+01     -6.85140e+00      8.00000e+00   1359s
  2008     -1.94154e+01     -6.85140e+00      8.00000e+00   1361s
  2011     -1.80255e+01     -6.85140e+00      8.00000e+00   1362s
  2013     -1.92607e+01     -6.85140e+00      8.00000e+00   1364s
  2015     -2.11871e+01     -6.85140e+00      8.00000e+00   1365s
  2017     -2.13034e+01     -6.85140e+00      8.00000e+00   1366s
  2019     -2.10427e+01     -6.85140e+00      8.00000e+00   1368s
  2021     -2.04783e+01     -6.85140e+00      8.00000e+00   1369s
  2023     -1.97257e+01     -6.85140e+00      8.00000e+00   1370s
  2025     -1.85114e+01     -6.85140e+00      8.00000e+00   1372s
  2028     -1.90577e+01     -6.85140e+00      8.00000e+00   1374s
  2030     -2.02127e+01     -6.85140e+00      8.00000e+00   1375s
  2032     -2.03167e+01     -6.85140e+00      8.00000e+00   1376s
  2034     -1.84345e+01     -6.85140e+00      8.00000e+00   1378s
  2036     -1.84803e+01     -6.85140e+00      8.00000e+00   1379s
  2038     -1.90371e+01     -6.85140e+00      8.00000e+00   1380s
  2040     -2.00348e+01     -6.85140e+00      8.00000e+00   1382s
  2042     -2.18369e+01     -6.85140e+00      8.00000e+00   1383s
  2044     -2.16810e+01     -6.85140e+00      8.00000e+00   1384s
  2045     -2.07121e+01     -6.85140e+00      8.00000e+00   1385s
  2047     -1.99331e+01     -6.85140e+00      8.00000e+00   1387s
  2049     -1.85150e+01     -6.85140e+00      8.00000e+00   1388s
  2051     -1.68881e+01     -6.85140e+00      8.00000e+00   1389s
  2053     -1.57000e+01     -6.85140e+00      8.00000e+00   1391s
  2055     -1.80611e+01     -6.85140e+00      8.00000e+00   1392s
  2057     -1.98120e+01     -6.85140e+00      8.00000e+00   1394s
  2060     -2.06352e+01     -6.85140e+00      8.00000e+00   1395s
  2062     -1.79906e+01     -6.85140e+00      8.00000e+00   1397s
  2064     -1.78903e+01     -6.85140e+00      8.00000e+00   1398s
  2066     -2.04041e+01     -6.85140e+00      8.00000e+00   1399s
  2068     -2.29812e+01     -6.85140e+00      8.00000e+00   1401s
  2070     -2.48149e+01     -6.85140e+00      8.00000e+00   1402s
  2072     -2.27925e+01     -6.85140e+00      8.00000e+00   1403s
  2074     -1.95853e+01     -6.85140e+00      8.00000e+00   1405s
  2076     -1.62595e+01     -6.85140e+00      8.00000e+00   1406s
  2078     -1.61188e+01     -6.85140e+00      8.00000e+00   1407s
  2080     -1.78727e+01     -6.85140e+00      8.00000e+00   1408s
  2082     -2.05437e+01     -6.85140e+00      8.00000e+00   1410s
  2084     -2.06615e+01     -6.85140e+00      8.00000e+00   1411s
  2086     -1.90129e+01     -6.85140e+00      8.00000e+00   1413s
  2088     -1.84115e+01     -6.85140e+00      8.00000e+00   1414s
  2090     -1.93799e+01     -6.85140e+00      8.00000e+00   1415s
  2092     -2.23578e+01     -6.85140e+00      8.00000e+00   1417s
  2095     -2.46145e+01     -6.85140e+00      8.00000e+00   1418s
  2097     -2.25756e+01     -6.85140e+00      8.00000e+00   1420s
  2099     -1.88788e+01     -6.85140e+00      8.00000e+00   1421s
  2101     -1.78225e+01     -6.85140e+00      8.00000e+00   1423s
  2103     -1.66681e+01     -6.85140e+00      8.00000e+00   1424s
  2105     -1.93696e+01     -6.85140e+00      8.00000e+00   1425s
  2107     -2.20403e+01     -6.85140e+00      8.00000e+00   1427s
  2109     -2.15646e+01     -6.85140e+00      8.00000e+00   1428s
  2112     -1.89405e+01     -6.85140e+00      8.00000e+00   1430s
  2114     -1.79269e+01     -6.85140e+00      8.00000e+00   1431s
  2116     -2.05107e+01     -6.85140e+00      8.00000e+00   1432s
  2118     -2.39021e+01     -6.85140e+00      8.00000e+00   1434s
  2120     -2.48685e+01     -6.85140e+00      8.00000e+00   1435s
  2122     -2.22058e+01     -6.85140e+00      8.00000e+00   1437s
  2124     -1.89550e+01     -6.85140e+00      8.00000e+00   1438s
  2127     -1.65283e+01     -6.85140e+00      8.00000e+00   1440s
  2129     -1.89133e+01     -6.85140e+00      8.00000e+00   1441s
  2131     -2.13824e+01     -6.85140e+00      8.00000e+00   1443s
  2133     -2.14897e+01     -6.85140e+00      8.00000e+00   1444s
  2135     -2.06278e+01     -6.85140e+00      8.00000e+00   1446s
  2137     -1.84430e+01     -6.85140e+00      8.00000e+00   1447s
  2139     -1.82137e+01     -6.85140e+00      8.00000e+00   1448s
  2141     -2.17359e+01     -6.85140e+00      8.00000e+00   1450s
  2143     -2.50554e+01     -6.85140e+00      8.00000e+00   1451s
  2145     -2.45584e+01     -6.85140e+00      8.00000e+00   1452s
  2147     -2.24595e+01     -6.85140e+00      8.00000e+00   1454s
  2149     -1.82827e+01     -6.85140e+00      8.00000e+00   1455s
  2151     -1.93663e+01     -6.85140e+00      8.00000e+00   1456s
  2153     -2.33282e+01     -6.85140e+00      8.00000e+00   1458s
  2155     -2.64365e+01     -6.85140e+00      8.00000e+00   1459s
  2157     -2.63747e+01     -6.85140e+00      8.00000e+00   1460s
  2159     -2.39391e+01     -6.85140e+00      8.00000e+00   1462s
  2161     -1.97486e+01     -6.85140e+00      8.00000e+00   1463s
  2163     -1.84458e+01     -6.85140e+00      8.00000e+00   1464s
  2165     -1.98974e+01     -6.85140e+00      8.00000e+00   1465s
  2167     -2.24431e+01     -6.85140e+00      8.00000e+00   1467s
  2169     -2.34366e+01     -6.85140e+00      8.00000e+00   1468s
  2171     -2.18138e+01     -6.85140e+00      8.00000e+00   1469s
  2173     -1.88987e+01     -6.85140e+00      8.00000e+00   1471s
  2175     -1.88540e+01     -6.85140e+00      8.00000e+00   1472s
  2177     -2.15391e+01     -6.85140e+00      8.00000e+00   1473s
  2179     -2.53795e+01     -6.85140e+00      8.00000e+00   1475s
  2181     -2.69495e+01     -6.85140e+00      8.00000e+00   1476s
  2183     -2.52371e+01     -6.85140e+00      8.00000e+00   1477s
  2185     -2.04520e+01     -6.85140e+00      8.00000e+00   1479s
  2187     -1.83105e+01     -6.85140e+00      8.00000e+00   1480s
  2189     -1.97675e+01     -6.85140e+00      8.00000e+00   1481s
  2191     -2.19746e+01     -6.85140e+00      8.00000e+00   1483s
  2193     -2.36224e+01     -6.85140e+00      8.00000e+00   1484s
  2196     -2.07317e+01     -6.85140e+00      8.00000e+00   1486s
  2198     -1.81897e+01     -6.85140e+00      8.00000e+00   1487s
  2200     -1.91563e+01     -6.85140e+00      8.00000e+00   1488s
  2202     -2.46923e+01     -6.85140e+00      8.00000e+00   1490s
  2204     -3.03509e+01     -6.85140e+00      8.00000e+00   1491s
  2206     -3.08631e+01     -6.85140e+00      8.00000e+00   1492s
  2208     -2.85955e+01     -6.85140e+00      8.00000e+00   1494s
  2210     -2.16035e+01     -6.85140e+00      8.00000e+00   1495s
  2213     -1.81215e+01     -6.85140e+00      8.00000e+00   1497s
  2215     -2.05234e+01     -6.85140e+00      8.00000e+00   1498s
  2217     -2.31469e+01     -6.85140e+00      8.00000e+00   1500s
  2219     -2.22311e+01     -6.85140e+00      8.00000e+00   1501s
  2221     -1.89549e+01     -6.85140e+00      8.00000e+00   1502s
  2223     -1.73768e+01     -6.85140e+00      8.00000e+00   1504s
  2225     -1.95307e+01     -6.85140e+00      8.00000e+00   1505s
  2227     -2.49255e+01     -6.85140e+00      8.00000e+00   1507s
  2229     -3.06759e+01     -6.85140e+00      8.00000e+00   1508s
  2230     -3.23181e+01     -6.85140e+00      8.00000e+00   1509s
  2232     -2.84725e+01     -6.85140e+00      8.00000e+00   1510s
  2234     -2.41277e+01     -6.85140e+00      8.00000e+00   1512s
  2236     -1.92974e+01     -6.85140e+00      8.00000e+00   1513s
  2238     -1.83157e+01     -6.85140e+00      8.00000e+00   1514s
  2240     -2.18335e+01     -6.85140e+00      8.00000e+00   1516s
  2242     -2.32935e+01     -6.85140e+00      8.00000e+00   1517s
  2245     -2.04593e+01     -6.85140e+00      8.00000e+00   1519s
  2247     -1.74181e+01     -6.85140e+00      8.00000e+00   1520s
  2249     -1.84069e+01     -6.85140e+00      8.00000e+00   1521s
  2251     -2.03459e+01     -6.85140e+00      8.00000e+00   1523s
  2253     -2.60874e+01     -6.85140e+00      8.00000e+00   1524s
  2255     -2.91195e+01     -6.85140e+00      8.00000e+00   1526s
  2257     -2.84509e+01     -6.85140e+00      8.00000e+00   1527s
  2259     -2.45089e+01     -6.85140e+00      8.00000e+00   1528s
  2261     -1.92961e+01     -6.85140e+00      8.00000e+00   1530s
  2263     -1.83154e+01     -6.85140e+00      8.00000e+00   1531s
  2265     -2.04410e+01     -6.85140e+00      8.00000e+00   1532s
  2267     -2.16858e+01     -6.85140e+00      8.00000e+00   1534s
  2269     -2.17155e+01     -6.85140e+00      8.00000e+00   1535s
  2271     -1.94888e+01     -6.85140e+00      8.00000e+00   1537s
  2273     -1.70995e+01     -6.85140e+00      8.00000e+00   1538s
  2275     -1.90521e+01     -6.85140e+00      8.00000e+00   1540s
  2277     -2.34828e+01     -6.85140e+00      8.00000e+00   1541s
  2279     -2.83927e+01     -6.85140e+00      8.00000e+00   1542s
  2281     -2.89840e+01     -6.85140e+00      8.00000e+00   1544s
  2283     -2.58403e+01     -6.85140e+00      8.00000e+00   1545s
  2285     -2.03531e+01     -6.85140e+00      8.00000e+00   1546s
  2287     -1.80859e+01     -6.85140e+00      8.00000e+00   1548s
  2289     -1.95703e+01     -6.85140e+00      8.00000e+00   1549s
  2291     -2.17410e+01     -6.85140e+00      8.00000e+00   1551s
  2293     -2.25381e+01     -6.85140e+00      8.00000e+00   1552s
  2295     -1.97765e+01     -6.85140e+00      8.00000e+00   1553s
  2297     -1.79820e+01     -6.85140e+00      8.00000e+00   1554s
  2299     -1.83444e+01     -6.85140e+00      8.00000e+00   1556s
  2301     -1.91032e+01     -6.85140e+00      8.00000e+00   1557s
  2303     -2.10569e+01     -6.85140e+00      8.00000e+00   1558s
  2305     -2.29407e+01     -6.85140e+00      8.00000e+00   1560s
  2307     -2.27637e+01     -6.85140e+00      8.00000e+00   1561s
  2309     -2.15168e+01     -6.85140e+00      8.00000e+00   1563s
  2312     -1.87748e+01     -6.85140e+00      8.00000e+00   1565s
  2314     -1.88593e+01     -6.85140e+00      8.00000e+00   1566s
  2316     -2.09958e+01     -6.85140e+00      8.00000e+00   1567s
  2318     -2.26230e+01     -6.85140e+00      8.00000e+00   1568s
  2320     -2.17109e+01     -6.85140e+00      8.00000e+00   1570s
  2322     -2.02053e+01     -6.85140e+00      8.00000e+00   1571s
  2324     -1.86675e+01     -6.85140e+00      8.00000e+00   1572s
  2326     -1.91455e+01     -6.85140e+00      8.00000e+00   1574s
  2329     -2.21289e+01     -6.85140e+00      8.00000e+00   1575s
  2331     -2.34961e+01     -6.85140e+00      8.00000e+00   1577s
  2333     -2.15185e+01     -6.85140e+00      8.00000e+00   1578s
  2335     -1.92367e+01     -6.85140e+00      8.00000e+00   1580s
  2337     -1.80282e+01     -6.85140e+00      8.00000e+00   1581s
  2339     -1.93830e+01     -6.85140e+00      8.00000e+00   1582s
  2341     -2.10305e+01     -6.85140e+00      8.00000e+00   1584s
  2343     -2.29123e+01     -6.85140e+00      8.00000e+00   1585s
  2346     -1.98028e+01     -6.85140e+00      8.00000e+00   1587s
  2348     -1.86809e+01     -6.85140e+00      8.00000e+00   1588s
  2350     -1.80048e+01     -6.85140e+00      8.00000e+00   1589s
  2352     -1.79139e+01     -6.85140e+00      8.00000e+00   1591s
  2354     -2.09783e+01     -6.85140e+00      8.00000e+00   1592s
  2356     -2.32569e+01     -6.85140e+00      8.00000e+00   1594s
  2358     -2.18931e+01     -6.85140e+00      8.00000e+00   1595s
  2360     -2.00145e+01     -6.85140e+00      8.00000e+00   1596s
  2363     -1.90761e+01     -6.85140e+00      8.00000e+00   1598s
  2365     -2.30728e+01     -6.85140e+00      8.00000e+00   1600s
  2367     -2.72915e+01     -6.85140e+00      8.00000e+00   1601s
  2369     -2.93737e+01     -6.85140e+00      8.00000e+00   1602s
  2371     -2.59202e+01     -6.85140e+00      8.00000e+00   1603s
  2373     -2.11337e+01     -6.85140e+00      8.00000e+00   1605s
  2375     -1.84063e+01     -6.85140e+00      8.00000e+00   1606s
  2377     -1.86082e+01     -6.85140e+00      8.00000e+00   1608s
  2380     -2.23577e+01     -6.85140e+00      8.00000e+00   1609s
  2382     -2.27191e+01     -6.85140e+00      8.00000e+00   1611s
  2384     -1.99717e+01     -6.85140e+00      8.00000e+00   1612s
  2386     -1.87127e+01     -6.85140e+00      8.00000e+00   1613s
  2388     -1.95252e+01     -6.85140e+00      8.00000e+00   1615s
  2390     -2.41265e+01     -6.85140e+00      8.00000e+00   1616s
  2392     -2.79539e+01     -6.85140e+00      8.00000e+00   1618s
  2394     -2.89154e+01     -6.85140e+00      8.00000e+00   1619s
  2397     -2.20171e+01     -6.85140e+00      8.00000e+00   1621s
  2399     -1.85351e+01     -6.85140e+00      8.00000e+00   1622s
  2401     -1.67269e+01     -6.85140e+00      8.00000e+00   1624s
  2403     -1.75054e+01     -6.85140e+00      8.00000e+00   1625s
  2405     -2.28860e+01     -6.85140e+00      8.00000e+00   1626s
  2407     -2.45799e+01     -6.85140e+00      8.00000e+00   1628s
  2409     -2.24109e+01     -6.85140e+00      8.00000e+00   1629s
  2410     -1.98553e+01     -6.85140e+00      8.00000e+00   1630s
  2413     -1.93321e+01     -6.85140e+00      8.00000e+00   1632s
  2415     -2.50095e+01     -6.85140e+00      8.00000e+00   1633s
  2417     -3.24253e+01     -6.85140e+00      8.00000e+00   1635s
  2419     -3.60948e+01     -6.85140e+00      8.00000e+00   1636s
  2421     -3.26697e+01     -6.85140e+00      8.00000e+00   1638s
  2423     -2.36569e+01     -6.85140e+00      8.00000e+00   1639s
  2425     -1.77699e+01     -6.85140e+00      8.00000e+00   1640s
  2427     -1.69175e+01     -6.85140e+00      8.00000e+00   1642s
  2430     -2.35212e+01     -6.85140e+00      8.00000e+00   1643s
  2432     -2.45149e+01     -6.85140e+00      8.00000e+00   1645s
  2434     -2.12290e+01     -6.85140e+00      8.00000e+00   1646s
  2436     -1.85129e+01     -6.85140e+00      8.00000e+00   1647s
  2438     -1.95989e+01     -6.85140e+00      8.00000e+00   1649s
  2440     -2.69643e+01     -6.85140e+00      8.00000e+00   1650s
  2442     -3.43400e+01     -6.85140e+00      8.00000e+00   1652s
  2444     -3.58783e+01     -6.85140e+00      8.00000e+00   1653s
  2447     -2.60860e+01     -6.85140e+00      8.00000e+00   1655s
  2449     -1.79909e+01     -6.85140e+00      8.00000e+00   1656s
  2451     -1.46574e+01     -6.85140e+00      8.00000e+00   1657s
  2453     -1.23816e+01     -6.85140e+00      8.00000e+00   1659s
  2455     -1.71681e+01     -6.85140e+00      8.00000e+00   1660s
  2457     -2.20529e+01     -6.85140e+00      8.00000e+00   1662s
  2459     -2.31905e+01     -6.85140e+00      8.00000e+00   1663s
  2461     -1.96038e+01     -6.85140e+00      8.00000e+00   1665s
  2463     -1.76226e+01     -6.85140e+00      8.00000e+00   1666s
  2465     -2.18773e+01     -6.85140e+00      8.00000e+00   1667s
  2467     -3.06086e+01     -6.85140e+00      8.00000e+00   1669s
  2469     -3.66930e+01     -6.85140e+00      8.00000e+00   1670s
  2471     -3.55131e+01     -6.85140e+00      8.00000e+00   1671s
  2473     -2.65902e+01     -6.85140e+00      8.00000e+00   1673s
  2475     -1.67123e+01     -6.85140e+00      8.00000e+00   1674s
  2477     -1.21472e+01     -6.85140e+00      8.00000e+00   1676s
  2479     -1.55234e+01     -6.85140e+00      8.00000e+00   1677s
  2481     -2.09421e+01     -6.85140e+00      8.00000e+00   1678s
  2483     -2.27293e+01     -6.85140e+00      8.00000e+00   1679s
  2485     -2.09539e+01     -6.85140e+00      8.00000e+00   1681s
  2487     -1.85777e+01     -6.85140e+00      8.00000e+00   1682s
  2489     -2.06731e+01     -6.85140e+00      8.00000e+00   1684s
  2491     -2.78906e+01     -6.85140e+00      8.00000e+00   1685s
  2493     -3.55334e+01     -6.85140e+00      8.00000e+00   1686s
  2495     -3.65251e+01     -6.85140e+00      8.00000e+00   1687s
  2497     -2.89768e+01     -6.85140e+00      8.00000e+00   1689s
  2499     -1.86699e+01     -6.85140e+00      8.00000e+00   1690s

==================================================
Summary of results QAOA
--------------------------------------------------
Average of QAOA obj:          -6.85
STD of QAOA obj:              100.77

Gamma angles:                 0.13
Beta angles:                  0.38

Best QAOA obj:                8.00
Modified best QAOA obj:       8.00

QAOA total time:              1689.98s
QAOA circuit depth:           18
==================================================

==================================================
Summary of results of 0-S8
--------------------------------------------------
Number of vertices:           8
Number of edges:              22

Vertex num in largest comp:   8
Edge num in largest comp:     22

Pre-processing running time:  0.00
Total solver time:            1689.98
Running time:                 1693.17

Upper bound:                  12.00
Objective value:              8.00

Partition 0:                  1, 3, 4, 5, 6, 8    
Partition 1:                  7                   
Partition 2:                  2                   
==================================================
