==================================================
Instance parameters
--------------------------------------------------
Number of vertices:           8
Number of edges:              22
Number of partitions:         3

Density (%):                  79
Name of instance:             seed1_band_pen1.8
Is planar:                    False
==================================================

==================================================
Solver parameters
--------------------------------------------------
Method:                       QUBO
Peel:                         False
Decompose:                    False
Fold:                         False

QAOA Num Levels:              1
QAOA Scipy Optimizer:         brute
==================================================

  iter        avg-obj        best avg-obj       best-obj      time
     0     -2.10574e+01     -2.10574e+01      3.00000e+00      2s
     2     -2.06842e+01     -2.06842e+01      3.00000e+00      3s
     4     -2.08569e+01     -2.06842e+01      3.00000e+00      4s
     6     -2.01121e+01     -2.01121e+01      3.00000e+00      6s
     8     -2.04265e+01     -2.01121e+01      3.00000e+00      7s
    10     -2.10254e+01     -2.01121e+01      4.30000e+00      8s
    12     -2.06518e+01     -2.01121e+01      4.30000e+00     10s
    14     -2.01188e+01     -2.01121e+01      4.30000e+00     11s
    16     -2.09806e+01     -1.99764e+01      4.30000e+00     12s
    18     -2.07717e+01     -1.99764e+01      4.30000e+00     14s
    21     -2.09837e+01     -1.99764e+01      4.30000e+00     15s
    23     -2.06580e+01     -1.99764e+01      5.00000e+00     17s
    25     -2.05973e+01     -1.99764e+01      5.00000e+00     18s
    27     -2.12595e+01     -1.99764e+01      5.40000e+00     20s
    29     -2.02091e+01     -1.99764e+01      5.40000e+00     21s
    31     -2.05277e+01     -1.99764e+01      5.40000e+00     22s
    33     -2.10800e+01     -1.99764e+01      5.40000e+00     24s
    35     -2.11549e+01     -1.99764e+01      5.40000e+00     25s
    38     -2.06090e+01     -1.99764e+01      5.40000e+00     27s
    40     -2.10399e+01     -1.99032e+01      5.40000e+00     28s
    42     -2.01858e+01     -1.99032e+01      5.40000e+00     29s
    44     -2.10356e+01     -1.99032e+01      5.40000e+00     31s
    46     -2.16550e+01     -1.99032e+01      5.40000e+00     32s
    48     -2.08758e+01     -1.99032e+01      5.40000e+00     34s
    50     -2.07035e+01     -1.99032e+01      5.40000e+00     35s
    52     -8.99800e+00     -8.99800e+00      8.00000e+00     37s
    55     -1.24562e+01     -7.10720e+00      8.00000e+00     38s
    57     -2.29164e+01     -7.10720e+00      8.00000e+00     39s
    59     -2.67085e+01     -7.10720e+00      8.00000e+00     41s
    61     -2.42841e+01     -7.10720e+00      8.00000e+00     42s
    63     -1.98509e+01     -7.10720e+00      8.00000e+00     44s
    65     -2.17363e+01     -7.10720e+00      8.00000e+00     45s
    67     -3.22429e+01     -7.10720e+00      8.00000e+00     46s
    69     -4.31805e+01     -7.10720e+00      8.00000e+00     48s
    72     -4.03868e+01     -7.10720e+00      8.00000e+00     49s
    74     -2.51215e+01     -7.10720e+00      8.00000e+00     51s
    76     -1.13156e+01     -7.10720e+00      8.00000e+00     52s
    78     -7.33040e+00     -7.10720e+00      8.00000e+00     53s
    80     -1.51431e+01     -7.10720e+00      8.00000e+00     55s
    82     -2.50299e+01     -7.10720e+00      8.00000e+00     56s
    84     -2.68987e+01     -7.10720e+00      8.00000e+00     58s
    86     -2.31253e+01     -7.10720e+00      8.00000e+00     59s
    89     -2.02296e+01     -7.10720e+00      8.00000e+00     61s
    91     -3.00145e+01     -7.10720e+00      8.00000e+00     62s
    93     -4.18983e+01     -7.10720e+00      8.00000e+00     63s
    95     -4.53736e+01     -7.10720e+00      8.00000e+00     65s
    97     -3.82103e+01     -7.10720e+00      8.00000e+00     66s
    99     -2.11322e+01     -7.10720e+00      8.00000e+00     67s
   101     -1.43650e+01     -7.10720e+00      8.00000e+00     69s
   103     -1.08657e+01     -7.10720e+00      8.00000e+00     70s
   106     -2.30033e+01     -7.10720e+00      8.00000e+00     72s
   108     -2.87063e+01     -7.10720e+00      8.00000e+00     73s
   110     -2.65090e+01     -7.10720e+00      8.00000e+00     75s
   112     -2.10916e+01     -7.10720e+00      8.00000e+00     76s
   114     -2.15231e+01     -7.10720e+00      8.00000e+00     77s
   116     -3.26853e+01     -7.10720e+00      8.00000e+00     79s
   118     -4.60937e+01     -7.10720e+00      8.00000e+00     80s
   120     -4.95934e+01     -7.10720e+00      8.00000e+00     82s
   123     -3.31915e+01     -7.10720e+00      8.00000e+00     83s
   125     -1.73273e+01     -7.10720e+00      8.00000e+00     85s
   127     -1.06296e+01     -7.10720e+00      8.00000e+00     86s
   129     -1.61122e+01     -7.10720e+00      8.00000e+00     88s
   131     -2.52770e+01     -7.10720e+00      8.00000e+00     89s
   133     -2.90975e+01     -7.10720e+00      8.00000e+00     90s
   135     -2.50930e+01     -7.10720e+00      8.00000e+00     92s
   137     -2.02966e+01     -7.10720e+00      8.00000e+00     93s
   140     -2.88391e+01     -7.10720e+00      8.00000e+00     94s
   142     -4.23328e+01     -7.10720e+00      8.00000e+00     96s
   144     -4.98956e+01     -7.10720e+00      8.00000e+00     97s
   146     -4.44933e+01     -7.10720e+00      8.00000e+00     99s
   148     -2.93155e+01     -7.10720e+00      8.00000e+00    100s
   150     -2.12751e+01     -7.10720e+00      8.00000e+00    101s
   152     -1.88248e+01     -7.10720e+00      8.00000e+00    103s
   154     -1.96891e+01     -7.10720e+00      8.00000e+00    104s
   157     -2.33227e+01     -7.10720e+00      8.00000e+00    106s
   159     -2.27014e+01     -7.10720e+00      8.00000e+00    107s
   161     -2.07418e+01     -7.10720e+00      8.00000e+00    109s
   163     -2.15535e+01     -7.10720e+00      8.00000e+00    110s
   165     -2.63559e+01     -7.10720e+00      8.00000e+00    111s
   167     -3.23317e+01     -7.10720e+00      8.00000e+00    113s
   169     -3.56534e+01     -7.10720e+00      8.00000e+00    114s
   171     -3.24818e+01     -7.10720e+00      8.00000e+00    116s
   174     -2.22309e+01     -7.10720e+00      8.00000e+00    117s
   176     -1.81650e+01     -7.10720e+00      8.00000e+00    119s
   178     -1.89293e+01     -7.10720e+00      8.00000e+00    120s
   180     -2.22028e+01     -7.10720e+00      8.00000e+00    121s
   182     -2.29375e+01     -7.10720e+00      8.00000e+00    123s
   184     -2.23794e+01     -7.10720e+00      8.00000e+00    124s
   186     -2.00152e+01     -7.10720e+00      8.00000e+00    126s
   188     -2.23489e+01     -7.10720e+00      8.00000e+00    127s
   191     -3.12308e+01     -7.10720e+00      8.00000e+00    129s
   193     -3.46352e+01     -7.10720e+00      8.00000e+00    130s
   195     -3.44793e+01     -7.10720e+00      8.00000e+00    131s
   197     -2.68493e+01     -7.10720e+00      8.00000e+00    133s
   199     -2.10544e+01     -7.10720e+00      8.00000e+00    134s
   201     -2.04420e+01     -7.10720e+00      8.00000e+00    136s
   203     -2.20699e+01     -7.10720e+00      8.00000e+00    137s
   205     -2.47709e+01     -7.10720e+00      8.00000e+00    138s
   208     -2.24325e+01     -7.10720e+00      8.00000e+00    140s
   210     -2.06721e+01     -7.10720e+00      8.00000e+00    142s
   212     -2.08566e+01     -7.10720e+00      8.00000e+00    143s
   214     -2.36694e+01     -7.10720e+00      8.00000e+00    144s
   216     -2.85305e+01     -7.10720e+00      8.00000e+00    146s
   218     -3.18337e+01     -7.10720e+00      8.00000e+00    147s
   220     -2.97573e+01     -7.10720e+00      8.00000e+00    149s
   222     -2.49845e+01     -7.10720e+00      8.00000e+00    150s
   225     -2.06560e+01     -7.10720e+00      8.00000e+00    152s
   227     -2.18566e+01     -7.10720e+00      8.00000e+00    153s
   229     -2.34741e+01     -7.10720e+00      8.00000e+00    154s
   231     -2.40541e+01     -7.10720e+00      8.00000e+00    156s
   233     -2.28687e+01     -7.10720e+00      8.00000e+00    157s
   235     -2.09655e+01     -7.10720e+00      8.00000e+00    159s
   237     -2.12932e+01     -7.10720e+00      8.00000e+00    160s
   239     -2.50101e+01     -7.10720e+00      8.00000e+00    161s
   242     -3.07591e+01     -7.10720e+00      8.00000e+00    163s
   244     -3.04704e+01     -7.10720e+00      8.00000e+00    165s
   246     -2.58909e+01     -7.10720e+00      8.00000e+00    166s
   248     -2.17720e+01     -7.10720e+00      8.00000e+00    167s
   250     -2.11302e+01     -7.10720e+00      8.00000e+00    169s
   252     -1.90407e+01     -7.10720e+00      8.00000e+00    170s
   254     -2.14372e+01     -7.10720e+00      8.00000e+00    172s
   256     -2.44767e+01     -7.10720e+00      8.00000e+00    173s
   259     -2.41583e+01     -7.10720e+00      8.00000e+00    175s
   261     -2.17615e+01     -7.10720e+00      8.00000e+00    176s
   263     -2.07285e+01     -7.10720e+00      8.00000e+00    177s
   265     -2.55366e+01     -7.10720e+00      8.00000e+00    179s
   267     -3.20071e+01     -7.10720e+00      8.00000e+00    180s
   269     -3.40422e+01     -7.10720e+00      8.00000e+00    182s
   271     -3.14678e+01     -7.10720e+00      8.00000e+00    183s
   273     -2.56018e+01     -7.10720e+00      8.00000e+00    184s
   276     -1.91485e+01     -7.10720e+00      8.00000e+00    186s
   278     -2.09081e+01     -7.10720e+00      8.00000e+00    187s
   280     -2.41892e+01     -7.10720e+00      8.00000e+00    189s
   282     -2.51622e+01     -7.10720e+00      8.00000e+00    190s
   284     -2.24490e+01     -7.10720e+00      8.00000e+00    192s
   286     -2.04300e+01     -7.10720e+00      8.00000e+00    193s
   288     -2.27713e+01     -7.10720e+00      8.00000e+00    195s
   290     -2.74884e+01     -7.10720e+00      8.00000e+00    196s
   293     -3.42122e+01     -7.10720e+00      8.00000e+00    198s
   295     -3.27486e+01     -7.10720e+00      8.00000e+00    199s
   297     -2.59221e+01     -7.10720e+00      8.00000e+00    200s
   299     -2.09869e+01     -7.10720e+00      8.00000e+00    202s
   301     -1.94629e+01     -7.10720e+00      8.00000e+00    203s
   303     -1.78504e+01     -7.10720e+00      8.00000e+00    205s
   305     -2.12287e+01     -7.10720e+00      8.00000e+00    206s
   307     -2.33127e+01     -7.10720e+00      8.00000e+00    208s
   310     -2.23541e+01     -7.10720e+00      8.00000e+00    209s
   312     -2.05493e+01     -7.10720e+00      8.00000e+00    211s
   314     -2.27376e+01     -7.10720e+00      8.00000e+00    212s
   316     -2.77284e+01     -7.10720e+00      8.00000e+00    214s
   318     -3.36295e+01     -7.10720e+00      8.00000e+00    215s
   320     -3.45805e+01     -7.10720e+00      8.00000e+00    216s
   322     -2.87411e+01     -7.10720e+00      8.00000e+00    218s
   324     -2.28619e+01     -7.10720e+00      8.00000e+00    219s
   327     -1.78648e+01     -7.10720e+00      8.00000e+00    221s
   329     -2.04868e+01     -7.10720e+00      8.00000e+00    222s
   331     -2.31316e+01     -7.10720e+00      8.00000e+00    223s
   333     -2.33602e+01     -7.10720e+00      8.00000e+00    225s
   335     -2.16295e+01     -7.10720e+00      8.00000e+00    226s
   337     -2.02557e+01     -7.10720e+00      8.00000e+00    227s
   339     -2.36169e+01     -7.10720e+00      8.00000e+00    229s
   341     -3.00108e+01     -7.10720e+00      8.00000e+00    230s
   343     -3.33314e+01     -7.10720e+00      8.00000e+00    231s
   345     -3.32887e+01     -7.10720e+00      8.00000e+00    233s
   347     -2.80466e+01     -7.10720e+00      8.00000e+00    234s
   349     -2.14071e+01     -7.10720e+00      8.00000e+00    235s
   351     -1.96790e+01     -7.10720e+00      8.00000e+00    237s
   353     -1.87780e+01     -7.10720e+00      8.00000e+00    238s
   355     -2.15573e+01     -7.10720e+00      8.00000e+00    240s
   357     -2.35164e+01     -7.10720e+00      8.00000e+00    241s
   359     -2.24944e+01     -7.10720e+00      8.00000e+00    243s
   362     -2.02476e+01     -7.10720e+00      8.00000e+00    244s
   364     -2.24705e+01     -7.10720e+00      8.00000e+00    246s
   366     -2.68387e+01     -7.10720e+00      8.00000e+00    248s
   368     -3.02073e+01     -7.10720e+00      8.00000e+00    249s
   370     -3.06325e+01     -7.10720e+00      8.00000e+00    251s
   372     -2.69017e+01     -7.10720e+00      8.00000e+00    252s
   374     -2.17040e+01     -7.10720e+00      8.00000e+00    254s
   377     -1.91627e+01     -7.10720e+00      8.00000e+00    256s
   379     -2.08890e+01     -7.10720e+00      8.00000e+00    257s
   381     -2.36340e+01     -7.10720e+00      8.00000e+00    258s
   383     -2.33310e+01     -7.10720e+00      8.00000e+00    260s
   385     -2.12568e+01     -7.10720e+00      8.00000e+00    261s
   387     -2.07960e+01     -7.10720e+00      8.00000e+00    263s
   389     -2.40946e+01     -7.10720e+00      8.00000e+00    264s
   391     -2.74004e+01     -7.10720e+00      8.00000e+00    266s
   393     -3.10573e+01     -7.10720e+00      8.00000e+00    267s
   395     -2.98254e+01     -7.10720e+00      8.00000e+00    268s
   397     -2.56458e+01     -7.10720e+00      8.00000e+00    269s
   399     -2.07663e+01     -7.10720e+00      8.00000e+00    271s
   401     -1.94925e+01     -7.10720e+00      8.00000e+00    272s
   403     -1.91497e+01     -7.10720e+00      8.00000e+00    274s
   405     -2.19290e+01     -7.10720e+00      8.00000e+00    275s
   407     -2.32638e+01     -7.10720e+00      8.00000e+00    276s
   409     -2.25491e+01     -7.10720e+00      8.00000e+00    278s
   412     -2.19370e+01     -7.10720e+00      8.00000e+00    280s
   414     -2.16382e+01     -7.10720e+00      8.00000e+00    281s
   416     -2.39683e+01     -7.10720e+00      8.00000e+00    282s
   418     -2.59571e+01     -7.10720e+00      8.00000e+00    284s
   420     -2.61806e+01     -7.10720e+00      8.00000e+00    285s
   422     -2.49161e+01     -7.10720e+00      8.00000e+00    287s
   424     -2.19258e+01     -7.10720e+00      8.00000e+00    288s
   426     -1.94078e+01     -7.10720e+00      8.00000e+00    289s
   429     -2.15948e+01     -7.10720e+00      8.00000e+00    291s
   431     -2.28991e+01     -7.10720e+00      8.00000e+00    292s
   433     -2.27879e+01     -7.10720e+00      8.00000e+00    294s
   435     -2.20739e+01     -7.10720e+00      8.00000e+00    295s
   437     -2.10090e+01     -7.10720e+00      8.00000e+00    297s
   439     -2.21110e+01     -7.10720e+00      8.00000e+00    298s
   441     -2.45357e+01     -7.10720e+00      8.00000e+00    299s
   443     -2.66807e+01     -7.10720e+00      8.00000e+00    301s
   446     -2.57605e+01     -7.10720e+00      8.00000e+00    302s
   448     -2.17134e+01     -7.10720e+00      8.00000e+00    304s
   450     -2.08024e+01     -7.10720e+00      8.00000e+00    305s
   452     -2.05036e+01     -7.10720e+00      8.00000e+00    307s
   454     -2.07181e+01     -7.10720e+00      8.00000e+00    308s
   456     -2.30992e+01     -7.10720e+00      8.00000e+00    310s
   458     -2.38242e+01     -7.10720e+00      8.00000e+00    311s
   460     -2.22669e+01     -7.10720e+00      8.00000e+00    312s
   463     -2.03995e+01     -7.10720e+00      8.00000e+00    314s
   465     -2.02193e+01     -7.10720e+00      8.00000e+00    315s
   467     -2.20697e+01     -7.10720e+00      8.00000e+00    317s
   469     -2.25967e+01     -7.10720e+00      8.00000e+00    318s
   471     -2.32283e+01     -7.10720e+00      8.00000e+00    320s
   473     -2.23477e+01     -7.10720e+00      8.00000e+00    321s
   475     -2.07792e+01     -7.10720e+00      8.00000e+00    322s
   477     -2.03578e+01     -7.10720e+00      8.00000e+00    324s
   480     -2.25571e+01     -7.10720e+00      8.00000e+00    325s
   482     -2.33387e+01     -7.10720e+00      8.00000e+00    327s
   484     -2.32548e+01     -7.10720e+00      8.00000e+00    328s
   486     -2.15363e+01     -7.10720e+00      8.00000e+00    330s
   488     -2.02983e+01     -7.10720e+00      8.00000e+00    331s
   490     -2.09605e+01     -7.10720e+00      8.00000e+00    333s
   492     -2.25402e+01     -7.10720e+00      8.00000e+00    334s
   494     -2.33907e+01     -7.10720e+00      8.00000e+00    335s
   497     -2.26017e+01     -7.10720e+00      8.00000e+00    337s
   499     -2.07990e+01     -7.10720e+00      8.00000e+00    338s
   501     -2.10470e+01     -7.10720e+00      8.00000e+00    339s
   503     -2.24061e+01     -7.10720e+00      8.00000e+00    341s
   505     -2.34141e+01     -7.10720e+00      8.00000e+00    342s
   507     -2.39259e+01     -7.10720e+00      8.00000e+00    343s
   509     -2.29194e+01     -7.10720e+00      8.00000e+00    345s
   511     -2.21208e+01     -7.10720e+00      8.00000e+00    346s
   513     -1.99225e+01     -7.10720e+00      8.00000e+00    347s
   515     -1.99036e+01     -7.10720e+00      8.00000e+00    349s
   517     -2.00242e+01     -7.10720e+00      8.00000e+00    350s
   519     -2.06061e+01     -7.10720e+00      8.00000e+00    351s
   521     -2.05721e+01     -7.10720e+00      8.00000e+00    353s
   523     -2.13719e+01     -7.10720e+00      8.00000e+00    354s
   525     -2.10161e+01     -7.10720e+00      8.00000e+00    356s
   527     -2.16589e+01     -7.10720e+00      8.00000e+00    357s
   529     -2.25263e+01     -7.10720e+00      8.00000e+00    358s
   532     -2.36917e+01     -7.10720e+00      8.00000e+00    360s
   534     -2.30465e+01     -7.10720e+00      8.00000e+00    361s
   536     -2.19544e+01     -7.10720e+00      8.00000e+00    363s
   538     -2.00920e+01     -7.10720e+00      8.00000e+00    364s
   540     -1.99546e+01     -7.10720e+00      8.00000e+00    366s
   542     -2.01966e+01     -7.10720e+00      8.00000e+00    367s
   544     -2.15515e+01     -7.10720e+00      8.00000e+00    368s
   546     -2.14027e+01     -7.10720e+00      8.00000e+00    370s
   549     -2.07878e+01     -7.10720e+00      8.00000e+00    371s
   551     -2.15259e+01     -7.10720e+00      8.00000e+00    373s
   553     -2.19197e+01     -7.10720e+00      8.00000e+00    374s
   555     -2.37449e+01     -7.10720e+00      8.00000e+00    376s
   557     -2.32191e+01     -7.10720e+00      8.00000e+00    377s
   559     -2.29968e+01     -7.10720e+00      8.00000e+00    378s
   561     -2.14699e+01     -7.10720e+00      8.00000e+00    380s
   563     -2.04104e+01     -7.10720e+00      8.00000e+00    381s
   566     -2.00594e+01     -7.10720e+00      8.00000e+00    383s
   568     -1.99130e+01     -7.10720e+00      8.00000e+00    384s
   570     -1.97613e+01     -7.10720e+00      8.00000e+00    386s
   572     -2.05539e+01     -7.10720e+00      8.00000e+00    387s
   574     -2.01585e+01     -7.10720e+00      8.00000e+00    388s
   576     -2.16687e+01     -7.10720e+00      8.00000e+00    390s
   578     -2.23518e+01     -7.10720e+00      8.00000e+00    391s
   580     -2.37886e+01     -7.10720e+00      8.00000e+00    393s
   583     -2.26922e+01     -7.10720e+00      8.00000e+00    394s
   585     -2.17115e+01     -7.10720e+00      8.00000e+00    396s
   587     -2.02558e+01     -7.10720e+00      8.00000e+00    397s
   589     -2.00284e+01     -7.10720e+00      8.00000e+00    399s
   591     -1.92642e+01     -7.10720e+00      8.00000e+00    400s
   593     -1.98066e+01     -7.10720e+00      8.00000e+00    401s
   595     -1.96520e+01     -7.10720e+00      8.00000e+00    403s
   597     -2.01839e+01     -7.10720e+00      8.00000e+00    404s
   600     -2.11385e+01     -7.10720e+00      8.00000e+00    406s
   602     -2.10772e+01     -7.10720e+00      8.00000e+00    407s
   604     -2.16732e+01     -7.10720e+00      8.00000e+00    409s
   606     -2.20772e+01     -7.10720e+00      8.00000e+00    410s
   608     -2.21232e+01     -7.10720e+00      8.00000e+00    412s
   610     -2.16398e+01     -7.10720e+00      8.00000e+00    413s
   612     -2.09349e+01     -7.10720e+00      8.00000e+00    415s
   614     -1.97300e+01     -7.10720e+00      8.00000e+00    416s
   617     -1.99015e+01     -7.10720e+00      8.00000e+00    417s
   619     -2.02997e+01     -7.10720e+00      8.00000e+00    419s
   621     -2.01499e+01     -7.10720e+00      8.00000e+00    420s
   623     -1.97848e+01     -7.10720e+00      8.00000e+00    422s
   625     -2.11071e+01     -7.10720e+00      8.00000e+00    423s
   627     -2.20411e+01     -7.10720e+00      8.00000e+00    424s
   629     -2.19390e+01     -7.10720e+00      8.00000e+00    426s
   631     -2.20773e+01     -7.10720e+00      8.00000e+00    427s
   634     -2.21198e+01     -7.10720e+00      8.00000e+00    429s
   636     -2.14702e+01     -7.10720e+00      8.00000e+00    430s
   638     -1.98993e+01     -7.10720e+00      8.00000e+00    432s
   640     -1.96650e+01     -7.10720e+00      8.00000e+00    433s
   642     -2.02251e+01     -7.10720e+00      8.00000e+00    434s
   644     -2.02151e+01     -7.10720e+00      8.00000e+00    436s
   646     -2.06263e+01     -7.10720e+00      8.00000e+00    437s
   648     -2.06911e+01     -7.10720e+00      8.00000e+00    439s
   651     -2.15450e+01     -7.10720e+00      8.00000e+00    440s
   653     -2.09960e+01     -7.10720e+00      8.00000e+00    442s
   655     -2.07702e+01     -7.10720e+00      8.00000e+00    443s
   657     -2.21616e+01     -7.10720e+00      8.00000e+00    445s
   659     -2.19372e+01     -7.10720e+00      8.00000e+00    446s
   661     -2.13404e+01     -7.10720e+00      8.00000e+00    447s
   663     -2.11012e+01     -7.10720e+00      8.00000e+00    449s
   665     -2.03231e+01     -7.10720e+00      8.00000e+00    451s
   668     -1.99542e+01     -7.10720e+00      8.00000e+00    452s
   670     -2.11299e+01     -7.10720e+00      8.00000e+00    453s
   672     -2.08278e+01     -7.10720e+00      8.00000e+00    455s
   674     -2.05052e+01     -7.10720e+00      8.00000e+00    456s
   676     -2.08529e+01     -7.10720e+00      8.00000e+00    458s
   678     -2.08812e+01     -7.10720e+00      8.00000e+00    459s
   680     -2.13639e+01     -7.10720e+00      8.00000e+00    461s
   682     -2.15027e+01     -7.10720e+00      8.00000e+00    462s
   685     -2.14000e+01     -7.10720e+00      8.00000e+00    464s
   687     -2.10275e+01     -7.10720e+00      8.00000e+00    465s
   689     -2.04323e+01     -7.10720e+00      8.00000e+00    467s
   691     -2.05739e+01     -7.10720e+00      8.00000e+00    468s
   693     -2.03012e+01     -7.10720e+00      8.00000e+00    470s
   695     -2.08425e+01     -7.10720e+00      8.00000e+00    471s
   697     -2.17961e+01     -7.10720e+00      8.00000e+00    473s
   699     -2.11085e+01     -7.10720e+00      8.00000e+00    474s
   702     -2.07461e+01     -7.10720e+00      8.00000e+00    476s
   704     -2.12834e+01     -7.10720e+00      8.00000e+00    477s
   706     -2.06340e+01     -7.10720e+00      8.00000e+00    479s
   708     -2.17501e+01     -7.10720e+00      8.00000e+00    480s
   710     -2.17401e+01     -7.10720e+00      8.00000e+00    481s
   712     -2.10634e+01     -7.10720e+00      8.00000e+00    483s
   714     -2.03925e+01     -7.10720e+00      8.00000e+00    484s
   716     -2.04486e+01     -7.10720e+00      8.00000e+00    486s
   719     -2.07450e+01     -7.10720e+00      8.00000e+00    487s
   721     -2.13809e+01     -7.10720e+00      8.00000e+00    489s
   723     -2.06458e+01     -7.10720e+00      8.00000e+00    490s
   725     -2.05676e+01     -7.10720e+00      8.00000e+00    492s
   727     -2.13333e+01     -7.10720e+00      8.00000e+00    493s
   729     -2.06687e+01     -7.10720e+00      8.00000e+00    494s
   731     -2.21560e+01     -7.10720e+00      8.00000e+00    496s
   733     -2.21637e+01     -7.10720e+00      8.00000e+00    497s
   736     -2.12187e+01     -7.10720e+00      8.00000e+00    499s
   738     -2.08541e+01     -7.10720e+00      8.00000e+00    500s
   740     -2.03979e+01     -7.10720e+00      8.00000e+00    502s
   742     -2.01892e+01     -7.10720e+00      8.00000e+00    503s
   744     -2.11120e+01     -7.10720e+00      8.00000e+00    505s
   746     -2.10591e+01     -7.10720e+00      8.00000e+00    506s
   748     -2.09342e+01     -7.10720e+00      8.00000e+00    507s
   750     -2.03963e+01     -7.10720e+00      8.00000e+00    509s
   753     -2.04256e+01     -7.10720e+00      8.00000e+00    511s
   755     -2.11124e+01     -7.10720e+00      8.00000e+00    512s
   757     -2.22142e+01     -7.10720e+00      8.00000e+00    514s
   759     -2.11331e+01     -7.10720e+00      8.00000e+00    515s
   761     -2.09448e+01     -7.10720e+00      8.00000e+00    516s
   763     -2.03617e+01     -7.10720e+00      8.00000e+00    518s
   765     -2.07916e+01     -7.10720e+00      8.00000e+00    519s
   767     -2.00166e+01     -7.10720e+00      8.00000e+00    521s
   770     -2.08878e+01     -7.10720e+00      8.00000e+00    522s
   772     -2.15349e+01     -7.10720e+00      8.00000e+00    524s
   774     -2.04030e+01     -7.10720e+00      8.00000e+00    525s
   776     -1.95800e+01     -7.10720e+00      8.00000e+00    527s
   778     -2.04520e+01     -7.10720e+00      8.00000e+00    528s
   780     -2.14556e+01     -7.10720e+00      8.00000e+00    529s
   782     -2.10925e+01     -7.10720e+00      8.00000e+00    531s
   784     -2.09146e+01     -7.10720e+00      8.00000e+00    533s
   787     -2.04545e+01     -7.10720e+00      8.00000e+00    534s
   789     -1.98966e+01     -7.10720e+00      8.00000e+00    536s
   791     -2.02765e+01     -7.10720e+00      8.00000e+00    537s
   793     -2.06406e+01     -7.10720e+00      8.00000e+00    539s
   795     -2.07659e+01     -7.10720e+00      8.00000e+00    540s
   797     -2.04559e+01     -7.10720e+00      8.00000e+00    541s
   799     -2.09595e+01     -7.10720e+00      8.00000e+00    543s
   801     -2.03530e+01     -7.10720e+00      8.00000e+00    544s
   804     -2.07038e+01     -7.10720e+00      8.00000e+00    546s
   806     -2.10879e+01     -7.10720e+00      8.00000e+00    548s
   808     -2.10444e+01     -7.10720e+00      8.00000e+00    549s
   810     -2.09730e+01     -7.10720e+00      8.00000e+00    550s
   812     -2.12440e+01     -7.10720e+00      8.00000e+00    552s
   814     -2.08850e+01     -7.10720e+00      8.00000e+00    553s
   816     -2.05218e+01     -7.10720e+00      8.00000e+00    555s
   818     -2.03787e+01     -7.10720e+00      8.00000e+00    556s
   821     -2.00021e+01     -7.10720e+00      8.00000e+00    558s
   823     -2.06171e+01     -7.10720e+00      8.00000e+00    559s
   825     -2.12418e+01     -7.10720e+00      8.00000e+00    561s
   827     -2.10896e+01     -7.10720e+00      8.00000e+00    562s
   829     -2.10704e+01     -7.10720e+00      8.00000e+00    563s
   831     -2.09967e+01     -7.10720e+00      8.00000e+00    565s
   833     -2.11304e+01     -7.10720e+00      8.00000e+00    566s
   835     -2.07214e+01     -7.10720e+00      8.00000e+00    568s
   838     -2.12318e+01     -7.10720e+00      8.00000e+00    569s
   840     -2.08720e+01     -7.10720e+00      8.00000e+00    571s
   842     -2.06901e+01     -7.10720e+00      8.00000e+00    572s
   844     -2.07982e+01     -7.10720e+00      8.00000e+00    573s
   846     -2.07743e+01     -7.10720e+00      8.00000e+00    575s
   848     -2.06549e+01     -7.10720e+00      8.00000e+00    576s
   850     -2.05585e+01     -7.10720e+00      8.00000e+00    578s
   852     -2.12609e+01     -7.10720e+00      8.00000e+00    580s
   855     -2.13342e+01     -7.10720e+00      8.00000e+00    581s
   857     -2.08870e+01     -7.10720e+00      8.00000e+00    583s
   859     -2.14765e+01     -7.10720e+00      8.00000e+00    584s
   861     -2.10919e+01     -7.10720e+00      8.00000e+00    585s
   863     -2.11175e+01     -7.10720e+00      8.00000e+00    587s
   865     -2.03870e+01     -7.10720e+00      8.00000e+00    588s
   867     -2.07054e+01     -7.10720e+00      8.00000e+00    590s
   869     -2.09790e+01     -7.10720e+00      8.00000e+00    591s
   872     -2.09962e+01     -7.10720e+00      8.00000e+00    593s
   874     -2.08301e+01     -7.10720e+00      8.00000e+00    594s
   876     -2.05286e+01     -7.10720e+00      8.00000e+00    595s
   878     -2.10260e+01     -7.10720e+00      8.00000e+00    597s
   880     -2.06925e+01     -7.10720e+00      8.00000e+00    598s
   882     -2.07432e+01     -7.10720e+00      8.00000e+00    600s
   884     -2.15091e+01     -7.10720e+00      8.00000e+00    601s
   886     -2.11598e+01     -7.10720e+00      8.00000e+00    603s
   889     -2.02870e+01     -7.10720e+00      8.00000e+00    604s
   891     -2.09236e+01     -7.10720e+00      8.00000e+00    606s
   893     -2.15660e+01     -7.10720e+00      8.00000e+00    607s
   895     -2.07196e+01     -7.10720e+00      8.00000e+00    608s
   897     -2.11309e+01     -7.10720e+00      8.00000e+00    610s
   899     -2.14095e+01     -7.10720e+00      8.00000e+00    611s
   901     -2.06160e+01     -7.10720e+00      8.00000e+00    613s
   903     -2.00854e+01     -7.10720e+00      8.00000e+00    614s
   906     -2.10319e+01     -7.10720e+00      8.00000e+00    616s
   908     -2.12184e+01     -7.10720e+00      8.00000e+00    617s
   910     -2.12016e+01     -7.10720e+00      8.00000e+00    618s
   912     -2.02795e+01     -7.10720e+00      8.00000e+00    620s
   914     -2.02328e+01     -7.10720e+00      8.00000e+00    621s
   916     -2.06921e+01     -7.10720e+00      8.00000e+00    623s
   918     -2.04722e+01     -7.10720e+00      8.00000e+00    624s
   920     -2.07214e+01     -7.10720e+00      8.00000e+00    626s
   923     -2.06704e+01     -7.10720e+00      8.00000e+00    627s
   925     -2.08426e+01     -7.10720e+00      8.00000e+00    629s
   927     -2.05500e+01     -7.10720e+00      8.00000e+00    630s
   929     -2.07186e+01     -7.10720e+00      8.00000e+00    632s
   931     -2.10867e+01     -7.10720e+00      8.00000e+00    633s
   933     -2.09836e+01     -7.10720e+00      8.00000e+00    634s
   935     -2.07394e+01     -7.10720e+00      8.00000e+00    636s
   937     -2.08710e+01     -7.10720e+00      8.00000e+00    637s
   940     -1.99932e+01     -7.10720e+00      8.00000e+00    639s
   942     -2.04067e+01     -7.10720e+00      8.00000e+00    640s
   944     -2.06121e+01     -7.10720e+00      8.00000e+00    642s
   946     -2.12859e+01     -7.10720e+00      8.00000e+00    643s
   948     -2.08981e+01     -7.10720e+00      8.00000e+00    644s
   950     -2.16393e+01     -7.10720e+00      8.00000e+00    646s
   952     -2.11516e+01     -7.10720e+00      8.00000e+00    647s
   954     -2.09627e+01     -7.10720e+00      8.00000e+00    649s
   957     -2.11302e+01     -7.10720e+00      8.00000e+00    650s
   959     -2.11507e+01     -7.10720e+00      8.00000e+00    652s
   961     -2.11785e+01     -7.10720e+00      8.00000e+00    653s
   963     -2.00995e+01     -7.10720e+00      8.00000e+00    655s
   965     -2.13880e+01     -7.10720e+00      8.00000e+00    656s
   967     -2.09170e+01     -7.10720e+00      8.00000e+00    658s
   969     -2.04574e+01     -7.10720e+00      8.00000e+00    659s
   971     -2.09016e+01     -7.10720e+00      8.00000e+00    661s
   974     -2.13929e+01     -7.10720e+00      8.00000e+00    662s
   976     -2.08886e+01     -7.10720e+00      8.00000e+00    664s
   978     -2.09922e+01     -7.10720e+00      8.00000e+00    665s
   980     -2.13141e+01     -7.10720e+00      8.00000e+00    667s
   982     -2.07582e+01     -7.10720e+00      8.00000e+00    668s
   984     -2.08949e+01     -7.10720e+00      8.00000e+00    670s
   986     -2.10790e+01     -7.10720e+00      8.00000e+00    671s
   988     -2.12433e+01     -7.10720e+00      8.00000e+00    673s
   991     -2.04507e+01     -7.10720e+00      8.00000e+00    674s
   993     -2.09203e+01     -7.10720e+00      8.00000e+00    676s
   995     -2.13398e+01     -7.10720e+00      8.00000e+00    677s
   997     -2.07053e+01     -7.10720e+00      8.00000e+00    678s
   999     -2.12287e+01     -7.10720e+00      8.00000e+00    680s
  1001     -2.05776e+01     -7.10720e+00      8.00000e+00    681s
  1003     -2.07952e+01     -7.10720e+00      8.00000e+00    683s
  1005     -2.03455e+01     -7.10720e+00      8.00000e+00    684s
  1008     -2.11371e+01     -7.10720e+00      8.00000e+00    686s
  1010     -2.06387e+01     -7.10720e+00      8.00000e+00    687s
  1012     -2.05460e+01     -7.10720e+00      8.00000e+00    688s
  1014     -2.04909e+01     -7.10720e+00      8.00000e+00    690s
  1016     -2.08539e+01     -7.10720e+00      8.00000e+00    691s
  1018     -2.00493e+01     -7.10720e+00      8.00000e+00    693s
  1020     -2.01627e+01     -7.10720e+00      8.00000e+00    694s
  1022     -2.07151e+01     -7.10720e+00      8.00000e+00    695s
  1025     -2.04355e+01     -7.10720e+00      8.00000e+00    697s
  1027     -2.03464e+01     -7.10720e+00      8.00000e+00    698s
  1029     -2.10789e+01     -7.10720e+00      8.00000e+00    700s
  1031     -2.06926e+01     -7.10720e+00      8.00000e+00    701s
  1033     -2.06822e+01     -7.10720e+00      8.00000e+00    703s
  1035     -2.05336e+01     -7.10720e+00      8.00000e+00    704s
  1037     -2.09538e+01     -7.10720e+00      8.00000e+00    706s
  1039     -2.02121e+01     -7.10720e+00      8.00000e+00    707s
  1042     -2.06072e+01     -7.10720e+00      8.00000e+00    709s
  1044     -2.06753e+01     -7.10720e+00      8.00000e+00    710s
  1046     -2.03431e+01     -7.10720e+00      8.00000e+00    711s
  1048     -2.09842e+01     -7.10720e+00      8.00000e+00    713s
  1050     -2.04896e+01     -7.10720e+00      8.00000e+00    714s
  1052     -2.04944e+01     -7.10720e+00      8.00000e+00    716s
  1054     -2.03116e+01     -7.10720e+00      8.00000e+00    717s
  1056     -2.09048e+01     -7.10720e+00      8.00000e+00    719s
  1059     -2.04931e+01     -7.10720e+00      8.00000e+00    721s
  1061     -2.11002e+01     -7.10720e+00      8.00000e+00    722s
  1063     -2.05274e+01     -7.10720e+00      8.00000e+00    723s
  1065     -2.05363e+01     -7.10720e+00      8.00000e+00    725s
  1067     -2.15596e+01     -7.10720e+00      8.00000e+00    726s
  1069     -2.06531e+01     -7.10720e+00      8.00000e+00    728s
  1071     -2.07681e+01     -7.10720e+00      8.00000e+00    729s
  1073     -2.12103e+01     -7.10720e+00      8.00000e+00    731s
  1076     -2.15140e+01     -7.10720e+00      8.00000e+00    732s
  1078     -2.08674e+01     -7.10720e+00      8.00000e+00    734s
  1080     -2.13093e+01     -7.10720e+00      8.00000e+00    735s
  1082     -2.06933e+01     -7.10720e+00      8.00000e+00    736s
  1084     -2.11657e+01     -7.10720e+00      8.00000e+00    738s
  1086     -2.08970e+01     -7.10720e+00      8.00000e+00    739s
  1088     -2.02934e+01     -7.10720e+00      8.00000e+00    741s
  1090     -2.02439e+01     -7.10720e+00      8.00000e+00    742s
  1093     -2.06774e+01     -7.10720e+00      8.00000e+00    744s
  1095     -2.07843e+01     -7.10720e+00      8.00000e+00    745s
  1097     -2.12160e+01     -7.10720e+00      8.00000e+00    747s
  1099     -2.11200e+01     -7.10720e+00      8.00000e+00    748s
  1101     -2.09736e+01     -7.10720e+00      8.00000e+00    750s
  1103     -2.12625e+01     -7.10720e+00      8.00000e+00    751s
  1105     -2.09638e+01     -7.10720e+00      8.00000e+00    753s
  1107     -2.17783e+01     -7.10720e+00      8.00000e+00    754s
  1110     -2.09973e+01     -7.10720e+00      8.00000e+00    756s
  1112     -2.07113e+01     -7.10720e+00      8.00000e+00    757s
  1114     -2.09949e+01     -7.10720e+00      8.00000e+00    758s
  1116     -2.08458e+01     -7.10720e+00      8.00000e+00    760s
  1118     -2.06306e+01     -7.10720e+00      8.00000e+00    761s
  1120     -2.07358e+01     -7.10720e+00      8.00000e+00    763s
  1122     -2.05097e+01     -7.10720e+00      8.00000e+00    764s
  1124     -2.09985e+01     -7.10720e+00      8.00000e+00    765s
  1127     -2.07470e+01     -7.10720e+00      8.00000e+00    767s
  1129     -2.07638e+01     -7.10720e+00      8.00000e+00    769s
  1131     -2.11027e+01     -7.10720e+00      8.00000e+00    770s
  1133     -2.09586e+01     -7.10720e+00      8.00000e+00    771s
  1135     -2.06516e+01     -7.10720e+00      8.00000e+00    773s
  1137     -2.15845e+01     -7.10720e+00      8.00000e+00    774s
  1139     -2.07023e+01     -7.10720e+00      8.00000e+00    776s
  1141     -2.07293e+01     -7.10720e+00      8.00000e+00    777s
  1144     -2.08405e+01     -7.10720e+00      8.00000e+00    778s
  1146     -2.04110e+01     -7.10720e+00      8.00000e+00    780s
  1148     -2.08777e+01     -7.10720e+00      8.00000e+00    782s
  1150     -2.13309e+01     -7.10720e+00      8.00000e+00    783s
  1152     -2.12958e+01     -7.10720e+00      8.00000e+00    784s
  1154     -2.07427e+01     -7.10720e+00      8.00000e+00    786s
  1156     -2.05790e+01     -7.10720e+00      8.00000e+00    787s
  1158     -2.05251e+01     -7.10720e+00      8.00000e+00    789s
  1161     -2.09097e+01     -7.10720e+00      8.00000e+00    790s
  1163     -2.09228e+01     -7.10720e+00      8.00000e+00    792s
  1165     -2.03091e+01     -7.10720e+00      8.00000e+00    793s
  1167     -2.09270e+01     -7.10720e+00      8.00000e+00    795s
  1169     -2.07566e+01     -7.10720e+00      8.00000e+00    796s
  1171     -2.08527e+01     -7.10720e+00      8.00000e+00    797s
  1173     -2.11409e+01     -7.10720e+00      8.00000e+00    799s
  1175     -2.08541e+01     -7.10720e+00      8.00000e+00    800s
  1177     -2.13967e+01     -7.10720e+00      8.00000e+00    801s
  1179     -2.08823e+01     -7.10720e+00      8.00000e+00    803s
  1181     -2.06997e+01     -7.10720e+00      8.00000e+00    804s
  1183     -2.07453e+01     -7.10720e+00      8.00000e+00    806s
  1185     -2.07333e+01     -7.10720e+00      8.00000e+00    807s
  1187     -2.00551e+01     -7.10720e+00      8.00000e+00    808s
  1188     -2.12140e+01     -7.10720e+00      8.00000e+00    809s
  1190     -2.08963e+01     -7.10720e+00      8.00000e+00    811s
  1192     -2.16020e+01     -7.10720e+00      8.00000e+00    812s
  1194     -2.10111e+01     -7.10720e+00      8.00000e+00    813s
  1196     -2.08632e+01     -7.10720e+00      8.00000e+00    814s
  1198     -2.04249e+01     -7.10720e+00      8.00000e+00    816s
  1200     -2.01808e+01     -7.10720e+00      8.00000e+00    817s
  1202     -2.07600e+01     -7.10720e+00      8.00000e+00    819s
  1204     -2.05204e+01     -7.10720e+00      8.00000e+00    820s
  1205     -2.14822e+01     -7.10720e+00      8.00000e+00    821s
  1207     -2.09777e+01     -7.10720e+00      8.00000e+00    823s
  1210     -2.14171e+01     -7.10720e+00      8.00000e+00    825s
  1212     -2.05610e+01     -7.10720e+00      8.00000e+00    826s
  1214     -2.02931e+01     -7.10720e+00      8.00000e+00    828s
  1216     -2.10428e+01     -7.10720e+00      8.00000e+00    829s
  1218     -2.09473e+01     -7.10720e+00      8.00000e+00    831s
  1220     -2.04459e+01     -7.10720e+00      8.00000e+00    832s
  1222     -2.12800e+01     -7.10720e+00      8.00000e+00    834s
  1224     -2.07514e+01     -7.10720e+00      8.00000e+00    835s
  1226     -2.03874e+01     -7.10720e+00      8.00000e+00    836s
  1228     -2.09971e+01     -7.10720e+00      8.00000e+00    838s
  1230     -2.03633e+01     -7.10720e+00      8.00000e+00    839s
  1232     -2.09329e+01     -7.10720e+00      8.00000e+00    841s
  1234     -2.11354e+01     -7.10720e+00      8.00000e+00    842s
  1236     -2.05286e+01     -7.10720e+00      8.00000e+00    844s
  1238     -2.07424e+01     -7.10720e+00      8.00000e+00    845s
  1240     -2.06284e+01     -7.10720e+00      8.00000e+00    847s
  1243     -2.05873e+01     -7.10720e+00      8.00000e+00    848s
  1245     -2.12675e+01     -7.10720e+00      8.00000e+00    849s
  1247     -2.04210e+01     -7.10720e+00      8.00000e+00    851s
  1249     -2.07794e+01     -7.10720e+00      8.00000e+00    852s
  1251     -2.05427e+01     -7.10720e+00      8.00000e+00    854s
  1253     -2.05695e+01     -7.10720e+00      8.00000e+00    855s
  1255     -2.03983e+01     -7.10720e+00      8.00000e+00    857s
  1257     -2.10186e+01     -7.10720e+00      8.00000e+00    858s
  1260     -2.06120e+01     -7.10720e+00      8.00000e+00    860s
  1262     -2.02291e+01     -7.10720e+00      8.00000e+00    861s
  1264     -2.10721e+01     -7.10720e+00      8.00000e+00    862s
  1266     -2.03327e+01     -7.10720e+00      8.00000e+00    864s
  1268     -2.07789e+01     -7.10720e+00      8.00000e+00    865s
  1270     -2.04943e+01     -7.10720e+00      8.00000e+00    867s
  1272     -2.08249e+01     -7.10720e+00      8.00000e+00    868s
  1274     -2.04012e+01     -7.10720e+00      8.00000e+00    869s
  1277     -2.03053e+01     -7.10720e+00      8.00000e+00    871s
  1278     -2.06357e+01     -7.10720e+00      8.00000e+00    872s
  1280     -2.11930e+01     -7.10720e+00      8.00000e+00    873s
  1282     -2.08071e+01     -7.10720e+00      8.00000e+00    874s
  1284     -2.10769e+01     -7.10720e+00      8.00000e+00    876s
  1286     -2.11683e+01     -7.10720e+00      8.00000e+00    878s
  1288     -2.03789e+01     -7.10720e+00      8.00000e+00    879s
  1290     -2.04818e+01     -7.10720e+00      8.00000e+00    880s
  1292     -2.05121e+01     -7.10720e+00      8.00000e+00    882s
  1295     -1.98799e+01     -7.10720e+00      8.00000e+00    883s
  1297     -2.07467e+01     -7.10720e+00      8.00000e+00    885s
  1299     -2.02753e+01     -7.10720e+00      8.00000e+00    886s
  1301     -2.00500e+01     -7.10720e+00      8.00000e+00    888s
  1303     -2.09106e+01     -7.10720e+00      8.00000e+00    889s
  1305     -2.08297e+01     -7.10720e+00      8.00000e+00    891s
  1307     -2.01457e+01     -7.10720e+00      8.00000e+00    892s
  1309     -2.07352e+01     -7.10720e+00      8.00000e+00    893s
  1312     -2.08929e+01     -7.10720e+00      8.00000e+00    895s
  1314     -2.05000e+01     -7.10720e+00      8.00000e+00    896s
  1316     -2.04591e+01     -7.10720e+00      8.00000e+00    898s
  1318     -2.10862e+01     -7.10720e+00      8.00000e+00    899s
  1320     -2.06911e+01     -7.10720e+00      8.00000e+00    901s
  1322     -2.05735e+01     -7.10720e+00      8.00000e+00    902s
  1324     -2.05821e+01     -7.10720e+00      8.00000e+00    904s
  1326     -1.99925e+01     -7.10720e+00      8.00000e+00    905s
  1329     -2.01745e+01     -7.10720e+00      8.00000e+00    907s
  1331     -2.05421e+01     -7.10720e+00      8.00000e+00    908s
  1333     -2.08433e+01     -7.10720e+00      8.00000e+00    910s
  1335     -2.10774e+01     -7.10720e+00      8.00000e+00    911s
  1337     -2.07513e+01     -7.10720e+00      8.00000e+00    912s
  1339     -2.09913e+01     -7.10720e+00      8.00000e+00    914s
  1341     -1.99270e+01     -7.10720e+00      8.00000e+00    915s
  1343     -2.16097e+01     -7.10720e+00      8.00000e+00    917s
  1346     -2.12235e+01     -7.10720e+00      8.00000e+00    918s
  1348     -2.05562e+01     -7.10720e+00      8.00000e+00    920s
  1350     -2.07406e+01     -7.10720e+00      8.00000e+00    921s
  1352     -2.04370e+01     -7.10720e+00      8.00000e+00    923s
  1354     -2.00200e+01     -7.10720e+00      8.00000e+00    924s
  1356     -2.02353e+01     -7.10720e+00      8.00000e+00    925s
  1358     -2.01598e+01     -7.10720e+00      8.00000e+00    927s
  1360     -2.05013e+01     -7.10720e+00      8.00000e+00    928s
  1363     -2.06444e+01     -7.10720e+00      8.00000e+00    930s
  1365     -2.06189e+01     -7.10720e+00      8.00000e+00    931s
  1367     -2.02696e+01     -7.10720e+00      8.00000e+00    933s
  1369     -2.00040e+01     -7.10720e+00      8.00000e+00    934s
  1371     -2.11095e+01     -7.10720e+00      8.00000e+00    935s
  1373     -2.09523e+01     -7.10720e+00      8.00000e+00    937s
  1375     -2.07980e+01     -7.10720e+00      8.00000e+00    938s
  1377     -2.01491e+01     -7.10720e+00      8.00000e+00    940s
  1380     -2.02301e+01     -7.10720e+00      8.00000e+00    941s
  1382     -2.02871e+01     -7.10720e+00      8.00000e+00    943s
  1384     -1.97652e+01     -7.10720e+00      8.00000e+00    944s
  1386     -2.09091e+01     -7.10720e+00      8.00000e+00    946s
  1388     -2.02384e+01     -7.10720e+00      8.00000e+00    947s
  1390     -2.05282e+01     -7.10720e+00      8.00000e+00    948s
  1392     -1.99781e+01     -7.10720e+00      8.00000e+00    950s
  1394     -2.03920e+01     -7.10720e+00      8.00000e+00    951s
  1397     -2.14912e+01     -7.10720e+00      8.00000e+00    953s
  1399     -2.04934e+01     -7.10720e+00      8.00000e+00    954s
  1401     -2.13113e+01     -7.10720e+00      8.00000e+00    956s
  1403     -2.10880e+01     -7.10720e+00      8.00000e+00    957s
  1405     -2.02755e+01     -7.10720e+00      8.00000e+00    959s
  1407     -2.03516e+01     -7.10720e+00      8.00000e+00    960s
  1409     -2.05338e+01     -7.10720e+00      8.00000e+00    962s
  1411     -2.08648e+01     -7.10720e+00      8.00000e+00    963s
  1413     -2.09679e+01     -7.10720e+00      8.00000e+00    964s
  1415     -2.02035e+01     -7.10720e+00      8.00000e+00    965s
  1417     -2.11230e+01     -7.10720e+00      8.00000e+00    967s
  1419     -2.13025e+01     -7.10720e+00      8.00000e+00    968s
  1421     -2.09551e+01     -7.10720e+00      8.00000e+00    970s
  1423     -2.09341e+01     -7.10720e+00      8.00000e+00    971s
  1425     -2.06926e+01     -7.10720e+00      8.00000e+00    972s
  1427     -2.06585e+01     -7.10720e+00      8.00000e+00    974s
  1430     -2.02121e+01     -7.10720e+00      8.00000e+00    975s
  1432     -2.05666e+01     -7.10720e+00      8.00000e+00    977s
  1434     -2.03223e+01     -7.10720e+00      8.00000e+00    978s
  1436     -2.09801e+01     -7.10720e+00      8.00000e+00    979s
  1438     -2.08480e+01     -7.10720e+00      8.00000e+00    981s
  1440     -2.05475e+01     -7.10720e+00      8.00000e+00    982s
  1442     -2.04516e+01     -7.10720e+00      8.00000e+00    984s
  1444     -2.03348e+01     -7.10720e+00      8.00000e+00    985s
  1447     -2.09157e+01     -7.10720e+00      8.00000e+00    987s
  1449     -2.09244e+01     -7.10720e+00      8.00000e+00    989s
  1451     -2.14415e+01     -7.10720e+00      8.00000e+00    990s
  1453     -2.15011e+01     -7.10720e+00      8.00000e+00    992s
  1455     -2.05684e+01     -7.10720e+00      8.00000e+00    993s
  1457     -2.06233e+01     -7.10720e+00      8.00000e+00    995s
  1459     -2.05258e+01     -7.10720e+00      8.00000e+00    996s
  1462     -2.08733e+01     -7.10720e+00      8.00000e+00    998s
  1464     -2.06921e+01     -7.10720e+00      8.00000e+00    999s
  1466     -2.01880e+01     -7.10720e+00      8.00000e+00   1001s
  1468     -2.10284e+01     -7.10720e+00      8.00000e+00   1002s
  1470     -2.11956e+01     -7.10720e+00      8.00000e+00   1004s
  1472     -2.09996e+01     -7.10720e+00      8.00000e+00   1005s
  1474     -2.04637e+01     -7.10720e+00      8.00000e+00   1006s
  1476     -2.04359e+01     -7.10720e+00      8.00000e+00   1008s
  1479     -2.06739e+01     -7.10720e+00      8.00000e+00   1009s
  1481     -2.06924e+01     -7.10720e+00      8.00000e+00   1011s
  1483     -2.06166e+01     -7.10720e+00      8.00000e+00   1012s
  1485     -2.11980e+01     -7.10720e+00      8.00000e+00   1014s
  1487     -2.03695e+01     -7.10720e+00      8.00000e+00   1015s
  1489     -2.08290e+01     -7.10720e+00      8.00000e+00   1017s
  1491     -2.03544e+01     -7.10720e+00      8.00000e+00   1018s
  1493     -2.03911e+01     -7.10720e+00      8.00000e+00   1020s
  1495     -2.04267e+01     -7.10720e+00      8.00000e+00   1021s
  1497     -2.08507e+01     -7.10720e+00      8.00000e+00   1023s
  1499     -2.04107e+01     -7.10720e+00      8.00000e+00   1024s
  1501     -2.11419e+01     -7.10720e+00      8.00000e+00   1026s
  1503     -2.11304e+01     -7.10720e+00      8.00000e+00   1027s
  1505     -2.10772e+01     -7.10720e+00      8.00000e+00   1028s
  1507     -2.11213e+01     -7.10720e+00      8.00000e+00   1030s
  1509     -2.03593e+01     -7.10720e+00      8.00000e+00   1031s
  1511     -2.14047e+01     -7.10720e+00      8.00000e+00   1032s
  1513     -2.07951e+01     -7.10720e+00      8.00000e+00   1034s
  1515     -2.08440e+01     -7.10720e+00      8.00000e+00   1035s
  1517     -2.11659e+01     -7.10720e+00      8.00000e+00   1036s
  1519     -2.10227e+01     -7.10720e+00      8.00000e+00   1038s
  1521     -2.09120e+01     -7.10720e+00      8.00000e+00   1039s
  1523     -2.05406e+01     -7.10720e+00      8.00000e+00   1040s
  1525     -2.10156e+01     -7.10720e+00      8.00000e+00   1042s
  1528     -2.06853e+01     -7.10720e+00      8.00000e+00   1043s
  1530     -2.11389e+01     -7.10720e+00      8.00000e+00   1045s
  1532     -2.06617e+01     -7.10720e+00      8.00000e+00   1046s
  1534     -2.07202e+01     -7.10720e+00      8.00000e+00   1047s
  1536     -2.03598e+01     -7.10720e+00      8.00000e+00   1049s
  1538     -2.10145e+01     -7.10720e+00      8.00000e+00   1050s
  1540     -2.08452e+01     -7.10720e+00      8.00000e+00   1051s
  1542     -2.11062e+01     -7.10720e+00      8.00000e+00   1053s
  1545     -2.06704e+01     -7.10720e+00      8.00000e+00   1055s
  1547     -2.09068e+01     -7.10720e+00      8.00000e+00   1056s
  1549     -2.10197e+01     -7.10720e+00      8.00000e+00   1057s
  1551     -2.07472e+01     -7.10720e+00      8.00000e+00   1059s
  1553     -2.05322e+01     -7.10720e+00      8.00000e+00   1060s
  1555     -2.08606e+01     -7.10720e+00      8.00000e+00   1062s
  1557     -2.05703e+01     -7.10720e+00      8.00000e+00   1063s
  1559     -2.08215e+01     -7.10720e+00      8.00000e+00   1064s
  1561     -1.99924e+01     -7.10720e+00      8.00000e+00   1065s
  1563     -2.06811e+01     -7.10720e+00      8.00000e+00   1067s
  1565     -2.10862e+01     -7.10720e+00      8.00000e+00   1068s
  1567     -2.02994e+01     -7.10720e+00      8.00000e+00   1069s
  1569     -2.11377e+01     -7.10720e+00      8.00000e+00   1071s
  1571     -2.02186e+01     -7.10720e+00      8.00000e+00   1072s
  1573     -2.02674e+01     -7.10720e+00      8.00000e+00   1074s
  1575     -2.03508e+01     -7.10720e+00      8.00000e+00   1075s
  1577     -2.04694e+01     -7.10720e+00      8.00000e+00   1077s
  1580     -2.07295e+01     -7.10720e+00      8.00000e+00   1078s
  1582     -2.04259e+01     -7.10720e+00      8.00000e+00   1080s
  1584     -2.01285e+01     -7.10720e+00      8.00000e+00   1081s
  1586     -2.03374e+01     -7.10720e+00      8.00000e+00   1082s
  1588     -2.07724e+01     -7.10720e+00      8.00000e+00   1084s
  1590     -2.06903e+01     -7.10720e+00      8.00000e+00   1085s
  1592     -2.04543e+01     -7.10720e+00      8.00000e+00   1087s
  1594     -2.00713e+01     -7.10720e+00      8.00000e+00   1088s
  1596     -2.08566e+01     -7.10720e+00      8.00000e+00   1089s
  1598     -2.13357e+01     -7.10720e+00      8.00000e+00   1091s
  1600     -2.12743e+01     -7.10720e+00      8.00000e+00   1092s
  1602     -2.08360e+01     -7.10720e+00      8.00000e+00   1094s
  1604     -2.05512e+01     -7.10720e+00      8.00000e+00   1095s
  1606     -2.09761e+01     -7.10720e+00      8.00000e+00   1096s
  1608     -2.00952e+01     -7.10720e+00      8.00000e+00   1098s
  1610     -2.09105e+01     -7.10720e+00      8.00000e+00   1099s
  1613     -2.06833e+01     -7.10720e+00      8.00000e+00   1101s
  1615     -2.09166e+01     -7.10720e+00      8.00000e+00   1102s
  1617     -2.08859e+01     -7.10720e+00      8.00000e+00   1104s
  1619     -2.09356e+01     -7.10720e+00      8.00000e+00   1105s
  1621     -2.06087e+01     -7.10720e+00      8.00000e+00   1106s
  1623     -2.11473e+01     -7.10720e+00      8.00000e+00   1108s
  1625     -2.01202e+01     -7.10720e+00      8.00000e+00   1110s
  1627     -2.09114e+01     -7.10720e+00      8.00000e+00   1111s
  1630     -2.01754e+01     -7.10720e+00      8.00000e+00   1112s
  1632     -2.04005e+01     -7.10720e+00      8.00000e+00   1114s
  1634     -2.04720e+01     -7.10720e+00      8.00000e+00   1115s
  1636     -2.04779e+01     -7.10720e+00      8.00000e+00   1117s
  1638     -2.00778e+01     -7.10720e+00      8.00000e+00   1118s
  1640     -2.16438e+01     -7.10720e+00      8.00000e+00   1120s
  1642     -2.15916e+01     -7.10720e+00      8.00000e+00   1121s
  1644     -2.02757e+01     -7.10720e+00      8.00000e+00   1122s
  1647     -2.13660e+01     -7.10720e+00      8.00000e+00   1124s
  1649     -2.10533e+01     -7.10720e+00      8.00000e+00   1125s
  1651     -2.12325e+01     -7.10720e+00      8.00000e+00   1126s
  1653     -2.01471e+01     -7.10720e+00      8.00000e+00   1128s
  1655     -2.07803e+01     -7.10720e+00      8.00000e+00   1130s
  1657     -2.05167e+01     -7.10720e+00      8.00000e+00   1131s
  1659     -2.07354e+01     -7.10720e+00      8.00000e+00   1133s
  1661     -2.04963e+01     -7.10720e+00      8.00000e+00   1134s
  1664     -2.16536e+01     -7.10720e+00      8.00000e+00   1136s
  1666     -2.05353e+01     -7.10720e+00      8.00000e+00   1137s
  1668     -2.14777e+01     -7.10720e+00      8.00000e+00   1139s
  1670     -2.13227e+01     -7.10720e+00      8.00000e+00   1140s
  1672     -2.11401e+01     -7.10720e+00      8.00000e+00   1141s
  1674     -2.05305e+01     -7.10720e+00      8.00000e+00   1143s
  1676     -2.08732e+01     -7.10720e+00      8.00000e+00   1144s
  1678     -2.04724e+01     -7.10720e+00      8.00000e+00   1146s
  1681     -2.03050e+01     -7.10720e+00      8.00000e+00   1147s
  1683     -2.04756e+01     -7.10720e+00      8.00000e+00   1148s
  1685     -2.05744e+01     -7.10720e+00      8.00000e+00   1150s
  1687     -2.09457e+01     -7.10720e+00      8.00000e+00   1151s
  1689     -2.08618e+01     -7.10720e+00      8.00000e+00   1153s
  1691     -2.11528e+01     -7.10720e+00      8.00000e+00   1154s
  1693     -2.14662e+01     -7.10720e+00      8.00000e+00   1156s
  1695     -2.02993e+01     -7.10720e+00      8.00000e+00   1157s
  1698     -2.07213e+01     -7.10720e+00      8.00000e+00   1159s
  1700     -2.13108e+01     -7.10720e+00      8.00000e+00   1160s
  1702     -2.12480e+01     -7.10720e+00      8.00000e+00   1161s
  1704     -2.02675e+01     -7.10720e+00      8.00000e+00   1163s
  1706     -2.03131e+01     -7.10720e+00      8.00000e+00   1164s
  1708     -1.99015e+01     -7.10720e+00      8.00000e+00   1166s
  1710     -2.04374e+01     -7.10720e+00      8.00000e+00   1167s
  1712     -2.09866e+01     -7.10720e+00      8.00000e+00   1168s
  1715     -2.13367e+01     -7.10720e+00      8.00000e+00   1170s
  1717     -2.13106e+01     -7.10720e+00      8.00000e+00   1171s
  1719     -2.15601e+01     -7.10720e+00      8.00000e+00   1173s
  1721     -2.11520e+01     -7.10720e+00      8.00000e+00   1174s
  1723     -2.10224e+01     -7.10720e+00      8.00000e+00   1175s
  1725     -2.12967e+01     -7.10720e+00      8.00000e+00   1177s
  1727     -2.10410e+01     -7.10720e+00      8.00000e+00   1178s
  1729     -2.05651e+01     -7.10720e+00      8.00000e+00   1179s
  1732     -2.06632e+01     -7.10720e+00      8.00000e+00   1181s
  1734     -2.04124e+01     -7.10720e+00      8.00000e+00   1182s
  1736     -2.10068e+01     -7.10720e+00      8.00000e+00   1184s
  1738     -2.14477e+01     -7.10720e+00      8.00000e+00   1185s
  1740     -2.16086e+01     -7.10720e+00      8.00000e+00   1187s
  1742     -2.15135e+01     -7.10720e+00      8.00000e+00   1189s
  1744     -2.13010e+01     -7.10720e+00      8.00000e+00   1190s
  1746     -2.14307e+01     -7.10720e+00      8.00000e+00   1191s
  1748     -2.09598e+01     -7.10720e+00      8.00000e+00   1192s
  1750     -2.04468e+01     -7.10720e+00      8.00000e+00   1194s
  1752     -2.08920e+01     -7.10720e+00      8.00000e+00   1195s
  1754     -2.11673e+01     -7.10720e+00      8.00000e+00   1196s
  1756     -2.01210e+01     -7.10720e+00      8.00000e+00   1198s
  1758     -2.08668e+01     -7.10720e+00      8.00000e+00   1199s
  1760     -2.00795e+01     -7.10720e+00      8.00000e+00   1200s
  1762     -2.05594e+01     -7.10720e+00      8.00000e+00   1202s
  1765     -2.18721e+01     -7.10720e+00      8.00000e+00   1203s
  1767     -2.20376e+01     -7.10720e+00      8.00000e+00   1205s
  1769     -2.20616e+01     -7.10720e+00      8.00000e+00   1206s
  1771     -2.13968e+01     -7.10720e+00      8.00000e+00   1208s
  1773     -2.08057e+01     -7.10720e+00      8.00000e+00   1209s
  1775     -2.05468e+01     -7.10720e+00      8.00000e+00   1211s
  1777     -2.06277e+01     -7.10720e+00      8.00000e+00   1212s
  1779     -2.06721e+01     -7.10720e+00      8.00000e+00   1214s
  1782     -2.07783e+01     -7.10720e+00      8.00000e+00   1215s
  1784     -2.03104e+01     -7.10720e+00      8.00000e+00   1216s
  1786     -2.00643e+01     -7.10720e+00      8.00000e+00   1218s
  1788     -2.17194e+01     -7.10720e+00      8.00000e+00   1219s
  1790     -2.12745e+01     -7.10720e+00      8.00000e+00   1221s
  1792     -2.20343e+01     -7.10720e+00      8.00000e+00   1222s
  1794     -2.17848e+01     -7.10720e+00      8.00000e+00   1224s
  1796     -2.09860e+01     -7.10720e+00      8.00000e+00   1225s
  1799     -2.04978e+01     -7.10720e+00      8.00000e+00   1227s
  1801     -2.00382e+01     -7.10720e+00      8.00000e+00   1228s
  1803     -1.94932e+01     -7.10720e+00      8.00000e+00   1230s
  1805     -1.97127e+01     -7.10720e+00      8.00000e+00   1231s
  1807     -1.96316e+01     -7.10720e+00      8.00000e+00   1232s
  1809     -1.98175e+01     -7.10720e+00      8.00000e+00   1234s
  1811     -1.99274e+01     -7.10720e+00      8.00000e+00   1235s
  1813     -2.07831e+01     -7.10720e+00      8.00000e+00   1237s
  1816     -2.19246e+01     -7.10720e+00      8.00000e+00   1238s
  1818     -2.27102e+01     -7.10720e+00      8.00000e+00   1240s
  1820     -2.19796e+01     -7.10720e+00      8.00000e+00   1241s
  1822     -2.24180e+01     -7.10720e+00      8.00000e+00   1243s
  1824     -2.03425e+01     -7.10720e+00      8.00000e+00   1244s
  1826     -2.06896e+01     -7.10720e+00      8.00000e+00   1246s
  1828     -2.01779e+01     -7.10720e+00      8.00000e+00   1247s
  1830     -1.98823e+01     -7.10720e+00      8.00000e+00   1248s
  1832     -2.01429e+01     -7.10720e+00      8.00000e+00   1250s
  1834     -2.04208e+01     -7.10720e+00      8.00000e+00   1251s
  1836     -2.07347e+01     -7.10720e+00      8.00000e+00   1252s
  1838     -2.15918e+01     -7.10720e+00      8.00000e+00   1253s
  1840     -2.19082e+01     -7.10720e+00      8.00000e+00   1255s
  1842     -2.21524e+01     -7.10720e+00      8.00000e+00   1256s
  1844     -2.25916e+01     -7.10720e+00      8.00000e+00   1258s
  1846     -2.17168e+01     -7.10720e+00      8.00000e+00   1259s
  1849     -2.01428e+01     -7.10720e+00      8.00000e+00   1261s
  1851     -1.97172e+01     -7.10720e+00      8.00000e+00   1262s
  1853     -1.97389e+01     -7.10720e+00      8.00000e+00   1263s
  1855     -1.96476e+01     -7.10720e+00      8.00000e+00   1265s
  1857     -2.05557e+01     -7.10720e+00      8.00000e+00   1266s
  1859     -2.13266e+01     -7.10720e+00      8.00000e+00   1267s
  1861     -2.10877e+01     -7.10720e+00      8.00000e+00   1269s
  1863     -2.09736e+01     -7.10720e+00      8.00000e+00   1270s
  1865     -2.07600e+01     -7.10720e+00      8.00000e+00   1271s
  1867     -2.19532e+01     -7.10720e+00      8.00000e+00   1272s
  1869     -2.28886e+01     -7.10720e+00      8.00000e+00   1274s
  1871     -2.26670e+01     -7.10720e+00      8.00000e+00   1275s
  1873     -2.17099e+01     -7.10720e+00      8.00000e+00   1277s
  1875     -2.07972e+01     -7.10720e+00      8.00000e+00   1278s
  1877     -2.02471e+01     -7.10720e+00      8.00000e+00   1279s
  1879     -1.99558e+01     -7.10720e+00      8.00000e+00   1281s
  1881     -1.94278e+01     -7.10720e+00      8.00000e+00   1282s
  1883     -2.03551e+01     -7.10720e+00      8.00000e+00   1283s
  1885     -2.02319e+01     -7.10720e+00      8.00000e+00   1284s
  1887     -2.03966e+01     -7.10720e+00      8.00000e+00   1286s
  1889     -2.09010e+01     -7.10720e+00      8.00000e+00   1287s
  1891     -2.14872e+01     -7.10720e+00      8.00000e+00   1288s
  1893     -2.19206e+01     -7.10720e+00      8.00000e+00   1290s
  1895     -2.27949e+01     -7.10720e+00      8.00000e+00   1291s
  1897     -2.24889e+01     -7.10720e+00      8.00000e+00   1293s
  1900     -2.03108e+01     -7.10720e+00      8.00000e+00   1295s
  1902     -2.08357e+01     -7.10720e+00      8.00000e+00   1296s
  1904     -2.09835e+01     -7.10720e+00      8.00000e+00   1297s
  1906     -2.07941e+01     -7.10720e+00      8.00000e+00   1298s
  1908     -2.13129e+01     -7.10720e+00      8.00000e+00   1300s
  1910     -2.12443e+01     -7.10720e+00      8.00000e+00   1301s
  1912     -2.09177e+01     -7.10720e+00      8.00000e+00   1303s
  1914     -2.03499e+01     -7.10720e+00      8.00000e+00   1304s
  1917     -2.22707e+01     -7.10720e+00      8.00000e+00   1306s
  1919     -2.13781e+01     -7.10720e+00      8.00000e+00   1307s
  1921     -2.19154e+01     -7.10720e+00      8.00000e+00   1308s
  1923     -2.12661e+01     -7.10720e+00      8.00000e+00   1310s
  1925     -2.09177e+01     -7.10720e+00      8.00000e+00   1311s
  1927     -2.13846e+01     -7.10720e+00      8.00000e+00   1312s
  1929     -2.11003e+01     -7.10720e+00      8.00000e+00   1314s
  1931     -2.10189e+01     -7.10720e+00      8.00000e+00   1315s
  1934     -2.12677e+01     -7.10720e+00      8.00000e+00   1317s
  1936     -2.07288e+01     -7.10720e+00      8.00000e+00   1318s
  1938     -2.08337e+01     -7.10720e+00      8.00000e+00   1320s
  1940     -2.09396e+01     -7.10720e+00      8.00000e+00   1321s
  1942     -2.15532e+01     -7.10720e+00      8.00000e+00   1323s
  1944     -2.23048e+01     -7.10720e+00      8.00000e+00   1324s
  1946     -2.08218e+01     -7.10720e+00      8.00000e+00   1326s
  1948     -2.16276e+01     -7.10720e+00      8.00000e+00   1327s
  1951     -2.07078e+01     -7.10720e+00      8.00000e+00   1329s
  1953     -2.25866e+01     -7.10720e+00      8.00000e+00   1330s
  1955     -2.34043e+01     -7.10720e+00      8.00000e+00   1332s
  1957     -2.31295e+01     -7.10720e+00      8.00000e+00   1333s
  1959     -2.24243e+01     -7.10720e+00      8.00000e+00   1335s
  1961     -2.16605e+01     -7.10720e+00      8.00000e+00   1336s
  1963     -2.08922e+01     -7.10720e+00      8.00000e+00   1337s
  1965     -2.02662e+01     -7.10720e+00      8.00000e+00   1339s
  1967     -2.03457e+01     -7.10720e+00      8.00000e+00   1340s
  1969     -2.03447e+01     -7.10720e+00      8.00000e+00   1341s
  1971     -2.02357e+01     -7.10720e+00      8.00000e+00   1343s
  1973     -2.03681e+01     -7.10720e+00      8.00000e+00   1344s
  1975     -2.12765e+01     -7.10720e+00      8.00000e+00   1345s
  1977     -2.12187e+01     -7.10720e+00      8.00000e+00   1347s
  1979     -2.34866e+01     -7.10720e+00      8.00000e+00   1349s
  1981     -2.44558e+01     -7.10720e+00      8.00000e+00   1350s
  1984     -2.22326e+01     -7.10720e+00      8.00000e+00   1351s
  1986     -2.12650e+01     -7.10720e+00      8.00000e+00   1353s
  1988     -2.01532e+01     -7.10720e+00      8.00000e+00   1354s
  1990     -2.03129e+01     -7.10720e+00      8.00000e+00   1355s
  1992     -2.04787e+01     -7.10720e+00      8.00000e+00   1357s
  1994     -2.00737e+01     -7.10720e+00      8.00000e+00   1358s
  1996     -2.01996e+01     -7.10720e+00      8.00000e+00   1360s
  1998     -2.06848e+01     -7.10720e+00      8.00000e+00   1361s
  2001     -2.12057e+01     -7.10720e+00      8.00000e+00   1363s
  2003     -2.30504e+01     -7.10720e+00      8.00000e+00   1364s
  2005     -2.47385e+01     -7.10720e+00      8.00000e+00   1365s
  2007     -2.53619e+01     -7.10720e+00      8.00000e+00   1367s
  2009     -2.35147e+01     -7.10720e+00      8.00000e+00   1368s
  2011     -2.25166e+01     -7.10720e+00      8.00000e+00   1370s
  2013     -2.05648e+01     -7.10720e+00      8.00000e+00   1371s
  2015     -2.06586e+01     -7.10720e+00      8.00000e+00   1372s
  2018     -2.12979e+01     -7.10720e+00      8.00000e+00   1374s
  2020     -2.11992e+01     -7.10720e+00      8.00000e+00   1375s
  2022     -2.04300e+01     -7.10720e+00      8.00000e+00   1377s
  2024     -2.05471e+01     -7.10720e+00      8.00000e+00   1378s
  2026     -2.14529e+01     -7.10720e+00      8.00000e+00   1379s
  2028     -2.40050e+01     -7.10720e+00      8.00000e+00   1381s
  2030     -2.51275e+01     -7.10720e+00      8.00000e+00   1382s
  2032     -2.44524e+01     -7.10720e+00      8.00000e+00   1384s
  2035     -2.16521e+01     -7.10720e+00      8.00000e+00   1385s
  2037     -2.04045e+01     -7.10720e+00      8.00000e+00   1387s
  2039     -1.97371e+01     -7.10720e+00      8.00000e+00   1388s
  2041     -2.03683e+01     -7.10720e+00      8.00000e+00   1389s
  2043     -2.14014e+01     -7.10720e+00      8.00000e+00   1391s
  2045     -2.08177e+01     -7.10720e+00      8.00000e+00   1392s
  2047     -2.06688e+01     -7.10720e+00      8.00000e+00   1394s
  2049     -2.08926e+01     -7.10720e+00      8.00000e+00   1395s
  2052     -2.18774e+01     -7.10720e+00      8.00000e+00   1397s
  2054     -2.40387e+01     -7.10720e+00      8.00000e+00   1398s
  2056     -2.62493e+01     -7.10720e+00      8.00000e+00   1400s
  2058     -2.56604e+01     -7.10720e+00      8.00000e+00   1401s
  2060     -2.38952e+01     -7.10720e+00      8.00000e+00   1403s
  2062     -2.07858e+01     -7.10720e+00      8.00000e+00   1404s
  2064     -2.08955e+01     -7.10720e+00      8.00000e+00   1405s
  2066     -2.19196e+01     -7.10720e+00      8.00000e+00   1407s
  2069     -2.44146e+01     -7.10720e+00      8.00000e+00   1408s
  2071     -2.26455e+01     -7.10720e+00      8.00000e+00   1410s
  2073     -2.08827e+01     -7.10720e+00      8.00000e+00   1411s
  2075     -2.03520e+01     -7.10720e+00      8.00000e+00   1413s
  2077     -2.22026e+01     -7.10720e+00      8.00000e+00   1414s
  2079     -2.63589e+01     -7.10720e+00      8.00000e+00   1416s
  2081     -2.59708e+01     -7.10720e+00      8.00000e+00   1417s
  2083     -2.54244e+01     -7.10720e+00      8.00000e+00   1419s
  2086     -2.15377e+01     -7.10720e+00      8.00000e+00   1420s
  2088     -2.02080e+01     -7.10720e+00      8.00000e+00   1421s
  2090     -2.22776e+01     -7.10720e+00      8.00000e+00   1423s
  2092     -2.38169e+01     -7.10720e+00      8.00000e+00   1424s
  2094     -2.40003e+01     -7.10720e+00      8.00000e+00   1426s
  2096     -2.23854e+01     -7.10720e+00      8.00000e+00   1427s
  2098     -2.09186e+01     -7.10720e+00      8.00000e+00   1429s
  2100     -2.04560e+01     -7.10720e+00      8.00000e+00   1430s
  2103     -2.17528e+01     -7.10720e+00      8.00000e+00   1432s
  2105     -2.37866e+01     -7.10720e+00      8.00000e+00   1433s
  2107     -2.53448e+01     -7.10720e+00      8.00000e+00   1434s
  2109     -2.40763e+01     -7.10720e+00      8.00000e+00   1436s
  2111     -2.15137e+01     -7.10720e+00      8.00000e+00   1437s
  2113     -2.08631e+01     -7.10720e+00      8.00000e+00   1439s
  2115     -2.30985e+01     -7.10720e+00      8.00000e+00   1440s
  2117     -2.58197e+01     -7.10720e+00      8.00000e+00   1442s
  2120     -2.68363e+01     -7.10720e+00      8.00000e+00   1444s
  2122     -2.36729e+01     -7.10720e+00      8.00000e+00   1445s
  2124     -2.06903e+01     -7.10720e+00      8.00000e+00   1446s
  2126     -2.05748e+01     -7.10720e+00      8.00000e+00   1448s
  2128     -2.27992e+01     -7.10720e+00      8.00000e+00   1449s
  2130     -2.53513e+01     -7.10720e+00      8.00000e+00   1450s
  2132     -2.53119e+01     -7.10720e+00      8.00000e+00   1452s
  2134     -2.29991e+01     -7.10720e+00      8.00000e+00   1453s
  2136     -2.09332e+01     -7.10720e+00      8.00000e+00   1454s
  2138     -2.11807e+01     -7.10720e+00      8.00000e+00   1456s
  2140     -2.35089e+01     -7.10720e+00      8.00000e+00   1457s
  2142     -2.65031e+01     -7.10720e+00      8.00000e+00   1458s
  2144     -2.67874e+01     -7.10720e+00      8.00000e+00   1460s
  2146     -2.47568e+01     -7.10720e+00      8.00000e+00   1461s
  2148     -2.15734e+01     -7.10720e+00      8.00000e+00   1463s
  2150     -2.09217e+01     -7.10720e+00      8.00000e+00   1464s
  2153     -1.86500e+01     -7.10720e+00      8.00000e+00   1466s
  2155     -2.15587e+01     -7.10720e+00      8.00000e+00   1467s
  2157     -2.36893e+01     -7.10720e+00      8.00000e+00   1468s
  2159     -2.34719e+01     -7.10720e+00      8.00000e+00   1470s
  2161     -2.05807e+01     -7.10720e+00      8.00000e+00   1471s
  2163     -2.09560e+01     -7.10720e+00      8.00000e+00   1473s
  2165     -2.35620e+01     -7.10720e+00      8.00000e+00   1474s
  2167     -2.68657e+01     -7.10720e+00      8.00000e+00   1475s
  2169     -2.98176e+01     -7.10720e+00      8.00000e+00   1476s
  2171     -2.93045e+01     -7.10720e+00      8.00000e+00   1478s
  2173     -2.40263e+01     -7.10720e+00      8.00000e+00   1479s
  2175     -2.04368e+01     -7.10720e+00      8.00000e+00   1480s
  2177     -1.88450e+01     -7.10720e+00      8.00000e+00   1482s
  2179     -2.06877e+01     -7.10720e+00      8.00000e+00   1483s
  2181     -2.37487e+01     -7.10720e+00      8.00000e+00   1485s
  2183     -2.41988e+01     -7.10720e+00      8.00000e+00   1486s
  2185     -2.16869e+01     -7.10720e+00      8.00000e+00   1487s
  2187     -2.05746e+01     -7.10720e+00      8.00000e+00   1488s
  2189     -2.21532e+01     -7.10720e+00      8.00000e+00   1490s
  2191     -2.64585e+01     -7.10720e+00      8.00000e+00   1491s
  2193     -3.08829e+01     -7.10720e+00      8.00000e+00   1493s
  2195     -2.97256e+01     -7.10720e+00      8.00000e+00   1494s
  2197     -2.55999e+01     -7.10720e+00      8.00000e+00   1496s
  2199     -2.18457e+01     -7.10720e+00      8.00000e+00   1497s
  2201     -1.78092e+01     -7.10720e+00      8.00000e+00   1498s
  2203     -1.87189e+01     -7.10720e+00      8.00000e+00   1500s
  2205     -2.28768e+01     -7.10720e+00      8.00000e+00   1501s
  2207     -2.78564e+01     -7.10720e+00      8.00000e+00   1502s
  2209     -2.64925e+01     -7.10720e+00      8.00000e+00   1504s
  2211     -2.24961e+01     -7.10720e+00      8.00000e+00   1505s
  2213     -2.02345e+01     -7.10720e+00      8.00000e+00   1506s
  2215     -2.37285e+01     -7.10720e+00      8.00000e+00   1508s
  2217     -3.06908e+01     -7.10720e+00      8.00000e+00   1509s
  2220     -3.52024e+01     -7.10720e+00      8.00000e+00   1511s
  2222     -3.08463e+01     -7.10720e+00      8.00000e+00   1512s
  2224     -2.28625e+01     -7.10720e+00      8.00000e+00   1514s
  2226     -1.72092e+01     -7.10720e+00      8.00000e+00   1515s
  2228     -1.93920e+01     -7.10720e+00      8.00000e+00   1517s
  2230     -2.40741e+01     -7.10720e+00      8.00000e+00   1518s
  2232     -2.69477e+01     -7.10720e+00      8.00000e+00   1519s
  2234     -2.63261e+01     -7.10720e+00      8.00000e+00   1521s
  2237     -2.04471e+01     -7.10720e+00      8.00000e+00   1522s
  2239     -2.23173e+01     -7.10720e+00      8.00000e+00   1524s
  2241     -2.88461e+01     -7.10720e+00      8.00000e+00   1525s
  2243     -3.42744e+01     -7.10720e+00      8.00000e+00   1527s
  2245     -3.56065e+01     -7.10720e+00      8.00000e+00   1528s
  2247     -2.91820e+01     -7.10720e+00      8.00000e+00   1529s
  2249     -2.13234e+01     -7.10720e+00      8.00000e+00   1531s
  2251     -1.95817e+01     -7.10720e+00      8.00000e+00   1532s
  2254     -2.40203e+01     -7.10720e+00      8.00000e+00   1534s
  2256     -2.94076e+01     -7.10720e+00      8.00000e+00   1535s
  2258     -2.95744e+01     -7.10720e+00      8.00000e+00   1536s
  2260     -2.53025e+01     -7.10720e+00      8.00000e+00   1538s
  2262     -2.13380e+01     -7.10720e+00      8.00000e+00   1539s
  2264     -2.05419e+01     -7.10720e+00      8.00000e+00   1541s
  2266     -2.54525e+01     -7.10720e+00      8.00000e+00   1543s
  2268     -3.11394e+01     -7.10720e+00      8.00000e+00   1544s
  2270     -3.22467e+01     -7.10720e+00      8.00000e+00   1545s
  2272     -2.75997e+01     -7.10720e+00      8.00000e+00   1547s
  2274     -2.15522e+01     -7.10720e+00      8.00000e+00   1548s
  2276     -1.96998e+01     -7.10720e+00      8.00000e+00   1549s
  2278     -2.19028e+01     -7.10720e+00      8.00000e+00   1551s
  2280     -2.83127e+01     -7.10720e+00      8.00000e+00   1552s
  2282     -3.03859e+01     -7.10720e+00      8.00000e+00   1553s
  2284     -2.68295e+01     -7.10720e+00      8.00000e+00   1555s
  2287     -2.03369e+01     -7.10720e+00      8.00000e+00   1556s
  2289     -2.08339e+01     -7.10720e+00      8.00000e+00   1558s
  2291     -2.69670e+01     -7.10720e+00      8.00000e+00   1559s
  2293     -3.21338e+01     -7.10720e+00      8.00000e+00   1561s
  2295     -3.11617e+01     -7.10720e+00      8.00000e+00   1562s
  2297     -2.70607e+01     -7.10720e+00      8.00000e+00   1563s
  2299     -2.04391e+01     -7.10720e+00      8.00000e+00   1565s
  2301     -2.22776e+01     -7.10720e+00      8.00000e+00   1566s
  2304     -2.85267e+01     -7.10720e+00      8.00000e+00   1568s
  2306     -2.97203e+01     -7.10720e+00      8.00000e+00   1569s
  2308     -2.80715e+01     -7.10720e+00      8.00000e+00   1571s
  2310     -2.38589e+01     -7.10720e+00      8.00000e+00   1572s
  2312     -2.09592e+01     -7.10720e+00      8.00000e+00   1573s
  2314     -2.08577e+01     -7.10720e+00      8.00000e+00   1575s
  2316     -2.24020e+01     -7.10720e+00      8.00000e+00   1576s
  2318     -2.30668e+01     -7.10720e+00      8.00000e+00   1577s
  2321     -2.16099e+01     -7.10720e+00      8.00000e+00   1579s
  2323     -2.04679e+01     -7.10720e+00      8.00000e+00   1580s
  2325     -2.18833e+01     -7.10720e+00      8.00000e+00   1582s
  2327     -2.55668e+01     -7.10720e+00      8.00000e+00   1583s
  2329     -2.89154e+01     -7.10720e+00      8.00000e+00   1584s
  2331     -2.94449e+01     -7.10720e+00      8.00000e+00   1586s
  2333     -2.72346e+01     -7.10720e+00      8.00000e+00   1587s
  2335     -2.27299e+01     -7.10720e+00      8.00000e+00   1589s
  2338     -1.98125e+01     -7.10720e+00      8.00000e+00   1590s
  2340     -2.16524e+01     -7.10720e+00      8.00000e+00   1592s
  2342     -2.29883e+01     -7.10720e+00      8.00000e+00   1593s
  2344     -2.29485e+01     -7.10720e+00      8.00000e+00   1594s
  2346     -2.05856e+01     -7.10720e+00      8.00000e+00   1596s
  2348     -2.03886e+01     -7.10720e+00      8.00000e+00   1597s
  2350     -2.07883e+01     -7.10720e+00      8.00000e+00   1599s
  2352     -2.60820e+01     -7.10720e+00      8.00000e+00   1600s
  2355     -3.44825e+01     -7.10720e+00      8.00000e+00   1602s
  2357     -3.38414e+01     -7.10720e+00      8.00000e+00   1603s
  2359     -2.85389e+01     -7.10720e+00      8.00000e+00   1605s
  2361     -2.22857e+01     -7.10720e+00      8.00000e+00   1606s
  2363     -2.03806e+01     -7.10720e+00      8.00000e+00   1607s
  2365     -2.32966e+01     -7.10720e+00      8.00000e+00   1609s
  2367     -2.61302e+01     -7.10720e+00      8.00000e+00   1610s
  2369     -2.54102e+01     -7.10720e+00      8.00000e+00   1612s
  2372     -1.99997e+01     -7.10720e+00      8.00000e+00   1613s
  2374     -2.04977e+01     -7.10720e+00      8.00000e+00   1615s
  2376     -2.48931e+01     -7.10720e+00      8.00000e+00   1616s
  2378     -3.23431e+01     -7.10720e+00      8.00000e+00   1617s
  2380     -3.50282e+01     -7.10720e+00      8.00000e+00   1619s
  2382     -3.30345e+01     -7.10720e+00      8.00000e+00   1620s
  2384     -2.72551e+01     -7.10720e+00      8.00000e+00   1621s
  2386     -2.15634e+01     -7.10720e+00      8.00000e+00   1623s
  2389     -2.22492e+01     -7.10720e+00      8.00000e+00   1624s
  2391     -2.53904e+01     -7.10720e+00      8.00000e+00   1626s
  2393     -2.63502e+01     -7.10720e+00      8.00000e+00   1627s
  2395     -2.26302e+01     -7.10720e+00      8.00000e+00   1629s
  2397     -1.97049e+01     -7.10720e+00      8.00000e+00   1630s
  2399     -2.05553e+01     -7.10720e+00      8.00000e+00   1631s
  2401     -2.31047e+01     -7.10720e+00      8.00000e+00   1633s
  2403     -2.84512e+01     -7.10720e+00      8.00000e+00   1634s
  2406     -3.46984e+01     -7.10720e+00      8.00000e+00   1636s
  2408     -3.19288e+01     -7.10720e+00      8.00000e+00   1637s
  2410     -2.51923e+01     -7.10720e+00      8.00000e+00   1639s
  2412     -2.06561e+01     -7.10720e+00      8.00000e+00   1640s
  2414     -2.24750e+01     -7.10720e+00      8.00000e+00   1641s
  2416     -2.76373e+01     -7.10720e+00      8.00000e+00   1643s
  2418     -3.09584e+01     -7.10720e+00      8.00000e+00   1644s
  2420     -2.86970e+01     -7.10720e+00      8.00000e+00   1646s
  2423     -2.15401e+01     -7.10720e+00      8.00000e+00   1647s
  2425     -2.13785e+01     -7.10720e+00      8.00000e+00   1649s
  2427     -2.66796e+01     -7.10720e+00      8.00000e+00   1650s
  2429     -3.24291e+01     -7.10720e+00      8.00000e+00   1651s
  2431     -3.45129e+01     -7.10720e+00      8.00000e+00   1653s
  2433     -2.97835e+01     -7.10720e+00      8.00000e+00   1654s
  2435     -2.40618e+01     -7.10720e+00      8.00000e+00   1655s
  2437     -2.10957e+01     -7.10720e+00      8.00000e+00   1657s
  2440     -2.64498e+01     -7.10720e+00      8.00000e+00   1659s
  2442     -3.09590e+01     -7.10720e+00      8.00000e+00   1660s
  2444     -3.03359e+01     -7.10720e+00      8.00000e+00   1661s
  2446     -2.47665e+01     -7.10720e+00      8.00000e+00   1663s
  2448     -2.11286e+01     -7.10720e+00      8.00000e+00   1664s
  2450     -2.10699e+01     -7.10720e+00      8.00000e+00   1666s
  2452     -2.19461e+01     -7.10720e+00      8.00000e+00   1667s
  2454     -2.35968e+01     -7.10720e+00      8.00000e+00   1669s
  2457     -2.61804e+01     -7.10720e+00      8.00000e+00   1671s
  2459     -2.40705e+01     -7.10720e+00      8.00000e+00   1672s
  2461     -2.06969e+01     -7.10720e+00      8.00000e+00   1674s
  2463     -2.05024e+01     -7.10720e+00      8.00000e+00   1675s
  2465     -2.41247e+01     -7.10720e+00      8.00000e+00   1676s
  2467     -2.75067e+01     -7.10720e+00      8.00000e+00   1678s
  2469     -2.82546e+01     -7.10720e+00      8.00000e+00   1679s
  2471     -2.57479e+01     -7.10720e+00      8.00000e+00   1681s
  2474     -2.07324e+01     -7.10720e+00      8.00000e+00   1682s
  2476     -2.10916e+01     -7.10720e+00      8.00000e+00   1684s
  2478     -2.33810e+01     -7.10720e+00      8.00000e+00   1685s
  2480     -2.69810e+01     -7.10720e+00      8.00000e+00   1686s
  2482     -2.55555e+01     -7.10720e+00      8.00000e+00   1688s
  2484     -2.28830e+01     -7.10720e+00      8.00000e+00   1689s
  2486     -2.12581e+01     -7.10720e+00      8.00000e+00   1691s
  2488     -2.14234e+01     -7.10720e+00      8.00000e+00   1692s
  2491     -2.69133e+01     -7.10720e+00      8.00000e+00   1694s
  2493     -2.87402e+01     -7.10720e+00      8.00000e+00   1695s
  2495     -2.60077e+01     -7.10720e+00      8.00000e+00   1697s
  2497     -2.24501e+01     -7.10720e+00      8.00000e+00   1698s
  2499     -2.03241e+01     -7.10720e+00      8.00000e+00   1699s

==================================================
Summary of results QAOA
--------------------------------------------------
Average of QAOA obj:          -7.11
STD of QAOA obj:              106.71

Gamma angles:                 0.13
Beta angles:                  0.38

Best QAOA obj:                8.00
Modified best QAOA obj:       8.00

QAOA total time:              1699.29s
QAOA circuit depth:           18
==================================================

==================================================
Summary of results of 0-S8
--------------------------------------------------
Number of vertices:           8
Number of edges:              22

Vertex num in largest comp:   8
Edge num in largest comp:     22

Pre-processing running time:  0.00
Total solver time:            1699.29
Running time:                 1703.00

Upper bound:                  12.00
Objective value:              8.00

Partition 0:                  1, 4, 5, 8          
Partition 1:                  3, 6, 7             
Partition 2:                  2                   
==================================================
