==================================================
Instance parameters
--------------------------------------------------
Number of vertices:           5
Number of edges:              10
Number of partitions:         3

Density (%):                  100
Name of instance:             seed1_band_pen_1.2
Is planar:                    False
==================================================

==================================================
Solver parameters
--------------------------------------------------
Method:                       QUBO
Peel:                         False
Decompose:                    False
Fold:                         False

QAOA Num Levels:              1
QAOA Scipy Optimizer:         brute
==================================================

  iter        avg-obj        best avg-obj       best-obj      time
     4     -4.38340e+00     -4.38340e+00      7.00000e+00      1s
    13     -4.58860e+00     -4.38340e+00      7.00000e+00      2s
    22     -4.68280e+00     -4.38340e+00      7.00000e+00      3s
    31     -4.46640e+00     -4.35180e+00      7.00000e+00      4s
    40     -4.50440e+00     -4.35180e+00      7.00000e+00      5s
    49     -4.53060e+00     -4.35180e+00      7.00000e+00      6s
    58     -3.41100e+00     -1.17200e+00      7.00000e+00      7s
    67     -7.70400e+00     -1.17200e+00      7.00000e+00      8s
    76     -2.30720e+00     -1.17200e+00      7.00000e+00      9s
    85     -4.28840e+00     -9.95800e-01      7.00000e+00     10s
    94     -9.70280e+00     -9.95800e-01      7.00000e+00     11s
   103      1.56200e-01      1.56200e-01      7.00000e+00     12s
   113     -4.97280e+00      1.56200e-01      7.00000e+00     14s
   123     -8.90780e+00      1.56200e-01      7.00000e+00     15s
   133     -3.95480e+00      2.40600e-01      7.00000e+00     16s
   143     -1.33890e+01      2.40600e-01      7.00000e+00     17s
   152     -8.36400e-01      2.40600e-01      7.00000e+00     18s
   162     -4.40820e+00      2.40600e-01      7.00000e+00     19s
   171     -1.38956e+01      2.40600e-01      7.00000e+00     20s
   180     -1.21880e+00      2.40600e-01      7.00000e+00     21s
   189     -7.44320e+00      2.40600e-01      7.00000e+00     22s
   199     -4.73360e+00      2.40600e-01      7.00000e+00     23s
   208     -3.63280e+00      2.40600e-01      7.00000e+00     24s
   217     -1.15226e+01      2.40600e-01      7.00000e+00     25s
   226     -2.24880e+00      2.40600e-01      7.00000e+00     26s
   235     -4.16620e+00      2.40600e-01      7.00000e+00     27s
   244     -1.34118e+01      2.40600e-01      7.00000e+00     28s
   253     -2.60420e+00      2.40600e-01      7.00000e+00     29s
   262     -4.39780e+00      2.40600e-01      7.00000e+00     30s
   272     -8.42340e+00      2.40600e-01      7.00000e+00     31s
   282     -3.53260e+00      2.40600e-01      7.00000e+00     33s
   292     -1.11492e+01      2.40600e-01      7.00000e+00     34s
   301     -4.01480e+00      2.40600e-01      7.00000e+00     35s
   310     -4.12760e+00      2.40600e-01      7.00000e+00     36s
   318     -9.46260e+00      2.40600e-01      7.00000e+00     37s
   326     -3.76960e+00      2.40600e-01      7.00000e+00     38s
   335     -4.17220e+00      2.40600e-01      7.00000e+00     39s
   344     -9.52380e+00      2.40600e-01      7.00000e+00     40s
   353     -4.50260e+00      2.40600e-01      7.00000e+00     41s
   362     -4.15720e+00      2.40600e-01      7.00000e+00     42s
   372     -6.21160e+00      2.40600e-01      7.00000e+00     43s
   381     -5.48240e+00      2.40600e-01      7.00000e+00     44s
   390     -6.84020e+00      2.40600e-01      7.00000e+00     45s
   399     -4.60560e+00      2.40600e-01      7.00000e+00     46s
   408     -5.00720e+00      2.40600e-01      7.00000e+00     47s
   416     -5.71860e+00      2.40600e-01      7.00000e+00     48s
   424     -4.85940e+00      2.40600e-01      7.00000e+00     49s
   433     -5.19600e+00      2.40600e-01      7.00000e+00     50s
   442     -6.02080e+00      2.40600e-01      7.00000e+00     51s
   451     -4.30480e+00      2.40600e-01      7.00000e+00     52s
   460     -4.41720e+00      2.40600e-01      7.00000e+00     53s
   469     -4.70300e+00      2.40600e-01      7.00000e+00     54s
   478     -4.20220e+00      2.40600e-01      7.00000e+00     55s
   487     -4.29180e+00      2.40600e-01      7.00000e+00     56s
   496     -5.21060e+00      2.40600e-01      7.00000e+00     58s
   505     -4.79780e+00      2.40600e-01      7.00000e+00     59s
   514     -4.27420e+00      2.40600e-01      7.00000e+00     60s
   523     -4.92580e+00      2.40600e-01      7.00000e+00     61s
   532     -4.95140e+00      2.40600e-01      7.00000e+00     62s
   541     -4.00880e+00      2.40600e-01      7.00000e+00     63s
   550     -4.46620e+00      2.40600e-01      7.00000e+00     64s
   559     -5.00780e+00      2.40600e-01      7.00000e+00     65s
   568     -4.12320e+00      2.40600e-01      7.00000e+00     66s
   577     -4.67060e+00      2.40600e-01      7.00000e+00     67s
   586     -4.65420e+00      2.40600e-01      7.00000e+00     68s
   595     -4.23000e+00      2.40600e-01      7.00000e+00     69s
   604     -4.84400e+00      2.40600e-01      7.00000e+00     70s
   612     -4.45980e+00      2.40600e-01      7.00000e+00     71s
   621     -4.20280e+00      2.40600e-01      7.00000e+00     72s
   630     -4.89800e+00      2.40600e-01      7.00000e+00     73s
   639     -4.49400e+00      2.40600e-01      7.00000e+00     74s
   648     -4.70840e+00      2.40600e-01      7.00000e+00     75s
   657     -4.37780e+00      2.40600e-01      7.00000e+00     76s
   666     -4.31840e+00      2.40600e-01      7.00000e+00     77s
   675     -4.68260e+00      2.40600e-01      7.00000e+00     78s
   684     -4.59300e+00      2.40600e-01      7.00000e+00     79s
   693     -4.41040e+00      2.40600e-01      7.00000e+00     80s
   702     -3.94300e+00      2.40600e-01      7.00000e+00     81s
   711     -4.70160e+00      2.40600e-01      7.00000e+00     82s
   720     -4.73160e+00      2.40600e-01      7.00000e+00     83s
   729     -3.92180e+00      2.40600e-01      7.00000e+00     84s
   738     -4.29260e+00      2.40600e-01      7.00000e+00     86s
   746     -4.71800e+00      2.40600e-01      7.00000e+00     87s
   755     -3.74540e+00      2.40600e-01      7.00000e+00     88s
   765     -4.30920e+00      2.40600e-01      7.00000e+00     89s
   775     -4.48300e+00      2.40600e-01      7.00000e+00     90s
   785     -4.40640e+00      2.40600e-01      7.00000e+00     91s
   794     -4.44080e+00      2.40600e-01      7.00000e+00     92s
   803     -4.07560e+00      2.40600e-01      7.00000e+00     93s
   813     -4.57320e+00      2.40600e-01      7.00000e+00     94s
   823     -4.78320e+00      2.40600e-01      7.00000e+00     95s
   832     -3.99300e+00      2.40600e-01      7.00000e+00     96s
   841     -4.47320e+00      2.40600e-01      7.00000e+00     97s
   850     -4.48600e+00      2.40600e-01      7.00000e+00     98s
   859     -4.56660e+00      2.40600e-01      7.00000e+00     99s
   868     -4.81160e+00      2.40600e-01      7.00000e+00    100s
   877     -4.69900e+00      2.40600e-01      7.00000e+00    101s
   886     -4.52900e+00      2.40600e-01      7.00000e+00    102s
   895     -4.47760e+00      2.40600e-01      7.00000e+00    103s
   904     -5.18440e+00      2.40600e-01      7.00000e+00    104s
   913     -4.40320e+00      2.40600e-01      7.00000e+00    105s
   922     -4.80160e+00      2.40600e-01      7.00000e+00    106s
   931     -5.49600e+00      2.40600e-01      7.00000e+00    107s
   940     -5.00760e+00      2.40600e-01      7.00000e+00    108s
   949     -4.83340e+00      2.40600e-01      7.00000e+00    109s
   958     -5.69640e+00      2.40600e-01      7.00000e+00    110s
   967     -5.44040e+00      2.40600e-01      7.00000e+00    111s
   976     -4.77300e+00      2.40600e-01      7.00000e+00    113s
   986     -4.84780e+00      2.40600e-01      7.00000e+00    114s
   996     -4.89820e+00      2.40600e-01      7.00000e+00    115s
  1005     -5.72460e+00      2.40600e-01      7.00000e+00    116s
  1014     -5.05140e+00      2.40600e-01      7.00000e+00    117s
  1024     -4.44500e+00      2.40600e-01      7.00000e+00    118s
  1034     -5.46700e+00      2.40600e-01      7.00000e+00    119s
  1042     -5.51180e+00      2.40600e-01      7.00000e+00    120s
  1051     -4.66840e+00      2.40600e-01      7.00000e+00    121s
  1061     -4.60280e+00      2.40600e-01      7.00000e+00    122s
  1071     -5.11240e+00      2.40600e-01      7.00000e+00    123s
  1080     -5.40000e+00      2.40600e-01      7.00000e+00    124s
  1089     -4.76020e+00      2.40600e-01      7.00000e+00    125s
  1098     -4.53520e+00      2.40600e-01      7.00000e+00    126s
  1107     -4.83940e+00      2.40600e-01      7.00000e+00    127s
  1116     -4.98720e+00      2.40600e-01      7.00000e+00    128s
  1125     -4.50760e+00      2.40600e-01      7.00000e+00    129s
  1134     -4.50900e+00      2.40600e-01      7.00000e+00    130s
  1143     -5.22880e+00      2.40600e-01      7.00000e+00    131s
  1151     -4.45220e+00      2.40600e-01      7.00000e+00    133s
  1161     -4.40540e+00      2.40600e-01      7.00000e+00    134s
  1171     -4.83300e+00      2.40600e-01      7.00000e+00    135s
  1180     -4.76660e+00      2.40600e-01      7.00000e+00    136s
  1189     -4.64580e+00      2.40600e-01      7.00000e+00    137s
  1199     -4.99540e+00      2.40600e-01      7.00000e+00    138s
  1209     -4.50160e+00      2.40600e-01      7.00000e+00    139s
  1218     -5.03840e+00      2.40600e-01      7.00000e+00    140s
  1227     -4.60280e+00      2.40600e-01      7.00000e+00    141s
  1236     -4.55860e+00      2.40600e-01      7.00000e+00    142s
  1245     -4.90300e+00      2.40600e-01      7.00000e+00    143s
  1254     -4.77240e+00      2.40600e-01      7.00000e+00    144s
  1263     -4.75400e+00      2.40600e-01      7.00000e+00    145s
  1272     -4.56520e+00      2.40600e-01      7.00000e+00    146s
  1281     -4.30540e+00      2.40600e-01      7.00000e+00    148s
  1290     -4.36040e+00      2.40600e-01      7.00000e+00    149s
  1299     -4.77600e+00      2.40600e-01      7.00000e+00    150s
  1308     -4.10180e+00      2.40600e-01      7.00000e+00    151s
  1317     -4.19800e+00      2.40600e-01      7.00000e+00    152s
  1325     -4.80500e+00      2.40600e-01      7.00000e+00    153s
  1334     -4.46600e+00      2.40600e-01      7.00000e+00    154s
  1342     -4.34540e+00      2.40600e-01      7.00000e+00    155s
  1351     -4.60680e+00      2.40600e-01      7.00000e+00    156s
  1360     -4.62020e+00      2.40600e-01      7.00000e+00    157s
  1369     -4.34480e+00      2.40600e-01      7.00000e+00    158s
  1378     -4.33180e+00      2.40600e-01      7.00000e+00    159s
  1387     -4.58420e+00      2.40600e-01      7.00000e+00    161s
  1396     -4.41060e+00      2.40600e-01      7.00000e+00    162s
  1404     -3.80660e+00      2.40600e-01      7.00000e+00    163s
  1413     -4.73140e+00      2.40600e-01      7.00000e+00    164s
  1422     -4.48380e+00      2.40600e-01      7.00000e+00    165s
  1430     -4.45140e+00      2.40600e-01      7.00000e+00    166s
  1439     -4.87000e+00      2.40600e-01      7.00000e+00    167s
  1448     -4.69140e+00      2.40600e-01      7.00000e+00    168s
  1457     -3.98520e+00      2.40600e-01      7.00000e+00    169s
  1466     -4.53180e+00      2.40600e-01      7.00000e+00    170s
  1475     -4.81180e+00      2.40600e-01      7.00000e+00    171s
  1485     -4.62220e+00      2.40600e-01      7.00000e+00    172s
  1495     -4.43920e+00      2.40600e-01      7.00000e+00    173s
  1504     -4.11240e+00      2.40600e-01      7.00000e+00    174s
  1513     -4.81900e+00      2.40600e-01      7.00000e+00    176s
  1522     -4.32300e+00      2.40600e-01      7.00000e+00    177s
  1531     -4.32860e+00      2.40600e-01      7.00000e+00    178s
  1540     -4.61480e+00      2.40600e-01      7.00000e+00    179s
  1549     -4.45360e+00      2.40600e-01      7.00000e+00    180s
  1558     -4.24060e+00      2.40600e-01      7.00000e+00    181s
  1566     -4.22940e+00      2.40600e-01      7.00000e+00    182s
  1575     -4.52660e+00      2.40600e-01      7.00000e+00    183s
  1584     -4.57180e+00      2.40600e-01      7.00000e+00    184s
  1593     -4.68540e+00      2.40600e-01      7.00000e+00    185s
  1602     -4.51560e+00      2.40600e-01      7.00000e+00    186s
  1611     -4.39740e+00      2.40600e-01      7.00000e+00    187s
  1620     -4.65860e+00      2.40600e-01      7.00000e+00    188s
  1629     -4.50440e+00      2.40600e-01      7.00000e+00    189s
  1637     -4.71180e+00      2.40600e-01      7.00000e+00    190s
  1646     -4.42780e+00      2.40600e-01      7.00000e+00    191s
  1655     -4.54940e+00      2.40600e-01      7.00000e+00    192s
  1664     -4.63500e+00      2.40600e-01      7.00000e+00    193s
  1673     -4.49000e+00      2.40600e-01      7.00000e+00    194s
  1682     -4.29920e+00      2.40600e-01      7.00000e+00    196s
  1691     -4.10020e+00      2.40600e-01      7.00000e+00    197s
  1700     -4.63120e+00      2.40600e-01      7.00000e+00    198s
  1709     -4.37440e+00      2.40600e-01      7.00000e+00    199s
  1718     -4.00040e+00      2.40600e-01      7.00000e+00    200s
  1727     -4.75060e+00      2.40600e-01      7.00000e+00    201s
  1736     -4.67220e+00      2.40600e-01      7.00000e+00    202s
  1745     -3.89920e+00      2.40600e-01      7.00000e+00    203s
  1754     -5.34800e+00      2.40600e-01      7.00000e+00    204s
  1762     -4.66620e+00      2.40600e-01      7.00000e+00    205s
  1771     -3.55940e+00      2.40600e-01      7.00000e+00    206s
  1780     -5.31700e+00      2.40600e-01      7.00000e+00    207s
  1788     -4.68200e+00      2.40600e-01      7.00000e+00    208s
  1797     -3.93640e+00      2.40600e-01      7.00000e+00    209s
  1805     -6.26020e+00      2.40600e-01      7.00000e+00    210s
  1813     -4.58240e+00      2.40600e-01      7.00000e+00    211s
  1822     -3.64860e+00      2.40600e-01      7.00000e+00    212s
  1831     -5.77060e+00      2.40600e-01      7.00000e+00    213s
  1840     -3.87880e+00      2.40600e-01      7.00000e+00    215s
  1849     -4.63800e+00      2.40600e-01      7.00000e+00    216s
  1858     -6.04540e+00      2.40600e-01      7.00000e+00    217s
  1866     -3.83840e+00      2.40600e-01      7.00000e+00    218s
  1875     -4.85300e+00      2.40600e-01      7.00000e+00    219s
  1884     -5.25140e+00      2.40600e-01      7.00000e+00    220s
  1893     -2.76640e+00      2.40600e-01      7.00000e+00    221s
  1902     -6.56660e+00      2.40600e-01      7.00000e+00    222s
  1911     -4.84000e+00      2.40600e-01      7.00000e+00    223s
  1920     -2.76780e+00      2.40600e-01      7.00000e+00    224s
  1929     -7.15020e+00      2.40600e-01      7.00000e+00    225s
  1939     -4.38500e+00      2.40600e-01      7.00000e+00    227s
  1949     -4.75060e+00      2.40600e-01      7.00000e+00    228s
  1959     -6.00320e+00      2.40600e-01      7.00000e+00    229s
  1967     -3.95260e+00      2.40600e-01      7.00000e+00    230s
  1975     -5.35320e+00      2.40600e-01      7.00000e+00    231s
  1985     -4.90740e+00      2.40600e-01      7.00000e+00    232s
  1995     -2.61920e+00      2.40600e-01      7.00000e+00    233s
  2004     -8.41620e+00      2.40600e-01      7.00000e+00    234s
  2014     -4.72360e+00      2.40600e-01      7.00000e+00    235s
  2024     -4.31940e+00      2.40600e-01      7.00000e+00    236s
  2034     -5.29240e+00      2.40600e-01      7.00000e+00    237s
  2043     -3.65740e+00      2.40600e-01      7.00000e+00    238s
  2052     -6.13920e+00      2.40600e-01      7.00000e+00    239s
  2062     -4.77040e+00      2.40600e-01      7.00000e+00    240s
  2072     -3.06640e+00      2.40600e-01      7.00000e+00    241s
  2082     -5.66780e+00      2.40600e-01      7.00000e+00    243s
  2092     -4.59240e+00      2.40600e-01      7.00000e+00    244s
  2101     -4.82400e+00      2.40600e-01      7.00000e+00    245s
  2111     -4.03900e+00      2.40600e-01      7.00000e+00    246s
  2121     -4.90080e+00      2.40600e-01      7.00000e+00    247s
  2131     -4.41880e+00      2.40600e-01      7.00000e+00    248s
  2141     -6.49940e+00      2.40600e-01      7.00000e+00    249s
  2150     -4.77560e+00      2.40600e-01      7.00000e+00    250s
  2160     -3.54000e+00      2.40600e-01      7.00000e+00    251s
  2169     -8.96960e+00      2.40600e-01      7.00000e+00    252s
  2178     -3.03020e+00      2.40600e-01      7.00000e+00    253s
  2187     -4.74580e+00      2.40600e-01      7.00000e+00    254s
  2197     -7.24580e+00      2.40600e-01      7.00000e+00    255s
  2206     -2.51960e+00      2.40600e-01      7.00000e+00    256s
  2215     -7.77660e+00      2.40600e-01      7.00000e+00    257s
  2224     -5.73340e+00      2.40600e-01      7.00000e+00    258s
  2233     -3.94780e+00      2.40600e-01      7.00000e+00    259s
  2242     -1.19670e+01      2.40600e-01      7.00000e+00    261s
  2252     -9.38800e-01      2.40600e-01      7.00000e+00    262s
  2262     -4.43100e+00      2.40600e-01      7.00000e+00    263s
  2272     -1.17150e+01      2.40600e-01      7.00000e+00    264s
  2282     -3.68200e+00      2.40600e-01      7.00000e+00    265s
  2292     -1.35066e+01      2.40600e-01      7.00000e+00    266s
  2302     -1.22320e+00      2.40600e-01      7.00000e+00    267s
  2312     -4.28500e+00      2.40600e-01      7.00000e+00    268s
  2322     -1.10544e+01      2.40600e-01      7.00000e+00    269s
  2332     -3.52760e+00      2.40600e-01      7.00000e+00    270s
  2342     -1.21826e+01      2.40600e-01      7.00000e+00    271s
  2351     -3.67660e+00      2.40600e-01      7.00000e+00    272s
  2360     -3.87480e+00      2.40600e-01      7.00000e+00    273s
  2369     -1.13168e+01      2.40600e-01      7.00000e+00    274s
  2378     -2.63380e+00      2.40600e-01      7.00000e+00    275s
  2387     -4.36160e+00      2.40600e-01      7.00000e+00    276s
  2396     -8.91920e+00      2.40600e-01      7.00000e+00    277s
  2405     -5.66360e+00      2.40600e-01      7.00000e+00    279s
  2413     -5.24580e+00      2.40600e-01      7.00000e+00    280s
  2422     -5.71780e+00      2.40600e-01      7.00000e+00    281s
  2431     -5.37600e+00      2.40600e-01      7.00000e+00    282s
  2440     -7.39220e+00      2.40600e-01      7.00000e+00    283s
  2449     -4.76120e+00      2.40600e-01      7.00000e+00    284s
  2459     -5.37460e+00      2.40600e-01      7.00000e+00    285s
  2468     -6.64120e+00      2.40600e-01      7.00000e+00    286s
  2476     -5.95860e+00      2.40600e-01      7.00000e+00    287s
  2485     -4.13400e+00      2.40600e-01      7.00000e+00    288s
  2494     -5.23720e+00      2.40600e-01      7.00000e+00    289s

==================================================
Summary of results QAOA
--------------------------------------------------
Avg of QAOA obj (BQO obj):    2.60
Avg of QAOA obj (penalty):    -2.36
Avg of constraint violation:  1.60

Avg of QAOA obj:              0.24
STD of QAOA obj:              1.70
Avg of QAOA obj (feasible):   3.66
STD of QAOA obj (feasible):   0.56

Gamma angles:                 0.26
Beta angles:                  3.59

Best QAOA obj:                7.00
Modified best QAOA obj:       7.00
Best QAOA obj (feasible):     7.00

QAOA total time:              289.49s
QAOA circuit depth:           13
==================================================

==================================================
Summary of results of 0-S5
--------------------------------------------------
Number of vertices:           5
Number of edges:              10

Vertex num in largest comp:   5
Edge num in largest comp:     10

Pre-processing running time:  0.00
Total solver time:            288.85
Running time:                 291.73

Upper bound:                  7.00
Objective value:              7.00

Partition 0:                  1, 4, 5             
Partition 1:                  3                   
Partition 2:                  2                   
==================================================
