==================================================
Instance parameters
--------------------------------------------------
Number of vertices:           21
Number of edges:              57
Number of partitions:         2

Density (%):                  27
Name of instance:             seed1_band
Is planar:                    True
==================================================

==================================================
Solver parameters
--------------------------------------------------
Method:                       R-QUBO
Peel:                         False
Decompose:                    False
Fold:                         False

QAOA Num Levels:              1
QAOA Scipy Optimizer:         brute
==================================================

  iter        avg-obj        best avg-obj       best-obj      time
     0      2.51700e+00      2.51700e+00      1.50000e+01      1s
     2      2.69400e+00      2.69400e+00      1.60000e+01      3s
     4      2.60600e+00      2.69400e+00      1.60000e+01      4s
     6      2.47800e+00      2.69400e+00      1.60000e+01      5s
     8      2.50200e+00      2.69400e+00      1.60000e+01      6s
    10      2.20500e+00      2.76600e+00      1.60000e+01      7s
    12      2.33900e+00      2.76600e+00      1.60000e+01      8s
    14      2.27100e+00      2.76600e+00      1.80000e+01      9s
    16      2.32800e+00      2.76600e+00      1.80000e+01     10s
    18      2.53700e+00      2.76600e+00      1.80000e+01     11s
    20      2.62100e+00      2.76600e+00      1.80000e+01     12s
    22      2.58900e+00      2.76600e+00      1.80000e+01     14s
    24      2.59000e+00      2.76600e+00      1.80000e+01     15s
    26      2.41600e+00      2.76600e+00      1.80000e+01     16s
    28      2.18200e+00      2.76600e+00      1.80000e+01     17s
    30      2.60800e+00      2.76600e+00      1.80000e+01     18s
    32      2.43400e+00      2.76600e+00      1.80000e+01     19s
    34      2.73400e+00      2.76600e+00      1.80000e+01     20s
    36      2.55300e+00      2.76600e+00      1.80000e+01     21s
    38      2.77900e+00      2.77900e+00      1.80000e+01     22s
    40      2.43500e+00      2.77900e+00      1.80000e+01     23s
    42      2.48700e+00      2.77900e+00      1.80000e+01     24s
    44      2.43000e+00      2.77900e+00      1.80000e+01     25s
    46      2.64400e+00      2.77900e+00      1.80000e+01     27s
    48      2.59600e+00      2.81800e+00      1.80000e+01     28s
    50      2.46800e+00      2.81800e+00      1.80000e+01     29s
    52      1.89900e+00      2.81800e+00      1.80000e+01     30s
    54      1.75100e+00      2.81800e+00      1.80000e+01     31s
    56      2.26500e+00      2.81800e+00      1.80000e+01     32s
    58      3.01100e+00      3.01100e+00      1.80000e+01     33s
    60      3.01400e+00      3.17500e+00      1.80000e+01     34s
    62      2.56700e+00      3.17500e+00      1.80000e+01     35s
    64      1.89100e+00      3.17500e+00      1.80000e+01     36s
    66      1.66700e+00      3.17500e+00      1.80000e+01     37s
    68      2.22400e+00      3.17500e+00      1.80000e+01     38s
    70      2.93700e+00      3.17500e+00      1.80000e+01     39s
    72      3.37200e+00      3.37200e+00      1.80000e+01     40s
    74      2.82300e+00      3.37200e+00      2.00000e+01     41s
    76      2.04700e+00      3.37200e+00      2.00000e+01     43s
    78      1.59000e+00      3.37200e+00      2.00000e+01     44s
    80      2.07900e+00      3.37200e+00      2.00000e+01     45s
    82      3.06700e+00      3.37200e+00      2.00000e+01     46s
    84      3.33500e+00      3.37200e+00      2.00000e+01     47s
    86      2.85900e+00      3.37200e+00      2.00000e+01     48s
    88      2.07300e+00      3.37200e+00      2.00000e+01     49s
    90      1.54000e+00      3.37200e+00      2.00000e+01     50s
    92      2.12300e+00      3.37200e+00      2.00000e+01     51s
    94      3.06800e+00      3.37200e+00      2.00000e+01     53s
    97      3.24800e+00      3.37200e+00      2.00000e+01     54s
    99      2.59900e+00      3.37200e+00      2.00000e+01     55s
   101      1.60700e+00      3.37200e+00      2.00000e+01     56s
   103      9.44000e-01      3.37200e+00      2.00000e+01     57s
   105      1.46000e+00      3.37200e+00      2.00000e+01     58s
   107      2.94700e+00      3.37200e+00      2.00000e+01     59s
   109      4.06900e+00      4.06900e+00      2.00000e+01     61s
   111      3.36100e+00      4.06900e+00      2.00000e+01     62s
   113      1.78900e+00      4.06900e+00      2.00000e+01     63s
   115      9.03000e-01      4.06900e+00      2.00000e+01     64s
   117      1.15900e+00      4.06900e+00      2.00000e+01     65s
   119      2.72600e+00      4.06900e+00      2.00000e+01     66s
   121      4.02700e+00      4.06900e+00      2.00000e+01     67s
   123      3.58500e+00      4.06900e+00      2.00000e+01     68s
   125      2.02700e+00      4.06900e+00      2.00000e+01     69s
   127      9.55000e-01      4.06900e+00      2.00000e+01     71s
   129      1.22700e+00      4.06900e+00      2.00000e+01     72s
   131      2.44100e+00      4.06900e+00      2.00000e+01     73s
   133      3.68500e+00      4.06900e+00      2.00000e+01     74s
   135      3.61900e+00      4.06900e+00      2.00000e+01     75s
   137      2.09700e+00      4.06900e+00      2.00000e+01     76s
   139      1.04400e+00      4.06900e+00      2.00000e+01     77s
   141      8.18000e-01      4.06900e+00      2.00000e+01     78s
   143      2.04000e+00      4.06900e+00      2.00000e+01     79s
   145      3.67300e+00      4.06900e+00      2.00000e+01     81s
   147      3.59100e+00      4.06900e+00      2.00000e+01     82s
   149      2.37000e+00      4.06900e+00      2.00000e+01     83s
   151      1.52100e+00      4.06900e+00      2.00000e+01     84s
   153      4.40000e-01      4.06900e+00      2.00000e+01     85s
   155      1.06300e+00      4.06900e+00      2.00000e+01     86s
   157      3.18500e+00      4.06900e+00      2.00000e+01     87s
   159      4.00000e+00      4.06900e+00      2.00000e+01     88s
   161      3.56800e+00      4.06900e+00      2.00000e+01     89s
   163      1.56700e+00      4.06900e+00      2.00000e+01     91s
   165      7.93000e-01      4.06900e+00      2.00000e+01     92s
   167      8.70000e-01      4.06900e+00      2.00000e+01     93s
   169      2.48800e+00      4.06900e+00      2.00000e+01     94s
   171      4.16600e+00      4.16600e+00      2.00000e+01     95s
   173      3.63500e+00      4.16600e+00      2.00000e+01     96s
   175      1.95100e+00      4.16600e+00      2.00000e+01     97s
   177      6.32000e-01      4.16600e+00      2.00000e+01     98s
   179      6.77000e-01      4.16600e+00      2.00000e+01     99s
   181      2.45300e+00      4.16600e+00      2.00000e+01    100s
   183      3.75200e+00      4.16600e+00      2.00000e+01    101s
   185      3.89600e+00      4.16600e+00      2.00000e+01    103s
   187      2.38400e+00      4.16600e+00      2.00000e+01    104s
   189      6.96000e-01      4.16600e+00      2.00000e+01    105s
   191      6.65000e-01      4.16600e+00      2.00000e+01    106s
   193      2.06000e+00      4.16600e+00      2.00000e+01    107s
   195      3.79700e+00      4.16600e+00      2.00000e+01    108s
   197      3.87000e+00      4.35000e+00      2.00000e+01    109s
   199      2.47700e+00      4.35000e+00      2.00000e+01    110s
   201      1.69700e+00      4.35000e+00      2.00000e+01    111s
   203      4.30000e-01      4.35000e+00      2.00000e+01    112s
   205      1.35200e+00      4.35000e+00      2.00000e+01    114s
   207      2.90100e+00      4.35000e+00      2.00000e+01    115s
   209      4.16400e+00      4.35000e+00      2.00000e+01    116s
   212      2.56400e+00      4.35000e+00      2.00000e+01    117s
   214      9.44000e-01      4.35000e+00      2.00000e+01    118s
   216      4.03000e-01      4.35000e+00      2.00000e+01    120s
   218      1.67600e+00      4.35000e+00      2.00000e+01    121s
   220      3.70600e+00      4.35000e+00      2.00000e+01    122s
   222      4.06500e+00      4.35000e+00      2.00000e+01    123s
   224      2.75100e+00      4.35000e+00      2.00000e+01    124s
   226      1.06300e+00      4.35000e+00      2.00000e+01    125s
   228      3.55000e-01      4.35000e+00      2.00000e+01    126s
   230      1.69300e+00      4.35000e+00      2.00000e+01    127s
   232      3.46700e+00      4.35000e+00      2.00000e+01    128s
   234      4.05700e+00      4.35000e+00      2.00000e+01    129s
   236      3.10900e+00      4.35000e+00      2.00000e+01    130s
   238      1.50500e+00      4.35000e+00      2.00000e+01    132s
   240      6.48000e-01      4.35000e+00      2.00000e+01    133s
   242      1.29200e+00      4.35000e+00      2.00000e+01    134s
   244      2.97500e+00      4.35000e+00      2.00000e+01    135s
   246      4.32400e+00      4.35000e+00      2.00000e+01    136s
   248      3.40100e+00      4.35000e+00      2.00000e+01    137s
   250      2.35800e+00      4.35000e+00      2.00000e+01    138s
   252      1.12000e+00      4.35000e+00      2.00000e+01    139s
   254      8.39000e-01      4.35000e+00      2.00000e+01    140s
   256      1.88100e+00      4.35000e+00      2.00000e+01    141s
   258      3.32900e+00      4.35000e+00      2.00000e+01    142s
   260      3.87100e+00      4.35000e+00      2.00000e+01    143s
   262      2.43300e+00      4.35000e+00      2.00000e+01    145s
   264      1.24500e+00      4.35000e+00      2.00000e+01    146s
   266      1.03300e+00      4.35000e+00      2.00000e+01    147s
   268      1.91100e+00      4.35000e+00      2.00000e+01    148s
   270      3.39000e+00      4.35000e+00      2.00000e+01    149s
   272      3.83900e+00      4.35000e+00      2.00000e+01    150s
   274      2.81200e+00      4.35000e+00      2.00000e+01    151s
   276      1.42000e+00      4.35000e+00      2.00000e+01    152s
   278      1.08200e+00      4.35000e+00      2.00000e+01    153s
   281      2.57500e+00      4.35000e+00      2.00000e+01    155s
   284      3.89100e+00      4.35000e+00      2.00000e+01    157s
   286      3.04800e+00      4.35000e+00      2.00000e+01    158s
   288      1.47800e+00      4.35000e+00      2.00000e+01    159s
   290      8.98000e-01      4.35000e+00      2.00000e+01    160s
   292      1.71500e+00      4.35000e+00      2.00000e+01    161s
   294      3.01100e+00      4.35000e+00      2.00000e+01    162s
   296      3.69700e+00      4.35000e+00      2.00000e+01    163s
   298      3.09200e+00      4.35000e+00      2.00000e+01    164s
   300      2.46800e+00      4.35000e+00      2.00000e+01    165s
   302      1.51700e+00      4.35000e+00      2.00000e+01    167s
   305      1.86800e+00      4.35000e+00      2.00000e+01    168s
   307      3.00800e+00      4.35000e+00      2.00000e+01    169s
   309      3.40800e+00      4.35000e+00      2.00000e+01    170s
   311      3.13600e+00      4.35000e+00      2.00000e+01    171s
   313      2.19600e+00      4.35000e+00      2.00000e+01    172s
   315      1.37700e+00      4.35000e+00      2.00000e+01    174s
   317      1.69700e+00      4.35000e+00      2.00000e+01    175s
   320      3.17000e+00      4.35000e+00      2.00000e+01    176s
   322      3.41300e+00      4.35000e+00      2.00000e+01    177s
   324      2.73700e+00      4.35000e+00      2.00000e+01    178s
   326      1.67300e+00      4.35000e+00      2.00000e+01    179s
   328      1.42900e+00      4.35000e+00      2.00000e+01    181s
   330      2.04900e+00      4.35000e+00      2.00000e+01    182s
   332      3.31200e+00      4.35000e+00      2.00000e+01    183s
   334      3.25300e+00      4.35000e+00      2.00000e+01    184s
   336      2.71800e+00      4.35000e+00      2.00000e+01    185s
   338      1.95300e+00      4.35000e+00      2.00000e+01    186s
   340      1.20300e+00      4.35000e+00      2.00000e+01    187s
   342      1.78200e+00      4.35000e+00      2.00000e+01    188s
   344      3.00400e+00      4.35000e+00      2.00000e+01    189s
   346      3.45700e+00      4.35000e+00      2.00000e+01    190s
   349      2.35600e+00      4.35000e+00      2.00000e+01    192s
   351      1.96600e+00      4.35000e+00      2.00000e+01    193s
   353      2.01600e+00      4.35000e+00      2.00000e+01    194s
   355      2.19400e+00      4.35000e+00      2.00000e+01    195s
   357      2.70800e+00      4.35000e+00      2.00000e+01    196s
   360      3.32400e+00      4.35000e+00      2.00000e+01    198s
   362      2.53200e+00      4.35000e+00      2.00000e+01    199s
   364      2.20700e+00      4.35000e+00      2.00000e+01    200s
   366      1.99000e+00      4.35000e+00      2.00000e+01    201s
   368      2.45100e+00      4.35000e+00      2.00000e+01    202s
   370      2.99200e+00      4.35000e+00      2.00000e+01    203s
   372      3.29900e+00      4.35000e+00      2.00000e+01    204s
   374      2.50700e+00      4.35000e+00      2.00000e+01    205s
   377      1.76200e+00      4.35000e+00      2.00000e+01    207s
   380      2.11700e+00      4.35000e+00      2.00000e+01    208s
   382      2.99800e+00      4.35000e+00      2.00000e+01    209s
   384      3.14300e+00      4.35000e+00      2.00000e+01    210s
   386      2.56800e+00      4.35000e+00      2.00000e+01    212s
   388      2.03600e+00      4.35000e+00      2.00000e+01    213s
   390      1.85800e+00      4.35000e+00      2.00000e+01    214s
   392      2.38400e+00      4.35000e+00      2.00000e+01    215s
   394      2.87500e+00      4.35000e+00      2.00000e+01    216s
   396      3.25300e+00      4.35000e+00      2.00000e+01    217s
   398      2.82400e+00      4.35000e+00      2.00000e+01    218s
   400      2.59800e+00      4.35000e+00      2.00000e+01    219s
   402      2.38400e+00      4.35000e+00      2.00000e+01    220s
   404      2.39100e+00      4.35000e+00      2.00000e+01    221s
   406      2.54800e+00      4.35000e+00      2.00000e+01    223s
   408      2.94500e+00      4.35000e+00      2.00000e+01    224s
   410      2.90800e+00      4.35000e+00      2.00000e+01    225s
   413      2.31700e+00      4.35000e+00      2.00000e+01    226s
   415      2.26900e+00      4.35000e+00      2.00000e+01    227s
   417      2.39300e+00      4.35000e+00      2.00000e+01    228s
   419      2.54700e+00      4.35000e+00      2.00000e+01    230s
   421      2.63700e+00      4.35000e+00      2.00000e+01    231s
   423      2.79100e+00      4.35000e+00      2.00000e+01    232s
   425      2.61300e+00      4.35000e+00      2.00000e+01    233s
   427      2.12300e+00      4.35000e+00      2.00000e+01    234s
   429      2.40300e+00      4.35000e+00      2.00000e+01    235s
   431      2.75100e+00      4.35000e+00      2.00000e+01    236s
   433      2.84700e+00      4.35000e+00      2.00000e+01    237s
   436      2.69100e+00      4.35000e+00      2.00000e+01    239s
   439      2.31100e+00      4.35000e+00      2.00000e+01    240s
   441      2.05600e+00      4.35000e+00      2.00000e+01    241s
   443      2.43300e+00      4.35000e+00      2.00000e+01    242s
   445      2.73300e+00      4.35000e+00      2.00000e+01    243s
   447      2.89200e+00      4.35000e+00      2.00000e+01    244s
   449      2.47900e+00      4.35000e+00      2.00000e+01    246s
   451      2.32000e+00      4.35000e+00      2.00000e+01    247s
   453      2.23700e+00      4.35000e+00      2.00000e+01    248s
   455      2.42200e+00      4.35000e+00      2.00000e+01    249s
   457      2.56900e+00      4.35000e+00      2.00000e+01    250s
   459      2.57800e+00      4.35000e+00      2.00000e+01    251s
   461      2.65800e+00      4.35000e+00      2.00000e+01    252s
   463      2.25700e+00      4.35000e+00      2.00000e+01    253s
   465      2.39000e+00      4.35000e+00      2.00000e+01    254s
   467      2.54100e+00      4.35000e+00      2.00000e+01    255s
   469      2.77100e+00      4.35000e+00      2.00000e+01    256s
   471      2.50300e+00      4.35000e+00      2.00000e+01    257s
   473      2.62400e+00      4.35000e+00      2.00000e+01    259s
   475      2.44200e+00      4.35000e+00      2.00000e+01    260s
   477      2.48600e+00      4.35000e+00      2.00000e+01    261s
   479      2.57500e+00      4.35000e+00      2.00000e+01    262s
   481      2.31900e+00      4.35000e+00      2.00000e+01    263s
   483      2.88200e+00      4.35000e+00      2.00000e+01    264s
   486      2.57500e+00      4.35000e+00      2.00000e+01    266s
   489      2.42400e+00      4.35000e+00      2.00000e+01    267s
   491      2.19700e+00      4.35000e+00      2.00000e+01    268s
   493      2.49300e+00      4.35000e+00      2.00000e+01    269s
   495      2.78400e+00      4.35000e+00      2.00000e+01    270s
   497      2.41200e+00      4.35000e+00      2.00000e+01    271s
   499      2.42900e+00      4.35000e+00      2.00000e+01    272s
   501      2.42700e+00      4.35000e+00      2.00000e+01    274s
   503      2.64700e+00      4.35000e+00      2.00000e+01    275s
   505      2.51200e+00      4.35000e+00      2.00000e+01    276s
   507      2.48900e+00      4.35000e+00      2.00000e+01    277s
   509      2.40400e+00      4.35000e+00      2.00000e+01    278s
   511      2.42200e+00      4.35000e+00      2.00000e+01    279s
   513      2.58700e+00      4.35000e+00      2.00000e+01    280s
   515      2.37400e+00      4.35000e+00      2.00000e+01    281s
   517      2.57600e+00      4.35000e+00      2.00000e+01    282s
   519      2.50300e+00      4.35000e+00      2.00000e+01    283s
   521      2.54200e+00      4.35000e+00      2.00000e+01    284s
   523      2.42600e+00      4.35000e+00      2.00000e+01    286s
   525      2.29000e+00      4.35000e+00      2.00000e+01    287s
   527      2.54500e+00      4.35000e+00      2.00000e+01    288s
   529      2.59100e+00      4.35000e+00      2.00000e+01    289s
   531      2.57300e+00      4.35000e+00      2.00000e+01    290s
   533      2.47300e+00      4.35000e+00      2.00000e+01    291s
   535      2.79400e+00      4.35000e+00      2.00000e+01    292s
   537      2.56300e+00      4.35000e+00      2.00000e+01    293s
   539      2.42200e+00      4.35000e+00      2.00000e+01    294s
   541      2.47400e+00      4.35000e+00      2.00000e+01    295s
   543      2.45300e+00      4.35000e+00      2.00000e+01    296s
   545      2.55600e+00      4.35000e+00      2.00000e+01    298s
   547      2.61800e+00      4.35000e+00      2.00000e+01    299s
   549      2.36200e+00      4.35000e+00      2.00000e+01    300s
   551      2.28500e+00      4.35000e+00      2.00000e+01    301s
   553      2.42500e+00      4.35000e+00      2.00000e+01    302s
   555      2.48900e+00      4.35000e+00      2.00000e+01    303s
   557      2.54900e+00      4.35000e+00      2.00000e+01    304s
   559      2.49300e+00      4.35000e+00      2.00000e+01    305s
   561      2.52100e+00      4.35000e+00      2.00000e+01    306s
   563      2.51500e+00      4.35000e+00      2.00000e+01    307s
   565      2.64500e+00      4.35000e+00      2.00000e+01    308s
   567      2.45900e+00      4.35000e+00      2.00000e+01    310s
   569      2.37700e+00      4.35000e+00      2.00000e+01    311s
   571      2.47600e+00      4.35000e+00      2.00000e+01    312s
   573      2.64700e+00      4.35000e+00      2.00000e+01    313s
   575      2.53000e+00      4.35000e+00      2.00000e+01    314s
   577      2.46400e+00      4.35000e+00      2.00000e+01    315s
   579      2.62100e+00      4.35000e+00      2.00000e+01    316s
   581      2.59000e+00      4.35000e+00      2.00000e+01    317s
   583      2.61400e+00      4.35000e+00      2.00000e+01    318s
   585      2.47500e+00      4.35000e+00      2.00000e+01    319s
   587      2.34200e+00      4.35000e+00      2.00000e+01    321s
   589      2.51900e+00      4.35000e+00      2.00000e+01    322s
   591      2.56300e+00      4.35000e+00      2.00000e+01    323s
   593      2.47600e+00      4.35000e+00      2.00000e+01    324s
   595      2.76600e+00      4.35000e+00      2.00000e+01    325s
   597      2.34400e+00      4.35000e+00      2.00000e+01    326s
   599      2.60800e+00      4.35000e+00      2.00000e+01    327s
   601      2.51500e+00      4.35000e+00      2.00000e+01    328s
   603      2.49500e+00      4.35000e+00      2.00000e+01    329s
   605      2.47800e+00      4.35000e+00      2.00000e+01    331s
   607      2.47100e+00      4.35000e+00      2.00000e+01    332s
   609      2.68300e+00      4.35000e+00      2.00000e+01    333s
   611      2.66600e+00      4.35000e+00      2.00000e+01    334s
   613      2.36000e+00      4.35000e+00      2.00000e+01    335s
   615      2.51600e+00      4.35000e+00      2.00000e+01    336s
   617      2.36000e+00      4.35000e+00      2.00000e+01    337s
   619      2.32600e+00      4.35000e+00      2.00000e+01    338s
   621      2.41300e+00      4.35000e+00      2.00000e+01    339s
   623      2.75100e+00      4.35000e+00      2.00000e+01    340s
   625      2.55500e+00      4.35000e+00      2.00000e+01    341s
   627      2.44800e+00      4.35000e+00      2.00000e+01    343s
   629      2.79200e+00      4.35000e+00      2.00000e+01    344s
   631      2.53700e+00      4.35000e+00      2.00000e+01    345s
   633      2.59000e+00      4.35000e+00      2.00000e+01    346s
   635      2.47700e+00      4.35000e+00      2.00000e+01    347s
   637      2.35500e+00      4.35000e+00      2.00000e+01    348s
   639      2.73300e+00      4.35000e+00      2.00000e+01    349s
   641      2.49500e+00      4.35000e+00      2.00000e+01    350s
   643      2.38500e+00      4.35000e+00      2.00000e+01    351s
   645      2.53500e+00      4.35000e+00      2.00000e+01    352s
   647      2.47900e+00      4.35000e+00      2.00000e+01    353s
   649      2.35600e+00      4.35000e+00      2.00000e+01    354s
   651      2.58400e+00      4.35000e+00      2.00000e+01    355s
   653      2.69000e+00      4.35000e+00      2.00000e+01    357s
   655      2.46100e+00      4.35000e+00      2.00000e+01    358s
   658      2.49900e+00      4.35000e+00      2.00000e+01    359s
   660      2.49200e+00      4.35000e+00      2.00000e+01    360s
   662      2.53900e+00      4.35000e+00      2.00000e+01    361s
   664      2.50700e+00      4.35000e+00      2.00000e+01    362s
   666      2.70200e+00      4.35000e+00      2.00000e+01    364s
   668      2.32400e+00      4.35000e+00      2.00000e+01    365s
   670      2.50100e+00      4.35000e+00      2.00000e+01    366s
   672      2.71900e+00      4.35000e+00      2.00000e+01    367s
   674      2.45400e+00      4.35000e+00      2.00000e+01    368s
   677      2.63000e+00      4.35000e+00      2.00000e+01    369s
   679      2.38300e+00      4.35000e+00      2.00000e+01    371s
   681      2.55900e+00      4.35000e+00      2.00000e+01    372s
   683      2.63300e+00      4.35000e+00      2.00000e+01    373s
   685      2.40100e+00      4.35000e+00      2.00000e+01    374s
   687      2.74200e+00      4.35000e+00      2.00000e+01    375s
   689      2.67300e+00      4.35000e+00      2.00000e+01    376s
   691      2.50400e+00      4.35000e+00      2.00000e+01    377s
   693      2.57100e+00      4.35000e+00      2.00000e+01    378s
   695      2.58100e+00      4.35000e+00      2.00000e+01    379s
   697      2.28900e+00      4.35000e+00      2.00000e+01    380s
   699      2.48200e+00      4.35000e+00      2.00000e+01    381s
   701      2.54500e+00      4.35000e+00      2.00000e+01    383s
   703      2.56800e+00      4.35000e+00      2.00000e+01    384s
   705      2.54700e+00      4.35000e+00      2.00000e+01    385s
   707      2.45800e+00      4.35000e+00      2.00000e+01    386s
   709      2.47900e+00      4.35000e+00      2.00000e+01    387s
   711      2.68700e+00      4.35000e+00      2.00000e+01    388s
   713      2.56900e+00      4.35000e+00      2.00000e+01    389s
   715      2.63600e+00      4.35000e+00      2.00000e+01    390s
   717      2.52200e+00      4.35000e+00      2.00000e+01    391s
   719      2.38200e+00      4.35000e+00      2.00000e+01    392s
   721      2.75500e+00      4.35000e+00      2.00000e+01    394s
   723      2.57000e+00      4.35000e+00      2.00000e+01    395s
   725      2.68500e+00      4.35000e+00      2.00000e+01    396s
   727      2.58300e+00      4.35000e+00      2.00000e+01    397s
   729      2.45600e+00      4.35000e+00      2.00000e+01    398s
   731      2.27700e+00      4.35000e+00      2.00000e+01    399s
   733      2.68200e+00      4.35000e+00      2.00000e+01    400s
   735      2.55800e+00      4.35000e+00      2.00000e+01    401s
   737      2.47300e+00      4.35000e+00      2.00000e+01    402s
   739      2.36600e+00      4.35000e+00      2.00000e+01    403s
   741      2.34100e+00      4.35000e+00      2.00000e+01    404s
   743      2.61000e+00      4.35000e+00      2.00000e+01    405s
   745      2.55700e+00      4.35000e+00      2.00000e+01    407s
   747      2.62700e+00      4.35000e+00      2.00000e+01    408s
   749      2.54300e+00      4.35000e+00      2.00000e+01    409s
   751      2.45100e+00      4.35000e+00      2.00000e+01    410s
   753      2.41300e+00      4.35000e+00      2.00000e+01    411s
   755      2.41900e+00      4.35000e+00      2.00000e+01    412s
   757      2.37600e+00      4.35000e+00      2.00000e+01    413s
   759      2.67200e+00      4.35000e+00      2.00000e+01    414s
   761      2.20900e+00      4.35000e+00      2.00000e+01    415s
   763      2.26700e+00      4.35000e+00      2.00000e+01    416s
   765      2.65100e+00      4.35000e+00      2.00000e+01    417s
   767      2.43600e+00      4.35000e+00      2.00000e+01    418s
   769      2.43300e+00      4.35000e+00      2.00000e+01    419s
   771      2.33800e+00      4.35000e+00      2.00000e+01    421s
   774      2.67300e+00      4.35000e+00      2.00000e+01    422s
   776      2.65900e+00      4.35000e+00      2.00000e+01    423s
   778      2.50800e+00      4.35000e+00      2.00000e+01    424s
   780      2.42100e+00      4.35000e+00      2.00000e+01    425s
   782      2.37500e+00      4.35000e+00      2.00000e+01    426s
   784      2.53100e+00      4.35000e+00      2.00000e+01    428s
   786      2.36900e+00      4.35000e+00      2.00000e+01    429s
   789      2.43200e+00      4.35000e+00      2.00000e+01    430s
   791      2.35500e+00      4.35000e+00      2.00000e+01    431s
   793      2.44100e+00      4.35000e+00      2.00000e+01    432s
   796      2.58700e+00      4.35000e+00      2.00000e+01    434s
   798      2.40600e+00      4.35000e+00      2.00000e+01    435s
   800      2.45400e+00      4.35000e+00      2.00000e+01    436s
   802      2.71600e+00      4.35000e+00      2.00000e+01    437s
   804      2.67500e+00      4.35000e+00      2.00000e+01    438s
   806      2.50300e+00      4.35000e+00      2.00000e+01    439s
   808      2.44800e+00      4.35000e+00      2.00000e+01    441s
   810      2.23900e+00      4.35000e+00      2.00000e+01    442s
   812      2.49500e+00      4.35000e+00      2.00000e+01    443s
   814      2.63800e+00      4.35000e+00      2.00000e+01    444s
   816      2.79900e+00      4.35000e+00      2.00000e+01    445s
   818      2.51000e+00      4.35000e+00      2.00000e+01    446s
   820      2.53400e+00      4.35000e+00      2.00000e+01    447s
   822      2.29400e+00      4.35000e+00      2.00000e+01    448s
   824      2.58300e+00      4.35000e+00      2.00000e+01    449s
   826      2.55400e+00      4.35000e+00      2.00000e+01    450s
   828      2.61700e+00      4.35000e+00      2.00000e+01    451s
   830      2.45700e+00      4.35000e+00      2.00000e+01    452s
   832      2.65700e+00      4.35000e+00      2.00000e+01    454s
   834      2.28900e+00      4.35000e+00      2.00000e+01    455s
   836      2.47700e+00      4.35000e+00      2.00000e+01    456s
   838      2.47700e+00      4.35000e+00      2.00000e+01    457s
   840      2.60000e+00      4.35000e+00      2.00000e+01    458s
   842      2.65000e+00      4.35000e+00      2.00000e+01    459s
   844      2.41200e+00      4.35000e+00      2.00000e+01    460s
   846      2.43700e+00      4.35000e+00      2.00000e+01    462s
   848      2.19500e+00      4.35000e+00      2.00000e+01    463s
   850      2.57300e+00      4.35000e+00      2.00000e+01    464s
   852      2.90800e+00      4.35000e+00      2.00000e+01    465s
   854      2.92600e+00      4.35000e+00      2.00000e+01    466s
   856      2.62100e+00      4.35000e+00      2.00000e+01    467s
   858      2.37300e+00      4.35000e+00      2.00000e+01    468s
   860      2.17800e+00      4.35000e+00      2.00000e+01    469s
   862      2.45200e+00      4.35000e+00      2.00000e+01    470s
   864      2.86800e+00      4.35000e+00      2.00000e+01    471s
   866      3.00200e+00      4.35000e+00      2.00000e+01    473s
   868      2.65300e+00      4.35000e+00      2.00000e+01    474s
   870      2.10300e+00      4.35000e+00      2.00000e+01    475s
   872      2.02100e+00      4.35000e+00      2.00000e+01    476s
   874      2.37300e+00      4.35000e+00      2.00000e+01    477s
   876      2.93400e+00      4.35000e+00      2.00000e+01    478s
   878      2.94800e+00      4.35000e+00      2.00000e+01    479s
   880      2.77600e+00      4.35000e+00      2.00000e+01    480s
   882      2.37600e+00      4.35000e+00      2.00000e+01    481s
   884      2.12500e+00      4.35000e+00      2.00000e+01    482s
   886      2.37300e+00      4.35000e+00      2.00000e+01    484s
   888      2.66900e+00      4.35000e+00      2.00000e+01    485s
   890      2.91700e+00      4.35000e+00      2.00000e+01    486s
   892      2.79200e+00      4.35000e+00      2.00000e+01    487s
   894      2.29500e+00      4.35000e+00      2.00000e+01    488s
   897      2.30100e+00      4.35000e+00      2.00000e+01    490s
   899      2.36600e+00      4.35000e+00      2.00000e+01    491s
   901      2.84300e+00      4.35000e+00      2.00000e+01    492s
   903      3.42700e+00      4.35000e+00      2.00000e+01    493s
   905      3.25600e+00      4.35000e+00      2.00000e+01    494s
   907      2.31400e+00      4.35000e+00      2.00000e+01    495s
   909      1.63700e+00      4.35000e+00      2.00000e+01    496s
   911      1.93300e+00      4.35000e+00      2.00000e+01    497s
   913      2.69200e+00      4.35000e+00      2.00000e+01    499s
   915      3.33600e+00      4.35000e+00      2.00000e+01    500s
   917      3.35500e+00      4.35000e+00      2.00000e+01    501s
   920      2.20000e+00      4.35000e+00      2.00000e+01    502s
   922      1.72400e+00      4.35000e+00      2.00000e+01    503s
   924      2.40300e+00      4.35000e+00      2.00000e+01    505s
   926      3.00300e+00      4.35000e+00      2.00000e+01    506s
   928      3.30100e+00      4.35000e+00      2.00000e+01    507s
   930      2.97900e+00      4.35000e+00      2.00000e+01    508s
   932      2.13800e+00      4.35000e+00      2.00000e+01    509s
   934      1.98000e+00      4.35000e+00      2.00000e+01    510s
   936      2.36800e+00      4.35000e+00      2.00000e+01    511s
   938      3.06200e+00      4.35000e+00      2.00000e+01    512s
   940      3.30400e+00      4.35000e+00      2.00000e+01    513s
   942      2.95100e+00      4.35000e+00      2.00000e+01    514s
   944      2.45100e+00      4.35000e+00      2.00000e+01    515s
   946      1.55800e+00      4.35000e+00      2.00000e+01    516s
   948      1.92100e+00      4.35000e+00      2.00000e+01    518s
   950      2.43100e+00      4.35000e+00      2.00000e+01    519s
   952      3.53500e+00      4.35000e+00      2.00000e+01    520s
   954      3.57400e+00      4.35000e+00      2.00000e+01    521s
   956      2.43600e+00      4.35000e+00      2.00000e+01    522s
   958      1.76700e+00      4.35000e+00      2.00000e+01    523s
   960      1.41300e+00      4.35000e+00      2.00000e+01    524s
   962      2.35300e+00      4.35000e+00      2.00000e+01    525s
   964      3.72800e+00      4.35000e+00      2.00000e+01    526s
   966      3.68000e+00      4.35000e+00      2.00000e+01    528s
   968      2.80200e+00      4.35000e+00      2.00000e+01    529s
   970      1.79300e+00      4.35000e+00      2.00000e+01    530s
   972      1.49000e+00      4.35000e+00      2.00000e+01    531s
   974      2.07100e+00      4.35000e+00      2.00000e+01    532s
   976      3.13300e+00      4.35000e+00      2.00000e+01    533s
   978      3.70000e+00      4.35000e+00      2.00000e+01    534s
   980      2.87400e+00      4.35000e+00      2.00000e+01    535s
   982      1.79300e+00      4.35000e+00      2.00000e+01    536s
   984      1.36100e+00      4.35000e+00      2.00000e+01    538s
   986      2.07500e+00      4.35000e+00      2.00000e+01    539s
   988      3.26300e+00      4.35000e+00      2.00000e+01    540s
   990      3.74300e+00      4.35000e+00      2.00000e+01    541s
   992      3.20200e+00      4.35000e+00      2.00000e+01    542s
   994      1.90500e+00      4.35000e+00      2.00000e+01    543s
   996      1.37100e+00      4.35000e+00      2.00000e+01    544s
   998      1.96600e+00      4.35000e+00      2.00000e+01    545s
  1000      2.55400e+00      4.35000e+00      2.00000e+01    546s
  1002      3.88000e+00      4.35000e+00      2.00000e+01    548s
  1004      4.13000e+00      4.35000e+00      2.00000e+01    549s
  1006      2.70900e+00      4.35000e+00      2.00000e+01    550s
  1008      1.14300e+00      4.35000e+00      2.00000e+01    551s
  1010      9.42000e-01      4.35000e+00      2.00000e+01    552s
  1012      2.15900e+00      4.35000e+00      2.00000e+01    553s
  1014      3.69300e+00      4.35000e+00      2.00000e+01    554s
  1016      3.98700e+00      4.35000e+00      2.00000e+01    555s
  1018      2.82300e+00      4.35000e+00      2.00000e+01    556s
  1020      1.29300e+00      4.35000e+00      2.00000e+01    557s
  1022      1.06400e+00      4.35000e+00      2.00000e+01    558s
  1024      2.25400e+00      4.35000e+00      2.00000e+01    560s
  1026      3.76700e+00      4.35000e+00      2.00000e+01    561s
  1028      4.00000e+00      4.35000e+00      2.00000e+01    562s
  1030      3.06900e+00      4.35000e+00      2.00000e+01    563s
  1032      1.33400e+00      4.35000e+00      2.00000e+01    564s
  1034      8.40000e-01      4.35000e+00      2.00000e+01    565s
  1036      1.85000e+00      4.35000e+00      2.00000e+01    566s
  1038      3.43600e+00      4.35000e+00      2.00000e+01    567s
  1040      4.06500e+00      4.35000e+00      2.00000e+01    569s
  1042      3.13000e+00      4.35000e+00      2.00000e+01    570s
  1044      1.49800e+00      4.35000e+00      2.00000e+01    571s
  1046      9.84000e-01      4.35000e+00      2.00000e+01    572s
  1048      1.60500e+00      4.35000e+00      2.00000e+01    573s
  1050      2.31300e+00      4.35000e+00      2.00000e+01    574s
  1052      4.34700e+00      4.35000e+00      2.00000e+01    575s
  1054      3.80800e+00      4.35300e+00      2.00000e+01    576s
  1056      2.48100e+00      4.35300e+00      2.00000e+01    577s
  1058      1.05000e+00      4.35300e+00      2.00000e+01    578s
  1060      8.08000e-01      4.35300e+00      2.00000e+01    579s
  1062      2.05300e+00      4.35300e+00      2.00000e+01    581s
  1064      3.82500e+00      4.35300e+00      2.00000e+01    582s
  1066      4.01100e+00      4.38100e+00      2.00000e+01    583s
  1068      2.66200e+00      4.38100e+00      2.00000e+01    584s
  1070      1.11500e+00      4.38100e+00      2.00000e+01    585s
  1072      6.93000e-01      4.38100e+00      2.00000e+01    586s
  1074      2.11100e+00      4.38100e+00      2.00000e+01    587s
  1076      3.59600e+00      4.38100e+00      2.00000e+01    588s
  1078      4.07800e+00      4.38100e+00      2.00000e+01    590s
  1080      2.78400e+00      4.38100e+00      2.00000e+01    591s
  1082      1.24900e+00      4.38100e+00      2.00000e+01    592s
  1084      6.49000e-01      4.38100e+00      2.00000e+01    593s
  1086      1.81900e+00      4.38100e+00      2.00000e+01    594s
  1088      3.42900e+00      4.38100e+00      2.00000e+01    595s
  1090      4.23800e+00      4.38100e+00      2.00000e+01    596s
  1092      3.21700e+00      4.38100e+00      2.00000e+01    597s
  1094      1.46400e+00      4.38100e+00      2.00000e+01    599s
  1096      6.92000e-01      4.38100e+00      2.00000e+01    600s
  1098      1.87000e+00      4.38100e+00      2.00000e+01    601s
  1100      2.42400e+00      4.38100e+00      2.00000e+01    602s
  1102      3.63400e+00      4.38100e+00      2.00000e+01    603s
  1104      3.94600e+00      4.38100e+00      2.00000e+01    604s
  1106      2.70300e+00      4.38100e+00      2.00000e+01    605s
  1108      1.10500e+00      4.38100e+00      2.00000e+01    606s
  1110      8.10000e-01      4.38100e+00      2.00000e+01    607s
  1112      2.14600e+00      4.38100e+00      2.00000e+01    608s
  1114      3.78400e+00      4.38100e+00      2.00000e+01    609s
  1116      4.14600e+00      4.38100e+00      2.00000e+01    611s
  1118      3.02700e+00      4.38100e+00      2.00000e+01    612s
  1120      1.18300e+00      4.38100e+00      2.00000e+01    613s
  1122      7.44000e-01      4.38100e+00      2.00000e+01    614s
  1124      2.09100e+00      4.38100e+00      2.00000e+01    615s
  1126      3.55700e+00      4.38100e+00      2.00000e+01    616s
  1128      4.13300e+00      4.38100e+00      2.00000e+01    617s
  1130      2.95700e+00      4.38100e+00      2.00000e+01    618s
  1132      1.46000e+00      4.38100e+00      2.00000e+01    619s
  1134      8.93000e-01      4.38100e+00      2.00000e+01    621s
  1136      1.98400e+00      4.38100e+00      2.00000e+01    622s
  1138      3.50500e+00      4.38100e+00      2.00000e+01    623s
  1140      4.56600e+00      4.56600e+00      2.00000e+01    624s
  1142      3.10100e+00      4.56600e+00      2.00000e+01    625s
  1144      1.42300e+00      4.56600e+00      2.00000e+01    626s
  1147      9.44000e-01      4.56600e+00      2.00000e+01    628s
  1149      2.36400e+00      4.56600e+00      2.00000e+01    629s
  1151      3.14800e+00      4.56600e+00      2.00000e+01    630s
  1153      3.79300e+00      4.56600e+00      2.00000e+01    631s
  1155      3.20100e+00      4.56600e+00      2.00000e+01    632s
  1157      1.73200e+00      4.56600e+00      2.00000e+01    633s
  1159      1.33300e+00      4.56600e+00      2.00000e+01    634s
  1161      1.78300e+00      4.56600e+00      2.00000e+01    635s
  1163      2.96500e+00      4.56600e+00      2.00000e+01    636s
  1165      3.50300e+00      4.56600e+00      2.00000e+01    638s
  1167      3.21600e+00      4.56600e+00      2.00000e+01    639s
  1169      1.99900e+00      4.56600e+00      2.00000e+01    640s
  1171      1.24800e+00      4.56600e+00      2.00000e+01    641s
  1173      1.41100e+00      4.56600e+00      2.00000e+01    642s
  1175      2.70100e+00      4.56600e+00      2.00000e+01    643s
  1177      3.72500e+00      4.56600e+00      2.00000e+01    644s
  1179      3.52800e+00      4.56600e+00      2.00000e+01    645s
  1181      2.21900e+00      4.56600e+00      2.00000e+01    646s
  1183      1.41900e+00      4.56600e+00      2.00000e+01    647s
  1185      1.60900e+00      4.56600e+00      2.00000e+01    649s
  1187      2.78300e+00      4.56600e+00      2.00000e+01    650s
  1189      3.62400e+00      4.56600e+00      2.00000e+01    651s
  1191      3.51400e+00      4.56600e+00      2.00000e+01    652s
  1193      2.37000e+00      4.56600e+00      2.00000e+01    653s
  1195      1.38600e+00      4.56600e+00      2.00000e+01    654s
  1197      1.30700e+00      4.56600e+00      2.00000e+01    655s
  1199      2.70500e+00      4.56600e+00      2.00000e+01    656s
  1201      2.80500e+00      4.56600e+00      2.00000e+01    657s
  1203      2.98900e+00      4.56600e+00      2.00000e+01    658s
  1205      2.66500e+00      4.56600e+00      2.00000e+01    659s
  1207      2.20200e+00      4.56600e+00      2.00000e+01    660s
  1209      2.02300e+00      4.56600e+00      2.00000e+01    662s
  1211      2.20200e+00      4.56600e+00      2.00000e+01    663s
  1213      2.71400e+00      4.56600e+00      2.00000e+01    664s
  1215      3.11300e+00      4.56600e+00      2.00000e+01    665s
  1217      2.77800e+00      4.56600e+00      2.00000e+01    666s
  1219      2.27400e+00      4.56600e+00      2.00000e+01    667s
  1221      2.18200e+00      4.56600e+00      2.00000e+01    668s
  1223      2.12500e+00      4.56600e+00      2.00000e+01    669s
  1225      2.63200e+00      4.56600e+00      2.00000e+01    670s
  1227      2.96300e+00      4.56600e+00      2.00000e+01    671s
  1229      2.54100e+00      4.56600e+00      2.00000e+01    672s
  1231      2.17100e+00      4.56600e+00      2.00000e+01    674s
  1233      1.97900e+00      4.56600e+00      2.00000e+01    675s
  1235      2.23200e+00      4.56600e+00      2.00000e+01    676s
  1237      2.51000e+00      4.56600e+00      2.00000e+01    677s
  1239      2.92600e+00      4.56600e+00      2.00000e+01    678s
  1241      2.92500e+00      4.56600e+00      2.00000e+01    679s
  1243      2.45500e+00      4.56600e+00      2.00000e+01    680s
  1245      2.15200e+00      4.56600e+00      2.00000e+01    681s
  1247      2.16000e+00      4.56600e+00      2.00000e+01    682s
  1249      2.43700e+00      4.56600e+00      2.00000e+01    683s
  1251      2.24200e+00      4.56600e+00      2.00000e+01    684s
  1253      2.24700e+00      4.56600e+00      2.00000e+01    686s
  1255      2.30900e+00      4.56600e+00      2.00000e+01    687s
  1257      2.66900e+00      4.56600e+00      2.00000e+01    688s
  1259      2.91500e+00      4.56600e+00      2.00000e+01    689s
  1261      2.69900e+00      4.56600e+00      2.00000e+01    690s
  1263      2.23400e+00      4.56600e+00      2.00000e+01    691s
  1265      2.25600e+00      4.56600e+00      2.00000e+01    692s
  1267      2.07400e+00      4.56600e+00      2.00000e+01    693s
  1269      2.75500e+00      4.56600e+00      2.00000e+01    694s
  1271      2.94800e+00      4.56600e+00      2.00000e+01    695s
  1273      2.82300e+00      4.56600e+00      2.00000e+01    696s
  1275      2.52900e+00      4.56600e+00      2.00000e+01    697s
  1277      2.14900e+00      4.56600e+00      2.00000e+01    698s
  1279      2.22800e+00      4.56600e+00      2.00000e+01    700s
  1281      2.53700e+00      4.56600e+00      2.00000e+01    701s
  1283      2.99000e+00      4.56600e+00      2.00000e+01    702s
  1285      2.94000e+00      4.56600e+00      2.00000e+01    703s
  1287      2.47700e+00      4.56600e+00      2.00000e+01    704s
  1289      2.22700e+00      4.56600e+00      2.00000e+01    705s
  1291      2.18200e+00      4.56600e+00      2.00000e+01    706s
  1293      2.35300e+00      4.56600e+00      2.00000e+01    707s
  1295      2.96400e+00      4.56600e+00      2.00000e+01    708s
  1297      2.99100e+00      4.56600e+00      2.00000e+01    710s
  1299      2.47100e+00      4.56600e+00      2.00000e+01    711s
  1301      1.87800e+00      4.56600e+00      2.00000e+01    712s
  1303      1.20100e+00      4.56600e+00      2.00000e+01    713s
  1305      1.78200e+00      4.56600e+00      2.00000e+01    714s
  1307      2.85400e+00      4.56600e+00      2.00000e+01    715s
  1309      3.89600e+00      4.56600e+00      2.00000e+01    716s
  1311      3.15900e+00      4.56600e+00      2.00000e+01    717s
  1313      1.90700e+00      4.56600e+00      2.00000e+01    718s
  1315      1.17000e+00      4.56600e+00      2.00000e+01    720s
  1317      1.70200e+00      4.56600e+00      2.00000e+01    721s
  1319      2.93800e+00      4.56600e+00      2.00000e+01    722s
  1321      3.60500e+00      4.56600e+00      2.00000e+01    723s
  1323      3.42400e+00      4.56600e+00      2.00000e+01    724s
  1325      2.28800e+00      4.56600e+00      2.00000e+01    725s
  1327      1.33400e+00      4.56600e+00      2.00000e+01    726s
  1329      1.53400e+00      4.56600e+00      2.00000e+01    727s
  1331      2.64300e+00      4.56600e+00      2.00000e+01    728s
  1333      3.85700e+00      4.56600e+00      2.00000e+01    730s
  1335      3.38700e+00      4.56600e+00      2.00000e+01    731s
  1337      2.23400e+00      4.56600e+00      2.00000e+01    732s
  1339      1.17600e+00      4.56600e+00      2.00000e+01    733s
  1341      1.24700e+00      4.56600e+00      2.00000e+01    734s
  1343      2.53200e+00      4.56600e+00      2.00000e+01    735s
  1345      3.70400e+00      4.56600e+00      2.00000e+01    736s
  1347      3.51800e+00      4.56600e+00      2.00000e+01    737s
  1349      2.61500e+00      4.56600e+00      2.00000e+01    738s
  1351      1.57000e+00      4.56600e+00      2.00000e+01    739s
  1353      7.48000e-01      4.56600e+00      2.00000e+01    740s
  1355      1.59200e+00      4.56600e+00      2.00000e+01    741s
  1357      3.13900e+00      4.56600e+00      2.00000e+01    743s
  1359      4.09400e+00      4.56600e+00      2.00000e+01    744s
  1361      3.47600e+00      4.56600e+00      2.00000e+01    745s
  1363      1.96500e+00      4.56600e+00      2.00000e+01    746s
  1365      8.06000e-01      4.56600e+00      2.00000e+01    747s
  1367      1.57100e+00      4.56600e+00      2.00000e+01    748s
  1369      3.07900e+00      4.56600e+00      2.00000e+01    749s
  1371      4.25700e+00      4.56600e+00      2.00000e+01    750s
  1373      3.39100e+00      4.56600e+00      2.00000e+01    751s
  1375      2.01700e+00      4.56600e+00      2.00000e+01    753s
  1377      9.00000e-01      4.56600e+00      2.00000e+01    754s
  1379      1.05800e+00      4.56600e+00      2.00000e+01    755s
  1381      2.83400e+00      4.56600e+00      2.00000e+01    756s
  1383      4.29200e+00      4.56600e+00      2.00000e+01    757s
  1385      3.70700e+00      4.56600e+00      2.00000e+01    758s
  1387      2.35800e+00      4.56600e+00      2.00000e+01    759s
  1389      9.24000e-01      4.56600e+00      2.00000e+01    760s
  1391      1.05500e+00      4.56600e+00      2.00000e+01    761s
  1394      3.40100e+00      4.56600e+00      2.00000e+01    763s
  1396      4.14900e+00      4.56600e+00      2.00000e+01    764s
  1398      3.38200e+00      4.56600e+00      2.00000e+01    765s
  1400      2.63400e+00      4.56600e+00      2.00000e+01    766s
  1402      1.00700e+00      4.56600e+00      2.00000e+01    767s
  1404      7.96000e-01      4.56600e+00      2.00000e+01    768s
  1406      2.19900e+00      4.56600e+00      2.00000e+01    770s
  1408      4.00400e+00      4.56600e+00      2.00000e+01    771s
  1410      4.13400e+00      4.56600e+00      2.00000e+01    772s
  1412      2.84700e+00      4.56600e+00      2.00000e+01    773s
  1414      1.18500e+00      4.56600e+00      2.00000e+01    774s
  1416      8.21000e-01      4.56600e+00      2.00000e+01    775s
  1418      2.14100e+00      4.56600e+00      2.00000e+01    776s
  1420      3.88300e+00      4.56600e+00      2.00000e+01    777s
  1422      4.28900e+00      4.56600e+00      2.00000e+01    778s
  1424      2.76800e+00      4.56600e+00      2.00000e+01    779s
  1426      1.30800e+00      4.56600e+00      2.00000e+01    780s
  1428      6.46000e-01      4.56600e+00      2.00000e+01    782s
  1430      1.95900e+00      4.56600e+00      2.00000e+01    783s
  1432      3.48300e+00      4.56600e+00      2.00000e+01    784s
  1434      4.24800e+00      4.56600e+00      2.00000e+01    785s
  1436      3.19500e+00      4.56600e+00      2.00000e+01    786s
  1438      1.44700e+00      4.56600e+00      2.00000e+01    787s
  1440      8.40000e-01      4.56600e+00      2.00000e+01    788s
  1442      1.54600e+00      4.56600e+00      2.00000e+01    789s
  1444      3.55000e+00      4.56600e+00      2.00000e+01    790s
  1446      4.50900e+00      4.56600e+00      2.00000e+01    791s
  1448      3.30000e+00      4.56600e+00      2.00000e+01    793s
  1450      2.50400e+00      4.56600e+00      2.00000e+01    794s
  1452      9.76000e-01      4.56600e+00      2.00000e+01    795s
  1454      1.08000e+00      4.56600e+00      2.00000e+01    796s
  1456      2.36700e+00      4.56600e+00      2.00000e+01    797s
  1458      3.86100e+00      4.56600e+00      2.00000e+01    798s
  1460      4.10300e+00      4.56600e+00      2.00000e+01    799s
  1462      2.74700e+00      4.56600e+00      2.00000e+01    800s
  1464      1.35800e+00      4.56600e+00      2.00000e+01    801s
  1466      9.33000e-01      4.56600e+00      2.00000e+01    802s
  1468      2.43600e+00      4.56600e+00      2.00000e+01    803s
  1470      3.62100e+00      4.56600e+00      2.00000e+01    805s
  1472      3.85400e+00      4.56600e+00      2.00000e+01    806s
  1474      2.85600e+00      4.56600e+00      2.00000e+01    807s
  1476      1.37200e+00      4.56600e+00      2.00000e+01    808s
  1478      8.31000e-01      4.56600e+00      2.00000e+01    809s
  1480      1.92600e+00      4.56600e+00      2.00000e+01    810s
  1482      3.33400e+00      4.56600e+00      2.00000e+01    811s
  1484      4.14200e+00      4.56600e+00      2.00000e+01    812s
  1486      3.13200e+00      4.56600e+00      2.00000e+01    813s
  1488      1.48300e+00      4.56600e+00      2.00000e+01    814s
  1490      9.76000e-01      4.56600e+00      2.00000e+01    816s
  1492      1.71100e+00      4.56600e+00      2.00000e+01    817s
  1494      3.28400e+00      4.56600e+00      2.00000e+01    818s
  1496      4.10800e+00      4.56600e+00      2.00000e+01    819s
  1498      3.34600e+00      4.56600e+00      2.00000e+01    820s
  1500      2.41300e+00      4.56600e+00      2.00000e+01    821s
  1502      1.45400e+00      4.56600e+00      2.00000e+01    822s
  1504      1.49800e+00      4.56600e+00      2.00000e+01    823s
  1506      2.50500e+00      4.56600e+00      2.00000e+01    824s
  1508      3.50500e+00      4.56600e+00      2.00000e+01    826s
  1510      3.48700e+00      4.56600e+00      2.00000e+01    827s
  1512      2.75500e+00      4.56600e+00      2.00000e+01    828s
  1514      1.59100e+00      4.56600e+00      2.00000e+01    829s
  1516      1.36600e+00      4.56600e+00      2.00000e+01    830s
  1518      2.53400e+00      4.56600e+00      2.00000e+01    831s
  1520      3.34700e+00      4.56600e+00      2.00000e+01    832s
  1522      3.60500e+00      4.56600e+00      2.00000e+01    833s
  1524      2.77000e+00      4.56600e+00      2.00000e+01    834s
  1526      1.73800e+00      4.56600e+00      2.00000e+01    835s
  1528      1.32000e+00      4.56600e+00      2.00000e+01    836s
  1530      1.96400e+00      4.56600e+00      2.00000e+01    837s
  1532      3.22400e+00      4.56600e+00      2.00000e+01    839s
  1534      3.77300e+00      4.56600e+00      2.00000e+01    840s
  1536      2.92900e+00      4.56600e+00      2.00000e+01    841s
  1538      1.69400e+00      4.56600e+00      2.00000e+01    842s
  1540      1.44500e+00      4.56600e+00      2.00000e+01    843s
  1542      1.98200e+00      4.56600e+00      2.00000e+01    844s
  1544      3.17700e+00      4.56600e+00      2.00000e+01    845s
  1546      3.50300e+00      4.56600e+00      2.00000e+01    846s
  1548      3.11300e+00      4.56600e+00      2.00000e+01    847s
  1550      2.65000e+00      4.56600e+00      2.00000e+01    849s
  1552      1.90300e+00      4.56600e+00      2.00000e+01    850s
  1554      1.84200e+00      4.56600e+00      2.00000e+01    851s
  1557      2.91900e+00      4.56600e+00      2.00000e+01    852s
  1559      3.36000e+00      4.56600e+00      2.00000e+01    853s
  1561      2.65000e+00      4.56600e+00      2.00000e+01    854s
  1563      2.22600e+00      4.56600e+00      2.00000e+01    856s
  1565      1.63300e+00      4.56600e+00      2.00000e+01    857s
  1567      2.04700e+00      4.56600e+00      2.00000e+01    858s
  1569      2.88600e+00      4.56600e+00      2.00000e+01    859s
  1571      3.18700e+00      4.56600e+00      2.00000e+01    860s
  1573      3.06900e+00      4.56600e+00      2.00000e+01    861s
  1575      2.33500e+00      4.56600e+00      2.00000e+01    862s
  1577      1.67200e+00      4.56600e+00      2.00000e+01    863s
  1579      2.03100e+00      4.56600e+00      2.00000e+01    865s
  1581      2.77100e+00      4.56600e+00      2.00000e+01    866s
  1583      3.33400e+00      4.56600e+00      2.00000e+01    867s
  1585      3.11200e+00      4.56600e+00      2.00000e+01    868s
  1587      2.35100e+00      4.56600e+00      2.00000e+01    869s
  1589      2.02900e+00      4.56600e+00      2.00000e+01    870s
  1591      2.04900e+00      4.56600e+00      2.00000e+01    871s
  1593      2.61900e+00      4.56600e+00      2.00000e+01    872s
  1595      3.54200e+00      4.56600e+00      2.00000e+01    873s
  1597      3.27100e+00      4.56600e+00      2.00000e+01    875s
  1599      2.51300e+00      4.56600e+00      2.00000e+01    876s
  1601      2.20000e+00      4.56600e+00      2.00000e+01    877s
  1603      2.15900e+00      4.56600e+00      2.00000e+01    878s
  1605      2.28800e+00      4.56600e+00      2.00000e+01    879s
  1607      2.69600e+00      4.56600e+00      2.00000e+01    880s
  1609      2.83300e+00      4.56600e+00      2.00000e+01    881s
  1611      2.82200e+00      4.56600e+00      2.00000e+01    882s
  1613      2.34800e+00      4.56600e+00      2.00000e+01    883s
  1615      2.17700e+00      4.56600e+00      2.00000e+01    884s
  1617      2.33700e+00      4.56600e+00      2.00000e+01    885s
  1619      2.69700e+00      4.56600e+00      2.00000e+01    886s
  1621      2.93100e+00      4.56600e+00      2.00000e+01    887s
  1623      2.88600e+00      4.56600e+00      2.00000e+01    888s
  1625      2.34000e+00      4.56600e+00      2.00000e+01    889s
  1627      2.23400e+00      4.56600e+00      2.00000e+01    891s
  1629      2.22100e+00      4.56600e+00      2.00000e+01    892s
  1632      2.72700e+00      4.56600e+00      2.00000e+01    893s
  1634      3.00100e+00      4.56600e+00      2.00000e+01    894s
  1636      2.56200e+00      4.56600e+00      2.00000e+01    896s
  1638      2.51800e+00      4.56600e+00      2.00000e+01    897s
  1640      1.96000e+00      4.56600e+00      2.00000e+01    898s
  1642      2.59700e+00      4.56600e+00      2.00000e+01    899s
  1644      2.89000e+00      4.56600e+00      2.00000e+01    900s
  1646      2.86400e+00      4.56600e+00      2.00000e+01    901s
  1648      2.83700e+00      4.56600e+00      2.00000e+01    902s
  1650      2.38300e+00      4.56600e+00      2.00000e+01    903s
  1652      2.21300e+00      4.56600e+00      2.00000e+01    904s
  1654      2.41100e+00      4.56600e+00      2.00000e+01    905s
  1656      2.46500e+00      4.56600e+00      2.00000e+01    906s
  1658      2.84800e+00      4.56600e+00      2.00000e+01    908s
  1660      2.55500e+00      4.56600e+00      2.00000e+01    909s
  1662      2.65200e+00      4.56600e+00      2.00000e+01    910s
  1664      2.39400e+00      4.56600e+00      2.00000e+01    911s
  1666      2.38800e+00      4.56600e+00      2.00000e+01    912s
  1668      2.69500e+00      4.56600e+00      2.00000e+01    913s
  1670      2.76900e+00      4.56600e+00      2.00000e+01    914s
  1672      2.75400e+00      4.56600e+00      2.00000e+01    915s
  1674      2.53800e+00      4.56600e+00      2.00000e+01    916s
  1677      2.53700e+00      4.56600e+00      2.00000e+01    918s
  1679      2.33500e+00      4.56600e+00      2.00000e+01    919s
  1681      2.55400e+00      4.56600e+00      2.00000e+01    920s
  1683      2.75800e+00      4.56600e+00      2.00000e+01    921s
  1685      2.70800e+00      4.56600e+00      2.00000e+01    922s
  1687      2.67600e+00      4.56600e+00      2.00000e+01    923s
  1689      2.25500e+00      4.56600e+00      2.00000e+01    924s
  1691      2.49100e+00      4.56600e+00      2.00000e+01    925s
  1693      2.51800e+00      4.56600e+00      2.00000e+01    926s
  1695      2.62500e+00      4.56600e+00      2.00000e+01    927s
  1697      2.54000e+00      4.56600e+00      2.00000e+01    928s
  1699      2.39700e+00      4.56600e+00      2.00000e+01    930s
  1701      2.55900e+00      4.56600e+00      2.00000e+01    931s
  1703      2.44700e+00      4.56600e+00      2.00000e+01    932s
  1705      2.53200e+00      4.56600e+00      2.00000e+01    933s
  1707      2.58900e+00      4.56600e+00      2.00000e+01    934s
  1709      2.47500e+00      4.56600e+00      2.00000e+01    935s
  1711      2.44100e+00      4.56600e+00      2.00000e+01    936s
  1713      2.31000e+00      4.56600e+00      2.00000e+01    937s
  1715      2.59200e+00      4.56600e+00      2.00000e+01    938s
  1717      2.61200e+00      4.56600e+00      2.00000e+01    940s
  1719      2.41800e+00      4.56600e+00      2.00000e+01    941s
  1721      2.51900e+00      4.56600e+00      2.00000e+01    942s
  1723      2.74500e+00      4.56600e+00      2.00000e+01    943s
  1725      2.53600e+00      4.56600e+00      2.00000e+01    944s
  1727      2.41100e+00      4.56600e+00      2.00000e+01    945s
  1729      2.63600e+00      4.56600e+00      2.00000e+01    946s
  1731      2.69200e+00      4.56600e+00      2.00000e+01    947s
  1733      2.48600e+00      4.56600e+00      2.00000e+01    948s
  1735      2.69200e+00      4.56600e+00      2.00000e+01    949s
  1737      2.50700e+00      4.56600e+00      2.00000e+01    950s
  1739      2.40100e+00      4.56600e+00      2.00000e+01    952s
  1741      2.47100e+00      4.56600e+00      2.00000e+01    953s
  1743      2.49300e+00      4.56600e+00      2.00000e+01    954s
  1745      2.47100e+00      4.56600e+00      2.00000e+01    955s
  1747      2.66400e+00      4.56600e+00      2.00000e+01    956s
  1749      2.47600e+00      4.56600e+00      2.00000e+01    957s
  1751      2.50300e+00      4.56600e+00      2.00000e+01    958s
  1753      2.34200e+00      4.56600e+00      2.00000e+01    959s
  1755      2.67400e+00      4.56600e+00      2.00000e+01    960s
  1757      2.59200e+00      4.56600e+00      2.00000e+01    962s
  1759      2.45200e+00      4.56600e+00      2.00000e+01    963s
  1761      2.33500e+00      4.56600e+00      2.00000e+01    964s
  1763      2.39700e+00      4.56600e+00      2.00000e+01    965s
  1765      2.44800e+00      4.56600e+00      2.00000e+01    966s
  1767      2.50700e+00      4.56600e+00      2.00000e+01    967s
  1769      2.53600e+00      4.56600e+00      2.00000e+01    968s
  1771      2.50200e+00      4.56600e+00      2.00000e+01    970s
  1773      2.68700e+00      4.56600e+00      2.00000e+01    971s
  1775      2.35800e+00      4.56600e+00      2.00000e+01    972s
  1777      2.66800e+00      4.56600e+00      2.00000e+01    973s
  1779      2.43100e+00      4.56600e+00      2.00000e+01    974s
  1781      2.46000e+00      4.56600e+00      2.00000e+01    975s
  1783      2.53800e+00      4.56600e+00      2.00000e+01    976s
  1785      2.72000e+00      4.56600e+00      2.00000e+01    977s
  1787      2.42600e+00      4.56600e+00      2.00000e+01    978s
  1789      2.50700e+00      4.56600e+00      2.00000e+01    980s
  1791      2.53100e+00      4.56600e+00      2.00000e+01    981s
  1793      2.43100e+00      4.56600e+00      2.00000e+01    982s
  1795      2.59100e+00      4.56600e+00      2.00000e+01    983s
  1797      2.40600e+00      4.56600e+00      2.00000e+01    984s
  1799      2.47800e+00      4.56600e+00      2.00000e+01    985s
  1801      2.65500e+00      4.56600e+00      2.00000e+01    986s
  1803      2.62400e+00      4.56600e+00      2.00000e+01    987s
  1805      2.63100e+00      4.56600e+00      2.00000e+01    988s
  1807      2.62500e+00      4.56600e+00      2.00000e+01    990s
  1809      2.63400e+00      4.56600e+00      2.00000e+01    991s
  1811      2.38800e+00      4.56600e+00      2.00000e+01    992s
  1813      2.38000e+00      4.56600e+00      2.00000e+01    993s
  1815      2.65300e+00      4.56600e+00      2.00000e+01    994s
  1817      2.40100e+00      4.56600e+00      2.00000e+01    995s
  1820      2.49100e+00      4.56600e+00      2.00000e+01    997s
  1822      2.60900e+00      4.56600e+00      2.00000e+01    998s
  1824      2.52800e+00      4.56600e+00      2.00000e+01    999s
  1826      2.32500e+00      4.56600e+00      2.00000e+01   1000s
  1828      2.52900e+00      4.56600e+00      2.00000e+01   1001s
  1830      2.52700e+00      4.56600e+00      2.00000e+01   1002s
  1832      2.54300e+00      4.56600e+00      2.00000e+01   1003s
  1834      2.62800e+00      4.56600e+00      2.00000e+01   1005s
  1836      2.36000e+00      4.56600e+00      2.00000e+01   1006s
  1838      2.35800e+00      4.56600e+00      2.00000e+01   1007s
  1840      2.34000e+00      4.56600e+00      2.00000e+01   1008s
  1842      2.59300e+00      4.56600e+00      2.00000e+01   1009s
  1844      2.73500e+00      4.56600e+00      2.00000e+01   1010s
  1846      2.45500e+00      4.56600e+00      2.00000e+01   1011s
  1848      2.55300e+00      4.56600e+00      2.00000e+01   1012s
  1850      2.48100e+00      4.56600e+00      2.00000e+01   1013s
  1852      2.70600e+00      4.56600e+00      2.00000e+01   1014s
  1854      2.44500e+00      4.56600e+00      2.00000e+01   1016s
  1856      2.39500e+00      4.56600e+00      2.00000e+01   1017s
  1858      2.27900e+00      4.56600e+00      2.00000e+01   1018s
  1860      2.38900e+00      4.56600e+00      2.00000e+01   1019s
  1862      2.44600e+00      4.56600e+00      2.00000e+01   1020s
  1864      2.33200e+00      4.56600e+00      2.00000e+01   1021s
  1866      2.44900e+00      4.56600e+00      2.00000e+01   1022s
  1868      2.56200e+00      4.56600e+00      2.00000e+01   1023s
  1870      2.39400e+00      4.56600e+00      2.00000e+01   1024s
  1872      2.50000e+00      4.56600e+00      2.00000e+01   1025s
  1874      2.66300e+00      4.56600e+00      2.00000e+01   1026s
  1876      2.54200e+00      4.56600e+00      2.00000e+01   1028s
  1878      2.54800e+00      4.56600e+00      2.00000e+01   1029s
  1880      2.73200e+00      4.56600e+00      2.00000e+01   1030s
  1882      2.50800e+00      4.56600e+00      2.00000e+01   1031s
  1884      2.37200e+00      4.56600e+00      2.00000e+01   1032s
  1886      2.60200e+00      4.56600e+00      2.00000e+01   1033s
  1888      2.66800e+00      4.56600e+00      2.00000e+01   1035s
  1890      2.41500e+00      4.56600e+00      2.00000e+01   1036s
  1892      2.50200e+00      4.56600e+00      2.00000e+01   1037s
  1894      2.39300e+00      4.56600e+00      2.00000e+01   1038s
  1896      2.35500e+00      4.56600e+00      2.00000e+01   1039s
  1898      2.26300e+00      4.56600e+00      2.00000e+01   1040s
  1900      2.63700e+00      4.56600e+00      2.00000e+01   1041s
  1902      2.60200e+00      4.56600e+00      2.00000e+01   1042s
  1904      2.51900e+00      4.56600e+00      2.00000e+01   1043s
  1906      2.44000e+00      4.56600e+00      2.00000e+01   1045s
  1908      2.49800e+00      4.56600e+00      2.00000e+01   1046s
  1910      2.55600e+00      4.56600e+00      2.00000e+01   1047s
  1912      2.62700e+00      4.56600e+00      2.00000e+01   1048s
  1914      2.24300e+00      4.56600e+00      2.00000e+01   1049s
  1916      2.36300e+00      4.56600e+00      2.00000e+01   1050s
  1918      2.42800e+00      4.56600e+00      2.00000e+01   1051s
  1920      2.57200e+00      4.56600e+00      2.00000e+01   1052s
  1922      2.54300e+00      4.56600e+00      2.00000e+01   1053s
  1924      2.44300e+00      4.56600e+00      2.00000e+01   1054s
  1926      2.54900e+00      4.56600e+00      2.00000e+01   1055s
  1928      2.49100e+00      4.56600e+00      2.00000e+01   1057s
  1930      2.49200e+00      4.56600e+00      2.00000e+01   1058s
  1932      2.37300e+00      4.56600e+00      2.00000e+01   1059s
  1934      2.47000e+00      4.56600e+00      2.00000e+01   1060s
  1936      2.61400e+00      4.56600e+00      2.00000e+01   1061s
  1938      2.60800e+00      4.56600e+00      2.00000e+01   1062s
  1940      2.50400e+00      4.56600e+00      2.00000e+01   1063s
  1942      2.45700e+00      4.56600e+00      2.00000e+01   1064s
  1944      2.54400e+00      4.56600e+00      2.00000e+01   1065s
  1946      2.67600e+00      4.56600e+00      2.00000e+01   1066s
  1948      2.53100e+00      4.56600e+00      2.00000e+01   1068s
  1950      2.68500e+00      4.56600e+00      2.00000e+01   1069s
  1952      2.33200e+00      4.56600e+00      2.00000e+01   1070s
  1954      2.33100e+00      4.56600e+00      2.00000e+01   1071s
  1956      2.51500e+00      4.56600e+00      2.00000e+01   1072s
  1958      2.28700e+00      4.56600e+00      2.00000e+01   1073s
  1960      2.30000e+00      4.56600e+00      2.00000e+01   1074s
  1962      2.58300e+00      4.56600e+00      2.00000e+01   1075s
  1964      2.48700e+00      4.56600e+00      2.00000e+01   1076s
  1966      2.64500e+00      4.56600e+00      2.00000e+01   1077s
  1968      2.63000e+00      4.56600e+00      2.00000e+01   1079s
  1970      2.50600e+00      4.56600e+00      2.00000e+01   1080s
  1972      2.29900e+00      4.56600e+00      2.00000e+01   1081s
  1974      2.44300e+00      4.56600e+00      2.00000e+01   1082s
  1976      2.69800e+00      4.56600e+00      2.00000e+01   1083s
  1978      2.50700e+00      4.56600e+00      2.00000e+01   1084s
  1980      2.57700e+00      4.56600e+00      2.00000e+01   1085s
  1982      2.66400e+00      4.56600e+00      2.00000e+01   1086s
  1984      2.49300e+00      4.56600e+00      2.00000e+01   1087s
  1986      2.67900e+00      4.56600e+00      2.00000e+01   1088s
  1988      2.52000e+00      4.56600e+00      2.00000e+01   1090s
  1990      2.64000e+00      4.56600e+00      2.00000e+01   1091s
  1992      2.49800e+00      4.56600e+00      2.00000e+01   1092s
  1994      2.21200e+00      4.56600e+00      2.00000e+01   1093s
  1996      2.33100e+00      4.56600e+00      2.00000e+01   1094s
  1998      2.44400e+00      4.56600e+00      2.00000e+01   1095s
  2000      2.25400e+00      4.56600e+00      2.00000e+01   1096s
  2002      2.64200e+00      4.56600e+00      2.00000e+01   1097s
  2004      2.47200e+00      4.56600e+00      2.00000e+01   1098s
  2006      2.56200e+00      4.56600e+00      2.00000e+01   1099s
  2008      2.57600e+00      4.56600e+00      2.00000e+01   1101s
  2010      2.30200e+00      4.56600e+00      2.00000e+01   1102s
  2012      2.68900e+00      4.56600e+00      2.00000e+01   1103s
  2014      2.59100e+00      4.56600e+00      2.00000e+01   1104s
  2016      2.76700e+00      4.56600e+00      2.00000e+01   1105s
  2018      2.48700e+00      4.56600e+00      2.00000e+01   1106s
  2020      2.37100e+00      4.56600e+00      2.00000e+01   1107s
  2022      2.49300e+00      4.56600e+00      2.00000e+01   1108s
  2024      2.37400e+00      4.56600e+00      2.00000e+01   1110s
  2026      2.56300e+00      4.56600e+00      2.00000e+01   1111s
  2028      2.94900e+00      4.56600e+00      2.00000e+01   1112s
  2030      2.52300e+00      4.56600e+00      2.00000e+01   1113s
  2032      2.40800e+00      4.56600e+00      2.00000e+01   1114s
  2034      2.42300e+00      4.56600e+00      2.00000e+01   1115s
  2036      2.76600e+00      4.56600e+00      2.00000e+01   1116s
  2038      2.38300e+00      4.56600e+00      2.00000e+01   1117s
  2040      2.67200e+00      4.56600e+00      2.00000e+01   1118s
  2042      2.50200e+00      4.56600e+00      2.00000e+01   1119s
  2044      2.55100e+00      4.56600e+00      2.00000e+01   1121s
  2046      2.32500e+00      4.56600e+00      2.00000e+01   1122s
  2048      2.30400e+00      4.56600e+00      2.00000e+01   1123s
  2050      2.55400e+00      4.56600e+00      2.00000e+01   1124s
  2052      2.84000e+00      4.56600e+00      2.00000e+01   1125s
  2054      3.05500e+00      4.56600e+00      2.00000e+01   1126s
  2056      2.39700e+00      4.56600e+00      2.00000e+01   1127s
  2058      2.09900e+00      4.56600e+00      2.00000e+01   1128s
  2060      2.28900e+00      4.56600e+00      2.00000e+01   1129s
  2062      2.46100e+00      4.56600e+00      2.00000e+01   1131s
  2064      2.75500e+00      4.56600e+00      2.00000e+01   1132s
  2066      2.77700e+00      4.56600e+00      2.00000e+01   1133s
  2068      2.58300e+00      4.56600e+00      2.00000e+01   1134s
  2070      2.05400e+00      4.56600e+00      2.00000e+01   1135s
  2072      2.13300e+00      4.56600e+00      2.00000e+01   1136s
  2074      2.29300e+00      4.56600e+00      2.00000e+01   1137s
  2076      2.57600e+00      4.56600e+00      2.00000e+01   1138s
  2078      2.64300e+00      4.56600e+00      2.00000e+01   1139s
  2080      2.82000e+00      4.56600e+00      2.00000e+01   1140s
  2082      2.12700e+00      4.56600e+00      2.00000e+01   1141s
  2084      2.20900e+00      4.56600e+00      2.00000e+01   1143s
  2086      2.37000e+00      4.56600e+00      2.00000e+01   1144s
  2088      2.92300e+00      4.56600e+00      2.00000e+01   1145s
  2090      2.86400e+00      4.56600e+00      2.00000e+01   1146s
  2093      2.52400e+00      4.56600e+00      2.00000e+01   1147s
  2096      2.21600e+00      4.56600e+00      2.00000e+01   1149s
  2099      2.62300e+00      4.56600e+00      2.00000e+01   1150s
  2102      3.13500e+00      4.56600e+00      2.00000e+01   1151s
  2104      3.13300e+00      4.56600e+00      2.00000e+01   1152s
  2106      2.59300e+00      4.56600e+00      2.00000e+01   1153s
  2108      2.04600e+00      4.56600e+00      2.00000e+01   1155s
  2110      1.85500e+00      4.56600e+00      2.00000e+01   1156s
  2112      2.37900e+00      4.56600e+00      2.00000e+01   1157s
  2114      3.19500e+00      4.56600e+00      2.00000e+01   1158s
  2116      3.05200e+00      4.56600e+00      2.00000e+01   1159s
  2118      2.82700e+00      4.56600e+00      2.00000e+01   1161s
  2120      1.87700e+00      4.56600e+00      2.00000e+01   1162s
  2122      1.95100e+00      4.56600e+00      2.00000e+01   1163s
  2124      2.26900e+00      4.56600e+00      2.00000e+01   1164s
  2126      2.88800e+00      4.56600e+00      2.00000e+01   1165s
  2128      3.06700e+00      4.56600e+00      2.00000e+01   1166s
  2130      2.59900e+00      4.56600e+00      2.00000e+01   1167s
  2132      2.12300e+00      4.56600e+00      2.00000e+01   1168s
  2134      1.66900e+00      4.56600e+00      2.00000e+01   1170s
  2136      2.22800e+00      4.56600e+00      2.00000e+01   1171s
  2138      2.86900e+00      4.56600e+00      2.00000e+01   1172s
  2140      3.13600e+00      4.56600e+00      2.00000e+01   1173s
  2142      2.74500e+00      4.56600e+00      2.00000e+01   1174s
  2144      2.24200e+00      4.56600e+00      2.00000e+01   1175s
  2146      1.83200e+00      4.56600e+00      2.00000e+01   1176s
  2148      2.38400e+00      4.56600e+00      2.00000e+01   1177s
  2150      2.44400e+00      4.56600e+00      2.00000e+01   1178s
  2152      3.46200e+00      4.56600e+00      2.00000e+01   1179s
  2154      3.38000e+00      4.56600e+00      2.00000e+01   1180s
  2156      2.53400e+00      4.56600e+00      2.00000e+01   1181s
  2158      1.42500e+00      4.56600e+00      2.00000e+01   1183s
  2160      1.50100e+00      4.56600e+00      2.00000e+01   1184s
  2162      2.40800e+00      4.56600e+00      2.00000e+01   1185s
  2164      3.47700e+00      4.56600e+00      2.00000e+01   1186s
  2166      3.66900e+00      4.56600e+00      2.00000e+01   1187s
  2168      2.90000e+00      4.56600e+00      2.00000e+01   1188s
  2170      1.57300e+00      4.56600e+00      2.00000e+01   1189s
  2172      1.58000e+00      4.56600e+00      2.00000e+01   1190s
  2174      2.16700e+00      4.56600e+00      2.00000e+01   1191s
  2176      3.06300e+00      4.56600e+00      2.00000e+01   1192s
  2178      3.42300e+00      4.56600e+00      2.00000e+01   1193s
  2180      2.60600e+00      4.56600e+00      2.00000e+01   1194s
  2182      1.79800e+00      4.56600e+00      2.00000e+01   1196s
  2184      1.36000e+00      4.56600e+00      2.00000e+01   1197s
  2186      2.01100e+00      4.56600e+00      2.00000e+01   1198s
  2188      3.14200e+00      4.56600e+00      2.00000e+01   1199s
  2190      3.45600e+00      4.56600e+00      2.00000e+01   1200s
  2192      3.18600e+00      4.56600e+00      2.00000e+01   1201s
  2194      1.95900e+00      4.56600e+00      2.00000e+01   1202s
  2196      1.49700e+00      4.56600e+00      2.00000e+01   1203s
  2198      1.98500e+00      4.56600e+00      2.00000e+01   1204s
  2200      2.59500e+00      4.56600e+00      2.00000e+01   1205s
  2202      3.94800e+00      4.56600e+00      2.00000e+01   1207s
  2204      3.54400e+00      4.56600e+00      2.00000e+01   1208s
  2206      2.27900e+00      4.56600e+00      2.00000e+01   1209s
  2208      1.10900e+00      4.56600e+00      2.00000e+01   1210s
  2210      1.38000e+00      4.56600e+00      2.00000e+01   1211s
  2212      2.37800e+00      4.56600e+00      2.00000e+01   1212s
  2214      3.83100e+00      4.56600e+00      2.00000e+01   1213s
  2216      3.72400e+00      4.56600e+00      2.00000e+01   1214s
  2218      2.46200e+00      4.56600e+00      2.00000e+01   1215s
  2220      1.20300e+00      4.56600e+00      2.00000e+01   1216s
  2222      9.50000e-01      4.56600e+00      2.00000e+01   1217s
  2224      2.13000e+00      4.56600e+00      2.00000e+01   1219s
  2226      3.63600e+00      4.56600e+00      2.00000e+01   1220s
  2228      3.46700e+00      4.56600e+00      2.00000e+01   1221s
  2230      2.79200e+00      4.56600e+00      2.00000e+01   1222s
  2233      8.30000e-01      4.56600e+00      2.00000e+01   1224s
  2235      1.43600e+00      4.56600e+00      2.00000e+01   1225s
  2237      2.62000e+00      4.56600e+00      2.00000e+01   1226s
  2239      3.58700e+00      4.56600e+00      2.00000e+01   1227s
  2241      3.43000e+00      4.56600e+00      2.00000e+01   1228s
  2243      2.12700e+00      4.56600e+00      2.00000e+01   1229s
  2245      9.61000e-01      4.56600e+00      2.00000e+01   1230s
  2247      1.16100e+00      4.56600e+00      2.00000e+01   1231s
  2249      2.54200e+00      4.56600e+00      2.00000e+01   1232s
  2251      3.50500e+00      4.56600e+00      2.00000e+01   1233s
  2253      4.17200e+00      4.56600e+00      2.00000e+01   1235s
  2255      3.09400e+00      4.56600e+00      2.00000e+01   1236s
  2257      1.27500e+00      4.56600e+00      2.00000e+01   1237s
  2259      8.17000e-01      4.56600e+00      2.00000e+01   1238s
  2261      1.35600e+00      4.56600e+00      2.00000e+01   1239s
  2263      3.15100e+00      4.56600e+00      2.00000e+01   1240s
  2265      4.21400e+00      4.56600e+00      2.00000e+01   1241s
  2267      3.14000e+00      4.56600e+00      2.00000e+01   1242s
  2269      1.47200e+00      4.56600e+00      2.00000e+01   1244s
  2271      5.19000e-01      4.56600e+00      2.00000e+01   1245s
  2273      1.12600e+00      4.56600e+00      2.00000e+01   1246s
  2275      3.09100e+00      4.56600e+00      2.00000e+01   1247s
  2277      4.04900e+00      4.56600e+00      2.00000e+01   1248s
  2279      3.37900e+00      4.56600e+00      2.00000e+01   1249s
  2281      1.61300e+00      4.56600e+00      2.00000e+01   1250s
  2283      6.21000e-01      4.56600e+00      2.00000e+01   1251s
  2285      9.86000e-01      4.56600e+00      2.00000e+01   1252s
  2287      2.66100e+00      4.56600e+00      2.00000e+01   1254s
  2289      4.08400e+00      4.56600e+00      2.00000e+01   1255s
  2291      3.85500e+00      4.56600e+00      2.00000e+01   1256s
  2293      2.07000e+00      4.56600e+00      2.00000e+01   1257s
  2295      5.51000e-01      4.56600e+00      2.00000e+01   1258s
  2297      8.71000e-01      4.56600e+00      2.00000e+01   1259s
  2299      2.40400e+00      4.56600e+00      2.00000e+01   1260s
  2301      3.31000e+00      4.56600e+00      2.00000e+01   1261s
  2303      4.14600e+00      4.56600e+00      2.00000e+01   1262s
  2305      3.21700e+00      4.56600e+00      2.00000e+01   1263s
  2307      1.24200e+00      4.56600e+00      2.00000e+01   1264s
  2309      3.17000e-01      4.56600e+00      2.00000e+01   1266s
  2311      1.41000e+00      4.56600e+00      2.00000e+01   1267s
  2313      3.24300e+00      4.56600e+00      2.00000e+01   1268s
  2315      3.95600e+00      4.56600e+00      2.00000e+01   1269s
  2317      3.35800e+00      4.56600e+00      2.00000e+01   1270s
  2319      1.79700e+00      4.56600e+00      2.00000e+01   1271s
  2321      4.69000e-01      4.56600e+00      2.00000e+01   1272s
  2323      1.24700e+00      4.56600e+00      2.00000e+01   1273s
  2325      2.89800e+00      4.56600e+00      2.00000e+01   1275s
  2327      4.22400e+00      4.56600e+00      2.00000e+01   1276s
  2329      3.26800e+00      4.56600e+00      2.00000e+01   1277s
  2331      1.57900e+00      4.56600e+00      2.00000e+01   1278s
  2333      5.11000e-01      4.56600e+00      2.00000e+01   1279s
  2335      8.60000e-01      4.56600e+00      2.00000e+01   1280s
  2337      2.82100e+00      4.56600e+00      2.00000e+01   1281s
  2339      4.05700e+00      4.56600e+00      2.00000e+01   1282s
  2341      3.80800e+00      4.56600e+00      2.00000e+01   1283s
  2343      2.03200e+00      4.56600e+00      2.00000e+01   1284s
  2345      5.92000e-01      4.56600e+00      2.00000e+01   1286s
  2347      8.59000e-01      4.56600e+00      2.00000e+01   1287s
  2349      2.42000e+00      4.56600e+00      2.00000e+01   1288s
  2351      3.33400e+00      4.56600e+00      2.00000e+01   1289s
  2353      3.94800e+00      4.56600e+00      2.00000e+01   1290s
  2355      3.20000e+00      4.56600e+00      2.00000e+01   1291s
  2357      1.86100e+00      4.56600e+00      2.00000e+01   1292s
  2359      8.87000e-01      4.56600e+00      2.00000e+01   1293s
  2361      1.69700e+00      4.56600e+00      2.00000e+01   1294s
  2363      3.00500e+00      4.56600e+00      2.00000e+01   1296s
  2365      3.91700e+00      4.56600e+00      2.00000e+01   1297s
  2367      3.17300e+00      4.56600e+00      2.00000e+01   1298s
  2369      1.77100e+00      4.56600e+00      2.00000e+01   1299s
  2371      7.49000e-01      4.56600e+00      2.00000e+01   1300s
  2373      1.36700e+00      4.56600e+00      2.00000e+01   1301s
  2375      3.05200e+00      4.56600e+00      2.00000e+01   1302s
  2377      3.68900e+00      4.56600e+00      2.00000e+01   1303s
  2379      3.43800e+00      4.56600e+00      2.00000e+01   1304s
  2381      1.98100e+00      4.56600e+00      2.00000e+01   1306s
  2383      8.49000e-01      4.56600e+00      2.00000e+01   1307s
  2385      1.17100e+00      4.56600e+00      2.00000e+01   1308s
  2387      2.81500e+00      4.56600e+00      2.00000e+01   1309s
  2389      3.67100e+00      4.56600e+00      2.00000e+01   1310s
  2391      3.70200e+00      4.56600e+00      2.00000e+01   1311s
  2393      2.07100e+00      4.56600e+00      2.00000e+01   1312s
  2395      9.29000e-01      4.56600e+00      2.00000e+01   1313s
  2397      1.28600e+00      4.56600e+00      2.00000e+01   1314s
  2399      2.33400e+00      4.56600e+00      2.00000e+01   1316s
  2401      2.92300e+00      4.56600e+00      2.00000e+01   1317s
  2403      3.41300e+00      4.56600e+00      2.00000e+01   1318s
  2405      2.81600e+00      4.56600e+00      2.00000e+01   1319s
  2407      2.05600e+00      4.56600e+00      2.00000e+01   1320s
  2409      1.54700e+00      4.56600e+00      2.00000e+01   1321s
  2411      1.85000e+00      4.56600e+00      2.00000e+01   1322s
  2413      2.90200e+00      4.56600e+00      2.00000e+01   1323s
  2415      3.25100e+00      4.56600e+00      2.00000e+01   1324s
  2417      3.04000e+00      4.56600e+00      2.00000e+01   1326s
  2419      2.17900e+00      4.56600e+00      2.00000e+01   1327s
  2421      1.63900e+00      4.56600e+00      2.00000e+01   1328s
  2423      1.99000e+00      4.56600e+00      2.00000e+01   1329s
  2425      2.48600e+00      4.56600e+00      2.00000e+01   1330s
  2427      3.20300e+00      4.56600e+00      2.00000e+01   1331s
  2429      3.07200e+00      4.56600e+00      2.00000e+01   1332s
  2431      2.37900e+00      4.56600e+00      2.00000e+01   1333s
  2433      1.73700e+00      4.56600e+00      2.00000e+01   1335s
  2435      1.70700e+00      4.56600e+00      2.00000e+01   1336s
  2437      2.71100e+00      4.56600e+00      2.00000e+01   1337s
  2439      3.14800e+00      4.56600e+00      2.00000e+01   1338s
  2441      2.99900e+00      4.56600e+00      2.00000e+01   1339s
  2443      2.15600e+00      4.56600e+00      2.00000e+01   1340s
  2445      1.64800e+00      4.56600e+00      2.00000e+01   1341s
  2447      1.82800e+00      4.56600e+00      2.00000e+01   1342s
  2449      2.17900e+00      4.56600e+00      2.00000e+01   1344s
  2451      2.46100e+00      4.56600e+00      2.00000e+01   1345s
  2453      2.47300e+00      4.56600e+00      2.00000e+01   1346s
  2455      2.59700e+00      4.56600e+00      2.00000e+01   1347s
  2457      2.36200e+00      4.56600e+00      2.00000e+01   1348s
  2459      2.46200e+00      4.56600e+00      2.00000e+01   1349s
  2461      2.42100e+00      4.56600e+00      2.00000e+01   1350s
  2463      2.48400e+00      4.56600e+00      2.00000e+01   1351s
  2465      2.58700e+00      4.56600e+00      2.00000e+01   1352s
  2467      2.51000e+00      4.56600e+00      2.00000e+01   1354s
  2469      2.42400e+00      4.56600e+00      2.00000e+01   1355s
  2472      2.42000e+00      4.56600e+00      2.00000e+01   1356s
  2474      2.69400e+00      4.56600e+00      2.00000e+01   1357s
  2476      2.60800e+00      4.56600e+00      2.00000e+01   1358s
  2478      2.70400e+00      4.56600e+00      2.00000e+01   1360s
  2480      2.41700e+00      4.56600e+00      2.00000e+01   1361s
  2482      2.54900e+00      4.56600e+00      2.00000e+01   1362s
  2484      2.42600e+00      4.56600e+00      2.00000e+01   1363s
  2486      2.37500e+00      4.56600e+00      2.00000e+01   1364s
  2488      2.59300e+00      4.56600e+00      2.00000e+01   1365s
  2490      2.52300e+00      4.56600e+00      2.00000e+01   1366s
  2492      2.52200e+00      4.56600e+00      2.00000e+01   1367s
  2494      2.60500e+00      4.56600e+00      2.00000e+01   1368s
  2496      2.43300e+00      4.56600e+00      2.00000e+01   1369s
  2498      2.59900e+00      4.56600e+00      2.00000e+01   1370s

==================================================
Summary of results QAOA
--------------------------------------------------
Avg of QAOA obj (BQO obj):    4.57
Avg of QAOA obj (penalty):    -0.00
Avg of constraint violation:  0.00

Avg of QAOA obj:              4.57
STD of QAOA obj:              1.22
Avg of QAOA obj (feasible):   4.57
STD of QAOA obj (feasible):   1.22

Gamma angles:                 2.82
Beta angles:                  5.13

Best QAOA obj:                20.00
Modified best QAOA obj:       20.00
Best QAOA obj (feasible):     16.00

QAOA total time:              1370.92s
QAOA circuit depth:           40
==================================================

==================================================
Summary of results of 0-S21
--------------------------------------------------
Number of vertices:           21
Number of edges:              57

Vertex num in largest comp:   21
Edge num in largest comp:     57

Pre-processing running time:  0.00
Total solver time:            1370.31
Running time:                 1374.71

Upper bound:                  31.00
Objective value:              20.00

Partition 0:                  1, 4, 5, 6, 14, 15, 17, 19, 20
Partition 1:                  2, 3, 7, 8, 9, 10, 11, 12, 13, 16, 18, 21
==================================================
